2.898974354525654107e+01	1.990706732063053508e+01	1.917211857653548890e+01	1.883655193973443076e+01	1.928321354348734218e+01	1.928693527453607715e+01	1.925834376553441984e+01	1.943940468640172625e+01	1.908571540277067413e+01	1.937316912809231795e+01	1.931613618865142357e+01	1.931439303138330388e+01	1.924410440567454472e+01	1.938476898663745018e+01	1.894647602218357818e+01	1.954801197866833817e+01	1.904450569013467742e+01	1.965441757542303591e+01	2.023740569998589578e+01	1.952674467866003383e+01	1.947152703782338534e+01	1.934717928465755676e+01	1.896924737695277940e+01	1.930173310582006252e+01	1.961047727997349099e+01	1.929357326467433964e+01	1.981282171770197209e+01	1.914749802785246047e+01	1.904463420423725140e+01	1.920085677823952608e+01	1.920966119025846197e+01	1.955096890855525515e+01	1.934666556190737907e+01	2.023638887740141712e+01	1.924389378355318314e+01	1.959110693229688138e+01	1.930186807840939878e+01	1.911819256367303410e+01	1.926807253774867945e+01	1.942962342716719348e+01	1.925830523181085141e+01	1.954534738300594654e+01	1.935319025281469862e+01	1.951929129673454000e+01	1.939384031808644693e+01	1.931325838224752545e+01	1.934007227336951829e+01	1.943671886868972365e+01	1.957905656725513666e+01	1.931450081152117448e+01
1.990706732063053508e+01	3.000124924143796079e+01	2.026369767183968307e+01	2.013023616913505620e+01	1.995116350308953912e+01	1.997808411566084885e+01	2.006491465473904157e+01	1.964078583879445006e+01	2.008324995483042130e+01	1.961890290444281604e+01	2.014971819169229406e+01	2.051093081402767737e+01	2.063816889317756065e+01	2.014481529344095989e+01	2.030546031248055883e+01	2.062277887083940087e+01	2.034005953417057810e+01	2.066284258652649086e+01	2.086895778527733825e+01	2.090560320347142920e+01	1.996769043200383109e+01	2.058033238835830048e+01	1.980327466461046626e+01	2.070578933298580893e+01	2.033490392043251660e+01	2.022741625466665383e+01	2.082436887620950827e+01	2.006581171005379360e+01	2.013939058296789142e+01	2.016626844421549336e+01	2.043586892039283498e+01	2.021198934021845162e+01	2.033319360143017107e+01	2.094222555521764662e+01	2.012230963959012797e+01	2.019592603974518497e+01	2.057517386477103116e+01	2.019697173574046900e+01	2.057074683764867373e+01	2.077144501311677516e+01	2.097446426781119300e+01	2.096149572627568958e+01	2.005021851551365941e+01	2.031328791434571812e+01	2.051861156999753888e+01	2.022707011007855016e+01	2.049465782707576977e+01	1.999685664742123947e+01	2.062391491929154341e+01	2.032510668529781483e+01
1.917211857653548890e+01	2.026369767183968307e+01	3.013281268754363751e+01	1.950972106983060428e+01	1.987791189055285201e+01	1.993199442636052865e+01	1.968400548707785802e+01	1.908250541556564173e+01	1.976808876115075009e+01	1.931936287399928887e+01	1.991787080151494393e+01	1.967495526728371402e+01	1.982895848231313352e+01	1.968906143158994126e+01	1.980381905931793440e+01	2.039459677702240370e+01	1.978107392224777783e+01	2.010658388134969599e+01	2.084230666404920740e+01	2.050112341817357020e+01	1.985338118665895024e+01	2.014900980903632544e+01	1.967956026544369763e+01	2.030632791617620114e+01	2.006527935833743470e+01	1.985967764002670677e+01	2.015192715172346638e+01	2.033870160085131928e+01	2.037339881838748568e+01	2.018554818119184446e+01	1.992188284984024094e+01	2.020082808260004370e+01	2.011588385144997559e+01	2.051724714956417372e+01	1.947162800330551136e+01	1.998560551323459578e+01	1.990496126180491032e+01	1.994733730864665233e+01	2.013118061693663208e+01	2.051458554458431394e+01	2.024561474368911007e+01	2.001017151535541672e+01	1.968428373472048776e+01	1.982555639233236633e+01	2.013718191326763574e+01	2.040307376041059584e+01	1.999698296475569137e+01	1.978133393776073490e+01	2.039797776449646349e+01	1.972677979202946830e+01
1.883655193973443076e+01	2.013023616913505620e+01	1.950972106983060428e+01	2.914843057603692955e+01	2.007864236001701386e+01	1.937609739116527052e+01	1.924104583519133982e+01	1.905711775613385583e+01	1.917044492325961969e+01	1.913574342439044429e+01	1.965920719853297172e+01	1.962268774587288078e+01	1.958843060652604251e+01	1.944191018398122850e+01	1.935799128662773683e+01	2.016164002810598177e+01	1.914383333178281177e+01	1.997000931852464234e+01	2.032238364988681312e+01	2.001296757243523672e+01	1.937365541920990353e+01	1.955157141470697013e+01	1.933868655216500088e+01	1.953382316909402050e+01	2.014896001754639698e+01	1.950581092965925478e+01	1.980682141349256753e+01	1.936665577915024983e+01	1.951538756024227439e+01	1.920373676171181643e+01	1.990335832343734168e+01	1.987059215409187374e+01	1.937081322092257096e+01	1.992002535883294101e+01	1.946352413545588433e+01	1.929532543704503311e+01	1.959130865215245620e+01	1.986575948122686697e+01	1.977762128194430957e+01	1.949617679167129580e+01	1.945920683185527977e+01	2.004251574084442211e+01	1.931208730558331865e+01	1.954847173918698289e+01	1.951064090301282405e+01	1.981313976378969954e+01	1.964706627591400689e+01	1.974293515929748466e+01	1.953259376322150231e+01	1.925378258048008817e+01
1.928321354348734218e+01	1.995116350308953912e+01	1.987791189055285201e+01	2.007864236001701386e+01	3.012885181585125238e+01	1.999403909541940649e+01	1.957026401875603128e+01	2.001816965613541299e+01	1.932279466303916493e+01	1.980612381575595293e+01	2.003585963744364307e+01	1.964365439672845781e+01	2.016438778116586050e+01	1.971875327054528526e+01	1.948068874160522057e+01	2.036018554478121345e+01	1.969308917012500260e+01	2.054811536548767492e+01	2.083556800497483863e+01	2.006747328329921132e+01	2.001202275316796531e+01	2.062953180632070982e+01	1.944720563146328374e+01	2.029841892953825067e+01	2.022641756166432359e+01	1.984165190084046060e+01	2.052822990476099818e+01	2.033234425409651536e+01	2.018109937806751830e+01	2.037816983771023516e+01	2.007122091672390596e+01	2.027205465911457694e+01	2.046546591275974691e+01	2.051112246421782359e+01	1.975317310532849291e+01	2.003992735983531048e+01	2.015386600269680883e+01	1.991508793166496716e+01	2.010834372833998174e+01	2.056492438511024545e+01	2.003421447819269119e+01	2.042569431137285818e+01	1.988324563060691474e+01	2.011827325726151372e+01	1.985368967567231024e+01	1.992076781888192372e+01	2.003045765720801441e+01	2.004062463787276016e+01	2.009559696317424127e+01	2.011264239255421415e+01
1.928693527453607715e+01	1.997808411566084885e+01	1.993199442636052865e+01	1.937609739116527052e+01	1.999403909541940649e+01	2.943525710005930307e+01	1.932580792704854744e+01	1.989199286527709631e+01	1.964185066569541860e+01	1.935024039943446184e+01	1.975551258705870339e+01	1.990381031575502391e+01	2.006225624138354746e+01	1.969629059508724112e+01	1.966400451374423497e+01	2.011350126622945567e+01	1.927540277638116706e+01	1.980323506039734482e+01	2.014264807303199589e+01	1.981216071878341722e+01	1.937301565040992912e+01	1.980338230587733150e+01	1.958070600731882749e+01	1.999049379561303397e+01	2.021570052978120913e+01	1.963013522594841120e+01	2.059823072583492376e+01	1.967095202107782725e+01	2.013937507346551570e+01	2.007228335750255965e+01	2.000232228275671176e+01	2.002562999227772877e+01	2.009378758524164610e+01	2.017657374061356990e+01	1.939629257433837140e+01	1.966337943610200156e+01	1.994796408236420149e+01	1.990813879216720395e+01	1.980690484826802589e+01	2.031103723782823423e+01	2.009671757049647667e+01	2.001097000873615173e+01	1.984584879658932621e+01	2.015057026000301121e+01	1.973952102961009558e+01	1.969390626518162080e+01	1.971006842363911105e+01	2.007419413551627230e+01	2.023262669448758189e+01	1.983606165782050113e+01
1.925834376553441984e+01	2.006491465473904157e+01	1.968400548707785802e+01	1.924104583519133982e+01	1.957026401875603128e+01	1.932580792704854744e+01	2.953558648937103115e+01	1.950230528381135287e+01	1.930399209070222000e+01	1.921460308837564668e+01	1.977360821510109190e+01	1.970190744359334900e+01	1.989291549879161281e+01	1.955146177329580226e+01	1.923775815557530677e+01	2.024371120976838867e+01	1.942769756344695153e+01	2.001294831906592009e+01	2.045287106234146179e+01	2.010378119424046162e+01	1.957707824104913641e+01	1.981495528296255415e+01	1.939734084265558778e+01	1.950129129428050234e+01	2.005645707359118646e+01	1.954502389050016475e+01	2.030962885437980603e+01	1.980998160685673781e+01	1.986773160019292206e+01	2.010713196053296770e+01	1.976804794153835587e+01	2.012816964768955330e+01	1.984910880421077550e+01	1.995311303533424052e+01	1.934500924425392654e+01	1.968977222389905180e+01	1.975996138061843155e+01	1.978726815142755768e+01	1.973718736687433761e+01	1.981351161037288122e+01	2.008774099394339885e+01	1.999741356207163179e+01	1.938795584108484604e+01	1.991606246880149200e+01	1.988940231674105519e+01	1.995911610182834650e+01	1.984946675736116006e+01	1.949831572531061852e+01	1.982297358968389744e+01	1.985112760002993681e+01
1.943940468640172625e+01	1.964078583879445006e+01	1.908250541556564173e+01	1.905711775613385583e+01	2.001816965613541299e+01	1.989199286527709631e+01	1.950230528381135287e+01	2.924713731820568441e+01	1.910410686297279170e+01	1.915532390764677473e+01	1.981500196640188349e+01	1.955229437003109538e+01	1.951711548441214816e+01	1.930864019320013014e+01	1.930694187128153416e+01	1.979044447292349673e+01	1.922368845923951142e+01	2.006933956210411907e+01	2.031478034634406526e+01	1.961682973098452365e+01	1.947703259189311709e+01	2.009924065832935369e+01	1.916182849172209046e+01	1.952662095190928682e+01	1.974225528199332302e+01	1.945408947969196234e+01	2.017244986931897088e+01	1.983955026857083581e+01	1.978080598350026165e+01	1.969284326545901465e+01	1.971946414113177326e+01	1.991808815486632156e+01	1.990236611443961223e+01	1.988091104870264303e+01	1.917528652457751548e+01	1.989338187680419523e+01	1.963593263031262026e+01	1.987947280382072179e+01	1.973760257325448464e+01	1.981295549764965713e+01	2.009196770067669391e+01	2.011665624055467916e+01	1.988172066721161002e+01	2.017364143426092937e+01	1.944174409515700930e+01	1.923670434119918937e+01	1.985106719225799665e+01	1.967006547676657746e+01	1.977404211860465111e+01	1.989354316871272488e+01
1.908571540277067413e+01	2.008324995483042130e+01	1.976808876115075009e+01	1.917044492325961969e+01	1.932279466303916493e+01	1.964185066569541860e+01	1.930399209070222000e+01	1.910410686297279170e+01	2.841514677453824333e+01	1.910913695913943400e+01	1.943165697286024596e+01	1.979286006288229771e+01	1.920062753996143101e+01	1.978717431888276224e+01	1.920364250045895105e+01	2.004449608397111504e+01	1.924370055547313285e+01	1.974807548075631303e+01	2.014771576293385991e+01	1.974758860937656380e+01	1.930829392953635448e+01	1.990802865904328200e+01	1.918071146394524007e+01	1.979008213124452098e+01	1.982645822235818045e+01	1.958742966111503492e+01	1.989827360890631169e+01	1.971754859195284482e+01	1.989898966249847945e+01	1.966630601561093528e+01	1.950321061182436821e+01	1.958929071065037419e+01	1.979722620891480744e+01	1.990156181544782044e+01	1.925374132643080571e+01	1.950139290879274157e+01	1.944131876331888265e+01	1.969795541380191040e+01	1.954339470961138403e+01	1.971514738290096247e+01	2.024468450210583370e+01	1.973898113494412954e+01	1.946462807800591222e+01	1.976397990574700003e+01	1.980970448432041309e+01	1.946558774859417085e+01	1.963407804437700221e+01	1.992706252563708702e+01	1.972050028825672285e+01	1.974638077402466863e+01
1.937316912809231795e+01	1.961890290444281604e+01	1.931936287399928887e+01	1.913574342439044429e+01	1.980612381575595293e+01	1.935024039943446184e+01	1.921460308837564668e+01	1.915532390764677473e+01	1.910913695913943400e+01	2.855907168724493062e+01	1.926174179986598389e+01	1.948933563596972007e+01	1.899512668390551084e+01	1.932898016633721738e+01	1.946300305244437112e+01	1.953049087007854467e+01	1.941075680067317677e+01	1.992318387389386558e+01	2.016163518043334690e+01	1.996032900276580691e+01	1.966067557552712586e+01	1.974002686859665090e+01	1.933038935534637659e+01	1.984326709258227339e+01	1.969743683110622712e+01	1.942910464241845858e+01	1.968957293011269982e+01	1.962722413032232538e+01	1.967347356992002361e+01	1.968409572261600005e+01	1.931767069724931929e+01	1.955536043062760854e+01	1.933195048560581242e+01	1.972303412382783350e+01	1.923427860105438469e+01	1.934330572125713488e+01	1.949527499516069540e+01	1.961152364728744857e+01	1.988660881076791043e+01	1.973370298611845541e+01	1.948112224974444828e+01	1.997875561197840710e+01	1.953520338389122557e+01	1.987758609291701717e+01	1.996630272543446338e+01	1.986682133655088478e+01	1.974921619169843012e+01	1.960804561122892054e+01	1.972360908888020958e+01	1.958531811866960126e+01
1.931613618865142357e+01	2.014971819169229406e+01	1.991787080151494393e+01	1.965920719853297172e+01	2.003585963744364307e+01	1.975551258705870339e+01	1.977360821510109190e+01	1.981500196640188349e+01	1.943165697286024596e+01	1.926174179986598389e+01	2.972536777056068402e+01	1.957967518856793987e+01	1.981596339707668619e+01	1.992323606431788008e+01	1.962481814149471049e+01	1.985107862801451262e+01	1.978299080713678393e+01	2.027763925825903968e+01	2.053249643918269740e+01	2.028142176096686455e+01	1.999046162283128680e+01	2.018149845632355976e+01	1.957679716313832330e+01	2.005198207111309472e+01	2.035194930249948797e+01	1.974916399645262288e+01	1.989469602621332101e+01	2.003326663190453516e+01	1.965947685003663281e+01	1.993066681336597767e+01	2.046209966254773960e+01	1.973350679321777079e+01	2.013884319196455408e+01	2.013998643890711193e+01	1.954721271101098168e+01	2.000300348625919966e+01	2.028433603023937337e+01	2.013167873646761308e+01	1.970746800657865805e+01	1.996992708443043796e+01	2.019494330602111631e+01	2.088878035828409807e+01	1.963991361170207028e+01	1.979698267499652431e+01	1.973197925447860257e+01	2.014561711253985976e+01	1.979568190853261811e+01	1.982615802587918452e+01	2.001104264903864660e+01	2.026007465846407385e+01
1.931439303138330388e+01	2.051093081402767737e+01	1.967495526728371402e+01	1.962268774587288078e+01	1.964365439672845781e+01	1.990381031575502391e+01	1.970190744359334900e+01	1.955229437003109538e+01	1.979286006288229771e+01	1.948933563596972007e+01	1.957967518856793987e+01	2.939287606099175321e+01	2.001307492615089600e+01	1.959654717318306183e+01	1.955378758752118173e+01	2.006727134656161837e+01	1.958426771502601582e+01	2.013156288415204642e+01	2.042168100224666105e+01	1.973657487853278525e+01	1.977489542345944429e+01	2.023369507451361571e+01	1.962513399104101097e+01	2.017955923828094811e+01	2.037022909554612937e+01	1.955221891714983684e+01	2.010301573530865582e+01	1.976689951525648326e+01	1.993706716045450733e+01	1.974023579189051958e+01	1.965108467334047759e+01	2.010140496950796418e+01	1.993747011514692957e+01	2.021737451476507985e+01	1.982142964390824602e+01	2.007582388087600123e+01	1.996288908917690463e+01	1.979750665375158647e+01	2.002987586128203290e+01	2.009927093930749820e+01	2.022809469412018757e+01	2.061797130871509509e+01	1.954173326442631620e+01	2.001332065934366966e+01	2.006967496419228070e+01	1.998990811851955485e+01	2.011731151334280199e+01	2.000358924125594484e+01	1.978335007703471149e+01	1.990796028390479577e+01
1.924410440567454472e+01	2.063816889317756065e+01	1.982895848231313352e+01	1.958843060652604251e+01	2.016438778116586050e+01	2.006225624138354746e+01	1.989291549879161281e+01	1.951711548441214816e+01	1.920062753996143101e+01	1.899512668390551084e+01	1.981596339707668619e+01	2.001307492615089600e+01	2.988338185975842975e+01	1.998978051100389663e+01	1.973923818017906839e+01	2.011927218195360467e+01	1.986185557001174828e+01	2.019008454133655661e+01	2.052262725194318094e+01	1.959354299741047356e+01	1.978145911230353349e+01	2.043483650655528905e+01	1.914397476999549497e+01	1.990524835193953379e+01	1.983914733473701730e+01	2.002721915353940929e+01	2.018262734978341300e+01	2.009028928964834648e+01	1.997459358236012150e+01	1.978644863825676836e+01	1.998726850506157859e+01	1.987506676706215458e+01	2.018679415062130289e+01	2.022494178882583071e+01	1.970193630623564474e+01	2.014352535772172459e+01	1.990293635147051532e+01	1.961178343158787030e+01	2.015433607179244291e+01	2.010410945858382448e+01	2.007053559025835199e+01	2.002398047730480357e+01	1.960842755311373153e+01	2.020193459072547171e+01	2.004139711015524128e+01	1.980165561544518127e+01	1.957762055325281025e+01	1.967616553888808184e+01	2.036949380022031875e+01	1.992302536009206548e+01
1.938476898663745018e+01	2.014481529344095989e+01	1.968906143158994126e+01	1.944191018398122850e+01	1.971875327054528526e+01	1.969629059508724112e+01	1.955146177329580226e+01	1.930864019320013014e+01	1.978717431888276224e+01	1.932898016633721738e+01	1.992323606431788008e+01	1.959654717318306183e+01	1.998978051100389663e+01	3.011313994520622117e+01	1.955170314848187374e+01	1.985796233265260113e+01	1.920218271433119028e+01	2.019038072821489749e+01	2.057092179291084477e+01	2.002676554142957599e+01	1.948743929772075845e+01	1.988232391757321338e+01	1.940863510699586314e+01	1.978297872699491577e+01	2.010210487867494322e+01	1.964791522545157676e+01	1.985212597109613242e+01	1.952162231168191653e+01	2.014345996758421009e+01	1.990853809968224297e+01	1.994239009774689464e+01	1.976629692459751197e+01	2.022617466290854082e+01	2.031161396154251975e+01	1.912265629540300438e+01	1.967303256485135776e+01	2.004202568752585023e+01	1.966331819763633248e+01	1.974717244130888716e+01	1.982354097831959905e+01	2.013723334226475714e+01	2.007607829687408696e+01	1.952644178808064623e+01	1.970999439921379803e+01	1.978561788604332250e+01	1.950128955994871305e+01	1.972912287621545957e+01	1.988226002591042985e+01	2.002286816635752942e+01	1.986000683111479503e+01
1.894647602218357818e+01	2.030546031248055883e+01	1.980381905931793440e+01	1.935799128662773683e+01	1.948068874160522057e+01	1.966400451374423497e+01	1.923775815557530677e+01	1.930694187128153416e+01	1.920364250045895105e+01	1.946300305244437112e+01	1.962481814149471049e+01	1.955378758752118173e+01	1.973923818017906839e+01	1.955170314848187374e+01	2.890580713660346390e+01	1.993152590336764973e+01	1.965365522283949673e+01	2.007110019861917038e+01	2.044253538464703013e+01	1.960854788640823543e+01	1.972844996715828358e+01	1.961946805288372175e+01	1.948536990655861700e+01	1.969099491391807177e+01	1.990280240475894047e+01	1.953009391807215778e+01	1.972677904138475569e+01	1.976318688701297432e+01	1.992697474531844293e+01	1.971122605149539453e+01	1.994754243782689684e+01	1.984335522495370441e+01	1.986832301589955563e+01	2.004073380429703377e+01	1.907312145812515780e+01	1.958731884582364557e+01	1.970067445292540143e+01	1.976313087021726034e+01	1.954182962329649698e+01	1.986822999064253281e+01	1.970976092963367776e+01	1.998629955131004010e+01	1.904875087154594127e+01	1.977697854204064853e+01	2.007595170088508851e+01	1.960994236813393243e+01	1.958025678551101478e+01	1.990556851819504658e+01	2.011861385268013791e+01	1.952763298107566925e+01
1.954801197866833817e+01	2.062277887083940087e+01	2.039459677702240370e+01	2.016164002810598177e+01	2.036018554478121345e+01	2.011350126622945567e+01	2.024371120976838867e+01	1.979044447292349673e+01	2.004449608397111504e+01	1.953049087007854467e+01	1.985107862801451262e+01	2.006727134656161837e+01	2.011927218195360467e+01	1.985796233265260113e+01	1.993152590336764973e+01	2.971089454159973542e+01	1.994927870343525456e+01	2.048095537601256311e+01	2.068814641257593578e+01	2.037563764801320332e+01	1.988779599943656962e+01	2.021454877450219811e+01	1.949536143522411535e+01	2.035782415987755556e+01	2.028611348891888966e+01	1.979880595916164054e+01	2.022046512822574016e+01	2.006963119306271892e+01	2.010303720744735401e+01	2.008251919797345053e+01	2.023792921161126657e+01	2.048469793029367381e+01	2.002278655060731083e+01	2.072747877892971147e+01	1.978301311275729546e+01	2.000768154337669813e+01	1.998020343815516142e+01	2.009896911479903991e+01	1.992151239939402885e+01	2.051628908482738467e+01	2.041735056266312043e+01	2.073869487146066959e+01	2.012282041325447679e+01	2.028704849574900138e+01	2.018094796970339289e+01	2.008402948269401378e+01	2.054284193869611741e+01	2.006451080553232202e+01	2.036767465639274022e+01	2.016287126544165886e+01
1.904450569013467742e+01	2.034005953417057810e+01	1.978107392224777783e+01	1.914383333178281177e+01	1.969308917012500260e+01	1.927540277638116706e+01	1.942769756344695153e+01	1.922368845923951142e+01	1.924370055547313285e+01	1.941075680067317677e+01	1.978299080713678393e+01	1.958426771502601582e+01	1.986185557001174828e+01	1.920218271433119028e+01	1.965365522283949673e+01	1.994927870343525456e+01	2.931527833601955990e+01	2.031982708563959150e+01	2.018883656766755408e+01	2.003406504962988777e+01	1.944805172413730077e+01	1.971693843771283028e+01	1.924184206389536200e+01	1.997256683258248700e+01	2.008787968766108989e+01	1.944054182325589863e+01	1.952790487680864118e+01	1.974454201819889576e+01	1.988635463242332335e+01	1.975148419459981142e+01	1.966418752286570282e+01	1.957418347215090648e+01	1.984148722775054452e+01	1.973778684481974466e+01	1.916055916195136888e+01	1.976367937527772867e+01	1.946841541390819685e+01	1.972039171631947596e+01	1.997477333250020948e+01	2.000573572957427615e+01	2.027825919003885957e+01	2.020929712929324396e+01	1.971269750176758606e+01	2.004070734402470322e+01	1.991528676938851561e+01	1.961053332719190578e+01	1.996615615719445103e+01	1.951186109538930680e+01	1.984012052764597200e+01	1.931456613646746590e+01
1.965441757542303591e+01	2.066284258652649086e+01	2.010658388134969599e+01	1.997000931852464234e+01	2.054811536548767492e+01	1.980323506039734482e+01	2.001294831906592009e+01	2.006933956210411907e+01	1.974807548075631303e+01	1.992318387389386558e+01	2.027763925825903968e+01	2.013156288415204642e+01	2.019008454133655661e+01	2.019038072821489749e+01	2.007110019861917038e+01	2.048095537601256311e+01	2.031982708563959150e+01	3.110017174224556413e+01	2.084940660152467373e+01	2.018839441429038573e+01	2.020124937343928906e+01	2.049830953560026003e+01	1.997267238425672531e+01	2.046003495909143766e+01	2.041574974234183770e+01	1.996816172969866798e+01	2.011855076637125350e+01	2.034089983202948204e+01	2.023048907853601364e+01	2.044784450004657828e+01	2.008399776215799193e+01	2.005311498432944006e+01	2.021663440122553013e+01	2.096455526063652641e+01	1.990229235881294301e+01	2.015743084315149503e+01	2.060066022327954016e+01	2.051850360167342302e+01	2.036981999882499395e+01	2.071227715905474653e+01	2.001531627242048117e+01	2.064890659615877766e+01	2.022698106350116021e+01	2.033767324463633486e+01	2.038992420369867986e+01	2.010691333194746022e+01	2.044812291692019102e+01	2.062228933784934526e+01	2.016682898211079333e+01	2.026844349700803249e+01
2.023740569998589578e+01	2.086895778527733825e+01	2.084230666404920740e+01	2.032238364988681312e+01	2.083556800497483863e+01	2.014264807303199589e+01	2.045287106234146179e+01	2.031478034634406526e+01	2.014771576293385991e+01	2.016163518043334690e+01	2.053249643918269740e+01	2.042168100224666105e+01	2.052262725194318094e+01	2.057092179291084477e+01	2.044253538464703013e+01	2.068814641257593578e+01	2.018883656766755408e+01	2.084940660152467373e+01	3.087257415255040627e+01	2.077699119850102605e+01	2.067969554864592041e+01	2.082356901224686396e+01	2.008596356382353676e+01	2.034667070699227764e+01	2.112647591862956631e+01	2.061082708893715676e+01	2.062423771456472821e+01	2.056959890428422000e+01	2.071651609163783903e+01	2.063629324825241085e+01	2.067573700808447512e+01	2.052733235032861003e+01	2.031887040808785727e+01	2.087877417536977376e+01	2.004834149873033766e+01	2.068079213342950240e+01	2.061732197247903642e+01	2.059117012212595554e+01	2.049490529233472458e+01	2.100475932223861619e+01	2.068394356582169991e+01	2.096971812279108249e+01	2.041844354489373359e+01	2.065576264051793132e+01	2.040979937930554300e+01	2.049450291423273640e+01	2.051540002082056091e+01	2.091222612272349224e+01	2.052604865834107173e+01	2.066282532132498062e+01
1.952674467866003383e+01	2.090560320347142920e+01	2.050112341817357020e+01	2.001296757243523672e+01	2.006747328329921132e+01	1.981216071878341722e+01	2.010378119424046162e+01	1.961682973098452365e+01	1.974758860937656380e+01	1.996032900276580691e+01	2.028142176096686455e+01	1.973657487853278525e+01	1.959354299741047356e+01	2.002676554142957599e+01	1.960854788640823543e+01	2.037563764801320332e+01	2.003406504962988777e+01	2.018839441429038573e+01	2.077699119850102605e+01	2.997166296166053812e+01	1.985463225195863401e+01	1.996751062073307637e+01	1.982888494652602773e+01	2.048568328876706346e+01	2.042763220717975514e+01	2.035902146699014637e+01	2.019390228219102568e+01	2.035987729106822286e+01	2.029366382488064247e+01	2.011102983396774491e+01	2.059606371615901210e+01	2.020738787843443873e+01	2.013066940603868105e+01	2.060389112573811587e+01	1.972756767905183040e+01	2.011289626668663288e+01	2.029411912636515325e+01	2.021625015587777696e+01	2.020473823440232408e+01	2.021167777338414950e+01	2.076474112453055554e+01	2.025566243912471620e+01	1.963483757547577468e+01	2.046860365960600703e+01	2.013470451921417492e+01	2.026712911691141272e+01	1.998926150701038296e+01	2.053729996307834327e+01	2.026110341948640681e+01	2.006456935633322303e+01
1.947152703782338534e+01	1.996769043200383109e+01	1.985338118665895024e+01	1.937365541920990353e+01	2.001202275316796531e+01	1.937301565040992912e+01	1.957707824104913641e+01	1.947703259189311709e+01	1.930829392953635448e+01	1.966067557552712586e+01	1.999046162283128680e+01	1.977489542345944429e+01	1.978145911230353349e+01	1.948743929772075845e+01	1.972844996715828358e+01	1.988779599943656962e+01	1.944805172413730077e+01	2.020124937343928906e+01	2.067969554864592041e+01	1.985463225195863401e+01	3.006451184401000631e+01	2.007228568886889164e+01	1.912516151782046592e+01	2.007610822691665575e+01	2.010306746640007702e+01	1.990655300655138760e+01	1.998501314068147394e+01	1.994764238947815826e+01	1.995504624852146236e+01	2.016032166056780639e+01	1.979394826383386530e+01	1.965434058400403217e+01	1.984851387206553497e+01	2.020093948611113888e+01	1.927258499329558816e+01	1.989756927674775255e+01	1.988883286062674216e+01	1.996760348317324230e+01	2.009596838017475662e+01	2.012980700853116645e+01	1.999626178973758428e+01	2.017851312045080192e+01	1.971376433470644329e+01	1.981804201364374052e+01	1.991624735326672990e+01	1.970368712867830041e+01	1.955595262239685894e+01	2.009907883883839119e+01	2.006285139497325076e+01	1.984448308687593610e+01
1.934717928465755676e+01	2.058033238835830048e+01	2.014900980903632544e+01	1.955157141470697013e+01	2.062953180632070982e+01	1.980338230587733150e+01	1.981495528296255415e+01	2.009924065832935369e+01	1.990802865904328200e+01	1.974002686859665090e+01	2.018149845632355976e+01	2.023369507451361571e+01	2.043483650655528905e+01	1.988232391757321338e+01	1.961946805288372175e+01	2.021454877450219811e+01	1.971693843771283028e+01	2.049830953560026003e+01	2.082356901224686396e+01	1.996751062073307637e+01	2.007228568886889164e+01	3.008023745888232625e+01	1.948343727174637863e+01	1.983583592766856896e+01	2.046387273046471478e+01	1.953814074287413760e+01	1.992779407865172203e+01	2.045389517266004376e+01	2.025551376844599005e+01	2.037682970656594605e+01	2.013530870715075594e+01	2.036661144159940307e+01	2.011518873262340534e+01	2.038513707227291860e+01	1.971570722210368487e+01	2.004194896556080252e+01	1.994879302885955141e+01	1.995072080822901839e+01	2.022711699676908381e+01	2.058999273104558725e+01	2.034422546411851584e+01	2.034480606365496769e+01	1.991714750005947465e+01	2.013794691482519994e+01	2.023271125054194641e+01	1.983305078188168835e+01	1.994253740690923138e+01	2.009683386987405740e+01	2.067872303199550643e+01	2.017567860051236295e+01
1.896924737695277940e+01	1.980327466461046626e+01	1.967956026544369763e+01	1.933868655216500088e+01	1.944720563146328374e+01	1.958070600731882749e+01	1.939734084265558778e+01	1.916182849172209046e+01	1.918071146394524007e+01	1.933038935534637659e+01	1.957679716313832330e+01	1.962513399104101097e+01	1.914397476999549497e+01	1.940863510699586314e+01	1.948536990655861700e+01	1.949536143522411535e+01	1.924184206389536200e+01	1.997267238425672531e+01	2.008596356382353676e+01	1.982888494652602773e+01	1.912516151782046592e+01	1.948343727174637863e+01	2.908180452302154606e+01	1.950500887187198273e+01	1.980786675491195936e+01	1.919275134564472296e+01	1.972699253343445136e+01	1.938430661100106533e+01	1.958625845681070743e+01	1.959366143421920015e+01	1.958470975384372892e+01	1.963371410626175972e+01	1.972045192524798551e+01	1.969960902091717969e+01	1.925233223471121846e+01	1.922071145922411262e+01	1.947263164547623759e+01	1.970001334657814240e+01	1.946701852063337412e+01	1.943470765017673330e+01	1.959659128977174802e+01	1.955088645957247451e+01	1.915242912854457558e+01	1.997035245907215995e+01	1.940543171275312062e+01	1.920587085038878783e+01	1.938126755262151590e+01	1.950232123476030566e+01	1.967997049444652902e+01	1.984212148634295403e+01
1.930173310582006252e+01	2.070578933298580893e+01	2.030632791617620114e+01	1.953382316909402050e+01	2.029841892953825067e+01	1.999049379561303397e+01	1.950129129428050234e+01	1.952662095190928682e+01	1.979008213124452098e+01	1.984326709258227339e+01	2.005198207111309472e+01	2.017955923828094811e+01	1.990524835193953379e+01	1.978297872699491577e+01	1.969099491391807177e+01	2.035782415987755556e+01	1.997256683258248700e+01	2.046003495909143766e+01	2.034667070699227764e+01	2.048568328876706346e+01	2.007610822691665575e+01	1.983583592766856896e+01	1.950500887187198273e+01	3.041726680187329990e+01	2.020104096044483200e+01	2.005073579692514940e+01	2.035262032273021404e+01	1.996192693484362835e+01	1.972884041256645560e+01	2.042415775910525610e+01	2.002393045400818394e+01	2.019436352532317969e+01	1.993148282309931574e+01	2.032334420856379609e+01	1.925451225597793936e+01	1.997086537768173997e+01	2.024573064665519340e+01	2.009504670821066341e+01	2.020194252869214324e+01	2.038123299130946364e+01	2.040184164138363343e+01	2.054863131077956595e+01	2.005082267622249148e+01	2.041856553327008328e+01	2.033766499542671724e+01	1.996173950345446713e+01	2.004851768772489962e+01	2.025959219386312071e+01	2.057930949652795860e+01	2.001479341622318131e+01
1.961047727997349099e+01	2.033490392043251660e+01	2.006527935833743470e+01	2.014896001754639698e+01	2.022641756166432359e+01	2.021570052978120913e+01	2.005645707359118646e+01	1.974225528199332302e+01	1.982645822235818045e+01	1.969743683110622712e+01	2.035194930249948797e+01	2.037022909554612937e+01	1.983914733473701730e+01	2.010210487867494322e+01	1.990280240475894047e+01	2.028611348891888966e+01	2.008787968766108989e+01	2.041574974234183770e+01	2.112647591862956631e+01	2.042763220717975514e+01	2.010306746640007702e+01	2.046387273046471478e+01	1.980786675491195936e+01	2.020104096044483200e+01	2.977903501698334310e+01	1.964165359128460864e+01	2.033132053800622074e+01	2.015496868258722074e+01	2.019803838813037800e+01	1.991518835359630657e+01	2.039952284638947333e+01	2.042748787988025683e+01	2.031627178125049582e+01	2.037787300881025132e+01	1.999040932744285470e+01	2.016392396305524670e+01	2.018835395826140200e+01	2.040306222190811880e+01	1.998390389517696519e+01	2.056893612943428806e+01	2.036204116589942359e+01	2.056119561372503668e+01	1.979520262792879848e+01	2.017829086763854463e+01	2.033544929731140272e+01	2.012625657859810957e+01	2.018953079409454787e+01	2.029462819982235899e+01	2.033747720018712002e+01	1.991067555393041388e+01
1.929357326467433964e+01	2.022741625466665383e+01	1.985967764002670677e+01	1.950581092965925478e+01	1.984165190084046060e+01	1.963013522594841120e+01	1.954502389050016475e+01	1.945408947969196234e+01	1.958742966111503492e+01	1.942910464241845858e+01	1.974916399645262288e+01	1.955221891714983684e+01	2.002721915353940929e+01	1.964791522545157676e+01	1.953009391807215778e+01	1.979880595916164054e+01	1.944054182325589863e+01	1.996816172969866798e+01	2.061082708893715676e+01	2.035902146699014637e+01	1.990655300655138760e+01	1.953814074287413760e+01	1.919275134564472296e+01	2.005073579692514940e+01	1.964165359128460864e+01	2.895391447537244289e+01	2.030816134085999636e+01	1.981459445002764852e+01	1.975156281623609900e+01	2.023122785452046202e+01	1.984681335240142275e+01	2.011439616158637378e+01	2.019762833907335420e+01	2.032786439883444629e+01	1.940424730297601030e+01	1.977837867257585813e+01	1.997150976872680062e+01	2.009648497092688046e+01	1.988731034603706860e+01	2.012016622001888422e+01	1.990986724070383573e+01	2.031799268021974214e+01	1.955430484805694391e+01	1.997316368069142811e+01	1.949345774285124122e+01	1.985104760806567015e+01	1.988329382527477307e+01	2.000912344151731048e+01	1.998551898480624445e+01	1.948782790953059418e+01
1.981282171770197209e+01	2.082436887620950827e+01	2.015192715172346638e+01	1.980682141349256753e+01	2.052822990476099818e+01	2.059823072583492376e+01	2.030962885437980603e+01	2.017244986931897088e+01	1.989827360890631169e+01	1.968957293011269982e+01	1.989469602621332101e+01	2.010301573530865582e+01	2.018262734978341300e+01	1.985212597109613242e+01	1.972677904138475569e+01	2.022046512822574016e+01	1.952790487680864118e+01	2.011855076637125350e+01	2.062423771456472821e+01	2.019390228219102568e+01	1.998501314068147394e+01	1.992779407865172203e+01	1.972699253343445136e+01	2.035262032273021404e+01	2.033132053800622074e+01	2.030816134085999636e+01	3.036306007205489621e+01	1.995348597909492483e+01	2.046024856116603985e+01	2.019755958443705168e+01	2.021125499291024852e+01	2.004359112347173166e+01	2.048977970158558648e+01	2.072241171290319528e+01	1.961481363076389783e+01	2.003739394499076809e+01	2.010100642402638016e+01	1.981600600191537254e+01	2.004259639136489213e+01	1.989877607034915385e+01	2.052801830184480991e+01	2.028397840319907175e+01	2.006768238457993547e+01	2.039483650590114650e+01	2.021297221051860049e+01	2.017066333764733344e+01	2.009339295793924762e+01	2.011597489375922265e+01	2.026229284804501773e+01	2.033656207386431092e+01
1.914749802785246047e+01	2.006581171005379360e+01	2.033870160085131928e+01	1.936665577915024983e+01	2.033234425409651536e+01	1.967095202107782725e+01	1.980998160685673781e+01	1.983955026857083581e+01	1.971754859195284482e+01	1.962722413032232538e+01	2.003326663190453516e+01	1.976689951525648326e+01	2.009028928964834648e+01	1.952162231168191653e+01	1.976318688701297432e+01	2.006963119306271892e+01	1.974454201819889576e+01	2.034089983202948204e+01	2.056959890428422000e+01	2.035987729106822286e+01	1.994764238947815826e+01	2.045389517266004376e+01	1.938430661100106533e+01	1.996192693484362835e+01	2.015496868258722074e+01	1.981459445002764852e+01	1.995348597909492483e+01	2.984464380956637086e+01	1.958992549238720926e+01	1.989171243491685814e+01	1.999233957648215210e+01	1.998712417220419013e+01	1.989744341471649491e+01	2.017282277469856666e+01	1.953664386536149777e+01	1.996776963291139850e+01	2.018380795522873328e+01	2.011318745625890259e+01	2.012465327573797325e+01	2.045507647840576126e+01	1.983236289606184144e+01	2.045991630495609215e+01	1.977061713946874022e+01	2.011108157891415971e+01	1.980816129942451198e+01	1.961796457626833501e+01	2.000099270481554825e+01	1.994193799143486601e+01	2.008767969302635947e+01	2.000072600236510212e+01
1.904463420423725140e+01	2.013939058296789142e+01	2.037339881838748568e+01	1.951538756024227439e+01	2.018109937806751830e+01	2.013937507346551570e+01	1.986773160019292206e+01	1.978080598350026165e+01	1.989898966249847945e+01	1.967347356992002361e+01	1.965947685003663281e+01	1.993706716045450733e+01	1.997459358236012150e+01	2.014345996758421009e+01	1.992697474531844293e+01	2.010303720744735401e+01	1.988635463242332335e+01	2.023048907853601364e+01	2.071651609163783903e+01	2.029366382488064247e+01	1.995504624852146236e+01	2.025551376844599005e+01	1.958625845681070743e+01	1.972884041256645560e+01	2.019803838813037800e+01	1.975156281623609900e+01	2.046024856116603985e+01	1.958992549238720926e+01	2.980803084679352111e+01	2.022366297474587071e+01	1.973449835743400627e+01	2.006470510577504385e+01	2.047231770016387031e+01	2.058580613980850416e+01	1.960981925832371786e+01	2.012810626742882647e+01	2.009055403540142493e+01	1.993195957600979895e+01	2.027329236801388035e+01	2.030622670235857541e+01	2.010765044011741765e+01	2.051388440150532233e+01	1.978498571069127721e+01	2.013743277278825161e+01	1.992016515960512280e+01	1.964624481495595276e+01	2.010753232272280044e+01	2.027345197027828405e+01	1.993648756539125699e+01	1.999468235723787046e+01
1.920085677823952608e+01	2.016626844421549336e+01	2.018554818119184446e+01	1.920373676171181643e+01	2.037816983771023516e+01	2.007228335750255965e+01	2.010713196053296770e+01	1.969284326545901465e+01	1.966630601561093528e+01	1.968409572261600005e+01	1.993066681336597767e+01	1.974023579189051958e+01	1.978644863825676836e+01	1.990853809968224297e+01	1.971122605149539453e+01	2.008251919797345053e+01	1.975148419459981142e+01	2.044784450004657828e+01	2.063629324825241085e+01	2.011102983396774491e+01	2.016032166056780639e+01	2.037682970656594605e+01	1.959366143421920015e+01	2.042415775910525610e+01	1.991518835359630657e+01	2.023122785452046202e+01	2.019755958443705168e+01	1.989171243491685814e+01	2.022366297474587071e+01	2.940880337338340311e+01	2.034649182847896398e+01	1.987481729724331458e+01	2.003107057814184344e+01	2.060783002775844608e+01	1.982168237360822971e+01	1.977538706473395891e+01	1.998446274628749464e+01	1.977038593473248440e+01	2.017349004357040343e+01	2.021804448061753234e+01	1.997364049712142631e+01	2.006572393355261852e+01	1.990586454198764343e+01	2.047531831056189944e+01	1.983108211235823148e+01	1.983279512971024872e+01	2.000808283821175593e+01	2.024813067271038491e+01	2.030049539420799576e+01	1.990200657529248929e+01
1.920966119025846197e+01	2.043586892039283498e+01	1.992188284984024094e+01	1.990335832343734168e+01	2.007122091672390596e+01	2.000232228275671176e+01	1.976804794153835587e+01	1.971946414113177326e+01	1.950321061182436821e+01	1.931767069724931929e+01	2.046209966254773960e+01	1.965108467334047759e+01	1.998726850506157859e+01	1.994239009774689464e+01	1.994754243782689684e+01	2.023792921161126657e+01	1.966418752286570282e+01	2.008399776215799193e+01	2.067573700808447512e+01	2.059606371615901210e+01	1.979394826383386530e+01	2.013530870715075594e+01	1.958470975384372892e+01	2.002393045400818394e+01	2.039952284638947333e+01	1.984681335240142275e+01	2.021125499291024852e+01	1.999233957648215210e+01	1.973449835743400627e+01	2.034649182847896398e+01	3.003114720989801967e+01	2.012655713669620283e+01	2.031473498080116968e+01	1.975672539341374900e+01	1.978222566983955133e+01	1.951085583097333753e+01	1.980841062473875880e+01	2.037618873183965107e+01	2.025561920714710595e+01	2.034725222732379990e+01	2.011957127453213801e+01	2.015316089362620389e+01	1.966003053329692207e+01	2.024997781270118580e+01	2.007611976054630532e+01	1.983677019782671280e+01	2.014010814639939895e+01	1.986913721108355801e+01	2.046198213718017200e+01	1.968328824533053023e+01
1.955096890855525515e+01	2.021198934021845162e+01	2.020082808260004370e+01	1.987059215409187374e+01	2.027205465911457694e+01	2.002562999227772877e+01	2.012816964768955330e+01	1.991808815486632156e+01	1.958929071065037419e+01	1.955536043062760854e+01	1.973350679321777079e+01	2.010140496950796418e+01	1.987506676706215458e+01	1.976629692459751197e+01	1.984335522495370441e+01	2.048469793029367381e+01	1.957418347215090648e+01	2.005311498432944006e+01	2.052733235032861003e+01	2.020738787843443873e+01	1.965434058400403217e+01	2.036661144159940307e+01	1.963371410626175972e+01	2.019436352532317969e+01	2.042748787988025683e+01	2.011439616158637378e+01	2.004359112347173166e+01	1.998712417220419013e+01	2.006470510577504385e+01	1.987481729724331458e+01	2.012655713669620283e+01	3.037305958357539026e+01	2.006248297776477330e+01	2.023727846057589375e+01	1.993181146695839345e+01	1.987984960825920666e+01	1.995231752827370997e+01	2.006160495504879293e+01	2.010676219903984219e+01	2.011036664276054609e+01	2.027942393062446769e+01	2.072337930347548607e+01	1.977496517179160307e+01	2.034646468778826645e+01	2.038925469828485149e+01	1.973511481703753034e+01	2.005635842999377161e+01	1.992881692359078372e+01	2.040205331151358692e+01	1.961626598016047751e+01
