2.932715042128150529e+01	1.995835573362053594e+01	1.995961923108889735e+01	2.035201135328370015e+01	1.978879829702785287e+01	1.977296436288525783e+01	1.956574703689567230e+01	1.960856018668454936e+01	1.929872126381458841e+01	1.921228990221931454e+01	1.922222233858908780e+01	1.923058732259785231e+01	1.980808308852304478e+01	1.918746717172139071e+01	1.976135260705666141e+01	1.978932220103804696e+01	1.894481161314508455e+01	1.932796552378242794e+01	1.981950279248530933e+01	1.986969955354571837e+01	1.922139734998523863e+01	1.925837906265293853e+01	1.936358842396372282e+01	1.958564797469073682e+01	1.955770586888192497e+01	2.035811578160246782e+01	1.961175021206411628e+01	1.979191816069371157e+01	1.884119975478488840e+01	1.878769382035721236e+01	1.903950339927461499e+01	1.998287165014554745e+01	1.956316562727580788e+01	1.977925743000622916e+01	1.942316513339343231e+01	1.986672375003766788e+01	1.956318636539672795e+01	1.994880815324973966e+01	1.955678140497114725e+01	1.971420860780893491e+01	1.957294758308904292e+01	1.950741625592809569e+01	1.958931670055551422e+01	2.028475825915398545e+01	1.925461390963062414e+01	1.993861510989975017e+01	1.961269538898718068e+01	1.936924267670933730e+01	1.988312899122033173e+01	1.924241962344157031e+01
1.995835573362053594e+01	3.048473321296672012e+01	2.074340293059676910e+01	2.037416139776185631e+01	2.029419862736558500e+01	2.011553592905258014e+01	2.048924244206423850e+01	2.008171570446446097e+01	2.010676326149666693e+01	2.007263278522020045e+01	2.027385534429954461e+01	1.989031187855421479e+01	2.039681139816514133e+01	2.004891991037432319e+01	2.043328856060580279e+01	2.052692230011850327e+01	1.969771947715434735e+01	2.010325474252777411e+01	2.049746294635325583e+01	2.016156516604524640e+01	1.993524732848453240e+01	1.988160134494212627e+01	1.960032355398285020e+01	2.017263749848826038e+01	2.043033283689557678e+01	2.093324544109750107e+01	1.992301051026044334e+01	2.031344654479211798e+01	1.973976250075867611e+01	1.956435068514760189e+01	2.033317706425764726e+01	2.090178082632540679e+01	1.996804304435596222e+01	2.065516441273118176e+01	2.026848529999796966e+01	2.014147475835810042e+01	1.988441681561881325e+01	2.057846407037890657e+01	1.985879615592131486e+01	2.051435897668675423e+01	2.007428463658827766e+01	2.004612550631291512e+01	2.046162343169720188e+01	2.057805837294102247e+01	1.938458046089919051e+01	2.051957628308603176e+01	2.003869885186681543e+01	2.000839996323768943e+01	2.079846187237606969e+01	2.015332506968727699e+01
1.995961923108889735e+01	2.074340293059676910e+01	3.008901052072802429e+01	2.034850354747246115e+01	2.051119641386851455e+01	2.022547037867491682e+01	2.027938322319801046e+01	2.049209240044575964e+01	2.009866692123610221e+01	2.004459907809056673e+01	2.025465513026388109e+01	2.000991627040242093e+01	2.024180348103592308e+01	2.004584015922757345e+01	2.046782875801734392e+01	2.069068654614160963e+01	1.985775952830815427e+01	2.018312048390838598e+01	2.095881573632541617e+01	2.034983756882773065e+01	1.978626227623520251e+01	1.997100325259485842e+01	1.919112090085933175e+01	2.015526590544374841e+01	1.994041338921823581e+01	2.113810033256606502e+01	2.017982230599401916e+01	2.029332583820508518e+01	1.999306031036496023e+01	1.971769573616116844e+01	2.022844102941582278e+01	2.069906687805927348e+01	2.014062733915468328e+01	2.077282540094093477e+01	2.022423303212147516e+01	2.034838077511989241e+01	2.040117266365151849e+01	2.011413415895415113e+01	2.015004439832191352e+01	2.019417363891605177e+01	2.003355953908696918e+01	1.990364700434475154e+01	2.061343192892351084e+01	2.033874543653288924e+01	1.972091817161172500e+01	2.063488454597980493e+01	1.999146192734776761e+01	2.023980737914526173e+01	2.059331772522790871e+01	1.981699216911110284e+01
2.035201135328370015e+01	2.037416139776185631e+01	2.034850354747246115e+01	3.020839178774797773e+01	2.046965795665223098e+01	2.027648912137103565e+01	2.018097842019842858e+01	1.983348650044556294e+01	2.039578161165965042e+01	1.989235237388740529e+01	2.030049015642384802e+01	2.003102048139331259e+01	2.038360485718014914e+01	1.977953020128284578e+01	2.003823200726909448e+01	2.058375727429364943e+01	1.976273318813078106e+01	1.989411310178549641e+01	2.053823599373634678e+01	2.027924672350108182e+01	1.993605292049961619e+01	2.012590362340442951e+01	1.950290095121480149e+01	2.021290638947058227e+01	2.040574096085114419e+01	2.088530390970939621e+01	1.994751952936597661e+01	2.022720551850975568e+01	1.982893809272194829e+01	1.974202070483192273e+01	1.951276470596667068e+01	2.059829713140691609e+01	2.004051289684686310e+01	2.045403746925172328e+01	1.986764718847331679e+01	2.001988732611004096e+01	1.992582172224092218e+01	1.999357350579697368e+01	2.003539959908939849e+01	2.020902355297087638e+01	2.006428892633822514e+01	2.010290013083704252e+01	2.027630954733607282e+01	2.040826708195618266e+01	1.961026338421869752e+01	2.091919019767415477e+01	2.017949233691744837e+01	2.013119984943675078e+01	2.062290258773906970e+01	2.029823288761886246e+01
1.978879829702785287e+01	2.029419862736558500e+01	2.051119641386851455e+01	2.046965795665223098e+01	3.011833907463828197e+01	2.004402140181067082e+01	2.037127841512598181e+01	2.019222578005660296e+01	2.072894048134460476e+01	2.020374092457802462e+01	2.039547527116275560e+01	1.987665359959170175e+01	2.025635266434409232e+01	2.011416230119219861e+01	2.019489415171984703e+01	2.050903974577004618e+01	1.995461932571055286e+01	1.998405700686457109e+01	2.054006690967624849e+01	2.048730113262676156e+01	2.043029225043885333e+01	2.027791522918375122e+01	1.955275121813258821e+01	2.029384590825254620e+01	2.044449578652681510e+01	2.123262423133307308e+01	2.041324437720795615e+01	2.039986007644936450e+01	1.993826115848214187e+01	1.992125244927819239e+01	2.019659740584837948e+01	2.098055244638899097e+01	1.973899102893117075e+01	2.057192584145326109e+01	2.007177718400737021e+01	2.022853622484668534e+01	2.030141195503340512e+01	2.023827904592021554e+01	1.987177023929994846e+01	2.035229624234526469e+01	1.994398436778608641e+01	2.013916390033773141e+01	1.998353736871828801e+01	2.052225405868929187e+01	1.984290131242283550e+01	2.045374484633723000e+01	2.004237870011837330e+01	2.004709617340062167e+01	2.082078274665714801e+01	1.974122717081526091e+01
1.977296436288525783e+01	2.011553592905258014e+01	2.022547037867491682e+01	2.027648912137103565e+01	2.004402140181067082e+01	3.026120145793035476e+01	1.988280624896275484e+01	1.984369356971192744e+01	1.998005391282794818e+01	1.977745907523432223e+01	1.966735678238942597e+01	1.981355779265505035e+01	1.992216186400426281e+01	1.954158240202760410e+01	2.023222633794576453e+01	2.032565516479061074e+01	1.989302010934267884e+01	2.007879922105682269e+01	2.032278287873158362e+01	1.997201566832176667e+01	1.974165030777347596e+01	2.003107276480390198e+01	1.923764679371448594e+01	2.037998381849251217e+01	1.993649804563177952e+01	2.058751510427550357e+01	1.957977346509757410e+01	2.003320327747248086e+01	1.973495001895080847e+01	1.929150672783524101e+01	1.997258350756748868e+01	2.033576706098226339e+01	2.006872792296896435e+01	2.063444253699081088e+01	1.976698415517217100e+01	1.978336069732675995e+01	2.000827599281109670e+01	1.978817927626384332e+01	1.990409213776392860e+01	2.024964491161361835e+01	1.948294968952936301e+01	2.017160744174714537e+01	2.039377880407351284e+01	2.050533564299406919e+01	1.942865479251508987e+01	2.050765924790270844e+01	2.011796869199879367e+01	2.028405156276712873e+01	2.024034662266477014e+01	2.005809978060985799e+01
1.956574703689567230e+01	2.048924244206423850e+01	2.027938322319801046e+01	2.018097842019842858e+01	2.037127841512598181e+01	1.988280624896275484e+01	2.984610194200195821e+01	2.011219956944443510e+01	1.984325315667614831e+01	1.982040861010566601e+01	1.994016911833776717e+01	1.938675619855636256e+01	2.000076674984959268e+01	1.980783194011841886e+01	2.005850953402944725e+01	2.039041116745147164e+01	1.947776228631808237e+01	1.949057831998877433e+01	2.000968599894356004e+01	2.014512713681503087e+01	2.008347531839405420e+01	1.989490302291542179e+01	1.975367884923352335e+01	2.001918161105340133e+01	1.991293628209078648e+01	2.090524380601016574e+01	1.978777245756605296e+01	1.998184787973002585e+01	1.942116948979920821e+01	1.942234496867628835e+01	2.003663947255780897e+01	2.044890957288700761e+01	1.963680121888740260e+01	2.054561149132358722e+01	1.996644328136529722e+01	2.002683502128174098e+01	1.957171699405590459e+01	2.003818867437021112e+01	1.952170265894510237e+01	1.981099482747424645e+01	1.964968509972367272e+01	2.037437207160554919e+01	1.994702931536335555e+01	2.013302132161923552e+01	1.961977705374859937e+01	2.052151664779782791e+01	2.040630050492753966e+01	1.998338740887256293e+01	2.070128614476825391e+01	2.007565673715444632e+01
1.960856018668454936e+01	2.008171570446446097e+01	2.049209240044575964e+01	1.983348650044556294e+01	2.019222578005660296e+01	1.984369356971192744e+01	2.011219956944443510e+01	2.967132174692675051e+01	1.976003723244599186e+01	1.997104250530239256e+01	2.014061353964294199e+01	1.970192362548959153e+01	1.988772262879079022e+01	1.922052126232421188e+01	1.987610578878366496e+01	2.019940540877230717e+01	1.942388524425105700e+01	1.964716854020976200e+01	2.015425904026056969e+01	1.994044795966865280e+01	1.945491177353996193e+01	1.978810961871193896e+01	1.911520473087694327e+01	1.998632290760882313e+01	1.996770472310868882e+01	2.025636288508204075e+01	1.946821131916919612e+01	2.006028280400844110e+01	1.908664484161256070e+01	1.931419579815548815e+01	2.018919190045174261e+01	2.001917094766077554e+01	2.003709781642692889e+01	2.043542933239374904e+01	1.951748385846282829e+01	2.016932825992857303e+01	1.987185320993863158e+01	1.974057528725084865e+01	1.970716405812132521e+01	2.033514377894379521e+01	1.978501100364237786e+01	1.974428216759485366e+01	1.996711239282168293e+01	2.010453861403286879e+01	1.963926287080580124e+01	2.035372543791595490e+01	2.008080097596738511e+01	1.971228829787732550e+01	2.013259906416486089e+01	1.966838673379873015e+01
1.929872126381458841e+01	2.010676326149666693e+01	2.009866692123610221e+01	2.039578161165965042e+01	2.072894048134460476e+01	1.998005391282794818e+01	1.984325315667614831e+01	1.976003723244599186e+01	3.018133096368187296e+01	1.981406684738895763e+01	1.977225599932097566e+01	1.986303251994851138e+01	1.952075685918620351e+01	1.977519139170233942e+01	1.996183712149759515e+01	2.038799194012799632e+01	1.987455665746718836e+01	2.012596568737759384e+01	2.035875286252372263e+01	1.978475430520665412e+01	1.991372958139739779e+01	2.009827559430421218e+01	1.907920405119863716e+01	2.015322985344531759e+01	1.977960845872121709e+01	2.037239752489338329e+01	1.959607526704849434e+01	2.010221192367334098e+01	1.950480531672227968e+01	1.941217956987928872e+01	1.960401020796076210e+01	2.039490061800170295e+01	1.940686328854056342e+01	2.030233593699653127e+01	1.983252614914740164e+01	1.979738755187189625e+01	2.004894685700552870e+01	1.974509712620892188e+01	1.927193848134015042e+01	2.039083326586441913e+01	1.969086402549754311e+01	1.992080458000103960e+01	1.970115881664189317e+01	2.005675469038995473e+01	1.969663720801070639e+01	2.041212290840750043e+01	2.000343107363319106e+01	1.974037285806093323e+01	2.068558283247099538e+01	1.995012732684770640e+01
1.921228990221931454e+01	2.007263278522020045e+01	2.004459907809056673e+01	1.989235237388740529e+01	2.020374092457802462e+01	1.977745907523432223e+01	1.982040861010566601e+01	1.997104250530239256e+01	1.981406684738895763e+01	2.969868655813877822e+01	1.962198257870628737e+01	1.971082720544861999e+01	2.004448729216752056e+01	1.987338778732483391e+01	2.017478844489010115e+01	2.018205722867388729e+01	1.928314036812363597e+01	1.934087836442732566e+01	2.016365500344374340e+01	1.972612568445433467e+01	1.965613467285543337e+01	1.995197195107637356e+01	1.890009704565526860e+01	1.976877227131774362e+01	1.996918864789758175e+01	2.096214068764499316e+01	1.970197816982570060e+01	1.995686899687082771e+01	1.950000444361972285e+01	1.925479245866952027e+01	1.977541978933453848e+01	1.993071167208409733e+01	1.962089018676622132e+01	2.025957869372175324e+01	1.953251501219216735e+01	1.994976996569497629e+01	1.989189615017500756e+01	1.995965242071152801e+01	1.960659688077322471e+01	2.033110579784458238e+01	1.960598169465274410e+01	1.982079173723342436e+01	2.006317439736637454e+01	2.013586433228679695e+01	1.947815892897451917e+01	1.980282222156135319e+01	1.986422922092571142e+01	1.989915495314221872e+01	2.023891161307886932e+01	1.988565577825862007e+01
1.922222233858908780e+01	2.027385534429954461e+01	2.025465513026388109e+01	2.030049015642384802e+01	2.039547527116275560e+01	1.966735678238942597e+01	1.994016911833776717e+01	2.014061353964294199e+01	1.977225599932097566e+01	1.962198257870628737e+01	2.939614915993360000e+01	1.938108694690775380e+01	2.000088122505548682e+01	1.956668571794786260e+01	2.015934240919528619e+01	2.021105735477929954e+01	1.951713538431923212e+01	1.960729596033914390e+01	2.031595883190813367e+01	1.993471153093224402e+01	1.965935762556887667e+01	1.974498629291203500e+01	1.898529324742951729e+01	1.948924019479530756e+01	1.964922779427137911e+01	2.080491498937566064e+01	1.968941751479893654e+01	2.006947677611217529e+01	1.927865515688215936e+01	1.948581660008269267e+01	1.988757337173173667e+01	2.007617957147145304e+01	1.950168492132315734e+01	2.031612723603665316e+01	1.955019722742023092e+01	1.948714840518242397e+01	1.999676089774373722e+01	1.992613776565394801e+01	1.925185522025708806e+01	1.997160740436989457e+01	1.976932259495957922e+01	1.991958826972761898e+01	2.004460233395427693e+01	2.003615651005096510e+01	1.925837422794061027e+01	2.043770521612505675e+01	1.971310537917779016e+01	2.008099784863434678e+01	2.042389403796078184e+01	1.972678637966209081e+01
1.923058732259785231e+01	1.989031187855421479e+01	2.000991627040242093e+01	2.003102048139331259e+01	1.987665359959170175e+01	1.981355779265505035e+01	1.938675619855636256e+01	1.970192362548959153e+01	1.986303251994851138e+01	1.971082720544861999e+01	1.938108694690775380e+01	2.910010612514583173e+01	1.978379650909535670e+01	1.954234616370083444e+01	1.965180077318612106e+01	2.011199330331229262e+01	1.940528825787137990e+01	1.920229613929674883e+01	2.007852918420635646e+01	1.961236530295608560e+01	1.972558443778044790e+01	1.935298209027935101e+01	1.887205630139143864e+01	1.991284257795222246e+01	1.957790547420715299e+01	2.037036582409401930e+01	1.934647894519460110e+01	1.994927045920659125e+01	1.896562806068628859e+01	1.906423509813603800e+01	1.971248548332563644e+01	2.023678881402086915e+01	1.952704316753128566e+01	1.976060271895701348e+01	1.915955192558072184e+01	1.932869559344687360e+01	1.954688312167953512e+01	1.986035515641181348e+01	1.949782649589815620e+01	1.992826616536538964e+01	1.979841685442898935e+01	1.972709306738264701e+01	1.984795144069483186e+01	2.001240200658730473e+01	1.928918653376564762e+01	1.966827530915143996e+01	1.961873744184822144e+01	1.941160367786018170e+01	1.977349998239290940e+01	1.926863021019008926e+01
1.980808308852304478e+01	2.039681139816514133e+01	2.024180348103592308e+01	2.038360485718014914e+01	2.025635266434409232e+01	1.992216186400426281e+01	2.000076674984959268e+01	1.988772262879079022e+01	1.952075685918620351e+01	2.004448729216752056e+01	2.000088122505548682e+01	1.978379650909535670e+01	2.946075506400846322e+01	1.988499080506052863e+01	2.019955054218141299e+01	2.053224879618014853e+01	1.969949186448277700e+01	1.968705793478912724e+01	2.005606433166921576e+01	2.019940285487533060e+01	1.985054627431162544e+01	1.970617412111499789e+01	1.965798012268863815e+01	2.007734454152951997e+01	1.978449975631286151e+01	2.084820901531802662e+01	1.976958222211838034e+01	2.025835296193639934e+01	1.961693598859809384e+01	1.916331382870447086e+01	1.992588725069425593e+01	2.000381999963865809e+01	1.982231822329790560e+01	2.009584085374689266e+01	1.979672393779485162e+01	2.009603869993052427e+01	2.003756339006504206e+01	2.036531776631951018e+01	1.952577077896819802e+01	1.995196267638248244e+01	2.005237699835575782e+01	1.988686917701564738e+01	2.049182142979762489e+01	2.037758375733311667e+01	1.945694391377492494e+01	2.068867133205242581e+01	1.987660720113141366e+01	1.986492088286096092e+01	2.006160272009937984e+01	1.965016042705658705e+01
1.918746717172139071e+01	2.004891991037432319e+01	2.004584015922757345e+01	1.977953020128284578e+01	2.011416230119219861e+01	1.954158240202760410e+01	1.980783194011841886e+01	1.922052126232421188e+01	1.977519139170233942e+01	1.987338778732483391e+01	1.956668571794786260e+01	1.954234616370083444e+01	1.988499080506052863e+01	2.937131848337582340e+01	1.966850882901146136e+01	2.022249158759060705e+01	1.973950281096199788e+01	1.969390587727047759e+01	1.977783561585339456e+01	1.999340874884142139e+01	1.981543193577626738e+01	1.939726994108200486e+01	1.930120139510673738e+01	1.974498150895764681e+01	1.975210496967572738e+01	2.064684199546054799e+01	1.949505665716906577e+01	1.950640802850746525e+01	1.952308757650792259e+01	1.887626399880606343e+01	2.001632012722120280e+01	2.029495465266947463e+01	1.950360277093325934e+01	2.003172622324752439e+01	1.967179223190583670e+01	1.937961170181635495e+01	1.955256257718916757e+01	1.962988921731913905e+01	1.927849065754990221e+01	1.950487138953997501e+01	1.969710272010606289e+01	1.959759683047560230e+01	1.983368508094211080e+01	2.028540169282284822e+01	1.918947653047386837e+01	1.998433365200764911e+01	1.986159260301062446e+01	1.983012639944833211e+01	1.990498091261467550e+01	1.915703255043851883e+01
1.976135260705666141e+01	2.043328856060580279e+01	2.046782875801734392e+01	2.003823200726909448e+01	2.019489415171984703e+01	2.023222633794576453e+01	2.005850953402944725e+01	1.987610578878366496e+01	1.996183712149759515e+01	2.017478844489010115e+01	2.015934240919528619e+01	1.965180077318612106e+01	2.019955054218141299e+01	1.966850882901146136e+01	2.979226219845170576e+01	2.031328912312754298e+01	2.003421693509886836e+01	1.969639629195631514e+01	2.059436563273396104e+01	2.013370104832336693e+01	1.986749828397945095e+01	1.979602994910951708e+01	1.968325312699311525e+01	2.044689432260053863e+01	1.981482447134456848e+01	2.095090782715929478e+01	1.950004419447701665e+01	2.045795753111998039e+01	1.953858094762303921e+01	1.970481565633260246e+01	2.000811707028884001e+01	2.077105727371767685e+01	1.973514389334991392e+01	2.019452619267271842e+01	1.989108243894963124e+01	2.013900607297071943e+01	2.001185365689875084e+01	2.035511762609634445e+01	1.981585614128512063e+01	2.054006632093667051e+01	2.008351308891786502e+01	2.022341356795651635e+01	2.026941996790775491e+01	2.054380699244572739e+01	1.955222978876548723e+01	2.055905797943228563e+01	1.997434073518661535e+01	2.034444088160308794e+01	2.021421138450032373e+01	1.997931636811402001e+01
1.978932220103804696e+01	2.052692230011850327e+01	2.069068654614160963e+01	2.058375727429364943e+01	2.050903974577004618e+01	2.032565516479061074e+01	2.039041116745147164e+01	2.019940540877230717e+01	2.038799194012799632e+01	2.018205722867388729e+01	2.021105735477929954e+01	2.011199330331229262e+01	2.053224879618014853e+01	2.022249158759060705e+01	2.031328912312754298e+01	3.057032639912478444e+01	2.011907283877384600e+01	2.049604182989650880e+01	2.088330940976255334e+01	2.067441333110402724e+01	2.037178585840196732e+01	2.021088155204090953e+01	2.011045067172484480e+01	2.038583355619786985e+01	2.009063381198201981e+01	2.132256662087965537e+01	2.002733747059544100e+01	2.030132168145497218e+01	2.015833435104485361e+01	1.977525571473490729e+01	2.027543928193364309e+01	2.055655245766766726e+01	2.001802445570664091e+01	2.078554719541033435e+01	2.029229077600522047e+01	2.036063840326692898e+01	2.020415345207956292e+01	2.030652511293874340e+01	2.008757447964721621e+01	2.051130641299049984e+01	1.976950444339725976e+01	2.003914603235621072e+01	2.036197074586936395e+01	2.081826179414536426e+01	1.979847886883603181e+01	2.061857672433486499e+01	2.027402756254921812e+01	2.037726250931628158e+01	2.059234248292927916e+01	2.039757728342131671e+01
1.894481161314508455e+01	1.969771947715434735e+01	1.985775952830815427e+01	1.976273318813078106e+01	1.995461932571055286e+01	1.989302010934267884e+01	1.947776228631808237e+01	1.942388524425105700e+01	1.987455665746718836e+01	1.928314036812363597e+01	1.951713538431923212e+01	1.940528825787137990e+01	1.969949186448277700e+01	1.973950281096199788e+01	2.003421693509886836e+01	2.011907283877384600e+01	2.944564462488989065e+01	1.952945350896783694e+01	1.996631300468568782e+01	1.971379501085921149e+01	1.969585333063093913e+01	1.964588312741777898e+01	1.883041996830391795e+01	2.020511145755904181e+01	1.961140572036264729e+01	2.012022995085343879e+01	1.946545494174847946e+01	1.968830467145128083e+01	1.917173275890082706e+01	1.866158531358400552e+01	1.951465365410287589e+01	1.968530495891142351e+01	1.922597755884866544e+01	2.013991957604785199e+01	1.937784054653246457e+01	1.958427497802898998e+01	1.948172633007474630e+01	1.968737580229064221e+01	1.912037537720342684e+01	1.968480088730210653e+01	1.975384015051609765e+01	1.935204858039472597e+01	2.015767238305762632e+01	2.035701602539257493e+01	1.902979090395905004e+01	2.014394345161810662e+01	1.989197542235943317e+01	1.951775183004018999e+01	2.009345036488205238e+01	1.950853607388967959e+01
1.932796552378242794e+01	2.010325474252777411e+01	2.018312048390838598e+01	1.989411310178549641e+01	1.998405700686457109e+01	2.007879922105682269e+01	1.949057831998877433e+01	1.964716854020976200e+01	2.012596568737759384e+01	1.934087836442732566e+01	1.960729596033914390e+01	1.920229613929674883e+01	1.968705793478912724e+01	1.969390587727047759e+01	1.969639629195631514e+01	2.049604182989650880e+01	1.952945350896783694e+01	2.926177546881348590e+01	2.002353559329443300e+01	1.985950415821967496e+01	2.003957677974126383e+01	1.970163373203407531e+01	1.953057818373884658e+01	1.977809184992189628e+01	1.983214174517607375e+01	2.053943515589796576e+01	1.950537629656966843e+01	2.028921487855764383e+01	1.910941927831974496e+01	1.913209564633599769e+01	1.963711175830871980e+01	2.057807821792242464e+01	1.975630621382991947e+01	1.993536490748474677e+01	1.966219519319719211e+01	1.947510559551173870e+01	1.956843578471126577e+01	2.021145463640483442e+01	1.960077702223214047e+01	1.982688038141140296e+01	1.952324717455124414e+01	1.964082963828195361e+01	2.005282421814301941e+01	2.011244285407699905e+01	1.918100768428651293e+01	2.034048133801824676e+01	1.979701846240810426e+01	1.981550983668972066e+01	2.017809850908564329e+01	1.992404230946636190e+01
1.981950279248530933e+01	2.049746294635325583e+01	2.095881573632541617e+01	2.053823599373634678e+01	2.054006690967624849e+01	2.032278287873158362e+01	2.000968599894356004e+01	2.015425904026056969e+01	2.035875286252372263e+01	2.016365500344374340e+01	2.031595883190813367e+01	2.007852918420635646e+01	2.005606433166921576e+01	1.977783561585339456e+01	2.059436563273396104e+01	2.088330940976255334e+01	1.996631300468568782e+01	2.002353559329443300e+01	3.047397179791117949e+01	2.034953625523441190e+01	2.031980132879433398e+01	1.979402842232891757e+01	1.966588587600867299e+01	2.033144873800083374e+01	2.020697556864115541e+01	2.104788610508758850e+01	2.012810908087758932e+01	2.030458902809667521e+01	1.985275593223058266e+01	1.967702882130514297e+01	1.982417327529901385e+01	2.080456124007882934e+01	2.036194435858995533e+01	2.050512824567941195e+01	2.015462391995111702e+01	2.020070279957234050e+01	2.026944077335832617e+01	2.023538635007033903e+01	1.994825136970255741e+01	2.010364241336063884e+01	2.027580085957379907e+01	2.040341651861203687e+01	2.030433135038905235e+01	2.080450593514712665e+01	1.958296205374021781e+01	2.046068183762179871e+01	2.014761512966837032e+01	2.022116406302208347e+01	2.056988828451634532e+01	2.018384654903327657e+01
1.986969955354571837e+01	2.016156516604524640e+01	2.034983756882773065e+01	2.027924672350108182e+01	2.048730113262676156e+01	1.997201566832176667e+01	2.014512713681503087e+01	1.994044795966865280e+01	1.978475430520665412e+01	1.972612568445433467e+01	1.993471153093224402e+01	1.961236530295608560e+01	2.019940285487533060e+01	1.999340874884142139e+01	2.013370104832336693e+01	2.067441333110402724e+01	1.971379501085921149e+01	1.985950415821967496e+01	2.034953625523441190e+01	2.988039371545411171e+01	1.986155384245942201e+01	1.991606927018496265e+01	1.956724436328335415e+01	2.037480018913857904e+01	2.009449082959454458e+01	2.084360588350322985e+01	1.998347603628529257e+01	2.049984704283766135e+01	1.942293803672849961e+01	1.976028087568622027e+01	2.001823104221735505e+01	2.056573855724222355e+01	1.993661392054404402e+01	2.072199285989933060e+01	1.990560198591818519e+01	2.002454496171953124e+01	2.048950485397345034e+01	2.025178447249608027e+01	1.992858333937684989e+01	2.066602608021585041e+01	2.001600706028287391e+01	2.006771166980055199e+01	1.992725301491725176e+01	2.062018314748400627e+01	1.969074235963647723e+01	2.010510414798671164e+01	1.990834788914078501e+01	2.009037043700871550e+01	2.050004897825011341e+01	1.969318109322574628e+01
1.922139734998523863e+01	1.993524732848453240e+01	1.978626227623520251e+01	1.993605292049961619e+01	2.043029225043885333e+01	1.974165030777347596e+01	2.008347531839405420e+01	1.945491177353996193e+01	1.991372958139739779e+01	1.965613467285543337e+01	1.965935762556887667e+01	1.972558443778044790e+01	1.985054627431162544e+01	1.981543193577626738e+01	1.986749828397945095e+01	2.037178585840196732e+01	1.969585333063093913e+01	2.003957677974126383e+01	2.031980132879433398e+01	1.986155384245942201e+01	2.932048072400333893e+01	1.943657960737982648e+01	1.931525863238891461e+01	2.040397710537345333e+01	1.994848481471579049e+01	2.027771855736918383e+01	1.975527652989951832e+01	1.982613598127333532e+01	1.948398996409971673e+01	1.932841407393620869e+01	1.962319156290488920e+01	2.033537475836413932e+01	1.970104210839075520e+01	2.016705434577853140e+01	1.953915864936980995e+01	1.979389362826301380e+01	2.002663817764733878e+01	1.985216027977912390e+01	1.937797971603866642e+01	1.993432422987834229e+01	1.940855392765892873e+01	1.980187386152927687e+01	2.013364868857162548e+01	2.017519403492222807e+01	1.923248032777706840e+01	2.010794605453895656e+01	1.965674509149349447e+01	1.976359920181689489e+01	2.007287573712156714e+01	1.942534283340510726e+01
1.925837906265293853e+01	1.988160134494212627e+01	1.997100325259485842e+01	2.012590362340442951e+01	2.027791522918375122e+01	2.003107276480390198e+01	1.989490302291542179e+01	1.978810961871193896e+01	2.009827559430421218e+01	1.995197195107637356e+01	1.974498629291203500e+01	1.935298209027935101e+01	1.970617412111499789e+01	1.939726994108200486e+01	1.979602994910951708e+01	2.021088155204090953e+01	1.964588312741777898e+01	1.970163373203407531e+01	1.979402842232891757e+01	1.991606927018496265e+01	1.943657960737982648e+01	2.894376151336170011e+01	1.921048369707003189e+01	2.007171424930396242e+01	1.965840746843545261e+01	2.070480501281281605e+01	1.976548460333897594e+01	1.950126153451782329e+01	1.977283999365360856e+01	1.920305541373176439e+01	1.984776650958316324e+01	2.032517844348935299e+01	1.932871237770643091e+01	2.003597001236194330e+01	1.942621676522307794e+01	1.938352205734307176e+01	1.946837425054348003e+01	1.994028500408953164e+01	1.952475566682931785e+01	2.022996450852782502e+01	1.997123686904514628e+01	1.980798992122581481e+01	2.020529050828378814e+01	1.984634008518588999e+01	1.961600225509445394e+01	2.066730032645477166e+01	1.977671627299098844e+01	1.979603995967350016e+01	2.001892439210191199e+01	1.941725843373041016e+01
1.936358842396372282e+01	1.960032355398285020e+01	1.919112090085933175e+01	1.950290095121480149e+01	1.955275121813258821e+01	1.923764679371448594e+01	1.975367884923352335e+01	1.911520473087694327e+01	1.907920405119863716e+01	1.890009704565526860e+01	1.898529324742951729e+01	1.887205630139143864e+01	1.965798012268863815e+01	1.930120139510673738e+01	1.968325312699311525e+01	2.011045067172484480e+01	1.883041996830391795e+01	1.953057818373884658e+01	1.966588587600867299e+01	1.956724436328335415e+01	1.931525863238891461e+01	1.921048369707003189e+01	2.857428883042593526e+01	1.963974054513921885e+01	1.926013992711241229e+01	2.031564009219550826e+01	1.892293316205348930e+01	1.949539042223662477e+01	1.890469050515521943e+01	1.878283054012968378e+01	1.935264496452005645e+01	1.979033622475105503e+01	1.940706035500338089e+01	1.958536448918629702e+01	1.926173641298650807e+01	1.942199832993671649e+01	1.903302725544657292e+01	1.975127012553831918e+01	1.886539831874294748e+01	1.952726233020985092e+01	1.919684545154764521e+01	1.946197801375431879e+01	1.931123290267840886e+01	1.989073403174577237e+01	1.877841873299903952e+01	1.965262195775025234e+01	1.952784277502670918e+01	1.953209554749793142e+01	1.998338009921052816e+01	1.902321088888433209e+01
1.958564797469073682e+01	2.017263749848826038e+01	2.015526590544374841e+01	2.021290638947058227e+01	2.029384590825254620e+01	2.037998381849251217e+01	2.001918161105340133e+01	1.998632290760882313e+01	2.015322985344531759e+01	1.976877227131774362e+01	1.948924019479530756e+01	1.991284257795222246e+01	2.007734454152951997e+01	1.974498150895764681e+01	2.044689432260053863e+01	2.038583355619786985e+01	2.020511145755904181e+01	1.977809184992189628e+01	2.033144873800083374e+01	2.037480018913857904e+01	2.040397710537345333e+01	2.007171424930396242e+01	1.963974054513921885e+01	2.983042345609320378e+01	1.973712859452554724e+01	2.074137139251895690e+01	1.980754255579038414e+01	2.011757969867726814e+01	1.961344497479565163e+01	1.962357731261785077e+01	1.990956265855247054e+01	2.084247030401906642e+01	2.021506750279282372e+01	2.042378869584742063e+01	1.996604804869779670e+01	2.020800305695695798e+01	2.032830854547267307e+01	2.056184246294615292e+01	1.987475211672960995e+01	2.018656786738351627e+01	2.009373362828840470e+01	2.011998931554684233e+01	2.004764014423776786e+01	2.059946290360792176e+01	1.966801985173956524e+01	2.079205063162872591e+01	1.973143150481493180e+01	1.991622699857763479e+01	2.049333159590452524e+01	1.980609399486870714e+01
1.955770586888192497e+01	2.043033283689557678e+01	1.994041338921823581e+01	2.040574096085114419e+01	2.044449578652681510e+01	1.993649804563177952e+01	1.991293628209078648e+01	1.996770472310868882e+01	1.977960845872121709e+01	1.996918864789758175e+01	1.964922779427137911e+01	1.957790547420715299e+01	1.978449975631286151e+01	1.975210496967572738e+01	1.981482447134456848e+01	2.009063381198201981e+01	1.961140572036264729e+01	1.983214174517607375e+01	2.020697556864115541e+01	2.009449082959454458e+01	1.994848481471579049e+01	1.965840746843545261e+01	1.926013992711241229e+01	1.973712859452554724e+01	2.959283875765632033e+01	2.047791000816177132e+01	1.964870831468842027e+01	2.021555358301610283e+01	1.961102423115934457e+01	1.909863664250893933e+01	1.981440153831977113e+01	2.030781849086650936e+01	1.950815168216209372e+01	2.028030328097902313e+01	1.960781323204505711e+01	1.962588223138221366e+01	2.000889082293041099e+01	1.974525081266319759e+01	1.921866463248125712e+01	1.999755340908007284e+01	1.960609909402784368e+01	2.003385103762606079e+01	1.963639646739770939e+01	2.042575957974462852e+01	1.942333303188931382e+01	2.013161174306127066e+01	1.968230954216075546e+01	1.979717234716027363e+01	1.987632753973261046e+01	1.988636545011518209e+01
2.035811578160246782e+01	2.093324544109750107e+01	2.113810033256606502e+01	2.088530390970939621e+01	2.123262423133307308e+01	2.058751510427550357e+01	2.090524380601016574e+01	2.025636288508204075e+01	2.037239752489338329e+01	2.096214068764499316e+01	2.080491498937566064e+01	2.037036582409401930e+01	2.084820901531802662e+01	2.064684199546054799e+01	2.095090782715929478e+01	2.132256662087965537e+01	2.012022995085343879e+01	2.053943515589796576e+01	2.104788610508758850e+01	2.084360588350322985e+01	2.027771855736918383e+01	2.070480501281281605e+01	2.031564009219550826e+01	2.074137139251895690e+01	2.047791000816177132e+01	3.124999431079435297e+01	2.059419596956582055e+01	2.094947709633864363e+01	2.033718311536990697e+01	1.978346930587108687e+01	2.086676537686373578e+01	2.112996128699058929e+01	2.032768799248954750e+01	2.105864319165193166e+01	2.052584054226485932e+01	2.067474320977646229e+01	2.106915265518758318e+01	2.064775727002386674e+01	2.004123119063708458e+01	2.087875518794185581e+01	2.021180621657513399e+01	2.081585981525011775e+01	2.092326937107132423e+01	2.122149816436405345e+01	2.003633410036495022e+01	2.149119107421600816e+01	2.058558298436730283e+01	2.081681385310249865e+01	2.060873354163333460e+01	2.066485801749382389e+01
1.961175021206411628e+01	1.992301051026044334e+01	2.017982230599401916e+01	1.994751952936597661e+01	2.041324437720795615e+01	1.957977346509757410e+01	1.978777245756605296e+01	1.946821131916919612e+01	1.959607526704849434e+01	1.970197816982570060e+01	1.968941751479893654e+01	1.934647894519460110e+01	1.976958222211838034e+01	1.949505665716906577e+01	1.950004419447701665e+01	2.002733747059544100e+01	1.946545494174847946e+01	1.950537629656966843e+01	2.012810908087758932e+01	1.998347603628529257e+01	1.975527652989951832e+01	1.976548460333897594e+01	1.892293316205348930e+01	1.980754255579038414e+01	1.964870831468842027e+01	2.059419596956582055e+01	2.945993328973927206e+01	1.980800641060306688e+01	1.910115398255534913e+01	1.905351623628236268e+01	2.000790393112346166e+01	2.071683496213176667e+01	1.916248649482808020e+01	2.043287920257457912e+01	1.953704889275907064e+01	1.991376277007826090e+01	1.963252465475442321e+01	2.011914986282383211e+01	1.937224171933775452e+01	1.978938341733547190e+01	1.949234617463029551e+01	1.978822230312749753e+01	2.008610552133137617e+01	1.991905742490418518e+01	1.928442223209995632e+01	2.024775842737558307e+01	2.009884554978033933e+01	1.965789384360763492e+01	1.994379179600400320e+01	1.959352435460340658e+01
1.979191816069371157e+01	2.031344654479211798e+01	2.029332583820508518e+01	2.022720551850975568e+01	2.039986007644936450e+01	2.003320327747248086e+01	1.998184787973002585e+01	2.006028280400844110e+01	2.010221192367334098e+01	1.995686899687082771e+01	2.006947677611217529e+01	1.994927045920659125e+01	2.025835296193639934e+01	1.950640802850746525e+01	2.045795753111998039e+01	2.030132168145497218e+01	1.968830467145128083e+01	2.028921487855764383e+01	2.030458902809667521e+01	2.049984704283766135e+01	1.982613598127333532e+01	1.950126153451782329e+01	1.949539042223662477e+01	2.011757969867726814e+01	2.021555358301610283e+01	2.094947709633864363e+01	1.980800641060306688e+01	2.973432779085990774e+01	1.970331172583828661e+01	1.908632510344884992e+01	1.980069924918966251e+01	2.048815466029083510e+01	1.969352375829838664e+01	2.046378663515922369e+01	2.024342494380898927e+01	1.993957121328124060e+01	1.994199280425233312e+01	2.015535173910937772e+01	1.946600610484648541e+01	2.005803516931840491e+01	1.994429681984389191e+01	2.041492406183530761e+01	2.018643883278634732e+01	2.048965165054290694e+01	1.914887861361133048e+01	2.029813172369978247e+01	2.005490216670562020e+01	1.995194840859470986e+01	2.003819127349427376e+01	1.997744595913022891e+01
1.884119975478488840e+01	1.973976250075867611e+01	1.999306031036496023e+01	1.982893809272194829e+01	1.993826115848214187e+01	1.973495001895080847e+01	1.942116948979920821e+01	1.908664484161256070e+01	1.950480531672227968e+01	1.950000444361972285e+01	1.927865515688215936e+01	1.896562806068628859e+01	1.961693598859809384e+01	1.952308757650792259e+01	1.953858094762303921e+01	2.015833435104485361e+01	1.917173275890082706e+01	1.910941927831974496e+01	1.985275593223058266e+01	1.942293803672849961e+01	1.948398996409971673e+01	1.977283999365360856e+01	1.890469050515521943e+01	1.961344497479565163e+01	1.961102423115934457e+01	2.033718311536990697e+01	1.910115398255534913e+01	1.970331172583828661e+01	2.883264689597190156e+01	1.893100542789010277e+01	1.980443703222183416e+01	2.026927975972037999e+01	1.919678945894735378e+01	1.965939414899079551e+01	1.898402140618407685e+01	1.939914778300478204e+01	1.911224181930366584e+01	1.997780183518817410e+01	1.928676901467842342e+01	1.967923036342694232e+01	1.909514148326807259e+01	1.951026181388538205e+01	1.949685129786091409e+01	1.971275114535547601e+01	1.877589950819533016e+01	1.991215906293615490e+01	1.936638140845706602e+01	1.946258974251735197e+01	1.961106945338302054e+01	1.952817692661267301e+01
1.878769382035721236e+01	1.956435068514760189e+01	1.971769573616116844e+01	1.974202070483192273e+01	1.992125244927819239e+01	1.929150672783524101e+01	1.942234496867628835e+01	1.931419579815548815e+01	1.941217956987928872e+01	1.925479245866952027e+01	1.948581660008269267e+01	1.906423509813603800e+01	1.916331382870447086e+01	1.887626399880606343e+01	1.970481565633260246e+01	1.977525571473490729e+01	1.866158531358400552e+01	1.913209564633599769e+01	1.967702882130514297e+01	1.976028087568622027e+01	1.932841407393620869e+01	1.920305541373176439e+01	1.878283054012968378e+01	1.962357731261785077e+01	1.909863664250893933e+01	1.978346930587108687e+01	1.905351623628236268e+01	1.908632510344884992e+01	1.893100542789010277e+01	2.821126554568879286e+01	1.923096987482705700e+01	2.014737013837840962e+01	1.908139832280580350e+01	1.960326843097913496e+01	1.958185132095365688e+01	1.879199300672282291e+01	1.920691956523094390e+01	1.964815725093529508e+01	1.910799026642281007e+01	1.953689017217099888e+01	1.925073228115542534e+01	1.923225637261036525e+01	1.909037007437869349e+01	1.977386878804892234e+01	1.890899587652469194e+01	1.948678139744220061e+01	1.915325660992533940e+01	1.930032562167628996e+01	1.969851112370528057e+01	1.880534081858850826e+01
1.903950339927461499e+01	2.033317706425764726e+01	2.022844102941582278e+01	1.951276470596667068e+01	2.019659740584837948e+01	1.997258350756748868e+01	2.003663947255780897e+01	2.018919190045174261e+01	1.960401020796076210e+01	1.977541978933453848e+01	1.988757337173173667e+01	1.971248548332563644e+01	1.992588725069425593e+01	2.001632012722120280e+01	2.000811707028884001e+01	2.027543928193364309e+01	1.951465365410287589e+01	1.963711175830871980e+01	1.982417327529901385e+01	2.001823104221735505e+01	1.962319156290488920e+01	1.984776650958316324e+01	1.935264496452005645e+01	1.990956265855247054e+01	1.981440153831977113e+01	2.086676537686373578e+01	2.000790393112346166e+01	1.980069924918966251e+01	1.980443703222183416e+01	1.923096987482705700e+01	2.975968356473430632e+01	2.093680011203469959e+01	1.950644616920316210e+01	2.036004638821477997e+01	1.957855629502768124e+01	1.960784549488558426e+01	1.973442591919473088e+01	1.986454559553262911e+01	1.962830614933326245e+01	2.026462875858917911e+01	1.988927118638443758e+01	1.994267895246564493e+01	2.006201479613855909e+01	2.025792187585850357e+01	1.890842736902814991e+01	2.044345608123104441e+01	1.984182718009554591e+01	1.991743810496135580e+01	2.061459188713365975e+01	1.975788148501776931e+01
1.998287165014554745e+01	2.090178082632540679e+01	2.069906687805927348e+01	2.059829713140691609e+01	2.098055244638899097e+01	2.033576706098226339e+01	2.044890957288700761e+01	2.001917094766077554e+01	2.039490061800170295e+01	1.993071167208409733e+01	2.007617957147145304e+01	2.023678881402086915e+01	2.000381999963865809e+01	2.029495465266947463e+01	2.077105727371767685e+01	2.055655245766766726e+01	1.968530495891142351e+01	2.057807821792242464e+01	2.080456124007882934e+01	2.056573855724222355e+01	2.033537475836413932e+01	2.032517844348935299e+01	1.979033622475105503e+01	2.084247030401906642e+01	2.030781849086650936e+01	2.112996128699058929e+01	2.071683496213176667e+01	2.048815466029083510e+01	2.026927975972037999e+01	2.014737013837840962e+01	2.093680011203469959e+01	3.094483193229287821e+01	2.063369203455898671e+01	2.115309605552901928e+01	2.043147304351304072e+01	2.017457295500399894e+01	2.026570280166772164e+01	2.080465792881378562e+01	2.018631357663590364e+01	2.063987029448984600e+01	2.013400120420626749e+01	2.048964978510403512e+01	2.064631078977093637e+01	2.120705491470933879e+01	1.966259401361484294e+01	2.086965642246198982e+01	2.026760267381100178e+01	2.043122274646560754e+01	2.081815907392622833e+01	2.048636966271554627e+01
