3.003133465085357301e+01	2.007673148169653743e+01	2.054598868099962772e+01	2.068380121933126503e+01	1.962584343154999544e+01	2.047169316934159156e+01	2.060630538603072992e+01	2.052000105738059332e+01	2.038098846146079879e+01	2.012373121607214443e+01	2.006420666297440647e+01	2.031536648967033187e+01	2.031029400402741203e+01	2.073560112708888070e+01	1.962391283894870853e+01	1.983277406599948378e+01	2.020265170603917682e+01	2.029257146642007470e+01	2.092379754663530633e+01	2.057431724523335959e+01	2.011500531880644971e+01	2.018617984442130719e+01	2.056491616162240277e+01	2.004689225313620327e+01	2.098727161413713915e+01	2.065747448081348381e+01	2.033623308077719471e+01	2.064602530822400439e+01	2.019393503906422893e+01	2.050604509057482971e+01	1.990956072875952643e+01	2.060876791472966829e+01	2.029461895518595682e+01	2.076080952756629827e+01	1.978752114903021564e+01	2.018237120936379370e+01	2.011318508732186316e+01	2.040607633803519860e+01	2.007127091390927731e+01	2.079253741199326910e+01	2.051534804219035735e+01	1.996675648507883238e+01	2.053205274259888569e+01	1.937159598568088725e+01	2.008253231895627167e+01	2.041327125117757291e+01	2.035311269605987050e+01	2.044391243165975069e+01	1.955020750605109825e+01	2.077302108122753310e+01
2.007673148169653743e+01	2.966322938208633886e+01	1.966213953987997698e+01	2.022881657561294233e+01	1.879874943742287741e+01	1.991819380124939443e+01	2.013759156703012465e+01	1.980092329307390031e+01	1.972225289567213125e+01	1.987014876902286176e+01	1.997245069922934846e+01	1.988320145023186214e+01	2.027487131500344120e+01	2.008531196691891907e+01	1.938354364840150978e+01	1.939816480052553871e+01	1.978450957500858465e+01	2.018490326961935466e+01	2.041813438203865516e+01	2.018569328043282241e+01	1.959120460390727558e+01	1.977969938817189188e+01	2.032203289655660328e+01	1.919199613628594392e+01	2.033262382563466275e+01	2.013566674156795600e+01	1.945429451128014620e+01	1.983198905772479037e+01	1.981734949392045664e+01	2.024163248134228965e+01	1.983680131035020366e+01	1.992806300658100582e+01	1.969170304324526555e+01	2.036588611077729993e+01	1.974054868078794911e+01	1.976571260178893041e+01	1.939771779018597186e+01	1.995347554153699221e+01	1.970764638915194311e+01	1.984911244817665477e+01	2.045868857141345032e+01	1.959137960463116812e+01	2.015564189287924890e+01	1.928534291062132056e+01	1.961322539748000793e+01	1.991235925011734054e+01	2.020115335944714019e+01	2.020898593889445749e+01	1.906628928149154589e+01	1.989972277615484586e+01
2.054598868099962772e+01	1.966213953987997698e+01	2.961866212500896012e+01	2.025056005323645536e+01	1.930516132840820376e+01	2.010423642208920469e+01	2.038954580161288632e+01	1.971212510186211375e+01	2.007448805863944941e+01	1.982055698159627966e+01	2.000039344790507201e+01	2.018071016231789017e+01	2.001787765015221865e+01	1.995768271392764248e+01	1.961570245714542793e+01	1.933988010742732655e+01	1.966532423529635309e+01	2.001346708331096380e+01	2.011972032705241986e+01	2.049987222563460065e+01	1.993589351959692380e+01	2.001881962667868819e+01	2.037061206333057228e+01	1.926325202520759561e+01	1.994110822279982642e+01	2.014498277494666922e+01	1.995133407746778076e+01	1.979627556568221181e+01	1.940045348442319550e+01	2.014389240232877043e+01	1.992230108876073302e+01	2.003849414288768571e+01	1.980989955702413141e+01	1.991249953585173671e+01	1.970848739354465096e+01	1.992990481607206732e+01	1.935949414519305734e+01	2.012217414443776065e+01	2.000316494971950476e+01	1.991070894773073618e+01	2.045006569826037790e+01	1.995635142542679930e+01	1.992762156202656953e+01	1.919642744626902342e+01	2.011421977596164368e+01	1.993118383740442567e+01	2.042365384915175142e+01	1.990907161640037870e+01	1.956288976738136043e+01	2.007532067113219654e+01
2.068380121933126503e+01	2.022881657561294233e+01	2.025056005323645536e+01	3.018819418983891367e+01	1.984337736530858365e+01	2.059060489886124046e+01	2.029295085909306806e+01	1.979262363051499207e+01	2.022443884767986688e+01	2.000743495415607498e+01	2.023800447010203740e+01	2.017230836060915777e+01	2.017983568123148785e+01	2.075859103194381916e+01	2.005929256893844226e+01	1.965390337944175414e+01	2.006914524420198376e+01	2.007471528000098004e+01	2.068432696817019334e+01	2.085426727758532550e+01	1.998901299154161038e+01	2.055938425864529506e+01	2.073565954539536094e+01	1.951728522934345733e+01	2.045870839042414246e+01	2.036664063278598036e+01	2.007299156442850574e+01	2.008452533277933583e+01	2.020594902277419891e+01	2.032247680456378447e+01	2.022101614377245227e+01	2.039187186061957391e+01	2.008052700456209294e+01	2.019176397021764657e+01	2.032100860794415453e+01	1.979948387064645487e+01	1.946102988606611106e+01	2.062649302058797574e+01	2.035695164884855402e+01	2.020126776974423777e+01	2.079990690885746574e+01	2.010181495636717131e+01	2.050433644987957393e+01	1.913470337350108963e+01	2.038249175642905442e+01	2.060578520895981214e+01	2.042520231933898600e+01	2.017395371421584827e+01	1.941101900226570720e+01	2.068186394811977280e+01
1.962584343154999544e+01	1.879874943742287741e+01	1.930516132840820376e+01	1.984337736530858365e+01	2.857367598809596387e+01	1.985921471255295856e+01	1.938314946503446734e+01	1.947648296093596443e+01	1.987796135221043414e+01	1.932996938350272842e+01	1.930941453075894287e+01	1.977059596701156963e+01	1.978009328182612947e+01	2.009736187189141532e+01	1.927554040658663581e+01	1.908861965546442718e+01	1.936003838551738454e+01	1.919334864698595666e+01	2.013177998402131408e+01	1.978593649591561743e+01	1.931924873597885295e+01	1.917293897745757647e+01	1.968793312192916289e+01	1.914628726072300680e+01	2.004075890441413321e+01	1.972410389249100859e+01	1.931767321423179951e+01	1.889563596617763253e+01	1.947767127330283543e+01	2.011036494344930858e+01	1.948141966164259031e+01	1.986418148761087465e+01	1.993794158200441302e+01	1.972162927343290306e+01	1.932421734920133360e+01	1.936702088517066400e+01	1.915842203780416853e+01	1.954133790608292287e+01	1.975853475907824830e+01	1.959267178509804808e+01	2.005032124966101748e+01	1.961525240348251131e+01	2.011989783562853873e+01	1.891521421521631652e+01	1.928117075422265358e+01	1.973899331096332688e+01	1.971540740539920833e+01	1.962557340090766544e+01	1.868722254776498559e+01	1.978447278045147328e+01
2.047169316934159156e+01	1.991819380124939443e+01	2.010423642208920469e+01	2.059060489886124046e+01	1.985921471255295856e+01	3.034222030654772695e+01	2.024791103877343801e+01	2.047897695186848210e+01	2.029060370971518878e+01	2.010263291419252596e+01	1.983612673778219815e+01	2.068589635296131846e+01	2.062896114962145688e+01	2.034307966709365800e+01	1.953088437830632884e+01	1.958260833848143534e+01	1.995176712231735650e+01	1.994122929406475464e+01	2.070484389129946479e+01	2.082953685036513036e+01	2.018607112810585846e+01	2.033404784819898836e+01	2.090522532244560949e+01	1.935432132728874421e+01	2.084378351530572715e+01	2.010413853621905034e+01	1.982619406173093424e+01	2.015792909935113997e+01	2.017245829547120195e+01	2.094157384107915476e+01	1.978424116261855659e+01	2.049879413201238521e+01	2.031183021297038138e+01	2.055646291698231209e+01	2.024639345542650304e+01	1.990549909784505900e+01	1.957710187776099175e+01	2.043411891995647522e+01	2.043832179136559901e+01	2.013621464832619168e+01	2.050146306452554867e+01	2.025433096868365723e+01	2.050799414932231812e+01	1.962889208148234488e+01	2.042918605739448523e+01	2.035138664553858590e+01	2.014433542417940259e+01	2.059352344889928688e+01	1.983792618357088600e+01	2.065516927051740481e+01
2.060630538603072992e+01	2.013759156703012465e+01	2.038954580161288632e+01	2.029295085909306806e+01	1.938314946503446734e+01	2.024791103877343801e+01	3.027967785378945464e+01	2.020453908789509967e+01	2.051220617944293778e+01	2.002844467085163771e+01	1.984700218718696618e+01	2.012401888023043739e+01	2.044186978480570716e+01	2.040175205044148399e+01	1.969042010382159802e+01	1.966107321985444756e+01	2.004060239089297468e+01	1.984179984301178479e+01	2.064228684246378620e+01	2.075775823907373407e+01	2.000728915558149623e+01	2.002950571682642433e+01	2.070859190621293422e+01	2.010974121778016510e+01	2.051926667339177612e+01	2.009362920544458575e+01	2.020565563068938886e+01	1.993582555073998464e+01	2.029930766876400128e+01	2.080197170600054335e+01	2.008706627049080140e+01	2.023110525818880845e+01	2.050451063779874517e+01	2.045162394698832742e+01	2.009861075513132889e+01	2.012751026479603311e+01	1.956988507969168367e+01	2.095494048303039492e+01	2.024306471708819899e+01	2.060301933119316686e+01	2.038114214037585725e+01	2.020191876654743623e+01	2.045756009448302493e+01	1.931558919925123874e+01	2.031341677509788468e+01	2.030280634214411961e+01	2.003195564248084182e+01	2.036125607964259743e+01	1.912973759610147084e+01	2.032402422771709638e+01
2.052000105738059332e+01	1.980092329307390031e+01	1.971212510186211375e+01	1.979262363051499207e+01	1.947648296093596443e+01	2.047897695186848210e+01	2.020453908789509967e+01	3.000517368842854182e+01	2.010417372913008194e+01	2.008643480929205083e+01	2.001027417219554749e+01	2.013009849196356882e+01	2.006175581516162865e+01	2.043799484128980737e+01	1.984697314838651749e+01	1.942324491264304243e+01	1.979809867123022116e+01	1.993877991567046593e+01	2.027698646077960021e+01	2.050952943460109523e+01	1.995141447021606140e+01	1.999760457137528391e+01	2.047695768638836000e+01	1.975650928934519968e+01	2.060529227151878118e+01	2.029386241126890411e+01	1.978597641185900358e+01	2.019240324182051438e+01	1.981692634993461155e+01	2.056468157502512994e+01	1.974721818565229015e+01	2.028898767890796151e+01	1.993825041560574718e+01	2.037490706050342482e+01	2.032383735015456949e+01	1.983862945726391658e+01	1.992508291450474189e+01	2.035672643396370418e+01	2.016825080466804465e+01	2.025501964866992211e+01	2.031783556715576466e+01	2.006290194227247170e+01	2.004796760522566856e+01	1.965796908550723643e+01	1.951220194929235419e+01	2.066864183078960693e+01	1.998107810799809769e+01	2.027058683220816349e+01	1.948083137965804212e+01	2.057555699364907653e+01
2.038098846146079879e+01	1.972225289567213125e+01	2.007448805863944941e+01	2.022443884767986688e+01	1.987796135221043414e+01	2.029060370971518878e+01	2.051220617944293778e+01	2.010417372913008194e+01	2.995059854829555235e+01	2.002726843257758205e+01	2.022635466694033823e+01	2.014513053465796233e+01	2.017633523086871961e+01	2.024927584156507265e+01	2.008997950461846571e+01	1.995239492505707801e+01	2.032319902184598348e+01	2.032613421331044634e+01	2.043611859722671653e+01	2.051156650483404320e+01	2.004476240252546404e+01	2.003091323211163299e+01	2.061690242829870812e+01	1.970123660831403356e+01	2.061585470344756388e+01	2.017151278640934464e+01	1.976793024385539255e+01	1.989087382190061248e+01	1.956411915496041232e+01	2.073208610781016503e+01	2.019327569802513267e+01	1.992388792012052789e+01	2.017543406360470826e+01	2.023328548354569634e+01	1.998726157119010338e+01	2.009412174055114519e+01	1.957429604200007844e+01	2.026622059146082577e+01	2.050706362406906891e+01	2.019502258849594512e+01	2.059675094579927546e+01	1.990848077505164682e+01	2.061348617174532194e+01	1.954687855507265937e+01	1.977205330714354048e+01	2.044687881671991292e+01	2.013681291161040221e+01	2.015676059658364849e+01	1.972792780194139084e+01	2.033285040572913260e+01
2.012373121607214443e+01	1.987014876902286176e+01	1.982055698159627966e+01	2.000743495415607498e+01	1.932996938350272842e+01	2.010263291419252596e+01	2.002844467085163771e+01	2.008643480929205083e+01	2.002726843257758205e+01	2.908870387762691934e+01	1.990965612451396893e+01	1.986950495025136121e+01	2.016421948650556217e+01	2.012392867446405020e+01	1.935489598049661453e+01	1.942339398116129345e+01	1.932521852660759265e+01	1.965662576519364890e+01	2.034497124427849357e+01	1.979680505497572440e+01	1.964014929551710509e+01	1.976676736724850514e+01	2.024725619771263041e+01	1.970963539762111694e+01	2.027999234016227703e+01	1.984870116809198137e+01	1.927358785725355972e+01	1.962702333783837005e+01	1.950175540571256860e+01	2.005819989734597186e+01	1.995082779487315250e+01	1.998658348631529336e+01	2.025202427332267163e+01	2.063248356299544284e+01	1.962146381231007553e+01	1.943616493889732055e+01	1.915144114410452048e+01	1.997595856800165492e+01	2.019462325682204096e+01	1.998827071529155930e+01	2.025121450790017974e+01	2.008329556545876926e+01	1.992193751680936487e+01	1.947294699309072996e+01	1.954137765083184064e+01	1.994964730304711864e+01	1.999206280348472475e+01	1.978764008526616536e+01	1.905127854354869754e+01	1.978849225659095623e+01
2.006420666297440647e+01	1.997245069922934846e+01	2.000039344790507201e+01	2.023800447010203740e+01	1.930941453075894287e+01	1.983612673778219815e+01	1.984700218718696618e+01	2.001027417219554749e+01	2.022635466694033823e+01	1.990965612451396893e+01	2.939482854982827220e+01	2.003360406458083887e+01	2.000126952464921715e+01	2.082117190011194907e+01	1.964206610264308139e+01	1.959611351241948540e+01	1.980913446467148020e+01	2.005680364648120317e+01	2.002461228565262275e+01	2.040170599971876797e+01	1.985562058502469895e+01	1.996976116107628840e+01	2.044467334204690800e+01	1.933909010261984918e+01	2.042819591677139712e+01	2.020003912926650003e+01	1.982318231645711393e+01	1.998480468588344650e+01	1.958027384959852313e+01	2.017674164302149720e+01	1.988991618699137476e+01	2.029070213716258664e+01	2.038332772310242902e+01	1.988634736481950327e+01	2.003515147831977572e+01	2.006048308978464334e+01	1.949196578945949199e+01	2.027760259725946312e+01	2.011997861157417589e+01	2.040477548537601749e+01	2.036849952483392201e+01	1.989791106096670248e+01	2.004152404791931730e+01	1.907463426421873720e+01	1.977154472178271760e+01	2.033181544498530613e+01	2.027466447670088456e+01	2.010446443251072779e+01	1.967495977933180384e+01	2.031304166477656636e+01
2.031536648967033187e+01	1.988320145023186214e+01	2.018071016231789017e+01	2.017230836060915777e+01	1.977059596701156963e+01	2.068589635296131846e+01	2.012401888023043739e+01	2.013009849196356882e+01	2.014513053465796233e+01	1.986950495025136121e+01	2.003360406458083887e+01	3.010782258596102423e+01	1.995350129029317543e+01	2.017737647594920603e+01	1.965981410636556248e+01	1.934393037666451676e+01	1.988940980442963991e+01	2.029765832009459459e+01	2.066566374903190351e+01	2.019753825869881325e+01	1.977094886941858221e+01	1.995444831442516431e+01	2.100275375812467615e+01	1.921708468999733910e+01	2.056536715559179029e+01	1.996837907977547388e+01	1.942523991264017269e+01	2.020230073275750371e+01	1.963158189304760981e+01	2.042026385624648555e+01	2.003394160262510937e+01	2.016222897112460899e+01	2.011259347720994128e+01	2.044478562343501338e+01	1.994815605558877536e+01	1.979370158236352140e+01	1.940634727208253452e+01	2.061610844152220068e+01	2.044339541732755805e+01	2.027142427688287185e+01	2.018559522367709036e+01	1.994390881512837055e+01	2.005697469627144258e+01	1.950491866148787068e+01	1.964746893609564182e+01	2.014952079023835552e+01	1.989445927704355555e+01	1.998663498320333431e+01	1.954618938543936935e+01	2.032573404564411135e+01
2.031029400402741203e+01	2.027487131500344120e+01	2.001787765015221865e+01	2.017983568123148785e+01	1.978009328182612947e+01	2.062896114962145688e+01	2.044186978480570716e+01	2.006175581516162865e+01	2.017633523086871961e+01	2.016421948650556217e+01	2.000126952464921715e+01	1.995350129029317543e+01	2.968457243417451963e+01	2.016253319810071787e+01	1.961472040915059267e+01	1.976369149327434371e+01	1.996365852985294609e+01	2.013129098505163483e+01	2.063300646407741112e+01	2.050792551209933734e+01	2.024446741947223671e+01	2.013229580326396473e+01	2.078848746104187484e+01	1.949629470127499786e+01	2.044118322857509185e+01	2.028924882208444558e+01	1.989136302921233224e+01	1.981546739556318926e+01	1.985843745633967572e+01	2.070351896106433287e+01	2.000605096719599629e+01	2.022018853948762995e+01	2.031706438295072559e+01	2.060356549168764317e+01	1.991931619504563855e+01	1.994288971018349699e+01	1.973128146645322900e+01	2.051402141946095981e+01	2.011806631643566234e+01	2.028859287194981320e+01	2.021463780944609567e+01	1.975586611480617094e+01	2.004179228893475795e+01	1.952445030743689358e+01	1.983232925401567570e+01	2.026141483882100758e+01	2.021343557345326758e+01	2.040482815030252794e+01	1.953279865947697402e+01	2.020928455888941500e+01
2.073560112708888070e+01	2.008531196691891907e+01	1.995768271392764248e+01	2.075859103194381916e+01	2.009736187189141532e+01	2.034307966709365800e+01	2.040175205044148399e+01	2.043799484128980737e+01	2.024927584156507265e+01	2.012392867446405020e+01	2.082117190011194907e+01	2.017737647594920603e+01	2.016253319810071787e+01	3.002868907297912315e+01	2.030940270219455357e+01	1.968690499987096842e+01	2.029740450060669588e+01	2.064537635677120875e+01	2.081078406907970901e+01	2.046432721968064783e+01	2.051688384237477081e+01	2.050157698184494137e+01	2.101302038350188184e+01	1.994671501806129754e+01	2.084480676849572944e+01	2.030203174805081545e+01	2.024072330409083875e+01	2.021159625199288001e+01	2.009668666750723176e+01	2.067863136824438897e+01	2.032183724570140626e+01	2.062809705818976269e+01	2.058320394616237081e+01	2.056590799651814194e+01	2.040458168857962207e+01	2.018170083425346917e+01	2.000322670481166654e+01	2.074087892390649657e+01	2.048497805241051495e+01	2.060867266370184581e+01	2.064900787990502096e+01	2.039723520231939702e+01	2.073703239154774280e+01	1.963393001980634622e+01	2.011074545697092475e+01	2.047502444788570131e+01	2.065716288999982098e+01	2.033187109877651011e+01	1.970110960172527115e+01	2.057249318933299875e+01
1.962391283894870853e+01	1.938354364840150978e+01	1.961570245714542793e+01	2.005929256893844226e+01	1.927554040658663581e+01	1.953088437830632884e+01	1.969042010382159802e+01	1.984697314838651749e+01	2.008997950461846571e+01	1.935489598049661453e+01	1.964206610264308139e+01	1.965981410636556248e+01	1.961472040915059267e+01	2.030940270219455357e+01	2.905195545695980641e+01	1.895088172395986348e+01	1.984268644623064048e+01	1.980300536374986820e+01	2.014179786579747145e+01	2.006064450181715841e+01	2.009498352605210414e+01	1.914546856171068256e+01	1.995099929121469273e+01	1.918217353179205631e+01	2.008613045500086614e+01	1.972754877455618328e+01	1.963749935104849342e+01	1.977843625537802552e+01	1.944086978427036527e+01	2.006083017328648666e+01	1.970406605650300946e+01	1.972244471640219388e+01	1.990105547944627773e+01	2.002409784292303385e+01	1.957676692150510434e+01	1.924265433918917267e+01	1.888516975940317622e+01	2.004250811723678183e+01	1.962317830435510047e+01	1.992759683246491420e+01	1.990231065889761553e+01	1.958398421895452657e+01	1.997092032726390087e+01	1.910673238515613548e+01	1.943928332239888235e+01	2.013539978213626469e+01	1.975655393772143853e+01	1.975339945475952419e+01	1.907510144004168851e+01	1.971917593101332145e+01
1.983277406599948378e+01	1.939816480052553871e+01	1.933988010742732655e+01	1.965390337944175414e+01	1.908861965546442718e+01	1.958260833848143534e+01	1.966107321985444756e+01	1.942324491264304243e+01	1.995239492505707801e+01	1.942339398116129345e+01	1.959611351241948540e+01	1.934393037666451676e+01	1.976369149327434371e+01	1.968690499987096842e+01	1.895088172395986348e+01	2.917341116891081754e+01	1.942456579560183272e+01	1.939399007070652559e+01	2.002700208780230895e+01	1.940258896038605485e+01	1.950564737987177821e+01	1.988972602606555284e+01	2.002143424098021995e+01	1.916956059145694624e+01	2.009884670993504230e+01	1.960730104597865875e+01	1.957270053995064529e+01	1.950627029731134954e+01	1.895443718402567868e+01	1.999735920104242837e+01	1.952111717584756079e+01	1.985081838079160832e+01	1.975205708700650931e+01	2.003097318170727448e+01	1.976287346503939446e+01	1.939689389039944700e+01	1.918594811117701582e+01	1.990692481177604378e+01	1.971231868120296227e+01	1.978808790015228425e+01	1.996202993373071521e+01	1.956641981209162751e+01	1.982676672703169984e+01	1.921296349911080981e+01	1.941364037498660267e+01	2.021408266980574453e+01	2.011790456358746226e+01	1.980183904014748819e+01	1.863674956357909096e+01	1.959134850675393480e+01
2.020265170603917682e+01	1.978450957500858465e+01	1.966532423529635309e+01	2.006914524420198376e+01	1.936003838551738454e+01	1.995176712231735650e+01	2.004060239089297468e+01	1.979809867123022116e+01	2.032319902184598348e+01	1.932521852660759265e+01	1.980913446467148020e+01	1.988940980442963991e+01	1.996365852985294609e+01	2.029740450060669588e+01	1.984268644623064048e+01	1.942456579560183272e+01	2.979080139152902262e+01	2.029685732054511149e+01	2.081365651202778722e+01	2.041209361497126906e+01	2.004769149885720125e+01	1.965598903601944869e+01	2.045330894082124829e+01	1.960559957736651171e+01	2.033221542705897988e+01	2.024671153470565343e+01	1.998245519084019151e+01	1.997893840485052763e+01	1.956544716469994682e+01	2.049178454861380771e+01	1.960524706941662743e+01	1.990397185186412798e+01	1.998814372364747172e+01	2.022854437166332886e+01	1.956243273241126701e+01	1.981578072484651543e+01	1.988615860249103307e+01	2.046880912668985530e+01	2.008060693741018810e+01	2.001082274131749372e+01	2.047861150566823696e+01	2.011381816584446014e+01	1.993772888876874916e+01	1.921595699796290191e+01	1.996754424699129871e+01	2.026705845278428697e+01	2.003409573384206865e+01	1.989619461336846840e+01	1.941340699898428923e+01	2.016327891154570651e+01
2.029257146642007470e+01	2.018490326961935466e+01	2.001346708331096380e+01	2.007471528000098004e+01	1.919334864698595666e+01	1.994122929406475464e+01	1.984179984301178479e+01	1.993877991567046593e+01	2.032613421331044634e+01	1.965662576519364890e+01	2.005680364648120317e+01	2.029765832009459459e+01	2.013129098505163483e+01	2.064537635677120875e+01	1.980300536374986820e+01	1.939399007070652559e+01	2.029685732054511149e+01	2.992744582212371895e+01	2.057513930090361498e+01	2.029330799406523766e+01	2.000862224729414862e+01	1.978894426950872898e+01	2.044796162547421403e+01	1.937001120084060446e+01	2.041571914603611404e+01	1.981959530699411687e+01	1.991073012696575617e+01	1.988966600226817860e+01	1.992102672110221206e+01	2.058757515946748740e+01	1.968390588072342950e+01	1.990946005293890408e+01	2.034530431923927551e+01	2.006340619009147730e+01	2.010762582730455961e+01	1.962567335169032390e+01	1.992266233177238632e+01	2.055839757785881972e+01	2.018539959291512886e+01	2.039588688387543414e+01	2.034250258851578153e+01	1.973259379384937162e+01	2.049265282737372473e+01	1.921987448475758953e+01	1.990193591526009342e+01	2.059890230895299013e+01	2.059773928407112109e+01	2.012743328437590051e+01	1.939764230577447890e+01	2.013465661305579602e+01
2.092379754663530633e+01	2.041813438203865516e+01	2.011972032705241986e+01	2.068432696817019334e+01	2.013177998402131408e+01	2.070484389129946479e+01	2.064228684246378620e+01	2.027698646077960021e+01	2.043611859722671653e+01	2.034497124427849357e+01	2.002461228565262275e+01	2.066566374903190351e+01	2.063300646407741112e+01	2.081078406907970901e+01	2.014179786579747145e+01	2.002700208780230895e+01	2.081365651202778722e+01	2.057513930090361498e+01	3.084308893509427207e+01	2.067100171328864988e+01	2.056595009600932045e+01	2.037109958366753659e+01	2.084574089279458065e+01	2.014764087371762358e+01	2.077822238615413042e+01	2.056676292765086700e+01	2.030881545418649381e+01	2.033590526213188099e+01	2.005480927973957606e+01	2.093689722893149252e+01	2.036682502702523934e+01	2.056760004521875018e+01	2.053498029459041518e+01	2.095926819528516205e+01	2.004983697178640512e+01	2.021843711799330023e+01	1.998475330665921845e+01	2.106223139199369143e+01	2.028357421351687506e+01	2.055656896187920069e+01	2.098708405087620932e+01	2.026272665298754561e+01	2.064671645581416470e+01	1.964116201707457421e+01	2.078041768077888563e+01	2.071914626506503154e+01	2.070697613906473933e+01	2.074811211404490052e+01	1.960109273078199621e+01	2.081527997999850044e+01
2.057431724523335959e+01	2.018569328043282241e+01	2.049987222563460065e+01	2.085426727758532550e+01	1.978593649591561743e+01	2.082953685036513036e+01	2.075775823907373407e+01	2.050952943460109523e+01	2.051156650483404320e+01	1.979680505497572440e+01	2.040170599971876797e+01	2.019753825869881325e+01	2.050792551209933734e+01	2.046432721968064783e+01	2.006064450181715841e+01	1.940258896038605485e+01	2.041209361497126906e+01	2.029330799406523766e+01	2.067100171328864988e+01	3.058840004095942078e+01	2.028722752888770486e+01	2.027603799896050063e+01	2.060585608180385009e+01	1.979998868502335796e+01	2.063409830295932323e+01	2.039762920795062939e+01	2.041579029313772153e+01	2.004794597072862317e+01	2.013472971152442526e+01	2.089904388294414872e+01	2.003953281923875807e+01	2.052140638242580195e+01	2.058114064635469376e+01	2.047390046698440358e+01	2.029278161022487126e+01	2.021038381321432453e+01	1.999732055211831039e+01	2.078986986538846438e+01	2.050133958690125624e+01	2.043961054428545410e+01	2.054763469511925322e+01	2.005408956827286815e+01	2.034999532354525087e+01	1.963769138272408554e+01	1.986702482051142837e+01	2.072186384936619774e+01	2.033692072249930050e+01	2.057052689308157767e+01	1.958162142731399058e+01	2.067351292144585528e+01
2.011500531880644971e+01	1.959120460390727558e+01	1.993589351959692380e+01	1.998901299154161038e+01	1.931924873597885295e+01	2.018607112810585846e+01	2.000728915558149623e+01	1.995141447021606140e+01	2.004476240252546404e+01	1.964014929551710509e+01	1.985562058502469895e+01	1.977094886941858221e+01	2.024446741947223671e+01	2.051688384237477081e+01	2.009498352605210414e+01	1.950564737987177821e+01	2.004769149885720125e+01	2.000862224729414862e+01	2.056595009600932045e+01	2.028722752888770486e+01	2.938176021219487666e+01	1.993113935131147940e+01	2.003850948694227441e+01	1.960329354543346270e+01	2.060898048946177497e+01	1.978209702352295096e+01	1.963302164388851168e+01	1.964588009628337417e+01	1.975165331747334108e+01	2.043692192407107200e+01	1.979197150622238510e+01	2.012458819105225771e+01	2.001004771848448271e+01	2.034278245439418242e+01	1.975709353570529103e+01	1.955554573475735225e+01	1.926853377028797709e+01	2.031106018009779390e+01	2.030903173057817668e+01	2.007089372644236391e+01	2.049458048992571690e+01	2.010834704150358121e+01	2.012747959138317455e+01	1.914390072306244051e+01	1.982818686452674584e+01	2.030741901313185949e+01	2.040202348732987758e+01	1.941191108413566369e+01	1.928939596530441847e+01	1.991356966534281625e+01
2.018617984442130719e+01	1.977969938817189188e+01	2.001881962667868819e+01	2.055938425864529506e+01	1.917293897745757647e+01	2.033404784819898836e+01	2.002950571682642433e+01	1.999760457137528391e+01	2.003091323211163299e+01	1.976676736724850514e+01	1.996976116107628840e+01	1.995444831442516431e+01	2.013229580326396473e+01	2.050157698184494137e+01	1.914546856171068256e+01	1.988972602606555284e+01	1.965598903601944869e+01	1.978894426950872898e+01	2.037109958366753659e+01	2.027603799896050063e+01	1.993113935131147940e+01	2.973375991769369264e+01	2.028324237450787138e+01	1.941914855933408290e+01	2.037220617330802952e+01	2.030591830957593658e+01	1.999986842053671054e+01	1.973173411548879486e+01	1.959580529691546857e+01	2.023062317600282256e+01	1.997247193182142411e+01	1.995105853467165957e+01	1.991386534238992922e+01	2.022513308484672834e+01	1.971941938360859226e+01	1.974290707262069233e+01	1.957362687609851193e+01	2.025763153796729554e+01	1.999943611858730108e+01	2.032031420010925515e+01	2.045764475158687290e+01	1.993537744956198665e+01	2.015403189967221564e+01	1.921305488742575918e+01	1.954162780638815988e+01	2.004464881961248324e+01	2.013148924551843422e+01	1.987852836647549992e+01	1.946997246630128586e+01	1.979890265758990253e+01
2.056491616162240277e+01	2.032203289655660328e+01	2.037061206333057228e+01	2.073565954539536094e+01	1.968793312192916289e+01	2.090522532244560949e+01	2.070859190621293422e+01	2.047695768638836000e+01	2.061690242829870812e+01	2.024725619771263041e+01	2.044467334204690800e+01	2.100275375812467615e+01	2.078848746104187484e+01	2.101302038350188184e+01	1.995099929121469273e+01	2.002143424098021995e+01	2.045330894082124829e+01	2.044796162547421403e+01	2.084574089279458065e+01	2.060585608180385009e+01	2.003850948694227441e+01	2.028324237450787138e+01	3.065319487380123320e+01	1.992887839838864750e+01	2.104284244509646484e+01	1.989715998296167498e+01	2.026855675092174636e+01	2.054807362780413271e+01	2.020661492288834538e+01	2.130131303434788137e+01	2.040076903496897742e+01	2.066236343165232014e+01	2.102470034113020958e+01	2.099253695640143391e+01	2.048470343418964745e+01	2.031738270073868691e+01	1.999686398053688308e+01	2.101931959270829964e+01	2.023249701585157823e+01	2.074277627900983134e+01	2.040729668729273527e+01	2.037398784762375570e+01	2.045516743868298448e+01	1.981686145703816848e+01	2.021645906986323027e+01	2.099472666734235204e+01	2.067153521051005782e+01	2.083590841655719572e+01	1.983200408188423580e+01	2.055228692658716128e+01
2.004689225313620327e+01	1.919199613628594392e+01	1.926325202520759561e+01	1.951728522934345733e+01	1.914628726072300680e+01	1.935432132728874421e+01	2.010974121778016510e+01	1.975650928934519968e+01	1.970123660831403356e+01	1.970963539762111694e+01	1.933909010261984918e+01	1.921708468999733910e+01	1.949629470127499786e+01	1.994671501806129754e+01	1.918217353179205631e+01	1.916956059145694624e+01	1.960559957736651171e+01	1.937001120084060446e+01	2.014764087371762358e+01	1.979998868502335796e+01	1.960329354543346270e+01	1.941914855933408290e+01	1.992887839838864750e+01	2.883440701184833443e+01	1.994006184965674677e+01	1.954332158611219583e+01	1.909841076621523115e+01	1.909758925140197761e+01	1.936151202130810844e+01	1.999237675438966022e+01	1.930429744308427331e+01	1.959945540873473746e+01	1.984188015310073183e+01	1.978092349293203966e+01	1.937004344805480116e+01	1.905979999924242207e+01	1.939971035983036884e+01	1.985575312442303542e+01	1.980154850534961852e+01	1.997220006754918487e+01	2.015389645059502044e+01	1.953364385896444233e+01	1.953618164426461590e+01	1.889338306342198948e+01	1.931703496429837230e+01	1.978188612391032919e+01	1.967700220808918132e+01	1.967642886588136264e+01	1.881136371027793430e+01	1.958883033248848804e+01
2.098727161413713915e+01	2.033262382563466275e+01	1.994110822279982642e+01	2.045870839042414246e+01	2.004075890441413321e+01	2.084378351530572715e+01	2.051926667339177612e+01	2.060529227151878118e+01	2.061585470344756388e+01	2.027999234016227703e+01	2.042819591677139712e+01	2.056536715559179029e+01	2.044118322857509185e+01	2.084480676849572944e+01	2.008613045500086614e+01	2.009884670993504230e+01	2.033221542705897988e+01	2.041571914603611404e+01	2.077822238615413042e+01	2.063409830295932323e+01	2.060898048946177497e+01	2.037220617330802952e+01	2.104284244509646484e+01	1.994006184965674677e+01	3.037147708227703191e+01	2.089863747011148121e+01	2.008766463199438235e+01	2.043509250055112503e+01	2.046395452370829560e+01	2.124214901546668699e+01	2.028228072113121172e+01	2.064578457112767396e+01	2.024256009156610858e+01	2.061239017062693080e+01	2.030170514920187230e+01	2.053122115636712408e+01	1.985180517999578953e+01	2.082910791277884144e+01	2.092459219219624345e+01	2.050502890398342615e+01	2.086713382547467788e+01	2.036796506633698556e+01	2.071017033040794431e+01	1.971947049020891995e+01	2.080886781376599970e+01	2.117689661735150963e+01	2.092076187430370382e+01	2.064232803787403370e+01	2.018499013504277428e+01	2.076116907005711809e+01
2.065747448081348381e+01	2.013566674156795600e+01	2.014498277494666922e+01	2.036664063278598036e+01	1.972410389249100859e+01	2.010413853621905034e+01	2.009362920544458575e+01	2.029386241126890411e+01	2.017151278640934464e+01	1.984870116809198137e+01	2.020003912926650003e+01	1.996837907977547388e+01	2.028924882208444558e+01	2.030203174805081545e+01	1.972754877455618328e+01	1.960730104597865875e+01	2.024671153470565343e+01	1.981959530699411687e+01	2.056676292765086700e+01	2.039762920795062939e+01	1.978209702352295096e+01	2.030591830957593658e+01	1.989715998296167498e+01	1.954332158611219583e+01	2.089863747011148121e+01	3.008311795883707163e+01	1.936184979741900491e+01	1.984398501171755314e+01	1.986588976092791725e+01	2.078718894889765068e+01	1.989349597827953531e+01	2.072113425174186574e+01	2.024730965153868212e+01	2.018843905776030923e+01	2.011136359405272245e+01	1.996131456605758814e+01	1.994565999077610741e+01	2.066039755397618549e+01	2.026089821693205550e+01	2.044519818311471226e+01	2.037682938800494270e+01	2.031545779551425923e+01	2.038130461345109623e+01	1.938338512535382563e+01	1.989509071863633238e+01	2.035681708988691696e+01	1.991811757966291196e+01	2.012406315854941141e+01	1.916748090149938122e+01	2.029958316444854205e+01
2.033623308077719471e+01	1.945429451128014620e+01	1.995133407746778076e+01	2.007299156442850574e+01	1.931767321423179951e+01	1.982619406173093424e+01	2.020565563068938886e+01	1.978597641185900358e+01	1.976793024385539255e+01	1.927358785725355972e+01	1.982318231645711393e+01	1.942523991264017269e+01	1.989136302921233224e+01	2.024072330409083875e+01	1.963749935104849342e+01	1.957270053995064529e+01	1.998245519084019151e+01	1.991073012696575617e+01	2.030881545418649381e+01	2.041579029313772153e+01	1.963302164388851168e+01	1.999986842053671054e+01	2.026855675092174636e+01	1.909841076621523115e+01	2.008766463199438235e+01	1.936184979741900491e+01	2.962589352684861055e+01	1.976919672855682464e+01	1.938681916390958548e+01	2.060253312471756715e+01	1.994684839849940516e+01	1.963389800338622493e+01	1.989029231075754112e+01	2.023814061844998946e+01	1.975665516710330749e+01	1.987120986046060622e+01	1.933366877083791024e+01	2.025254931236562328e+01	1.994506102429610550e+01	2.023325918852175676e+01	2.001803812839979813e+01	1.939370957365713366e+01	1.986111806768597887e+01	1.898838392107876061e+01	1.992770722537897043e+01	2.030106974704730760e+01	1.994784259889058475e+01	1.932982576936723618e+01	1.899275113424562633e+01	1.970210682500402299e+01
2.064602530822400439e+01	1.983198905772479037e+01	1.979627556568221181e+01	2.008452533277933583e+01	1.889563596617763253e+01	2.015792909935113997e+01	1.993582555073998464e+01	2.019240324182051438e+01	1.989087382190061248e+01	1.962702333783837005e+01	1.998480468588344650e+01	2.020230073275750371e+01	1.981546739556318926e+01	2.021159625199288001e+01	1.977843625537802552e+01	1.950627029731134954e+01	1.997893840485052763e+01	1.988966600226817860e+01	2.033590526213188099e+01	2.004794597072862317e+01	1.964588009628337417e+01	1.973173411548879486e+01	2.054807362780413271e+01	1.909758925140197761e+01	2.043509250055112503e+01	1.984398501171755314e+01	1.976919672855682464e+01	3.032629642101792911e+01	1.956768867086331198e+01	2.071508750396752774e+01	1.984868221178783187e+01	2.023945880459222124e+01	2.013584223719519173e+01	2.006891969811726639e+01	1.959313077165409922e+01	1.967590438863895841e+01	1.906140588132223357e+01	2.058770984890720612e+01	1.983919486132080578e+01	2.010264212480961987e+01	2.050384737143166092e+01	1.972298542568933399e+01	2.028093575444654917e+01	1.932279328516939998e+01	1.965698576287315191e+01	2.022930781870158867e+01	1.999533605531894054e+01	2.021555691594885218e+01	1.942404864366805128e+01	2.012900897216673002e+01
2.019393503906422893e+01	1.981734949392045664e+01	1.940045348442319550e+01	2.020594902277419891e+01	1.947767127330283543e+01	2.017245829547120195e+01	2.029930766876400128e+01	1.981692634993461155e+01	1.956411915496041232e+01	1.950175540571256860e+01	1.958027384959852313e+01	1.963158189304760981e+01	1.985843745633967572e+01	2.009668666750723176e+01	1.944086978427036527e+01	1.895443718402567868e+01	1.956544716469994682e+01	1.992102672110221206e+01	2.005480927973957606e+01	2.013472971152442526e+01	1.975165331747334108e+01	1.959580529691546857e+01	2.020661492288834538e+01	1.936151202130810844e+01	2.046395452370829560e+01	1.986588976092791725e+01	1.938681916390958548e+01	1.956768867086331198e+01	2.908524828339590940e+01	2.041885041023294889e+01	1.944367510663656518e+01	2.079223676101853613e+01	1.996644690809581135e+01	2.028038738526578655e+01	1.980123362641995399e+01	1.992213129364407109e+01	2.000701119151641905e+01	2.006447019783799490e+01	1.988336895750632749e+01	1.985164365055651814e+01	2.023111549685461341e+01	1.933109418015457948e+01	1.994396219270156934e+01	1.929049727461989860e+01	1.944335149192924206e+01	2.013620258304042565e+01	1.985255698975062444e+01	1.992439554179693317e+01	1.931309336066124871e+01	2.003628829701397862e+01
2.050604509057482971e+01	2.024163248134228965e+01	2.014389240232877043e+01	2.032247680456378447e+01	2.011036494344930858e+01	2.094157384107915476e+01	2.080197170600054335e+01	2.056468157502512994e+01	2.073208610781016503e+01	2.005819989734597186e+01	2.017674164302149720e+01	2.042026385624648555e+01	2.070351896106433287e+01	2.067863136824438897e+01	2.006083017328648666e+01	1.999735920104242837e+01	2.049178454861380771e+01	2.058757515946748740e+01	2.093689722893149252e+01	2.089904388294414872e+01	2.043692192407107200e+01	2.023062317600282256e+01	2.130131303434788137e+01	1.999237675438966022e+01	2.124214901546668699e+01	2.078718894889765068e+01	2.060253312471756715e+01	2.071508750396752774e+01	2.041885041023294889e+01	3.027951972833016470e+01	2.032945603567663184e+01	2.082743719523731940e+01	2.071619871879894603e+01	2.081986581442998485e+01	2.022906006776013754e+01	2.067414345159808065e+01	2.029845575605228092e+01	2.110634828093001403e+01	2.069649616763772570e+01	2.093231362007469087e+01	2.084536857286997602e+01	2.016896106852423287e+01	2.076115154743139257e+01	2.011168686331876998e+01	2.012955778523600969e+01	2.093256657800825593e+01	2.024308499082806279e+01	2.056503637037964083e+01	1.980223668904024592e+01	2.072666090280669948e+01
1.990956072875952643e+01	1.983680131035020366e+01	1.992230108876073302e+01	2.022101614377245227e+01	1.948141966164259031e+01	1.978424116261855659e+01	2.008706627049080140e+01	1.974721818565229015e+01	2.019327569802513267e+01	1.995082779487315250e+01	1.988991618699137476e+01	2.003394160262510937e+01	2.000605096719599629e+01	2.032183724570140626e+01	1.970406605650300946e+01	1.952111717584756079e+01	1.960524706941662743e+01	1.968390588072342950e+01	2.036682502702523934e+01	2.003953281923875807e+01	1.979197150622238510e+01	1.997247193182142411e+01	2.040076903496897742e+01	1.930429744308427331e+01	2.028228072113121172e+01	1.989349597827953531e+01	1.994684839849940516e+01	1.984868221178783187e+01	1.944367510663656518e+01	2.032945603567663184e+01	2.969182335315857557e+01	1.990527774621888213e+01	2.010114298235117403e+01	2.017599911703232252e+01	1.982452680023348535e+01	1.979455412039798290e+01	1.947131997668257952e+01	2.029287208369643025e+01	1.983957816995117085e+01	1.998272741248295858e+01	2.034550727230049105e+01	1.977312319809047025e+01	2.001400957173017758e+01	1.922175137901007602e+01	1.962850332190413383e+01	2.039812370238834305e+01	2.013710440144491187e+01	2.041553344022515049e+01	1.906129037125851866e+01	2.001004162514250240e+01
2.060876791472966829e+01	1.992806300658100582e+01	2.003849414288768571e+01	2.039187186061957391e+01	1.986418148761087465e+01	2.049879413201238521e+01	2.023110525818880845e+01	2.028898767890796151e+01	1.992388792012052789e+01	1.998658348631529336e+01	2.029070213716258664e+01	2.016222897112460899e+01	2.022018853948762995e+01	2.062809705818976269e+01	1.972244471640219388e+01	1.985081838079160832e+01	1.990397185186412798e+01	1.990946005293890408e+01	2.056760004521875018e+01	2.052140638242580195e+01	2.012458819105225771e+01	1.995105853467165957e+01	2.066236343165232014e+01	1.959945540873473746e+01	2.064578457112767396e+01	2.072113425174186574e+01	1.963389800338622493e+01	2.023945880459222124e+01	2.079223676101853613e+01	2.082743719523731940e+01	1.990527774621888213e+01	3.019914021732753895e+01	2.000624121682439238e+01	2.045608065296680067e+01	1.999411389408624373e+01	2.014676608030378091e+01	1.993379558031060128e+01	2.049961520082709399e+01	2.061718723449501667e+01	2.038995932908265374e+01	2.080218931770432889e+01	2.035486878052272885e+01	2.064284647837641984e+01	1.931451000767572879e+01	1.965055625745720747e+01	2.043374947479569315e+01	2.045807122780415099e+01	2.042011753001220953e+01	1.957415412542691513e+01	2.063046945673763943e+01
