2.996799179206052699e+01	2.032243620686903185e+01	1.992011181651922769e+01	2.029953410919545576e+01	2.049284997883984971e+01	2.035535480685253162e+01	2.005993784940434566e+01	2.044732782119735504e+01	2.063652510444029531e+01	1.989978908134539637e+01	1.977218777229749591e+01	1.975743845154672229e+01	2.059970927337464275e+01	1.957077154017892084e+01	2.045786910630884137e+01	2.031415059986376548e+01	1.963033874920149202e+01	2.020368061571693374e+01	2.032946326129079040e+01	1.972324797670072627e+01	1.963718941368783888e+01	2.001845408393381476e+01	2.028444350517156991e+01	2.014319109364186744e+01	2.067445166034494619e+01	1.990585754112232664e+01	2.040883773688725711e+01	1.989375121373594268e+01	1.954317965011965796e+01	2.015980171546241806e+01	2.017009789163339306e+01	2.017225401993691491e+01	2.023445303907151072e+01	2.027543862081762072e+01	2.021393706610611929e+01	2.090568391969129891e+01	2.094066354455744161e+01	2.067932481338302253e+01	2.035414178609897817e+01	2.011829903699932132e+01	2.101879272762557349e+01	2.040768269997331430e+01	2.009998850087579569e+01	2.001257815228665038e+01	1.934464083031542359e+01	1.994911714863572527e+01	2.122065877307005977e+01	2.051152612053546775e+01	2.048720422085761683e+01	1.946015370443852888e+01
2.032243620686903185e+01	2.951138415802055803e+01	1.993357402125876732e+01	1.996023697248877227e+01	2.011679351136714189e+01	1.956101066247489229e+01	1.934688214213623425e+01	1.963632280669844477e+01	2.056053418655395149e+01	1.947188483288804761e+01	1.934752165361873111e+01	1.916047259877642617e+01	2.066666179684112237e+01	1.933694095471335928e+01	1.996346634409361442e+01	2.008064113498244296e+01	1.964476355198909019e+01	1.953468995997731383e+01	1.976009970849018771e+01	1.927267739755660969e+01	1.915489719921190925e+01	1.948756486548531797e+01	2.022232992820127606e+01	1.992106826914319839e+01	2.024129278567779622e+01	1.989854979281764358e+01	1.990128101590453724e+01	1.977717911731468092e+01	1.922639685395592934e+01	1.982994801547095420e+01	1.969517698802491523e+01	2.008958161147285892e+01	2.006077476517284452e+01	2.049152266206210271e+01	2.040997699003152732e+01	2.045447392546094179e+01	2.057367036642570568e+01	2.066190677313862878e+01	2.024929684538485475e+01	1.963308418716355064e+01	2.038467161928080884e+01	2.021654019706545213e+01	2.005043481956427343e+01	1.997474281150454800e+01	1.912506252113389493e+01	1.949714523571939750e+01	2.061776817797659689e+01	1.988323985124189974e+01	1.977745412264119196e+01	1.967597898077983842e+01
1.992011181651922769e+01	1.993357402125876732e+01	2.952452434516079904e+01	2.011211971333234771e+01	2.007697857339954695e+01	1.957897197067632789e+01	1.954494176714883835e+01	1.998841483730392099e+01	1.985622169278132176e+01	1.954517945073466834e+01	1.911667997557307785e+01	1.909720101543766546e+01	2.011690514439172262e+01	1.982793029174517940e+01	2.003763964794427466e+01	2.005030733185927971e+01	1.967704983412383157e+01	1.934052751498270695e+01	1.956314473872708604e+01	1.926610166307931848e+01	1.953730733541507192e+01	1.977847118147010974e+01	2.021237076228238649e+01	1.950818734237856944e+01	2.006196691502507079e+01	1.983859641132850982e+01	1.996368074394417036e+01	1.960934776097511900e+01	1.915325572808831467e+01	1.967238141975912313e+01	2.028575176426638293e+01	1.990590289352865838e+01	1.986596298420613138e+01	1.925791514123517345e+01	2.015261227036297242e+01	2.011092020230925925e+01	2.018426680846516419e+01	2.009880181490473561e+01	2.036385916296693921e+01	1.973333179253404523e+01	2.019424868234725068e+01	2.020778469400913835e+01	2.006301906902246301e+01	1.944970905868040489e+01	1.931266991084178386e+01	1.940531986211391313e+01	2.011495462902427178e+01	1.963216418641326655e+01	1.976064232227228246e+01	1.927695882186024789e+01
2.029953410919545576e+01	1.996023697248877227e+01	2.011211971333234771e+01	2.976524547001588417e+01	2.032048941589773960e+01	2.026748590592400134e+01	1.964984236230816350e+01	2.021409801949146967e+01	2.029791964586684472e+01	1.984833574610366824e+01	1.966976215347438739e+01	1.898474749366318903e+01	2.057777078480421196e+01	1.974682680942100887e+01	2.021507835842793099e+01	1.976118458988949200e+01	1.981419200886653442e+01	1.999119482827824257e+01	1.973094841036001412e+01	1.964867221416267640e+01	1.944440106565250659e+01	2.014412954745693085e+01	2.070662463329408709e+01	1.974457891357101147e+01	2.015886708659221327e+01	2.027095624640246996e+01	2.004420526226487453e+01	1.994544218645443223e+01	1.932832866696110941e+01	2.008235423179553436e+01	2.013873209248245999e+01	1.988977977202339176e+01	1.989677860483332594e+01	2.010926705591908714e+01	2.045704242009885832e+01	2.025312028425333821e+01	2.068356585193522790e+01	2.071958715871016565e+01	2.043535039071101878e+01	1.988867303145592302e+01	2.073477629243933507e+01	2.017717153492925064e+01	1.995674221625563760e+01	1.995354467348919059e+01	1.907808675113179930e+01	1.964237771355156426e+01	2.081254889406154618e+01	2.007033202582599785e+01	2.055119442260583540e+01	1.980631497852400358e+01
2.049284997883984971e+01	2.011679351136714189e+01	2.007697857339954695e+01	2.032048941589773960e+01	3.066869121573446577e+01	2.062618034197833694e+01	2.032607455173034339e+01	2.044256097650440651e+01	2.058676631641636234e+01	2.033996965565117065e+01	2.004745608150886937e+01	1.932738791397786926e+01	2.055198184932035232e+01	1.969631172207403935e+01	2.062625488555361741e+01	2.032725941105238476e+01	2.026792074685043232e+01	2.007440883860954983e+01	2.025899787092705395e+01	1.985026027712645558e+01	1.999904855503283585e+01	2.049145164204610481e+01	2.037993806656803031e+01	2.025625045367659638e+01	2.040866993975071253e+01	2.062910894060620137e+01	2.028701991362632384e+01	2.010416037946589540e+01	1.959712035440848865e+01	2.008014187598607947e+01	2.046075792065065002e+01	2.007635806697003389e+01	2.060382967673281129e+01	2.098637590605141767e+01	2.035190514945578499e+01	2.075577732436647693e+01	2.093083402075148669e+01	2.121330892595806716e+01	2.073900158478322453e+01	1.999710194809577501e+01	2.153124362271331194e+01	2.043748496500798595e+01	2.010352343319771862e+01	2.012401232081316493e+01	1.932271631304708492e+01	1.994552179404120906e+01	2.115191193218000265e+01	2.025448492498406594e+01	2.036252194672616511e+01	1.985909698819227387e+01
2.035535480685253162e+01	1.956101066247489229e+01	1.957897197067632789e+01	2.026748590592400134e+01	2.062618034197833694e+01	2.976839097087259489e+01	1.979106701857997663e+01	2.028079732636086518e+01	2.037989472895299770e+01	1.958893445915060738e+01	1.948845604975910817e+01	1.941621179505692751e+01	2.058130601995758013e+01	1.932937755717685135e+01	2.014302033851631180e+01	2.027568230131755200e+01	2.001120344183864930e+01	1.971175196779110195e+01	1.987471524480250551e+01	1.945732626477899530e+01	1.952876410555368736e+01	1.986785871686466365e+01	2.030587176918788117e+01	1.937748869919859729e+01	2.021301639596505595e+01	2.016530029280327341e+01	2.027189868617407598e+01	1.968770853744139160e+01	1.978592032017189695e+01	2.008169848201006857e+01	1.988242221064160731e+01	1.998158908681133639e+01	1.976764616998115542e+01	2.017920228275282213e+01	2.044510775290667937e+01	2.020831929032781105e+01	2.050733707245527171e+01	2.023429514019540321e+01	2.044646669142123585e+01	1.961895258773007811e+01	2.054079953699991279e+01	2.001575224072801262e+01	2.005113274405945489e+01	1.949931475718341645e+01	1.924685490639817331e+01	1.990775616513519353e+01	2.024235290222524952e+01	2.023585530596056259e+01	2.031502715453738972e+01	1.972472601707864825e+01
2.005993784940434566e+01	1.934688214213623425e+01	1.954494176714883835e+01	1.964984236230816350e+01	2.032607455173034339e+01	1.979106701857997663e+01	2.969778361099116637e+01	2.001393896988479071e+01	2.008509584817739224e+01	1.963854360893623152e+01	1.934204163956810874e+01	1.874787358854125330e+01	2.007345840122334835e+01	1.957921527961541841e+01	1.997085500083091958e+01	2.014672276877583101e+01	1.964238505489657882e+01	1.981915423681250132e+01	1.991478584763518356e+01	1.916349368779390971e+01	1.912319101702592405e+01	1.942737910899372267e+01	2.042245091988370831e+01	1.958890780748462035e+01	2.009145734859291110e+01	1.972089075547571824e+01	2.003784732443389416e+01	1.978138839251294812e+01	1.953396817463195845e+01	1.983922634934152640e+01	1.985398569165110061e+01	1.923012273497029767e+01	1.996004634162032332e+01	2.003240719435178363e+01	2.027118616883335633e+01	2.038015825018474203e+01	2.040962871696696013e+01	2.009311581888152887e+01	2.012921016817567832e+01	1.947411580677149345e+01	2.058985511650450562e+01	1.980522356469251832e+01	2.025004309840201344e+01	1.911677318111570045e+01	1.871910111344552519e+01	1.982589923937965182e+01	2.032938476423186103e+01	1.989181305961908564e+01	2.014227966190414776e+01	1.927764962250391179e+01
2.044732782119735504e+01	1.963632280669844477e+01	1.998841483730392099e+01	2.021409801949146967e+01	2.044256097650440651e+01	2.028079732636086518e+01	2.001393896988479071e+01	2.998873198816250252e+01	2.037372968829600595e+01	1.960020958554010306e+01	1.981003510864657358e+01	1.913540379519474044e+01	2.063866606921212110e+01	1.967565551076043562e+01	2.001947351952594545e+01	2.053426348758582520e+01	1.966287141195384081e+01	1.998086846243820247e+01	1.994322079254134295e+01	1.967520122885083467e+01	1.942843616196734757e+01	1.964459573439577156e+01	2.040896425806333880e+01	1.994704159604783200e+01	2.071222540938959256e+01	2.022988898017804615e+01	2.037695879407136346e+01	1.985054524076236504e+01	1.982614687098844541e+01	2.027614752316937441e+01	2.024322192525806940e+01	2.019779083549188314e+01	2.027606457088705483e+01	2.024022791595669446e+01	2.022568134399350726e+01	2.045667081427685119e+01	2.078909350080908425e+01	2.057718406513975040e+01	2.037052705336872904e+01	1.955854410397767040e+01	2.073100284487152223e+01	2.020105774611213789e+01	1.973809064874359365e+01	1.967526058225728036e+01	1.940235635712285855e+01	1.988545918500492959e+01	2.111368005474838228e+01	1.977406210743951220e+01	1.998700726573984099e+01	1.904543072701909878e+01
2.063652510444029531e+01	2.056053418655395149e+01	1.985622169278132176e+01	2.029791964586684472e+01	2.058676631641636234e+01	2.037989472895299770e+01	2.008509584817739224e+01	2.037372968829600595e+01	3.043747661973975127e+01	1.986115099690091057e+01	1.975942815261224439e+01	1.989455322957399730e+01	2.076229717056844137e+01	2.024180640131041642e+01	2.039380071184267607e+01	2.070569474943911104e+01	1.988601075248935146e+01	1.982291943510352894e+01	2.057431939405458010e+01	1.984755389552763205e+01	2.000499868237486467e+01	2.041062028536403972e+01	2.007069468066830353e+01	2.025900280242679585e+01	2.051163727311615759e+01	2.029297419530397661e+01	2.034672191277879350e+01	1.993103228984998765e+01	1.936680701852894160e+01	2.032570780078251005e+01	2.065167467773842702e+01	2.056494709733940240e+01	2.066767307285712718e+01	2.063784879827465701e+01	2.062918593563233571e+01	2.086554918360046074e+01	2.109165175292196182e+01	2.062672081745837716e+01	2.078545290437404347e+01	1.976365872238045540e+01	2.134029384131594398e+01	2.055072617183777695e+01	2.046291854751163086e+01	2.049152359883728280e+01	1.958960355146778909e+01	2.027066473313044526e+01	2.131874733386378651e+01	2.001388991183254973e+01	2.035351173271037695e+01	2.013447936840965014e+01
1.989978908134539637e+01	1.947188483288804761e+01	1.954517945073466834e+01	1.984833574610366824e+01	2.033996965565117065e+01	1.958893445915060738e+01	1.963854360893623152e+01	1.960020958554010306e+01	1.986115099690091057e+01	2.914739225157228830e+01	1.912595567437304567e+01	1.913863221267941128e+01	2.017946990424256271e+01	1.941326634507344906e+01	2.007466007350319259e+01	1.964697967464092798e+01	1.956320181507550870e+01	1.969464692632422143e+01	1.937208758749917692e+01	1.926743310909191464e+01	1.938728587072998621e+01	1.946992497122244714e+01	1.989446073370273993e+01	1.962229545560240851e+01	2.030586448120418552e+01	1.980019482714842027e+01	1.981210635289224697e+01	1.968423513014512949e+01	1.962800254365913233e+01	1.977701029617676554e+01	1.967668318121354432e+01	1.964527490693337697e+01	1.934151475030947154e+01	2.011014890489903451e+01	1.978984908663253961e+01	1.983222317159303927e+01	2.039533643906983329e+01	2.023240655358436157e+01	2.021100553483114837e+01	1.942179763141193050e+01	2.028733453207821569e+01	2.013460374763086236e+01	1.966820157378973022e+01	1.978517445914585693e+01	1.889501113597425430e+01	1.984832672992284941e+01	2.040028305319699697e+01	2.001941267196121643e+01	2.012617865600729061e+01	1.941755478982561911e+01
1.977218777229749591e+01	1.934752165361873111e+01	1.911667997557307785e+01	1.966976215347438739e+01	2.004745608150886937e+01	1.948845604975910817e+01	1.934204163956810874e+01	1.981003510864657358e+01	1.975942815261224439e+01	1.912595567437304567e+01	2.859960430175142676e+01	1.901083336998241435e+01	1.980936333432988405e+01	1.888106920529399346e+01	1.903129012028624345e+01	1.972127734036519797e+01	1.924230762825767371e+01	1.882598419771021625e+01	1.912595515467204521e+01	1.908337877295691243e+01	1.891863252687049268e+01	1.958985311972080012e+01	1.977963110845364980e+01	1.955547371451423544e+01	1.977173434233652571e+01	1.918896315212786874e+01	1.959549989038120898e+01	1.945133527823495001e+01	1.916239113464272847e+01	1.942763982842605941e+01	1.944003848870311657e+01	1.951326068006843784e+01	1.925336623483214282e+01	1.944341274180836265e+01	1.951121322486777387e+01	1.976550654336180557e+01	2.012973995710483877e+01	1.953129339224828342e+01	1.951577082127526452e+01	1.905090926344793445e+01	2.041591696855624249e+01	1.963579212378184380e+01	1.981237976486087504e+01	1.882506624176972920e+01	1.883644580351436559e+01	1.941132203176769266e+01	1.986734981328922345e+01	1.938411481100346379e+01	1.971067269040936054e+01	1.902611064348201353e+01
1.975743845154672229e+01	1.916047259877642617e+01	1.909720101543766546e+01	1.898474749366318903e+01	1.932738791397786926e+01	1.941621179505692751e+01	1.874787358854125330e+01	1.913540379519474044e+01	1.989455322957399730e+01	1.913863221267941128e+01	1.901083336998241435e+01	2.789980684599248306e+01	2.007277313518233086e+01	1.904432817980837811e+01	1.911248749446193074e+01	1.921328638254036036e+01	1.926105141344640259e+01	1.892997952241098147e+01	1.918990314753776261e+01	1.883231719448967922e+01	1.888146033753853814e+01	1.897326894414159071e+01	1.932971727799566608e+01	1.912852769703060574e+01	1.956745897577565074e+01	1.910907193678828619e+01	1.925515360207461057e+01	1.934361486018751108e+01	1.868405798021017716e+01	1.932509330428186800e+01	1.920362024710684068e+01	1.923324417561899580e+01	1.945297843896468848e+01	1.957062335157396404e+01	1.936569031745658620e+01	1.978568875683539119e+01	1.970827140246244724e+01	1.937498505046524144e+01	1.968212140088403217e+01	1.886002130509386632e+01	2.023054321714808523e+01	1.914171312743026476e+01	1.932900108072669809e+01	1.928134883498154650e+01	1.845474558298159451e+01	1.861732303944981837e+01	1.945816444987677585e+01	1.949884341930719955e+01	1.920200828812247451e+01	1.927740979504780228e+01
2.059970927337464275e+01	2.066666179684112237e+01	2.011690514439172262e+01	2.057777078480421196e+01	2.055198184932035232e+01	2.058130601995758013e+01	2.007345840122334835e+01	2.063866606921212110e+01	2.076229717056844137e+01	2.017946990424256271e+01	1.980936333432988405e+01	2.007277313518233086e+01	3.063212534738142168e+01	2.039874538516330915e+01	2.073495416557408078e+01	2.079619176689759996e+01	1.995880364437303456e+01	2.023402948354720010e+01	2.033476591775052711e+01	1.998730742498626967e+01	1.987440407163440881e+01	2.038612720675190104e+01	2.064901712582165771e+01	2.015051486390768432e+01	2.086932116947600235e+01	2.075217126426531777e+01	2.028645916182067666e+01	2.056914778762655871e+01	2.007760077720621439e+01	2.090281498420890927e+01	2.052625830445470712e+01	2.069512543369009094e+01	2.040700928892572463e+01	2.105294398030685343e+01	2.094342149235982831e+01	2.092827155197797495e+01	2.127041310964210652e+01	2.103289671702348684e+01	2.082098557404763639e+01	2.024758080070457922e+01	2.140062601006560783e+01	2.016795146245037529e+01	2.089301814560511872e+01	2.024734799674705954e+01	1.967139293900191532e+01	1.975498876617728072e+01	2.096194935793417713e+01	2.029461990921217662e+01	2.069497450318408482e+01	2.004861320576029016e+01
1.957077154017892084e+01	1.933694095471335928e+01	1.982793029174517940e+01	1.974682680942100887e+01	1.969631172207403935e+01	1.932937755717685135e+01	1.957921527961541841e+01	1.967565551076043562e+01	2.024180640131041642e+01	1.941326634507344906e+01	1.888106920529399346e+01	1.904432817980837811e+01	2.039874538516330915e+01	2.905647857419402769e+01	1.998922326091772206e+01	2.017943101131874784e+01	1.963300604987775344e+01	1.950530462556037392e+01	1.977977129540170864e+01	1.912377335711495974e+01	1.933996369312475494e+01	1.980091404145552403e+01	1.991186325764914145e+01	1.913481788328158828e+01	2.047441743405363823e+01	2.003600425785066719e+01	1.985107853407282974e+01	2.019505119337364363e+01	1.886636851895634948e+01	1.981699470307366795e+01	1.969257060064709108e+01	1.999647842550116295e+01	2.025547583788558370e+01	1.983237351986759833e+01	2.030612533201515291e+01	1.997144193132893264e+01	2.069586513370415659e+01	2.013219453497644196e+01	2.030051969719259120e+01	1.962522745865091522e+01	2.039729237572327492e+01	1.991678279979444355e+01	1.988817597435432560e+01	1.958684162081958391e+01	1.892553801102727817e+01	1.948960727293652084e+01	2.036453492178544522e+01	1.942026942256948274e+01	2.011193942477406438e+01	1.921254935070344416e+01
2.045786910630884137e+01	1.996346634409361442e+01	2.003763964794427466e+01	2.021507835842793099e+01	2.062625488555361741e+01	2.014302033851631180e+01	1.997085500083091958e+01	2.001947351952594545e+01	2.039380071184267607e+01	2.007466007350319259e+01	1.903129012028624345e+01	1.911248749446193074e+01	2.073495416557408078e+01	1.998922326091772206e+01	3.017901052289739638e+01	2.040228363271294398e+01	1.988547728952089955e+01	1.994659731445497286e+01	2.006757379701889832e+01	1.956192344075088130e+01	1.988356963854669246e+01	1.980723358187768213e+01	2.084374972536812720e+01	1.968419517389127193e+01	2.073161449676787171e+01	2.019688469407217113e+01	2.007262265422113501e+01	2.030163194857905751e+01	1.970228160186361777e+01	1.999119963629359731e+01	2.036054780044279866e+01	2.013407753212251450e+01	2.001152572996808487e+01	2.065106078875961160e+01	2.026354338607536576e+01	2.026786452702835462e+01	2.046534408461426580e+01	2.059296681113138661e+01	2.055409595280932677e+01	1.991864757343698145e+01	2.060569776019429966e+01	2.036731449784448245e+01	1.987274982116415245e+01	1.973036757406531549e+01	1.922050310449681376e+01	1.942158895821686215e+01	2.087582409070264333e+01	2.018922496161825819e+01	2.001062362762061397e+01	1.981139623791897364e+01
2.031415059986376548e+01	2.008064113498244296e+01	2.005030733185927971e+01	1.976118458988949200e+01	2.032725941105238476e+01	2.027568230131755200e+01	2.014672276877583101e+01	2.053426348758582520e+01	2.070569474943911104e+01	1.964697967464092798e+01	1.972127734036519797e+01	1.921328638254036036e+01	2.079619176689759996e+01	2.017943101131874784e+01	2.040228363271294398e+01	3.046953658524119746e+01	1.989226749398732608e+01	2.010626399953183707e+01	2.003198991799585826e+01	1.978942440359312371e+01	1.992476191268186270e+01	1.977584841574447694e+01	2.057734995952523960e+01	1.971612953443413119e+01	2.031608026494345509e+01	2.036142000911540606e+01	2.039622549230983140e+01	2.007675446150847165e+01	1.989830062032297420e+01	2.011953273285329757e+01	2.047195153904831955e+01	2.030822020379410375e+01	2.006184865754661928e+01	2.050952142746015383e+01	2.068954598558235602e+01	2.068697529849705319e+01	2.066009981030176235e+01	2.071384910017253844e+01	2.060154547740473774e+01	1.994153245027289501e+01	2.121782890436114499e+01	2.050385975976088204e+01	2.043135611262584561e+01	2.042492065325505379e+01	1.941181108654319587e+01	1.999293756920332044e+01	2.103652932339414505e+01	2.007993200065046580e+01	2.041274457502979089e+01	1.975161509894304857e+01
1.963033874920149202e+01	1.964476355198909019e+01	1.967704983412383157e+01	1.981419200886653442e+01	2.026792074685043232e+01	2.001120344183864930e+01	1.964238505489657882e+01	1.966287141195384081e+01	1.988601075248935146e+01	1.956320181507550870e+01	1.924230762825767371e+01	1.926105141344640259e+01	1.995880364437303456e+01	1.963300604987775344e+01	1.988547728952089955e+01	1.989226749398732608e+01	2.904484727009258904e+01	1.967916262694296847e+01	1.949128034303578616e+01	1.907980624432659056e+01	1.925490420568966243e+01	1.978870339416415192e+01	2.018001280886128868e+01	1.968337356374078340e+01	2.004225135446379014e+01	1.977110700960160372e+01	1.963198948602103044e+01	1.960162064668092441e+01	1.903458892249403434e+01	1.949048057658992761e+01	1.982638238164563305e+01	1.963873869045151110e+01	1.968283998476538699e+01	1.992100681493857195e+01	2.005796420300421445e+01	2.007779347870668829e+01	2.026498134306590160e+01	2.016770707403148322e+01	1.998667507831617840e+01	1.933927454566103776e+01	2.064168420291800743e+01	2.007209111325456163e+01	1.956154063605174898e+01	1.919650352311510133e+01	1.904134222759942574e+01	1.912235898653154109e+01	2.010264820111521189e+01	1.985623422848968644e+01	1.982952115985623109e+01	1.934400138795404445e+01
2.020368061571693374e+01	1.953468995997731383e+01	1.934052751498270695e+01	1.999119482827824257e+01	2.007440883860954983e+01	1.971175196779110195e+01	1.981915423681250132e+01	1.998086846243820247e+01	1.982291943510352894e+01	1.969464692632422143e+01	1.882598419771021625e+01	1.892997952241098147e+01	2.023402948354720010e+01	1.950530462556037392e+01	1.994659731445497286e+01	2.010626399953183707e+01	1.967916262694296847e+01	2.917866027670281426e+01	2.001567486443697064e+01	1.950252854612638487e+01	1.940229179544013149e+01	1.966131336324089673e+01	1.994518930024607428e+01	1.985864687004101725e+01	2.037255221724601739e+01	1.979508426993141512e+01	1.958565571900948754e+01	1.965816408622836420e+01	1.939850802959158926e+01	1.968400772860923098e+01	1.957054930083678101e+01	1.989304752795245435e+01	1.984821391758346465e+01	1.974186520613183760e+01	1.994220840861520117e+01	2.009218909032976441e+01	2.029454175425518869e+01	2.025024108514013577e+01	2.044226591800678605e+01	1.974105217011108238e+01	2.046219766309936716e+01	1.959968013810309273e+01	1.950582987698818371e+01	1.941697786989944774e+01	1.901656063685273423e+01	1.910279478544358511e+01	2.038287134158736436e+01	2.006226426624173698e+01	2.003102143024419135e+01	1.911126624776045801e+01
2.032946326129079040e+01	1.976009970849018771e+01	1.956314473872708604e+01	1.973094841036001412e+01	2.025899787092705395e+01	1.987471524480250551e+01	1.991478584763518356e+01	1.994322079254134295e+01	2.057431939405458010e+01	1.937208758749917692e+01	1.912595515467204521e+01	1.918990314753776261e+01	2.033476591775052711e+01	1.977977129540170864e+01	2.006757379701889832e+01	2.003198991799585826e+01	1.949128034303578616e+01	2.001567486443697064e+01	2.921271502432576028e+01	1.952894108743166157e+01	1.966389856935783342e+01	1.971948988290470695e+01	2.018782503896065705e+01	1.994514187283157014e+01	2.010930913360116534e+01	1.997955345043506270e+01	1.981444790212586682e+01	1.986425670158486767e+01	1.954573850935996404e+01	1.966445667539525743e+01	1.979816642268131943e+01	2.013575628037404996e+01	1.988547067803623491e+01	2.007363419538011939e+01	1.983644950649293648e+01	2.024587450026503888e+01	2.045853922053687057e+01	2.033078386746850441e+01	2.015508201884829376e+01	1.992415646066243440e+01	2.055111256434719991e+01	1.999149820360814545e+01	1.986618598289341975e+01	1.946705733021543949e+01	1.917796285098462405e+01	1.933991165982983063e+01	2.066252474386494242e+01	1.980508653215592219e+01	2.021081105833969005e+01	1.972494773525849610e+01
1.972324797670072627e+01	1.927267739755660969e+01	1.926610166307931848e+01	1.964867221416267640e+01	1.985026027712645558e+01	1.945732626477899530e+01	1.916349368779390971e+01	1.967520122885083467e+01	1.984755389552763205e+01	1.926743310909191464e+01	1.908337877295691243e+01	1.883231719448967922e+01	1.998730742498626967e+01	1.912377335711495974e+01	1.956192344075088130e+01	1.978942440359312371e+01	1.907980624432659056e+01	1.950252854612638487e+01	1.952894108743166157e+01	2.912539130831238054e+01	1.946964661562285315e+01	1.979682953118314259e+01	1.978562676360682104e+01	1.903917290546483443e+01	2.012423093379254979e+01	1.971152696608427490e+01	1.946529782910575435e+01	1.956222011749659018e+01	1.904203990064354812e+01	1.951583643020424219e+01	1.976170361379589480e+01	1.956696072876822967e+01	1.952725825920573044e+01	1.999724207850065838e+01	1.953025021809133577e+01	1.968159643851659268e+01	2.021710573152831358e+01	2.004786872352788762e+01	1.993903833532268521e+01	1.941205414385940031e+01	2.035645143582393501e+01	1.983888598584128005e+01	1.945077131060153519e+01	1.935132109886900409e+01	1.881520162615064962e+01	1.925980158669835873e+01	1.963009085040921420e+01	1.962320134579153574e+01	1.934614550717586923e+01	1.947153947708198984e+01
1.963718941368783888e+01	1.915489719921190925e+01	1.953730733541507192e+01	1.944440106565250659e+01	1.999904855503283585e+01	1.952876410555368736e+01	1.912319101702592405e+01	1.942843616196734757e+01	2.000499868237486467e+01	1.938728587072998621e+01	1.891863252687049268e+01	1.888146033753853814e+01	1.987440407163440881e+01	1.933996369312475494e+01	1.988356963854669246e+01	1.992476191268186270e+01	1.925490420568966243e+01	1.940229179544013149e+01	1.966389856935783342e+01	1.946964661562285315e+01	2.941146366810425761e+01	1.940040140492091680e+01	2.012209691452301641e+01	1.939283314960950833e+01	2.018749238187704265e+01	1.957669733196138040e+01	1.963054403836797590e+01	1.936090865773718050e+01	1.890640721033474492e+01	1.956004555866404715e+01	1.920632414363552698e+01	1.941855657347857189e+01	1.944334586164761802e+01	1.983037520064407744e+01	1.986843152810314095e+01	2.005829605232818835e+01	1.998401071960105924e+01	2.004727213479652903e+01	2.022780957957581549e+01	1.938393305757520224e+01	2.011584849417558729e+01	1.974440483871641305e+01	1.975229175031255480e+01	1.941624827526019459e+01	1.878864911551989891e+01	1.933067153623208512e+01	2.009674738678525685e+01	1.973545137045132947e+01	1.982452350261424812e+01	1.910099993032628873e+01
2.001845408393381476e+01	1.948756486548531797e+01	1.977847118147010974e+01	2.014412954745693085e+01	2.049145164204610481e+01	1.986785871686466365e+01	1.942737910899372267e+01	1.964459573439577156e+01	2.041062028536403972e+01	1.946992497122244714e+01	1.958985311972080012e+01	1.897326894414159071e+01	2.038612720675190104e+01	1.980091404145552403e+01	1.980723358187768213e+01	1.977584841574447694e+01	1.978870339416415192e+01	1.966131336324089673e+01	1.971948988290470695e+01	1.979682953118314259e+01	1.940040140492091680e+01	2.954793427927785743e+01	1.991181577456659468e+01	1.989729333877003370e+01	1.985965888474181540e+01	1.967937423793127394e+01	1.952264093916182119e+01	1.973515148285056142e+01	1.913516927104109655e+01	2.022669597451436019e+01	1.965082141217048672e+01	1.961883794081267851e+01	1.971065426437115065e+01	1.950651659337230015e+01	2.015284984968518245e+01	2.058925522792019791e+01	2.032534525348685506e+01	2.020904442149151237e+01	2.039340812049730189e+01	1.991961510265219459e+01	2.069819188085618933e+01	2.013797929008217480e+01	2.010417903895298508e+01	1.961390709237269547e+01	1.947946743321863750e+01	1.949572149844469493e+01	2.026862604991710270e+01	1.991616613588902140e+01	1.983980935771340270e+01	1.947401431474244404e+01
2.028444350517156991e+01	2.022232992820127606e+01	2.021237076228238649e+01	2.070662463329408709e+01	2.037993806656803031e+01	2.030587176918788117e+01	2.042245091988370831e+01	2.040896425806333880e+01	2.007069468066830353e+01	1.989446073370273993e+01	1.977963110845364980e+01	1.932971727799566608e+01	2.064901712582165771e+01	1.991186325764914145e+01	2.084374972536812720e+01	2.057734995952523960e+01	2.018001280886128868e+01	1.994518930024607428e+01	2.018782503896065705e+01	1.978562676360682104e+01	2.012209691452301641e+01	1.991181577456659468e+01	3.021366319043255544e+01	1.984982061329660752e+01	2.065103811877666118e+01	2.024486898147722158e+01	2.069205561343081712e+01	2.021074722736880247e+01	1.970591999131490013e+01	2.031009304333868215e+01	2.011538583325055995e+01	2.043077324806953499e+01	2.006929019099770173e+01	2.057553393622961480e+01	2.054636556634117639e+01	2.096912435327572766e+01	2.094191342017916924e+01	2.061610589400138238e+01	2.073097184693343920e+01	2.017309555541521604e+01	2.093879293313626633e+01	2.068781262453230596e+01	2.076899260439373762e+01	2.029719533414733590e+01	1.952564330254041636e+01	2.030396653447246180e+01	2.082545940450166100e+01	2.068477794089091049e+01	2.054491818822724269e+01	1.984831612290017233e+01
2.014319109364186744e+01	1.992106826914319839e+01	1.950818734237856944e+01	1.974457891357101147e+01	2.025625045367659638e+01	1.937748869919859729e+01	1.958890780748462035e+01	1.994704159604783200e+01	2.025900280242679585e+01	1.962229545560240851e+01	1.955547371451423544e+01	1.912852769703060574e+01	2.015051486390768432e+01	1.913481788328158828e+01	1.968419517389127193e+01	1.971612953443413119e+01	1.968337356374078340e+01	1.985864687004101725e+01	1.994514187283157014e+01	1.903917290546483443e+01	1.939283314960950833e+01	1.989729333877003370e+01	1.984982061329660752e+01	2.982434367291651967e+01	1.998687403367376092e+01	1.973417164463620566e+01	1.995982441831938559e+01	1.963901159538021091e+01	1.912281427324779770e+01	1.947875323231446032e+01	1.969284868983763914e+01	1.955136570125891993e+01	1.986518902739886627e+01	1.983382982295772479e+01	1.976148808052404604e+01	2.034783225256850514e+01	2.028779147871326316e+01	2.031030162774081305e+01	1.982945797189232096e+01	1.956687758938347699e+01	2.090745197675256506e+01	1.965244393921190991e+01	1.997804816708146092e+01	1.970742032209208716e+01	1.870748049146155978e+01	1.962221880892922243e+01	2.038246230544553583e+01	1.947394101705297587e+01	1.975834314653097934e+01	1.926798067547862559e+01
2.067445166034494619e+01	2.024129278567779622e+01	2.006196691502507079e+01	2.015886708659221327e+01	2.040866993975071253e+01	2.021301639596505595e+01	2.009145734859291110e+01	2.071222540938959256e+01	2.051163727311615759e+01	2.030586448120418552e+01	1.977173434233652571e+01	1.956745897577565074e+01	2.086932116947600235e+01	2.047441743405363823e+01	2.073161449676787171e+01	2.031608026494345509e+01	2.004225135446379014e+01	2.037255221724601739e+01	2.010930913360116534e+01	2.012423093379254979e+01	2.018749238187704265e+01	1.985965888474181540e+01	2.065103811877666118e+01	1.998687403367376092e+01	3.066848707895283965e+01	2.091012052522291498e+01	2.089717982248587802e+01	2.036827699640952716e+01	1.952853624553059575e+01	2.071946579274393230e+01	2.015081546901163279e+01	2.067931931699771297e+01	2.018925099842570248e+01	2.074104886802717473e+01	2.059497112805780006e+01	2.049161757128830885e+01	2.100514584839493892e+01	2.077533035625021895e+01	2.088262163809660166e+01	1.998479187815813773e+01	2.098963092882430459e+01	2.050174117818566799e+01	2.017056879504807299e+01	2.031039791733778799e+01	1.965091362559662969e+01	2.012292308911796113e+01	2.113576543913078964e+01	2.072027222286784465e+01	2.027664719556297612e+01	1.967380006698922301e+01
1.990585754112232664e+01	1.989854979281764358e+01	1.983859641132850982e+01	2.027095624640246996e+01	2.062910894060620137e+01	2.016530029280327341e+01	1.972089075547571824e+01	2.022988898017804615e+01	2.029297419530397661e+01	1.980019482714842027e+01	1.918896315212786874e+01	1.910907193678828619e+01	2.075217126426531777e+01	2.003600425785066719e+01	2.019688469407217113e+01	2.036142000911540606e+01	1.977110700960160372e+01	1.979508426993141512e+01	1.997955345043506270e+01	1.971152696608427490e+01	1.957669733196138040e+01	1.967937423793127394e+01	2.024486898147722158e+01	1.973417164463620566e+01	2.091012052522291498e+01	2.956472478134274695e+01	2.012240477376919401e+01	1.993571673380211706e+01	1.969232594073314502e+01	2.010743262931970321e+01	2.013247113637355667e+01	1.995067356754565679e+01	1.966799113124985965e+01	2.064884571771152011e+01	2.006656792828970381e+01	2.009980226553202698e+01	2.062387958312138281e+01	2.042943384995538381e+01	2.019886180609301363e+01	1.962790354347841415e+01	2.068315147115548314e+01	2.034044621315905843e+01	1.998756477923096142e+01	1.992734814808723343e+01	1.912698026216489566e+01	1.931301273292509890e+01	2.028791929795742277e+01	2.028851620642445752e+01	2.012198473586144587e+01	1.957080647724243150e+01
2.040883773688725711e+01	1.990128101590453724e+01	1.996368074394417036e+01	2.004420526226487453e+01	2.028701991362632384e+01	2.027189868617407598e+01	2.003784732443389416e+01	2.037695879407136346e+01	2.034672191277879350e+01	1.981210635289224697e+01	1.959549989038120898e+01	1.925515360207461057e+01	2.028645916182067666e+01	1.985107853407282974e+01	2.007262265422113501e+01	2.039622549230983140e+01	1.963198948602103044e+01	1.958565571900948754e+01	1.981444790212586682e+01	1.946529782910575435e+01	1.963054403836797590e+01	1.952264093916182119e+01	2.069205561343081712e+01	1.995982441831938559e+01	2.089717982248587802e+01	2.012240477376919401e+01	3.006402375843835273e+01	1.968745887968364627e+01	1.938056677612662071e+01	2.026821802991778299e+01	2.020022708694024161e+01	2.009972584443979926e+01	1.981144135376663584e+01	2.060997157903410937e+01	2.046823468256932799e+01	2.041303124387347268e+01	2.037987136385004305e+01	2.040961989451441738e+01	2.051607008747744132e+01	1.991897939903316228e+01	2.083527058386752273e+01	2.047811407212499546e+01	2.020108545809781475e+01	1.964236781148991184e+01	1.911714839307302327e+01	1.992917306952813306e+01	2.034412776310239934e+01	2.023490309815467825e+01	2.034923911874870939e+01	1.975229149605233658e+01
1.989375121373594268e+01	1.977717911731468092e+01	1.960934776097511900e+01	1.994544218645443223e+01	2.010416037946589540e+01	1.968770853744139160e+01	1.978138839251294812e+01	1.985054524076236504e+01	1.993103228984998765e+01	1.968423513014512949e+01	1.945133527823495001e+01	1.934361486018751108e+01	2.056914778762655871e+01	2.019505119337364363e+01	2.030163194857905751e+01	2.007675446150847165e+01	1.960162064668092441e+01	1.965816408622836420e+01	1.986425670158486767e+01	1.956222011749659018e+01	1.936090865773718050e+01	1.973515148285056142e+01	2.021074722736880247e+01	1.963901159538021091e+01	2.036827699640952716e+01	1.993571673380211706e+01	1.968745887968364627e+01	2.950386920134929625e+01	1.923668426927705966e+01	2.014084476568620374e+01	2.007669133372343140e+01	2.020149765253969321e+01	2.011930218937023440e+01	2.052170084788080118e+01	1.992222790249056885e+01	2.038736749235919987e+01	2.039349261327265239e+01	2.030969298784097532e+01	2.027142278671870201e+01	1.985712880813496639e+01	2.088819683721682452e+01	2.019076151413245057e+01	2.012618808965963524e+01	1.996221560077919577e+01	1.905913198405507814e+01	1.924803965533428496e+01	2.044222286950889256e+01	2.007549205049074459e+01	2.040358339577617741e+01	2.003156996055485450e+01
1.954317965011965796e+01	1.922639685395592934e+01	1.915325572808831467e+01	1.932832866696110941e+01	1.959712035440848865e+01	1.978592032017189695e+01	1.953396817463195845e+01	1.982614687098844541e+01	1.936680701852894160e+01	1.962800254365913233e+01	1.916239113464272847e+01	1.868405798021017716e+01	2.007760077720621439e+01	1.886636851895634948e+01	1.970228160186361777e+01	1.989830062032297420e+01	1.903458892249403434e+01	1.939850802959158926e+01	1.954573850935996404e+01	1.904203990064354812e+01	1.890640721033474492e+01	1.913516927104109655e+01	1.970591999131490013e+01	1.912281427324779770e+01	1.952853624553059575e+01	1.969232594073314502e+01	1.938056677612662071e+01	1.923668426927705966e+01	2.888403155521468335e+01	1.946936092366919624e+01	1.934887331035420743e+01	1.925351078358247392e+01	1.960450667034465155e+01	2.016316761873682850e+01	1.970982400753445773e+01	1.958796463596991089e+01	1.992691182403786954e+01	1.985366598708518637e+01	1.998978875173533609e+01	1.910639002045204293e+01	2.081398265132976988e+01	1.953158801294065938e+01	1.959535083940154365e+01	1.965765649468489684e+01	1.866089762798246454e+01	1.896519813024282897e+01	1.999416719104542750e+01	1.947906015541022740e+01	1.963724546243887303e+01	1.888375219499654634e+01
2.015980171546241806e+01	1.982994801547095420e+01	1.967238141975912313e+01	2.008235423179553436e+01	2.008014187598607947e+01	2.008169848201006857e+01	1.983922634934152640e+01	2.027614752316937441e+01	2.032570780078251005e+01	1.977701029617676554e+01	1.942763982842605941e+01	1.932509330428186800e+01	2.090281498420890927e+01	1.981699470307366795e+01	1.999119963629359731e+01	2.011953273285329757e+01	1.949048057658992761e+01	1.968400772860923098e+01	1.966445667539525743e+01	1.951583643020424219e+01	1.956004555866404715e+01	2.022669597451436019e+01	2.031009304333868215e+01	1.947875323231446032e+01	2.071946579274393230e+01	2.010743262931970321e+01	2.026821802991778299e+01	2.014084476568620374e+01	1.946936092366919624e+01	2.922227840376511665e+01	2.009801623430284678e+01	2.018780236264488082e+01	1.987626015143274927e+01	2.013917780549387615e+01	2.034333530435263526e+01	2.021960574593899196e+01	2.056556657114272824e+01	2.004403567015875254e+01	2.034487107311781529e+01	1.990441025470016356e+01	2.054027057541303236e+01	2.039832427201831422e+01	2.016470863676712710e+01	1.953489371927059537e+01	1.922552932257251967e+01	1.964061359248642447e+01	2.077407208937326644e+01	2.023343819290238343e+01	2.015046353399859669e+01	1.936119443379241645e+01
2.017009789163339306e+01	1.969517698802491523e+01	2.028575176426638293e+01	2.013873209248245999e+01	2.046075792065065002e+01	1.988242221064160731e+01	1.985398569165110061e+01	2.024322192525806940e+01	2.065167467773842702e+01	1.967668318121354432e+01	1.944003848870311657e+01	1.920362024710684068e+01	2.052625830445470712e+01	1.969257060064709108e+01	2.036054780044279866e+01	2.047195153904831955e+01	1.982638238164563305e+01	1.957054930083678101e+01	1.979816642268131943e+01	1.976170361379589480e+01	1.920632414363552698e+01	1.965082141217048672e+01	2.011538583325055995e+01	1.969284868983763914e+01	2.015081546901163279e+01	2.013247113637355667e+01	2.020022708694024161e+01	2.007669133372343140e+01	1.934887331035420743e+01	2.009801623430284678e+01	2.962154548882374172e+01	2.005656752908529583e+01	1.964599692691807320e+01	2.028888663291698435e+01	2.025719805263312523e+01	2.022115780333263757e+01	2.069008063042360135e+01	2.047072468875689211e+01	2.040043440531252728e+01	1.991653996478490640e+01	2.060655748921751496e+01	2.011405896376103541e+01	1.987925050663136517e+01	1.976312902524224313e+01	1.913071941705868539e+01	1.970093711079425347e+01	2.069694619017619175e+01	2.021137070622167187e+01	2.014107080490068569e+01	1.962639945976584954e+01
2.017225401993691491e+01	2.008958161147285892e+01	1.990590289352865838e+01	1.988977977202339176e+01	2.007635806697003389e+01	1.998158908681133639e+01	1.923012273497029767e+01	2.019779083549188314e+01	2.056494709733940240e+01	1.964527490693337697e+01	1.951326068006843784e+01	1.923324417561899580e+01	2.069512543369009094e+01	1.999647842550116295e+01	2.013407753212251450e+01	2.030822020379410375e+01	1.963873869045151110e+01	1.989304752795245435e+01	2.013575628037404996e+01	1.956696072876822967e+01	1.941855657347857189e+01	1.961883794081267851e+01	2.043077324806953499e+01	1.955136570125891993e+01	2.067931931699771297e+01	1.995067356754565679e+01	2.009972584443979926e+01	2.020149765253969321e+01	1.925351078358247392e+01	2.018780236264488082e+01	2.005656752908529583e+01	3.018494970755124029e+01	2.013230683047592962e+01	2.011294901713683458e+01	2.013372797151501814e+01	2.019705646151111011e+01	2.080580586597577764e+01	2.031431960936399506e+01	2.033703416819312082e+01	1.997634720614216164e+01	2.101520756260462264e+01	2.001119127499535111e+01	2.028980900899130191e+01	2.010826179626047505e+01	1.952801552374855021e+01	1.961458100320741949e+01	2.067307733824743465e+01	2.012831426682755520e+01	2.028917450708780024e+01	1.944097936868174159e+01
