2.946460557629351129e+01	1.949265373413186708e+01	2.030209941598499412e+01	1.962289529460512583e+01	2.012385949502205662e+01	2.028828048029943787e+01	2.020329522106504427e+01	1.925517829121965363e+01	2.011074012173220993e+01	1.952353287945918936e+01	2.013898076503192769e+01	2.037217676903748398e+01	2.091834178815626544e+01	1.992939562925710462e+01	2.015680134106866461e+01	2.012599461047113181e+01	2.017900689091684185e+01	1.988656936508384021e+01	2.007688791296363107e+01	1.962436893840469310e+01	2.007923658024489200e+01	1.997886042437755805e+01	2.037779715742924935e+01	2.071195086144005515e+01	1.967257931021724104e+01	1.969380367153110711e+01	1.986895950103596320e+01	2.016504291642656810e+01	2.036267725361956593e+01	1.972333262571738288e+01	2.025061511541026249e+01	1.947727381772160626e+01	2.036031737238981520e+01	2.015839922241357840e+01	2.017926203532269724e+01	1.981126125382713354e+01	1.975696504375422791e+01	2.039445438280328560e+01	2.012536848073366968e+01	1.979140575474341190e+01	2.043349693647251897e+01	2.010200963668886587e+01	1.944459932142975944e+01	1.998902826851380965e+01	1.965689821479015365e+01	2.010385355101426441e+01	1.974776406286401453e+01	1.960805250856032345e+01	1.980185817623689815e+01	1.971329364160541786e+01
1.949265373413186708e+01	2.942739724293788939e+01	2.045566079498417622e+01	1.956441195001270117e+01	1.987395209193732981e+01	2.005861597412365427e+01	2.051261425175797370e+01	1.961569277145159873e+01	2.033580850492228365e+01	1.938932833678550338e+01	1.990333277091399822e+01	2.019295013413692530e+01	2.050789818533655406e+01	1.939130588063055072e+01	1.986579847147629252e+01	1.992455442615300854e+01	2.022444287506904104e+01	1.941711226794526013e+01	1.958745742955503033e+01	1.922977121826104607e+01	1.941344651975829194e+01	1.998221573575284893e+01	2.035669459476848075e+01	2.037317764109193163e+01	1.927182405465468307e+01	1.980342307257454237e+01	2.001718971158188864e+01	1.976159794108876966e+01	2.002162197868750226e+01	1.952245243905471739e+01	1.973543543057932581e+01	1.988697396863550182e+01	2.016702967804533841e+01	2.014099222714070692e+01	2.026412022206198316e+01	1.959375195685222693e+01	2.008650933286200058e+01	1.998889188904219694e+01	1.963883793062921512e+01	2.000189827333167614e+01	1.984179563623652243e+01	2.005576946978759878e+01	1.959695050945842354e+01	1.954312926452494992e+01	1.982870101518716055e+01	1.985352318180782305e+01	1.958477878702120023e+01	1.979552621378726585e+01	1.974019859423459522e+01	1.973841070884257221e+01
2.030209941598499412e+01	2.045566079498417622e+01	3.029437388747147963e+01	2.015601161950007736e+01	2.002136493911129733e+01	2.043649558063298954e+01	2.089567534463484932e+01	1.963579394965240965e+01	2.042342066346042628e+01	2.014956128822650072e+01	2.029295190799721738e+01	2.009365494808895036e+01	2.098043127825216558e+01	2.010558308601393662e+01	2.053891689498895445e+01	2.018503625929641387e+01	2.038095377778823192e+01	2.035524650900126531e+01	2.003509874197462182e+01	1.979644400587820741e+01	2.014111440147713594e+01	1.997652728243669173e+01	2.054434803993201086e+01	2.041372101866788569e+01	2.015394170071680335e+01	2.006682620768045666e+01	2.019568064975335631e+01	2.018983339609659566e+01	2.012343394795023599e+01	1.978329432540710897e+01	2.014932806531856002e+01	2.029890275930974752e+01	2.069995616120518989e+01	2.039514241444882359e+01	2.096709169269773909e+01	2.040046735982543780e+01	2.033811119967798220e+01	2.023775412155128350e+01	2.016621778758938888e+01	2.021398103297968163e+01	2.047658101233085404e+01	2.057213168406554615e+01	2.023761954771550720e+01	2.019497470508573400e+01	1.999612381535564509e+01	2.006854139891084543e+01	2.006974463326405456e+01	2.012705283621269814e+01	1.995278571283003899e+01	2.003169183356640914e+01
1.962289529460512583e+01	1.956441195001270117e+01	2.015601161950007736e+01	2.879011717016590666e+01	1.957275289581157196e+01	1.977155352271372024e+01	2.016801075921852160e+01	1.921613531779989259e+01	1.961973512934453368e+01	1.935479914535272883e+01	1.989442379624567181e+01	2.001821551950807176e+01	2.078775567673261548e+01	1.965871623561552184e+01	2.009767749267447812e+01	1.976482761431377355e+01	1.990305444434696369e+01	1.955572152780931106e+01	1.942716012216967059e+01	1.887833222354501927e+01	1.983893485078097640e+01	1.977850687243439154e+01	2.002616379893808585e+01	2.027323318678598696e+01	1.947586313844929862e+01	1.966912088553655380e+01	1.970357391909512046e+01	1.964984059313368903e+01	1.991567905797642268e+01	1.898458122239503254e+01	1.969263361015602953e+01	1.964811911593266913e+01	2.023883686015161842e+01	2.011417160972029805e+01	2.029287713175230934e+01	1.960665740044976957e+01	1.999409896201544612e+01	2.005142552437407844e+01	1.941736435568590480e+01	1.952676709227919716e+01	1.995430429118523818e+01	2.002506216231684988e+01	1.934250636328505024e+01	1.960039423175800977e+01	1.958634660692393226e+01	1.988665918049869674e+01	1.961888246272192760e+01	1.981312035699144758e+01	1.954751167132065959e+01	1.967020176052626468e+01
2.012385949502205662e+01	1.987395209193732981e+01	2.002136493911129733e+01	1.957275289581157196e+01	2.956439260279106307e+01	2.027492349333826382e+01	2.057129670587027803e+01	1.951655826336367383e+01	2.025531675003514209e+01	1.960648099420434676e+01	1.994776317261746001e+01	1.987355058319684531e+01	2.118680040837963219e+01	2.039813954293263620e+01	2.007469860232814085e+01	1.988381395369436078e+01	1.991821874577317075e+01	1.980071048449674009e+01	1.986003958688533189e+01	1.928647705729912332e+01	1.988104118030205925e+01	2.014790385109479587e+01	2.017631760395809337e+01	2.036194862959326102e+01	2.025018522643801333e+01	1.962877879460714325e+01	2.012204005315509292e+01	1.971858566083622577e+01	2.015408596077414316e+01	1.942916300585085665e+01	1.964922222355897574e+01	2.004391440204343056e+01	2.058502763995355167e+01	2.013607292260443771e+01	2.022288351268612772e+01	1.996860893380440771e+01	2.008266950653796812e+01	1.993808221802308012e+01	1.953697260264246793e+01	1.986532232487790850e+01	2.039373590064805697e+01	2.001334983742868090e+01	1.974716904543875273e+01	1.982943870726870728e+01	2.012305360895107853e+01	1.977342978143726882e+01	1.951865265133490368e+01	1.989757664031649398e+01	1.987162099800092818e+01	1.965860194645147985e+01
2.028828048029943787e+01	2.005861597412365427e+01	2.043649558063298954e+01	1.977155352271372024e+01	2.027492349333826382e+01	2.982654737248915211e+01	2.062054347620922456e+01	1.979595285443793529e+01	2.072259849642386698e+01	2.011329690650138602e+01	2.027676249011202358e+01	2.019983832846006067e+01	2.128019626440325496e+01	2.034315448722751896e+01	2.052191430371382452e+01	2.061651565259860774e+01	2.064977344840610129e+01	2.008565307826618707e+01	2.024300061023927810e+01	1.925894019962451864e+01	2.032678766704356832e+01	2.068388060393344929e+01	2.058430417558091463e+01	2.075336410282676525e+01	2.024717932400331222e+01	1.997623477994268626e+01	2.004467044859723757e+01	2.069786145136972877e+01	2.028694330864809814e+01	1.981893775610821251e+01	2.015247875250319964e+01	2.008292174848791589e+01	2.037670872970112868e+01	2.075954623701325374e+01	2.108538703733954733e+01	1.995689809378890089e+01	2.003834480718435884e+01	2.018947621799669179e+01	2.006219356500674422e+01	1.997984316365737456e+01	2.029017051159393858e+01	2.036601865218259633e+01	2.017769398173211570e+01	1.996839499078687652e+01	2.042010580614116932e+01	2.034403552767935253e+01	1.994869672955417883e+01	2.009636628350037668e+01	2.033661626286581026e+01	2.016183726617452265e+01
2.020329522106504427e+01	2.051261425175797370e+01	2.089567534463484932e+01	2.016801075921852160e+01	2.057129670587027803e+01	2.062054347620922456e+01	3.074913333498152213e+01	2.057247035483331032e+01	2.061689589664518252e+01	2.041666491367732306e+01	2.042269948436523208e+01	2.072259341488215156e+01	2.138338650144936892e+01	2.072822415461364187e+01	2.074760548736580645e+01	2.074067312786264594e+01	2.074243139999943963e+01	2.082202533122996257e+01	2.039687291664806423e+01	1.992990388104141886e+01	2.056664484493463263e+01	2.125330757546934990e+01	2.109808429657407558e+01	2.075509252688661377e+01	2.059383735884979316e+01	2.021811579336781861e+01	2.069660322372497774e+01	2.055707812152236613e+01	2.045771844865870293e+01	2.040043251552833681e+01	2.087947390231546407e+01	2.076282745100198923e+01	2.094237146698383967e+01	2.048611196113015254e+01	2.106555657202829579e+01	2.063297742988187977e+01	2.060139883916751202e+01	2.107196665381312073e+01	2.070188229135534996e+01	2.065656651318124659e+01	2.092880983238595149e+01	2.040210685684600378e+01	2.038730379482422350e+01	2.085645673516593135e+01	2.040221613120162303e+01	2.072019561351234884e+01	2.025874356206326610e+01	2.043421160665780789e+01	2.033140030686256949e+01	2.044178452250107725e+01
1.925517829121965363e+01	1.961569277145159873e+01	1.963579394965240965e+01	1.921613531779989259e+01	1.951655826336367383e+01	1.979595285443793529e+01	2.057247035483331032e+01	2.892218019718543331e+01	2.003303692109944478e+01	1.941481763845990471e+01	1.962455245192749942e+01	1.954661631210377237e+01	2.058157807093490632e+01	1.960039778394982690e+01	1.988727684279417574e+01	1.987151157211412666e+01	1.978131554585775476e+01	1.969763560751195186e+01	1.976150095597697742e+01	1.908403442782989146e+01	1.933991533161511711e+01	1.967324821951048008e+01	1.995924221256913356e+01	1.978376094730431944e+01	1.957187971069550159e+01	1.953583570883670717e+01	1.962098607632913883e+01	1.945572040821774706e+01	1.973400979900667096e+01	1.924223708424435131e+01	1.973211014332647295e+01	1.943658022203732472e+01	2.027437247885779570e+01	1.987197658281177581e+01	2.019336168028489098e+01	1.971437271288666082e+01	1.965629814276721277e+01	1.965499020920273310e+01	1.963447323779616838e+01	1.944020706121116504e+01	1.994240803266007234e+01	1.999046269669569753e+01	1.981481706878166094e+01	1.959443155123340219e+01	1.977878338144221715e+01	1.965013016645118427e+01	1.955646181666985939e+01	1.965344764607493744e+01	1.963487768495571473e+01	1.955471538510684582e+01
2.011074012173220993e+01	2.033580850492228365e+01	2.042342066346042628e+01	1.961973512934453368e+01	2.025531675003514209e+01	2.072259849642386698e+01	2.061689589664518252e+01	2.003303692109944478e+01	2.956904443080054179e+01	2.049696903927312874e+01	2.054253406509652180e+01	2.032865515359648967e+01	2.095679697926336615e+01	2.027044159576233895e+01	2.027707597734478284e+01	2.017962714415685355e+01	2.064931157684591057e+01	2.048629130383910990e+01	1.979881976183793313e+01	1.950425157725821279e+01	2.029145252404975963e+01	2.059810678614021384e+01	2.055694738145142964e+01	2.062724240533994191e+01	2.011022035429004617e+01	2.031507446082298074e+01	2.041565175519948028e+01	2.041565397720503228e+01	2.064028177243247342e+01	2.013446784315154758e+01	2.031340015230233575e+01	2.015230809981297000e+01	2.045406159895710729e+01	2.036103185274032867e+01	2.093821567184091847e+01	2.005183927008664568e+01	2.039546607473525341e+01	2.038229158040869393e+01	2.034234316898164607e+01	2.010105443843712436e+01	2.063914012519787633e+01	2.061271113810620648e+01	2.010391059188143359e+01	2.007169996100086706e+01	1.993974029059737063e+01	2.059058603265346576e+01	2.025952776675737255e+01	2.039397794482536597e+01	2.002009506967941022e+01	1.954243623063057811e+01
1.952353287945918936e+01	1.938932833678550338e+01	2.014956128822650072e+01	1.935479914535272883e+01	1.960648099420434676e+01	2.011329690650138602e+01	2.041666491367732306e+01	1.941481763845990471e+01	2.049696903927312874e+01	3.003280180708199865e+01	2.007982050584775990e+01	2.008425627643355682e+01	2.077343770094439890e+01	2.021108130477447062e+01	2.041038186434770552e+01	1.952724161100906741e+01	2.016445192101011585e+01	2.016070702475441934e+01	1.987404089136663288e+01	1.938195692122387470e+01	1.981142441138678478e+01	2.007420501899589738e+01	2.041392331704610186e+01	2.064425742859608803e+01	1.959565016870288900e+01	1.974595805342757870e+01	1.987790236237574604e+01	1.949292235103514770e+01	2.009501451776903380e+01	1.937657026999137599e+01	1.974070446843228765e+01	1.997202099990020230e+01	2.014163241258999193e+01	2.006027172449103091e+01	2.040495860197159672e+01	1.971883224209231855e+01	1.990170212322566101e+01	2.011139743557108517e+01	1.978250085699833605e+01	1.996383980439540196e+01	2.043690897911485393e+01	2.015169220758092905e+01	1.997990017796026052e+01	1.982401636352157226e+01	2.013335954789920024e+01	2.002303512169517674e+01	1.986291610646054906e+01	2.010366335979068353e+01	1.979498245439977921e+01	1.956141874390761970e+01
2.013898076503192769e+01	1.990333277091399822e+01	2.029295190799721738e+01	1.989442379624567181e+01	1.994776317261746001e+01	2.027676249011202358e+01	2.042269948436523208e+01	1.962455245192749942e+01	2.054253406509652180e+01	2.007982050584775990e+01	3.027727701000753413e+01	2.003491814257498405e+01	2.101620163628972549e+01	1.983302138472470233e+01	2.037596774746414496e+01	1.990083548389307566e+01	2.007736210950517020e+01	1.985539438017124070e+01	1.928283521724837257e+01	1.980621836285179072e+01	1.990807761239116402e+01	1.995878546853135305e+01	2.054367187442016984e+01	2.070636911205161113e+01	1.958267242091250182e+01	1.958296393916036493e+01	2.011117890780161588e+01	1.987172201177157049e+01	2.053319143327220431e+01	1.977833301268590915e+01	1.990262412250083557e+01	2.026383314904315114e+01	2.062351657652162373e+01	2.027583248777271763e+01	2.087402697246672290e+01	1.985643923694406254e+01	2.007422234256694438e+01	1.997660067789364291e+01	2.003379702888928549e+01	2.029855642762449719e+01	2.000755358909336223e+01	2.021254211815090684e+01	1.988537746846975907e+01	1.988407567896291539e+01	1.983035340978983996e+01	2.021315500918230867e+01	1.977575253248246767e+01	1.980174098087798740e+01	1.994012200868332130e+01	1.964041330363318849e+01
2.037217676903748398e+01	2.019295013413692530e+01	2.009365494808895036e+01	2.001821551950807176e+01	1.987355058319684531e+01	2.019983832846006067e+01	2.072259341488215156e+01	1.954661631210377237e+01	2.032865515359648967e+01	2.008425627643355682e+01	2.003491814257498405e+01	2.986229170188246229e+01	2.140517510568790982e+01	2.020204521043709889e+01	2.028527780942205894e+01	2.023782808238969722e+01	2.014587592545276351e+01	1.999100051794211907e+01	2.024023887532139554e+01	1.977925030658636274e+01	2.036063811619282404e+01	2.043371391268043524e+01	2.048887677081614456e+01	2.109240260481076135e+01	2.013269669499228343e+01	1.994216357262994777e+01	2.033633810919017648e+01	2.018103348929436436e+01	2.008388948052630241e+01	1.979252281210995434e+01	1.973029317219291556e+01	1.996202879393322505e+01	2.063431793984651463e+01	2.011508951290662850e+01	2.079130295939160433e+01	2.007268526161668021e+01	2.014034230669327741e+01	2.059597416061756547e+01	1.964234589959720978e+01	2.043431368608013443e+01	2.051291219643744768e+01	2.030255981420302547e+01	2.017025472204477055e+01	1.973714608886200850e+01	2.012382763609063474e+01	2.053305882234709756e+01	2.022051544858211614e+01	2.054193271776619767e+01	1.990577193075521123e+01	2.012165599766320057e+01
2.091834178815626544e+01	2.050789818533655406e+01	2.098043127825216558e+01	2.078775567673261548e+01	2.118680040837963219e+01	2.128019626440325496e+01	2.138338650144936892e+01	2.058157807093490632e+01	2.095679697926336615e+01	2.077343770094439890e+01	2.101620163628972549e+01	2.140517510568790982e+01	3.174564904772368124e+01	2.118945043203338230e+01	2.132851137997994684e+01	2.092368864428472364e+01	2.100238773930868064e+01	2.102443609398984847e+01	2.133209395780093942e+01	2.048345744793970624e+01	2.098479648790040741e+01	2.087837391409155430e+01	2.147035821738437988e+01	2.167082592795291518e+01	2.072120144493102956e+01	2.070087579070120753e+01	2.098428165348656904e+01	2.083137661187442191e+01	2.116790423958831369e+01	2.095562098167992460e+01	2.095061403075259321e+01	2.082078220936278612e+01	2.175279789549139764e+01	2.137172384035332584e+01	2.150345973031677360e+01	2.093485361152988489e+01	2.074831665342840026e+01	2.137037436560416737e+01	2.126144283377495725e+01	2.113393811245460441e+01	2.119617184985457925e+01	2.123690168608744244e+01	2.101014009245255210e+01	2.080352954180795777e+01	2.094456459832757389e+01	2.149267411990910048e+01	2.113355291732922581e+01	2.112796019344531473e+01	2.094803276725071228e+01	2.068470221239844520e+01
1.992939562925710462e+01	1.939130588063055072e+01	2.010558308601393662e+01	1.965871623561552184e+01	2.039813954293263620e+01	2.034315448722751896e+01	2.072822415461364187e+01	1.960039778394982690e+01	2.027044159576233895e+01	2.021108130477447062e+01	1.983302138472470233e+01	2.020204521043709889e+01	2.118945043203338230e+01	3.006028262863347322e+01	2.023956157604451533e+01	2.004741608438457945e+01	1.999691166427968625e+01	2.022573062031739610e+01	1.998814368581072998e+01	1.941899624726085349e+01	2.015603067665415438e+01	2.022545847878151548e+01	2.064111524007254772e+01	2.074924332452112452e+01	1.992868983033459429e+01	2.007236371404607667e+01	2.013030284549071069e+01	1.993586632096575784e+01	2.004661235808629982e+01	1.984717527094821321e+01	2.008057451964299034e+01	2.013362023779449927e+01	2.060613125398969103e+01	2.024645961828121443e+01	2.057374943113382315e+01	1.996556117533573271e+01	1.980576074793112795e+01	2.055923814348634338e+01	1.999334678884509842e+01	1.999812035427596868e+01	2.076137929530578319e+01	2.032563408430171137e+01	1.971422456318295247e+01	1.986054364436989417e+01	2.001962761356688958e+01	2.050172336537187334e+01	2.005986557119477709e+01	2.009749859564949404e+01	2.033820045661966702e+01	1.981841058553727208e+01
2.015680134106866461e+01	1.986579847147629252e+01	2.053891689498895445e+01	2.009767749267447812e+01	2.007469860232814085e+01	2.052191430371382452e+01	2.074760548736580645e+01	1.988727684279417574e+01	2.027707597734478284e+01	2.041038186434770552e+01	2.037596774746414496e+01	2.028527780942205894e+01	2.132851137997994684e+01	2.023956157604451533e+01	3.064479048028584174e+01	2.017245246974144379e+01	2.067623160411935501e+01	2.075063724138291121e+01	2.049781816474481388e+01	1.987421415859286000e+01	2.036864941737064783e+01	2.047780713199514935e+01	2.096142099212465126e+01	2.077550852457159536e+01	2.008276944807778364e+01	1.990178877125936197e+01	2.034504986022190565e+01	2.003764141078596595e+01	2.057146744803110749e+01	1.973508905396846558e+01	2.070291069608793677e+01	2.074621972605821085e+01	2.038272273946471103e+01	2.081712764651950565e+01	2.071578837617335722e+01	2.029407235824409028e+01	2.022126280032044221e+01	2.063504667880512855e+01	1.961032672552382294e+01	2.008509733818277354e+01	2.081332757901731867e+01	2.034518346116981391e+01	1.981803453992304398e+01	1.995441038049888505e+01	2.021337794440874802e+01	2.078234830603272698e+01	2.027337672110677502e+01	2.011307471074530184e+01	1.977998676425080760e+01	1.997920807278952537e+01
2.012599461047113181e+01	1.992455442615300854e+01	2.018503625929641387e+01	1.976482761431377355e+01	1.988381395369436078e+01	2.061651565259860774e+01	2.074067312786264594e+01	1.987151157211412666e+01	2.017962714415685355e+01	1.952724161100906741e+01	1.990083548389307566e+01	2.023782808238969722e+01	2.092368864428472364e+01	2.004741608438457945e+01	2.017245246974144379e+01	3.025399436157526623e+01	2.032314621275348188e+01	1.947191323037671751e+01	1.960600118122077617e+01	1.917084982740832544e+01	1.995452602002078990e+01	2.017748436440927762e+01	2.005043379404274972e+01	2.057881805128343089e+01	1.985250232144066018e+01	1.990682753526322202e+01	1.978472812396350022e+01	1.997251164414742775e+01	2.025514205318158290e+01	1.950608878421017423e+01	2.015127358636690147e+01	1.948075767049364160e+01	2.058668722600837242e+01	2.004856284815242873e+01	2.023468020701630721e+01	1.958565179572279646e+01	1.995776255317144532e+01	2.023162947060532701e+01	1.967409215098116704e+01	1.999787639946687179e+01	2.051594660056746022e+01	2.004070703069227832e+01	1.974935211085936260e+01	1.994133286083409118e+01	1.962007181794066213e+01	1.996562609198532101e+01	1.967399563374465998e+01	2.017289753128318708e+01	1.987868795253382359e+01	1.992607959847136101e+01
2.017900689091684185e+01	2.022444287506904104e+01	2.038095377778823192e+01	1.990305444434696369e+01	1.991821874577317075e+01	2.064977344840610129e+01	2.074243139999943963e+01	1.978131554585775476e+01	2.064931157684591057e+01	2.016445192101011585e+01	2.007736210950517020e+01	2.014587592545276351e+01	2.100238773930868064e+01	1.999691166427968625e+01	2.067623160411935501e+01	2.032314621275348188e+01	2.998369782787990800e+01	2.028194353268130001e+01	2.015426655877424977e+01	1.980491304732312230e+01	2.014329291462636462e+01	2.034941309163710699e+01	2.056671907553110401e+01	2.031198099422515568e+01	1.988777504619273273e+01	2.021650848549087698e+01	2.003609887873810180e+01	2.013835095598391334e+01	2.023938668899315019e+01	1.987630498178411642e+01	2.032076133646858906e+01	2.043346012704719428e+01	2.062341400631789057e+01	2.040394048609492472e+01	2.073042476378087073e+01	1.991497422632440006e+01	1.997119057381356555e+01	2.040766045066392564e+01	2.014666380396277390e+01	2.021242424705961227e+01	2.057228929258227623e+01	2.011374007614089265e+01	1.986011226562837706e+01	2.005400915362223202e+01	1.996774709403387860e+01	2.073361718758756922e+01	2.013640734441768387e+01	2.008041368704273566e+01	1.987385843164775778e+01	1.963905097653758958e+01
1.988656936508384021e+01	1.941711226794526013e+01	2.035524650900126531e+01	1.955572152780931106e+01	1.980071048449674009e+01	2.008565307826618707e+01	2.082202533122996257e+01	1.969763560751195186e+01	2.048629130383910990e+01	2.016070702475441934e+01	1.985539438017124070e+01	1.999100051794211907e+01	2.102443609398984847e+01	2.022573062031739610e+01	2.075063724138291121e+01	1.947191323037671751e+01	2.028194353268130001e+01	3.016089504463989357e+01	1.973493578637760848e+01	1.932078655168435688e+01	2.057871104938100970e+01	2.026354008221571945e+01	2.023145246124678920e+01	2.027456519185279049e+01	1.993611996057064317e+01	2.003236297392780685e+01	1.982735340691289139e+01	2.027452969029685548e+01	2.010727290556436131e+01	1.979726549072918118e+01	2.008633902159813189e+01	2.049226522094802050e+01	2.019374984728619893e+01	2.042286832308173672e+01	2.089549843423983333e+01	2.032682478667438275e+01	2.047803187014285342e+01	2.031849368802891931e+01	1.965577397517287750e+01	2.019579127819289610e+01	2.045298416047196710e+01	2.008942224477011251e+01	1.957574615121238182e+01	2.009401038975241249e+01	1.995697052778819724e+01	1.979958665073313284e+01	2.018667547150388941e+01	2.001204100252435580e+01	2.015767114095286772e+01	1.977357858016360481e+01
2.007688791296363107e+01	1.958745742955503033e+01	2.003509874197462182e+01	1.942716012216967059e+01	1.986003958688533189e+01	2.024300061023927810e+01	2.039687291664806423e+01	1.976150095597697742e+01	1.979881976183793313e+01	1.987404089136663288e+01	1.928283521724837257e+01	2.024023887532139554e+01	2.133209395780093942e+01	1.998814368581072998e+01	2.049781816474481388e+01	1.960600118122077617e+01	2.015426655877424977e+01	1.973493578637760848e+01	2.978230426214740234e+01	1.918097279605611405e+01	1.963668792062691182e+01	2.024039187937638218e+01	2.053918731521304863e+01	2.033687146055903483e+01	1.957141098725281481e+01	1.948490154200712965e+01	2.008999787370995804e+01	1.984395354923015020e+01	2.050176881398031625e+01	1.925640597108095164e+01	2.011561552960496613e+01	1.972297976585078061e+01	2.029665226611667350e+01	2.019339394334775051e+01	2.050917393942596689e+01	1.961004357157202449e+01	2.022431838041376295e+01	2.030530036780365322e+01	2.003837021749532354e+01	1.969026531244460188e+01	2.047104378950538717e+01	2.030936685617978199e+01	1.969521280129725938e+01	1.993121334802314948e+01	1.969081051955082984e+01	2.009835152830873284e+01	1.965025311319607226e+01	1.984091805688154508e+01	1.988663874636970519e+01	1.969093932922348955e+01
1.962436893840469310e+01	1.922977121826104607e+01	1.979644400587820741e+01	1.887833222354501927e+01	1.928647705729912332e+01	1.925894019962451864e+01	1.992990388104141886e+01	1.908403442782989146e+01	1.950425157725821279e+01	1.938195692122387470e+01	1.980621836285179072e+01	1.977925030658636274e+01	2.048345744793970624e+01	1.941899624726085349e+01	1.987421415859286000e+01	1.917084982740832544e+01	1.980491304732312230e+01	1.932078655168435688e+01	1.918097279605611405e+01	2.896463983518809826e+01	1.946610102776483586e+01	1.973768693902625415e+01	1.984883962119830514e+01	2.008390711477416701e+01	1.886173274048880089e+01	1.919341459204855838e+01	1.953769524927585977e+01	1.946622619358886297e+01	1.961499682326417116e+01	1.887040345544797049e+01	1.972013915394520822e+01	1.970270224222836930e+01	2.026821765073806958e+01	1.976655500532799081e+01	2.000205730658233350e+01	1.990461919201938201e+01	1.935058412663285665e+01	1.950483718604968075e+01	1.941578618946565626e+01	1.971485598725169552e+01	1.992277057112284311e+01	1.965300791739604946e+01	1.914896764238482874e+01	1.915318254741749371e+01	1.963631844754634415e+01	1.975358650888062328e+01	1.908141440356498819e+01	1.947234996759451775e+01	1.942496595926549219e+01	1.927804136406391322e+01
2.007923658024489200e+01	1.941344651975829194e+01	2.014111440147713594e+01	1.983893485078097640e+01	1.988104118030205925e+01	2.032678766704356832e+01	2.056664484493463263e+01	1.933991533161511711e+01	2.029145252404975963e+01	1.981142441138678478e+01	1.990807761239116402e+01	2.036063811619282404e+01	2.098479648790040741e+01	2.015603067665415438e+01	2.036864941737064783e+01	1.995452602002078990e+01	2.014329291462636462e+01	2.057871104938100970e+01	1.963668792062691182e+01	1.946610102776483586e+01	2.976763478088829373e+01	2.042162349118751052e+01	2.023624420831062665e+01	2.075695605611553773e+01	1.958300690634091978e+01	1.998829841981524069e+01	2.026360455507290936e+01	1.986182402228225996e+01	2.019915565051119799e+01	1.957016429571129379e+01	2.011930205122589044e+01	1.999472174122603718e+01	2.073387926760255695e+01	2.026927786280199228e+01	2.033214786897977433e+01	2.007871613226896557e+01	1.991361455122492785e+01	2.006806329293768698e+01	2.033259014945229382e+01	2.029251801988272774e+01	2.038203030047963082e+01	2.031995507759910069e+01	1.992822248462839596e+01	1.985666648314515825e+01	1.981127962027391121e+01	1.999539370981044328e+01	1.994564773288196236e+01	1.977460826240820424e+01	2.001177128264209060e+01	2.003062607276560669e+01
1.997886042437755805e+01	1.998221573575284893e+01	1.997652728243669173e+01	1.977850687243439154e+01	2.014790385109479587e+01	2.068388060393344929e+01	2.125330757546934990e+01	1.967324821951048008e+01	2.059810678614021384e+01	2.007420501899589738e+01	1.995878546853135305e+01	2.043371391268043524e+01	2.087837391409155430e+01	2.022545847878151548e+01	2.047780713199514935e+01	2.017748436440927762e+01	2.034941309163710699e+01	2.026354008221571945e+01	2.024039187937638218e+01	1.973768693902625415e+01	2.042162349118751052e+01	2.984447790085190277e+01	2.052263217567381304e+01	2.070138834843357500e+01	2.031249862636188652e+01	1.998792481746413685e+01	2.045077384416682520e+01	2.051347688787072698e+01	2.036212772278403804e+01	1.989882996698416662e+01	2.016321928709254507e+01	2.016120623266399292e+01	2.022891326686743696e+01	2.021566299235892927e+01	2.065606122672054923e+01	1.978051109693232945e+01	2.002525310812332293e+01	2.022563948690252289e+01	2.033702175892192443e+01	2.001512429018061212e+01	2.051606769817766818e+01	2.032560044040587144e+01	2.002781947861111078e+01	1.957545279699018081e+01	2.018417613416780654e+01	2.023792151428352426e+01	2.023741503092102434e+01	2.026617170799286782e+01	1.998900856455036745e+01	1.957714005887363840e+01
2.037779715742924935e+01	2.035669459476848075e+01	2.054434803993201086e+01	2.002616379893808585e+01	2.017631760395809337e+01	2.058430417558091463e+01	2.109808429657407558e+01	1.995924221256913356e+01	2.055694738145142964e+01	2.041392331704610186e+01	2.054367187442016984e+01	2.048887677081614456e+01	2.147035821738437988e+01	2.064111524007254772e+01	2.096142099212465126e+01	2.005043379404274972e+01	2.056671907553110401e+01	2.023145246124678920e+01	2.053918731521304863e+01	1.984883962119830514e+01	2.023624420831062665e+01	2.052263217567381304e+01	3.064023491280668310e+01	2.091422953136634533e+01	1.991202398266191409e+01	2.027307790687147460e+01	2.021998176689023197e+01	2.031657269756887629e+01	2.072854072833533223e+01	2.012612228909037171e+01	2.045089943337137584e+01	2.053145171162702809e+01	2.130929350118536902e+01	2.036475691913436492e+01	2.114594265813948581e+01	2.023411252936551108e+01	2.050199176875440443e+01	2.057447797841793857e+01	2.018442984221020708e+01	2.023597863814062237e+01	2.059036976005663533e+01	2.066179302064628942e+01	2.044246359716876427e+01	1.989621908293827346e+01	2.027707239091950697e+01	2.063507014180278887e+01	2.042562771251973075e+01	2.044997424944829234e+01	2.036422678501166672e+01	2.024461241520756616e+01
2.071195086144005515e+01	2.037317764109193163e+01	2.041372101866788569e+01	2.027323318678598696e+01	2.036194862959326102e+01	2.075336410282676525e+01	2.075509252688661377e+01	1.978376094730431944e+01	2.062724240533994191e+01	2.064425742859608803e+01	2.070636911205161113e+01	2.109240260481076135e+01	2.167082592795291518e+01	2.074924332452112452e+01	2.077550852457159536e+01	2.057881805128343089e+01	2.031198099422515568e+01	2.027456519185279049e+01	2.033687146055903483e+01	2.008390711477416701e+01	2.075695605611553773e+01	2.070138834843357500e+01	2.091422953136634533e+01	3.106042665311921880e+01	2.039438543923489178e+01	2.035688752069265206e+01	2.083149858462014592e+01	2.070425313910809706e+01	2.076043923035127037e+01	2.024859406250914517e+01	2.066260241915444951e+01	2.085142750356412833e+01	2.097711627700408599e+01	2.068940223606224649e+01	2.122032643828372045e+01	2.029773957079477498e+01	2.043884661483532028e+01	2.084176506662626949e+01	2.049583341652372681e+01	2.027572154132413829e+01	2.098342787305478296e+01	2.068899332947774283e+01	2.005734084500251413e+01	2.008187674776662490e+01	2.033764332481935710e+01	2.061730488449373411e+01	2.036451354739025277e+01	2.023446793642159847e+01	2.013772973596579874e+01	2.047609111171644614e+01
1.967257931021724104e+01	1.927182405465468307e+01	2.015394170071680335e+01	1.947586313844929862e+01	2.025018522643801333e+01	2.024717932400331222e+01	2.059383735884979316e+01	1.957187971069550159e+01	2.011022035429004617e+01	1.959565016870288900e+01	1.958267242091250182e+01	2.013269669499228343e+01	2.072120144493102956e+01	1.992868983033459429e+01	2.008276944807778364e+01	1.985250232144066018e+01	1.988777504619273273e+01	1.993611996057064317e+01	1.957141098725281481e+01	1.886173274048880089e+01	1.958300690634091978e+01	2.031249862636188652e+01	1.991202398266191409e+01	2.039438543923489178e+01	2.936141683449669060e+01	1.965333679091802566e+01	1.982339273312956252e+01	1.973222758493673368e+01	1.990522897976236649e+01	1.946762077034592409e+01	1.942820999863073084e+01	2.009817385580429416e+01	2.019308154810149247e+01	1.969610108016888006e+01	2.017288602742552683e+01	1.926880619029631703e+01	1.989794565209091459e+01	2.007609253446086583e+01	1.988391197175805303e+01	1.987530531235039888e+01	2.000569319866378493e+01	1.995314249748477664e+01	1.982737838451405210e+01	1.942836196232524770e+01	1.965499579547802966e+01	1.981372153975927120e+01	1.989961972626233333e+01	1.956959188179178000e+01	1.947566292364762930e+01	1.950208853203136883e+01
1.969380367153110711e+01	1.980342307257454237e+01	2.006682620768045666e+01	1.966912088553655380e+01	1.962877879460714325e+01	1.997623477994268626e+01	2.021811579336781861e+01	1.953583570883670717e+01	2.031507446082298074e+01	1.974595805342757870e+01	1.958296393916036493e+01	1.994216357262994777e+01	2.070087579070120753e+01	2.007236371404607667e+01	1.990178877125936197e+01	1.990682753526322202e+01	2.021650848549087698e+01	2.003236297392780685e+01	1.948490154200712965e+01	1.919341459204855838e+01	1.998829841981524069e+01	1.998792481746413685e+01	2.027307790687147460e+01	2.035688752069265206e+01	1.965333679091802566e+01	2.953631962927894961e+01	1.971360631689480769e+01	1.980107603854313325e+01	2.004607081007612379e+01	1.956086888266736423e+01	2.029554402929965562e+01	2.005015921207503737e+01	2.046237443094955211e+01	2.029973257706013712e+01	2.055447899414157220e+01	1.959875516084713354e+01	1.971108383012837706e+01	2.004141510746590527e+01	1.983328357129351716e+01	1.972545159714576712e+01	2.021998464720798339e+01	1.997207355561182496e+01	1.953319267101077727e+01	1.929012132249518530e+01	1.947614315603498980e+01	2.004609550411764118e+01	2.015753748397733602e+01	2.008739065477286800e+01	1.983662231233736861e+01	1.925057262739340658e+01
1.986895950103596320e+01	2.001718971158188864e+01	2.019568064975335631e+01	1.970357391909512046e+01	2.012204005315509292e+01	2.004467044859723757e+01	2.069660322372497774e+01	1.962098607632913883e+01	2.041565175519948028e+01	1.987790236237574604e+01	2.011117890780161588e+01	2.033633810919017648e+01	2.098428165348656904e+01	2.013030284549071069e+01	2.034504986022190565e+01	1.978472812396350022e+01	2.003609887873810180e+01	1.982735340691289139e+01	2.008999787370995804e+01	1.953769524927585977e+01	2.026360455507290936e+01	2.045077384416682520e+01	2.021998176689023197e+01	2.083149858462014592e+01	1.982339273312956252e+01	1.971360631689480769e+01	2.994719323170224357e+01	2.009693598694810035e+01	2.013251932612382333e+01	2.010324299505414913e+01	2.005987172280173070e+01	2.025513493713819813e+01	2.087715972950298138e+01	2.060719201423837177e+01	2.078764323509253487e+01	1.976293105822622920e+01	2.010812833218648876e+01	1.991803570699313752e+01	2.013053837882527120e+01	2.030267349744354632e+01	2.026703100816117953e+01	2.001089873236962191e+01	1.960771233717696305e+01	1.980888939977974061e+01	2.002135436335859353e+01	2.026369696682668220e+01	1.969482217975081539e+01	1.989354168227452746e+01	1.968609440125638699e+01	1.991015615601517652e+01
2.016504291642656810e+01	1.976159794108876966e+01	2.018983339609659566e+01	1.964984059313368903e+01	1.971858566083622577e+01	2.069786145136972877e+01	2.055707812152236613e+01	1.945572040821774706e+01	2.041565397720503228e+01	1.949292235103514770e+01	1.987172201177157049e+01	2.018103348929436436e+01	2.083137661187442191e+01	1.993586632096575784e+01	2.003764141078596595e+01	1.997251164414742775e+01	2.013835095598391334e+01	2.027452969029685548e+01	1.984395354923015020e+01	1.946622619358886297e+01	1.986182402228225996e+01	2.051347688787072698e+01	2.031657269756887629e+01	2.070425313910809706e+01	1.973222758493673368e+01	1.980107603854313325e+01	2.009693598694810035e+01	2.970793007766401317e+01	2.043730351638296838e+01	1.991653430753682130e+01	2.001313546297719981e+01	1.992631550602353485e+01	2.034111837016119040e+01	1.992897221530825647e+01	2.073438422705770634e+01	1.993098825973363830e+01	1.987018702376460766e+01	2.022429135092555441e+01	1.985952384707805507e+01	2.007176252567388985e+01	2.046423602533704766e+01	2.012783342383630725e+01	1.999152027998564662e+01	1.975993092180065247e+01	2.014306002723267852e+01	2.016395361992805491e+01	1.995759537680573459e+01	1.978535972007523114e+01	1.987479014175324465e+01	1.996183048285330841e+01
2.036267725361956593e+01	2.002162197868750226e+01	2.012343394795023599e+01	1.991567905797642268e+01	2.015408596077414316e+01	2.028694330864809814e+01	2.045771844865870293e+01	1.973400979900667096e+01	2.064028177243247342e+01	2.009501451776903380e+01	2.053319143327220431e+01	2.008388948052630241e+01	2.116790423958831369e+01	2.004661235808629982e+01	2.057146744803110749e+01	2.025514205318158290e+01	2.023938668899315019e+01	2.010727290556436131e+01	2.050176881398031625e+01	1.961499682326417116e+01	2.019915565051119799e+01	2.036212772278403804e+01	2.072854072833533223e+01	2.076043923035127037e+01	1.990522897976236649e+01	2.004607081007612379e+01	2.013251932612382333e+01	2.043730351638296838e+01	3.007697464993868053e+01	1.996336751057226166e+01	2.051994737757642540e+01	2.001083657072955901e+01	2.071520482524052298e+01	2.017328420990546789e+01	2.045654568258056116e+01	2.019134652886447157e+01	1.998000262814699823e+01	2.014478500272804595e+01	1.996589254144841874e+01	1.986826622855991431e+01	2.027574853523378096e+01	2.057912553568566594e+01	2.023749124079757422e+01	1.991200523519866650e+01	1.976105509596062149e+01	2.011459864706735345e+01	2.018572110881492776e+01	2.043573954831102668e+01	1.997233426206107865e+01	1.983821451649660617e+01
1.972333262571738288e+01	1.952245243905471739e+01	1.978329432540710897e+01	1.898458122239503254e+01	1.942916300585085665e+01	1.981893775610821251e+01	2.040043251552833681e+01	1.924223708424435131e+01	2.013446784315154758e+01	1.937657026999137599e+01	1.977833301268590915e+01	1.979252281210995434e+01	2.095562098167992460e+01	1.984717527094821321e+01	1.973508905396846558e+01	1.950608878421017423e+01	1.987630498178411642e+01	1.979726549072918118e+01	1.925640597108095164e+01	1.887040345544797049e+01	1.957016429571129379e+01	1.989882996698416662e+01	2.012612228909037171e+01	2.024859406250914517e+01	1.946762077034592409e+01	1.956086888266736423e+01	2.010324299505414913e+01	1.991653430753682130e+01	1.996336751057226166e+01	2.901894722972230767e+01	1.959066825528655897e+01	1.996311328265056417e+01	2.020209601961908419e+01	1.981590011346794711e+01	2.047689784706887295e+01	1.954648701623552753e+01	1.970215126355436652e+01	1.971639380609279613e+01	1.978948468729484844e+01	1.964713848349633807e+01	2.026368988296779605e+01	1.965804274968066423e+01	1.901288051752177566e+01	1.932377589995857647e+01	1.948086391263736417e+01	2.024685300439510627e+01	1.988715291589420531e+01	1.952599995266409039e+01	1.946316770834821597e+01	1.954711555368173848e+01
2.025061511541026249e+01	1.973543543057932581e+01	2.014932806531856002e+01	1.969263361015602953e+01	1.964922222355897574e+01	2.015247875250319964e+01	2.087947390231546407e+01	1.973211014332647295e+01	2.031340015230233575e+01	1.974070446843228765e+01	1.990262412250083557e+01	1.973029317219291556e+01	2.095061403075259321e+01	2.008057451964299034e+01	2.070291069608793677e+01	2.015127358636690147e+01	2.032076133646858906e+01	2.008633902159813189e+01	2.011561552960496613e+01	1.972013915394520822e+01	2.011930205122589044e+01	2.016321928709254507e+01	2.045089943337137584e+01	2.066260241915444951e+01	1.942820999863073084e+01	2.029554402929965562e+01	2.005987172280173070e+01	2.001313546297719981e+01	2.051994737757642540e+01	1.959066825528655897e+01	3.010494740137453462e+01	1.970348044507332474e+01	2.019463673245579827e+01	2.031345765957821925e+01	2.034944917742097559e+01	1.966832288462829226e+01	2.006839077085698619e+01	2.017860034007065195e+01	2.027965809976508993e+01	1.972657978088964370e+01	2.045756786518055392e+01	2.045812486442109090e+01	1.922956204228145083e+01	1.987038969224096974e+01	1.993370286322600649e+01	2.014091255555898030e+01	1.989915014938890891e+01	1.985979357588063010e+01	1.981654082117637472e+01	1.974849935274306745e+01
1.947727381772160626e+01	1.988697396863550182e+01	2.029890275930974752e+01	1.964811911593266913e+01	2.004391440204343056e+01	2.008292174848791589e+01	2.076282745100198923e+01	1.943658022203732472e+01	2.015230809981297000e+01	1.997202099990020230e+01	2.026383314904315114e+01	1.996202879393322505e+01	2.082078220936278612e+01	2.013362023779449927e+01	2.074621972605821085e+01	1.948075767049364160e+01	2.043346012704719428e+01	2.049226522094802050e+01	1.972297976585078061e+01	1.970270224222836930e+01	1.999472174122603718e+01	2.016120623266399292e+01	2.053145171162702809e+01	2.085142750356412833e+01	2.009817385580429416e+01	2.005015921207503737e+01	2.025513493713819813e+01	1.992631550602353485e+01	2.001083657072955901e+01	1.996311328265056417e+01	1.970348044507332474e+01	2.992021448692698016e+01	2.027333916325211405e+01	2.062832360423923106e+01	2.044697886570566681e+01	2.005375827473459438e+01	1.963993027387874690e+01	2.045907162559550585e+01	1.992081979391041102e+01	1.979545705306769321e+01	2.069858405667742218e+01	2.059956948227520002e+01	2.007095404960324103e+01	1.992981215831571262e+01	1.995816243957018798e+01	2.030795939145808049e+01	2.007824555950825740e+01	2.013837506794510901e+01	1.963632722088312121e+01	1.973039361639019873e+01
