2.968148477983211464e+01	2.011507896760708647e+01	2.002275861912843524e+01	2.064261373176505643e+01	1.999895084438011850e+01	2.003593127004148045e+01	1.997578281485004936e+01	1.988795325816921888e+01	1.993685450426921335e+01	2.023580598111865214e+01	1.952401486806396846e+01	2.001974482852272175e+01	2.019532282068915308e+01	1.973766107850249796e+01	1.997579448237107513e+01	1.922521123263148723e+01	1.970123107583140154e+01	2.008508259360927184e+01	2.000037832751474198e+01	1.958389223611839469e+01	1.996780418770651622e+01	1.992464275729443912e+01	2.017248324167921325e+01	2.059629613618082544e+01	2.031038823664198389e+01	1.946402449939724377e+01	1.986988045175933948e+01	1.941906169118629677e+01	2.041082992312341560e+01	2.012712706193222800e+01	2.018812528715515953e+01	1.998005834206642817e+01	1.954373156720449245e+01	2.051642207092347903e+01	1.978235442905056374e+01	1.979888367344001665e+01	1.967712656380253833e+01	2.034052793663450842e+01	2.017715063654575403e+01	2.050634731554962542e+01	1.983250519838524539e+01	2.033597503256455141e+01	1.991167120284446312e+01	2.029247350487733215e+01	2.032010084060214083e+01	1.994412862011208887e+01	1.957240468818231349e+01	2.007466266662078169e+01	1.984141128937114473e+01	1.973666034427048643e+01
2.011507896760708647e+01	3.071193815470861566e+01	2.007334802396389861e+01	2.063355709242423686e+01	1.970194192885349693e+01	2.017971664707215496e+01	2.014345260293606543e+01	2.028143887877205387e+01	2.030888824611459498e+01	1.998253039486527527e+01	1.990462975255579181e+01	2.040439925450361969e+01	2.047586711609868360e+01	1.973313263236413917e+01	2.018875829937173805e+01	1.966677203537799556e+01	2.028946620613699992e+01	2.058542246269244202e+01	1.996753627355968419e+01	2.007478278902868851e+01	2.034337909167669878e+01	2.038879573656677380e+01	2.014880808425379755e+01	2.076746895770937584e+01	2.031924490690241214e+01	1.955067148213339578e+01	1.967591081092563243e+01	1.960324535089710807e+01	2.062133289643433187e+01	2.027744204951584805e+01	2.037574491120296827e+01	2.021470785533788117e+01	1.996398444348276868e+01	2.081373197096192484e+01	2.002350710715585436e+01	2.002525885141868756e+01	1.961438887237321893e+01	2.039362769644059981e+01	2.009644484177297485e+01	2.046431199353904518e+01	2.058258403911610301e+01	2.064075536145437439e+01	1.995135291104888609e+01	2.021861002887529324e+01	2.046885014806372993e+01	2.027687608035384059e+01	2.003187846856056709e+01	2.040099880358271278e+01	2.023671236299239595e+01	2.017157306125091054e+01
2.002275861912843524e+01	2.007334802396389861e+01	2.983206350147241892e+01	2.041277194460264965e+01	1.970120647195022201e+01	1.963966474492413994e+01	1.962173819924457518e+01	2.020912568477773164e+01	1.946714188368562759e+01	1.999974778018170696e+01	1.904804237177515702e+01	2.000247187388651682e+01	2.013126505382320630e+01	1.975514811854895214e+01	1.996391824449917252e+01	1.939686388222254720e+01	1.967419533574302903e+01	2.024343781060813896e+01	1.980655491596116136e+01	1.946368782397457409e+01	1.998410004274670371e+01	2.005804965449530641e+01	2.023956786440549038e+01	2.008943440351427157e+01	2.031513399777037421e+01	1.940050267927959737e+01	1.966372005707200543e+01	1.948876778397462317e+01	1.960061543084569280e+01	1.991532620035695089e+01	2.000589901379889923e+01	2.011757514083160103e+01	1.936498344802940963e+01	2.020121307299801572e+01	1.987738937566813036e+01	1.972594613769090799e+01	1.934886202213931128e+01	1.987450832506251075e+01	2.023597911802812277e+01	2.049955826980040996e+01	2.017863477212712908e+01	2.019719586565298997e+01	1.993356259450891343e+01	2.052556193907106774e+01	2.009570179447104366e+01	1.979104559988202183e+01	1.945453093284898927e+01	1.965526825661398291e+01	1.969338411433649938e+01	1.980959815428791870e+01
2.064261373176505643e+01	2.063355709242423686e+01	2.041277194460264965e+01	3.115549608792982639e+01	1.991948355105580859e+01	2.047128287233843125e+01	2.035086402989819732e+01	2.039835089657306000e+01	2.074099142394961603e+01	2.065200201057709251e+01	2.030677407806457779e+01	2.086448006660040733e+01	2.077030033735100645e+01	2.066752094463667788e+01	2.063936923358191677e+01	1.987673554180171820e+01	2.025728696629902004e+01	2.082050735704343936e+01	2.067061365288246577e+01	2.041454570905387200e+01	2.043457715192958446e+01	2.069729076775056242e+01	2.057579431442305307e+01	2.122455308836620702e+01	2.086070755025253476e+01	2.017276920735285728e+01	1.988039693343180048e+01	2.004225899732456995e+01	2.022466734586928183e+01	2.068824366077281240e+01	2.063667540172249915e+01	2.096108715456059102e+01	2.014169520942509806e+01	2.120989511648722470e+01	2.022371671190224163e+01	2.020733268955237705e+01	1.994730650278577500e+01	2.087042515878574278e+01	2.053508842629480569e+01	2.096857586648649630e+01	2.079783061614915241e+01	2.074678285449482473e+01	2.026382660980118544e+01	2.082419173444015570e+01	2.067091223104387154e+01	2.013363919069664831e+01	2.017711627659902973e+01	2.032933265493807440e+01	2.040257685950438926e+01	2.041022695665964193e+01
1.999895084438011850e+01	1.970194192885349693e+01	1.970120647195022201e+01	1.991948355105580859e+01	2.933474238719226790e+01	2.011341844233687226e+01	1.985461547570402274e+01	1.987486283837381507e+01	1.997961008853424048e+01	1.979779278838018897e+01	1.942253936257750269e+01	1.997300707551687893e+01	2.021235967422155966e+01	2.004963636402346694e+01	2.012295109779277524e+01	1.953439914293377555e+01	1.984779910696586569e+01	2.008176308819505707e+01	1.972209651690157983e+01	1.940790320939364832e+01	2.008629500776824273e+01	2.009423587584674209e+01	1.988086613319034512e+01	2.044645620855201074e+01	2.011548220382735508e+01	1.924039735286856967e+01	1.984335956011738844e+01	1.952929907599051162e+01	1.986800625904418993e+01	1.960233459381245780e+01	2.026619400999209830e+01	1.985152554081154719e+01	1.978718450660974781e+01	2.023271739106510125e+01	1.933713066419041837e+01	1.989371189941698503e+01	1.942633086251267471e+01	2.024668481194323277e+01	2.016849489936813100e+01	2.010035875623725588e+01	1.977251681112808157e+01	2.008311378631963962e+01	1.969553567825939666e+01	2.024030497541357221e+01	1.998465930267800061e+01	1.995891586015612873e+01	1.955985954158406415e+01	1.963974014982248306e+01	1.984192581276757750e+01	1.953972803680437309e+01
2.003593127004148045e+01	2.017971664707215496e+01	1.963966474492413994e+01	2.047128287233843125e+01	2.011341844233687226e+01	2.953048665535964190e+01	1.960199016302210850e+01	2.028005815676364421e+01	1.993857628473877597e+01	1.997438125431781586e+01	1.975694545408356717e+01	2.002491990916891140e+01	2.023315285265815788e+01	1.975268596462549908e+01	1.999734230452086692e+01	1.936081757104440726e+01	2.011327961834882672e+01	2.024711990325434385e+01	2.004966649512177668e+01	1.946120580693976976e+01	1.996946868808525011e+01	1.976838734814245413e+01	2.014937168114053989e+01	2.034464333112210710e+01	2.029630968471851560e+01	1.926298322434799104e+01	1.996090748365436696e+01	1.952201814280272174e+01	1.992074803350082490e+01	1.996162136442158896e+01	2.007236482451830639e+01	2.023949630974430391e+01	2.002260522043725999e+01	2.067293124581753361e+01	1.968727325930298377e+01	1.971348939528413169e+01	2.001477038634704542e+01	2.048786375746892219e+01	2.013274485523677981e+01	2.009687223294874059e+01	2.057491395232664289e+01	2.018877209152342189e+01	1.955379219711677052e+01	2.029026953211388218e+01	2.014320544142610458e+01	2.002333888030543818e+01	1.949632545258583960e+01	2.014848114036310989e+01	1.973542946858229996e+01	1.948481462750267568e+01
1.997578281485004936e+01	2.014345260293606543e+01	1.962173819924457518e+01	2.035086402989819732e+01	1.985461547570402274e+01	1.960199016302210850e+01	2.929565685522724294e+01	1.983956789365078066e+01	1.995273516891682064e+01	2.001129216552342527e+01	1.981513155648843849e+01	2.010516169118273311e+01	2.026065238620475384e+01	1.966222115210191745e+01	1.964272669109578473e+01	1.958843717838594145e+01	1.994185686419707793e+01	2.017103946384075286e+01	2.007498508624273725e+01	1.920658527376229685e+01	2.005758733792336557e+01	2.010814498004092599e+01	1.997836342927106656e+01	2.024092979589672225e+01	2.003136112776906685e+01	1.942854894018492828e+01	1.957527170874416811e+01	1.984459734908090667e+01	1.960097699419048922e+01	1.988733902502145412e+01	2.021795291788103910e+01	1.966072109737272200e+01	1.957382129179034891e+01	2.042863262813528635e+01	1.948833914160057290e+01	1.975910882471173835e+01	2.012483571222725942e+01	1.965751432464291426e+01	2.013100519741721328e+01	2.003665683477533932e+01	1.987634013679411282e+01	1.999959740487313908e+01	1.988053638363782483e+01	1.980134586806357433e+01	1.976143742528049430e+01	2.012406549729341876e+01	1.966314322629185440e+01	1.989899887659028721e+01	2.004868017597711827e+01	1.959360785458106236e+01
1.988795325816921888e+01	2.028143887877205387e+01	2.020912568477773164e+01	2.039835089657306000e+01	1.987486283837381507e+01	2.028005815676364421e+01	1.983956789365078066e+01	3.024183967743318036e+01	2.035277139812561842e+01	2.044117412230543707e+01	1.975201962297131075e+01	2.026142082162763103e+01	2.047346555770446841e+01	2.002098460143491820e+01	2.028138272393346142e+01	1.987235944822478118e+01	2.008175235961718386e+01	2.044652895886758159e+01	2.013148011908037560e+01	1.952871889941252448e+01	1.983857540605083258e+01	2.013068599283904803e+01	1.987255277567588863e+01	2.064285178837158696e+01	2.024283355416452324e+01	1.946943843879784808e+01	1.964601789274010457e+01	1.994078132926039260e+01	1.976423216868158406e+01	2.008018772854861922e+01	2.041502242380027710e+01	2.009182296894325148e+01	2.003760982756642051e+01	2.060725070840913276e+01	1.974085501577242496e+01	1.994390281502358420e+01	1.970137406146419323e+01	2.052708794831777439e+01	2.035416190124555058e+01	2.088846868524162304e+01	2.027275904622431213e+01	2.041289650182542204e+01	1.983894630281772820e+01	2.064608005355977127e+01	2.029364823334360679e+01	2.018570391326812441e+01	1.921350706909129258e+01	1.970510610475195534e+01	1.962867348784341814e+01	1.973367319665304720e+01
1.993685450426921335e+01	2.030888824611459498e+01	1.946714188368562759e+01	2.074099142394961603e+01	1.997961008853424048e+01	1.993857628473877597e+01	1.995273516891682064e+01	2.035277139812561842e+01	2.982365797071886249e+01	2.013536803174281076e+01	1.929719653272246305e+01	1.988327710997004516e+01	2.002149255550633100e+01	1.974035307059032718e+01	2.011435794864361171e+01	1.949591797006398153e+01	1.985910854622359167e+01	2.042394600527777726e+01	2.010605671223052937e+01	1.950591871291217672e+01	2.013844442399590307e+01	2.005433102002436030e+01	2.018324616072990807e+01	2.036194317293125167e+01	2.015776636642856090e+01	1.944145982353754576e+01	1.956523513004320236e+01	1.956357574779145381e+01	2.009068853825581158e+01	2.006876138143740818e+01	2.054522109996351986e+01	1.955991682671613319e+01	1.991503251729731971e+01	2.021894969909377338e+01	1.926890601139786341e+01	1.970658727909698271e+01	1.969487730564317118e+01	2.031118380884633368e+01	1.986058543343886029e+01	2.025606612356012803e+01	2.032847037719282923e+01	2.018688227900332066e+01	2.010963163770345474e+01	2.059905444216034098e+01	2.013195587146569920e+01	1.978763865277501210e+01	1.963093838240030564e+01	2.006116611084550172e+01	1.988316192373560654e+01	1.968340929090291169e+01
2.023580598111865214e+01	1.998253039486527527e+01	1.999974778018170696e+01	2.065200201057709251e+01	1.979779278838018897e+01	1.997438125431781586e+01	2.001129216552342527e+01	2.044117412230543707e+01	2.013536803174281076e+01	2.987374478320838023e+01	1.977112594435348569e+01	1.988921692753370607e+01	2.035737349209308178e+01	2.012443104708941277e+01	2.020793830954517745e+01	1.961260905993801984e+01	2.011914007874865007e+01	2.004302419068509877e+01	2.036697161901351905e+01	1.947661828211468560e+01	2.006622581944831296e+01	1.973966287256203245e+01	2.014199403337386585e+01	2.063208406374427284e+01	2.029276331490179075e+01	1.962706191124396682e+01	1.998939136950239259e+01	1.991670160263803879e+01	2.018615485911157137e+01	2.017268117528876914e+01	2.019619100919278765e+01	1.991139596325039207e+01	1.992022876693500422e+01	2.077525109482811061e+01	1.969916457500247375e+01	1.987350723302278510e+01	2.024047647235034120e+01	2.050905824221635854e+01	2.034199879509974451e+01	2.039364272890570362e+01	2.004323883936579875e+01	2.049780825905684267e+01	1.972370372901645652e+01	2.060153302479796622e+01	2.047431015306115754e+01	2.008680523554588149e+01	1.997367797945720724e+01	1.972838629576723335e+01	2.005987482709952729e+01	2.014631945498134868e+01
1.952401486806396846e+01	1.990462975255579181e+01	1.904804237177515702e+01	2.030677407806457779e+01	1.942253936257750269e+01	1.975694545408356717e+01	1.981513155648843849e+01	1.975201962297131075e+01	1.929719653272246305e+01	1.977112594435348569e+01	2.904652296751451246e+01	1.928381586519529733e+01	2.001059267227243765e+01	1.951286554597976419e+01	1.961685537522799549e+01	1.930573134230344934e+01	1.950479846676639895e+01	1.995012921538367223e+01	1.941785144226287230e+01	1.954786477708665160e+01	1.939952626732429408e+01	1.953944962648626316e+01	1.973530495602371815e+01	1.984056509407797364e+01	2.006446061754833821e+01	1.859764779926626943e+01	1.951004714905860382e+01	1.927714398554642017e+01	1.966291478927290015e+01	1.970340183359409281e+01	1.951660890610621379e+01	1.945235593566219379e+01	1.917038844329959346e+01	2.016536188284959152e+01	1.963831018801548467e+01	1.962250556361230380e+01	1.949975718737485053e+01	1.979451148675097372e+01	1.980292555457632986e+01	2.007409242040134956e+01	1.978121901376548664e+01	1.987186674969976607e+01	1.933235096167231504e+01	1.996672702121104948e+01	1.972734341785018941e+01	1.987228777863322549e+01	1.902675670372179439e+01	1.935680587454559642e+01	1.954425907300097975e+01	1.918004389319737157e+01
2.001974482852272175e+01	2.040439925450361969e+01	2.000247187388651682e+01	2.086448006660040733e+01	1.997300707551687893e+01	2.002491990916891140e+01	2.010516169118273311e+01	2.026142082162763103e+01	1.988327710997004516e+01	1.988921692753370607e+01	1.928381586519529733e+01	2.980238507176352769e+01	2.023391230175210254e+01	1.957819291149371566e+01	2.002738643828130094e+01	1.962935377121097957e+01	1.959842760580368193e+01	2.038580219575570140e+01	2.005162753778129314e+01	1.989242783103011192e+01	2.022413928742062339e+01	1.993895225910493707e+01	1.983910165576929074e+01	2.045601901737720851e+01	2.011446514844687172e+01	1.961965165104456688e+01	1.972777105771095307e+01	1.933456887777245115e+01	2.010764668962347201e+01	2.000114629644540898e+01	2.036496060581370671e+01	1.979189881865424638e+01	1.995040530993777494e+01	2.046487351752523765e+01	2.033293420409477292e+01	2.011673495037440418e+01	2.003235357223093871e+01	2.021443350779944836e+01	1.981268621175974687e+01	2.048429894336396728e+01	2.004042849690420880e+01	1.998469405017893408e+01	2.011700854965493690e+01	2.048572213292133881e+01	1.983751662817187267e+01	2.029656183203990238e+01	1.962981604574563832e+01	1.997013646452332836e+01	2.009392017267863295e+01	1.937170166666220439e+01
2.019532282068915308e+01	2.047586711609868360e+01	2.013126505382320630e+01	2.077030033735100645e+01	2.021235967422155966e+01	2.023315285265815788e+01	2.026065238620475384e+01	2.047346555770446841e+01	2.002149255550633100e+01	2.035737349209308178e+01	2.001059267227243765e+01	2.023391230175210254e+01	3.020140205395944477e+01	2.011219323102461232e+01	2.031156981165755582e+01	1.979834307203135424e+01	2.020067845255348615e+01	2.041728005628903020e+01	2.018690876836289405e+01	1.977993525267138253e+01	2.017445411858008697e+01	2.059713002038030538e+01	2.023252322754026267e+01	2.066056901826754810e+01	2.028668920848792112e+01	1.938792891943175434e+01	1.990174636555924081e+01	1.988145256685917772e+01	2.052986317067180266e+01	2.006616215893160415e+01	2.045675073396494881e+01	2.048152324733676011e+01	1.998413196669458713e+01	2.074416238642297117e+01	2.033624382214672011e+01	1.978450316029003986e+01	2.051669869545746394e+01	2.056490121685740391e+01	2.033545314946681515e+01	2.044090270458621461e+01	2.013497358695648742e+01	2.043689404094119766e+01	2.021738632737645247e+01	2.032096092840941282e+01	2.046108017215257036e+01	2.032834009436627198e+01	1.958537795713727903e+01	2.009723441841154212e+01	2.020646151962262138e+01	2.001742798595349981e+01
1.973766107850249796e+01	1.973313263236413917e+01	1.975514811854895214e+01	2.066752094463667788e+01	2.004963636402346694e+01	1.975268596462549908e+01	1.966222115210191745e+01	2.002098460143491820e+01	1.974035307059032718e+01	2.012443104708941277e+01	1.951286554597976419e+01	1.957819291149371566e+01	2.011219323102461232e+01	2.990759714655158419e+01	2.017357857193093906e+01	1.959294433960823056e+01	1.908577339574840792e+01	1.970370340680120336e+01	1.987020059824451579e+01	1.931233508523300202e+01	1.958707799036517727e+01	2.013927931321306630e+01	2.023521937140358773e+01	2.031409129681652814e+01	1.993524753949946415e+01	1.958355336886229026e+01	1.967917253838184166e+01	1.921089331732054717e+01	1.978853909066616268e+01	1.962271617172622129e+01	2.011115918411692505e+01	1.993225668719055221e+01	1.934373939475277027e+01	2.062801791327063228e+01	1.944528516852630418e+01	1.972822830257938875e+01	1.939916095692209552e+01	2.004508230950578351e+01	2.006360907483404787e+01	2.037882003042842882e+01	1.945362250040108876e+01	2.003464027958934679e+01	1.927730394261385527e+01	2.005739092116344224e+01	2.033003384353039067e+01	1.930257623053790894e+01	1.930573585189828023e+01	1.988765842373424420e+01	1.951692693541788870e+01	2.005054987613843309e+01
1.997579448237107513e+01	2.018875829937173805e+01	1.996391824449917252e+01	2.063936923358191677e+01	2.012295109779277524e+01	1.999734230452086692e+01	1.964272669109578473e+01	2.028138272393346142e+01	2.011435794864361171e+01	2.020793830954517745e+01	1.961685537522799549e+01	2.002738643828130094e+01	2.031156981165755582e+01	2.017357857193093906e+01	3.009988937368337503e+01	1.976826259278299602e+01	1.962892938320669955e+01	2.009598248850721802e+01	2.012823118586693383e+01	1.968100107775928365e+01	2.018385809999388059e+01	2.069472902748096033e+01	1.996140095527496783e+01	2.084023725990181930e+01	2.050604060388854322e+01	1.945301414678260343e+01	1.983411043638064442e+01	1.983653303480524244e+01	2.015192816128065090e+01	1.974102468975032565e+01	2.037336252437903283e+01	2.032910030924644573e+01	1.999473769553751623e+01	2.045165393907471696e+01	2.006761152556056160e+01	1.984609561045018467e+01	2.012292202486160519e+01	2.028946204137251286e+01	2.022915099641460657e+01	2.037513766236473600e+01	2.002425983239904639e+01	2.009524792635782120e+01	1.991684281476049634e+01	2.083616034242819026e+01	2.003799641489711902e+01	2.025689449707476797e+01	1.965142788423679576e+01	2.044909444649943708e+01	1.971036446714069257e+01	1.994208070413850109e+01
1.922521123263148723e+01	1.966677203537799556e+01	1.939686388222254720e+01	1.987673554180171820e+01	1.953439914293377555e+01	1.936081757104440726e+01	1.958843717838594145e+01	1.987235944822478118e+01	1.949591797006398153e+01	1.961260905993801984e+01	1.930573134230344934e+01	1.962935377121097957e+01	1.979834307203135424e+01	1.959294433960823056e+01	1.976826259278299602e+01	2.855845391365356178e+01	1.974663424719762617e+01	2.014388456664681470e+01	1.983735971060570691e+01	1.904824353543759941e+01	1.959292335969549725e+01	1.995264785891209058e+01	1.946826840056814234e+01	1.956753527869314624e+01	2.005094431515131248e+01	1.917783479257496637e+01	1.925586009740107940e+01	1.934353856671505056e+01	1.945997730929515512e+01	1.974437397163421792e+01	2.013271291384551631e+01	1.965688623646296307e+01	1.940272883509855717e+01	2.005485980269822477e+01	1.924293422517921215e+01	1.963125277518864209e+01	1.969875301429828696e+01	1.988474098558328507e+01	1.998345078559301768e+01	2.020964878577366619e+01	1.954508884964168658e+01	2.001268676759306331e+01	1.937696702465447274e+01	2.002996428235895365e+01	1.971000857528938255e+01	1.957188577605695201e+01	1.901262884786722651e+01	1.970374224503028415e+01	1.957966049493708027e+01	1.904770951488190889e+01
1.970123107583140154e+01	2.028946620613699992e+01	1.967419533574302903e+01	2.025728696629902004e+01	1.984779910696586569e+01	2.011327961834882672e+01	1.994185686419707793e+01	2.008175235961718386e+01	1.985910854622359167e+01	2.011914007874865007e+01	1.950479846676639895e+01	1.959842760580368193e+01	2.020067845255348615e+01	1.908577339574840792e+01	1.962892938320669955e+01	1.974663424719762617e+01	2.988857576122881454e+01	1.998406615184035573e+01	2.010020221170590204e+01	1.941215778615610432e+01	1.978046935293884800e+01	2.026288217439520167e+01	2.035391553773134277e+01	2.032555728641114712e+01	2.020816673816126396e+01	1.908415922200343928e+01	1.961995018216608955e+01	1.910582790462549241e+01	1.980312299699272316e+01	2.012970015934453016e+01	2.020111743886528899e+01	1.988953232774324320e+01	1.967638902408572577e+01	2.082656861026736905e+01	1.940594062282831089e+01	1.968924837318633791e+01	1.979519568225789072e+01	2.001028973745943418e+01	1.995043939204273897e+01	2.019403611592815651e+01	1.991180198662285861e+01	2.031517277732200100e+01	1.991111000050314317e+01	2.067455394029311933e+01	2.049351467159909390e+01	2.023446911630728451e+01	1.974936906289877570e+01	1.961294984801538632e+01	1.974495466544718525e+01	1.941416701256301636e+01
2.008508259360927184e+01	2.058542246269244202e+01	2.024343781060813896e+01	2.082050735704343936e+01	2.008176308819505707e+01	2.024711990325434385e+01	2.017103946384075286e+01	2.044652895886758159e+01	2.042394600527777726e+01	2.004302419068509877e+01	1.995012921538367223e+01	2.038580219575570140e+01	2.041728005628903020e+01	1.970370340680120336e+01	2.009598248850721802e+01	2.014388456664681470e+01	1.998406615184035573e+01	3.001321918877958339e+01	2.062514533419609464e+01	2.027719420702205610e+01	2.037799833752304934e+01	2.018919958322254260e+01	2.012268028231211048e+01	2.053047969617890800e+01	2.054813914080042991e+01	1.963088702400195373e+01	1.967603542498276425e+01	2.005266348149918088e+01	2.018951406016160632e+01	2.019060187639669834e+01	2.068646740743572465e+01	2.042043383757496500e+01	1.992893337481129379e+01	2.078261646277590913e+01	2.021154787764287519e+01	2.018160350318922980e+01	1.974977750912578500e+01	2.052872212423338638e+01	2.080012874205645446e+01	2.082008190299062633e+01	2.104861845752061811e+01	2.029101898807564908e+01	2.024078098663590097e+01	2.037251256037999880e+01	2.041121272096447115e+01	2.048295966863910778e+01	2.011148899590677885e+01	2.040102426651040801e+01	2.032989676469638241e+01	1.948772451399762318e+01
2.000037832751474198e+01	1.996753627355968419e+01	1.980655491596116136e+01	2.067061365288246577e+01	1.972209651690157983e+01	2.004966649512177668e+01	2.007498508624273725e+01	2.013148011908037560e+01	2.010605671223052937e+01	2.036697161901351905e+01	1.941785144226287230e+01	2.005162753778129314e+01	2.018690876836289405e+01	1.987020059824451579e+01	2.012823118586693383e+01	1.983735971060570691e+01	2.010020221170590204e+01	2.062514533419609464e+01	3.005307092737205110e+01	1.987055531558921473e+01	2.019051221480621905e+01	2.022736585985407487e+01	2.002369514301499365e+01	2.077956637065086198e+01	2.012040761896632191e+01	1.947272660188322035e+01	1.968435101245775698e+01	1.967688325086595214e+01	2.015842637953169003e+01	1.992749097775188005e+01	2.015281506274125434e+01	2.043984839687710675e+01	2.008714181880533900e+01	2.078912013130584668e+01	1.970718275874491354e+01	1.999852014365061237e+01	1.995937944026352540e+01	2.052642098147450156e+01	2.041507284057662019e+01	2.062181008718980024e+01	2.012729940568326725e+01	2.035832105817128479e+01	2.019392010023023332e+01	2.034809768420867115e+01	2.027108391286443023e+01	2.006181076656779183e+01	1.983238943161427414e+01	2.000067349223660429e+01	2.000286858516776434e+01	1.988681094215255740e+01
1.958389223611839469e+01	2.007478278902868851e+01	1.946368782397457409e+01	2.041454570905387200e+01	1.940790320939364832e+01	1.946120580693976976e+01	1.920658527376229685e+01	1.952871889941252448e+01	1.950591871291217672e+01	1.947661828211468560e+01	1.954786477708665160e+01	1.989242783103011192e+01	1.977993525267138253e+01	1.931233508523300202e+01	1.968100107775928365e+01	1.904824353543759941e+01	1.941215778615610432e+01	2.027719420702205610e+01	1.987055531558921473e+01	2.873140941932085113e+01	1.950147744949619977e+01	2.009433318564098769e+01	1.973540184742358861e+01	2.026082882400542218e+01	2.012365516707170343e+01	1.869949188141987761e+01	1.921350182980624410e+01	1.931996998238079399e+01	1.978854721518884929e+01	1.936404845252762996e+01	2.016625641119674839e+01	1.974336637907284597e+01	1.931269332731896782e+01	2.001876449201124686e+01	1.931521366545673857e+01	1.970709933111601231e+01	1.929448935745647375e+01	2.011431824598323814e+01	1.973998364053480614e+01	2.002790677110080964e+01	1.987713127847587913e+01	2.016503342238797813e+01	1.975098062134121335e+01	1.998671158919079005e+01	2.001727221303897508e+01	1.972564152775045798e+01	1.914385522633223502e+01	1.968698396171711806e+01	1.962083852695526076e+01	1.973282705723149988e+01
1.996780418770651622e+01	2.034337909167669878e+01	1.998410004274670371e+01	2.043457715192958446e+01	2.008629500776824273e+01	1.996946868808525011e+01	2.005758733792336557e+01	1.983857540605083258e+01	2.013844442399590307e+01	2.006622581944831296e+01	1.939952626732429408e+01	2.022413928742062339e+01	2.017445411858008697e+01	1.958707799036517727e+01	2.018385809999388059e+01	1.959292335969549725e+01	1.978046935293884800e+01	2.037799833752304934e+01	2.019051221480621905e+01	1.950147744949619977e+01	2.992182230406168131e+01	2.016266086863753060e+01	2.027688878443838050e+01	2.090948513888602278e+01	2.024101101554382964e+01	1.935577301092020974e+01	1.927532443445261379e+01	1.992728523048339895e+01	2.005812352409396482e+01	1.979241154757834664e+01	2.003267616206507284e+01	2.011306258972641814e+01	1.960231703008776094e+01	2.075120599891938511e+01	1.963065045661164021e+01	1.982119981565659828e+01	1.990223427447914162e+01	2.063938019774728261e+01	2.056634673485950771e+01	2.020796866769695299e+01	1.995737834237174724e+01	2.017568664955863866e+01	2.001002510364399711e+01	2.036488794184603890e+01	1.999538221572705510e+01	2.023006165903757747e+01	2.013716141397296155e+01	1.984195869965772374e+01	2.001574585977375520e+01	1.996000417232051305e+01
1.992464275729443912e+01	2.038879573656677380e+01	2.005804965449530641e+01	2.069729076775056242e+01	2.009423587584674209e+01	1.976838734814245413e+01	2.010814498004092599e+01	2.013068599283904803e+01	2.005433102002436030e+01	1.973966287256203245e+01	1.953944962648626316e+01	1.993895225910493707e+01	2.059713002038030538e+01	2.013927931321306630e+01	2.069472902748096033e+01	1.995264785891209058e+01	2.026288217439520167e+01	2.018919958322254260e+01	2.022736585985407487e+01	2.009433318564098769e+01	2.016266086863753060e+01	3.002853716863327449e+01	2.047103730049622072e+01	2.083402394306412120e+01	2.062546975582893438e+01	1.938985064980739637e+01	1.973280004112824315e+01	1.972527526241845308e+01	2.017025309078151096e+01	2.040634156704321711e+01	2.055177629680714801e+01	2.020688144156431321e+01	1.984538323031515361e+01	2.083730310281561771e+01	1.990663193284086319e+01	2.011672838139326558e+01	2.029818721982567453e+01	2.088392009342846833e+01	2.028444511821598084e+01	2.055580798357951267e+01	2.017665184747354346e+01	2.065535854863216159e+01	1.990896532246011574e+01	2.060665211348655390e+01	2.016547195930404257e+01	2.007928228136516324e+01	1.966539126318358655e+01	2.022579223467111120e+01	2.031421007390699529e+01	1.987341135275320880e+01
2.017248324167921325e+01	2.014880808425379755e+01	2.023956786440549038e+01	2.057579431442305307e+01	1.988086613319034512e+01	2.014937168114053989e+01	1.997836342927106656e+01	1.987255277567588863e+01	2.018324616072990807e+01	2.014199403337386585e+01	1.973530495602371815e+01	1.983910165576929074e+01	2.023252322754026267e+01	2.023521937140358773e+01	1.996140095527496783e+01	1.946826840056814234e+01	2.035391553773134277e+01	2.012268028231211048e+01	2.002369514301499365e+01	1.973540184742358861e+01	2.027688878443838050e+01	2.047103730049622072e+01	3.007183715269095003e+01	2.066218902913195521e+01	2.030503046139294199e+01	1.916388358017355031e+01	1.959905296352826554e+01	1.919492929304359663e+01	2.017302183854804198e+01	1.967251538775454378e+01	1.993467849385737267e+01	2.007686366158482016e+01	1.958264780815344608e+01	2.050327907622432377e+01	1.980389296306221070e+01	1.988561831220049214e+01	1.983951373480130087e+01	1.992092572959078467e+01	2.047184037185147787e+01	2.097976538842882022e+01	2.001338223489086232e+01	1.994038531133268677e+01	1.991579841161705389e+01	2.060067666808312126e+01	2.010950429287590069e+01	2.000361421977284948e+01	1.937801222496543474e+01	2.034651719241898959e+01	1.964215590083875185e+01	1.983768087306372507e+01
2.059629613618082544e+01	2.076746895770937584e+01	2.008943440351427157e+01	2.122455308836620702e+01	2.044645620855201074e+01	2.034464333112210710e+01	2.024092979589672225e+01	2.064285178837158696e+01	2.036194317293125167e+01	2.063208406374427284e+01	1.984056509407797364e+01	2.045601901737720851e+01	2.066056901826754810e+01	2.031409129681652814e+01	2.084023725990181930e+01	1.956753527869314624e+01	2.032555728641114712e+01	2.053047969617890800e+01	2.077956637065086198e+01	2.026082882400542218e+01	2.090948513888602278e+01	2.083402394306412120e+01	2.066218902913195521e+01	3.099478666541384797e+01	2.094334329179030263e+01	1.968688923483125564e+01	2.015797959501627901e+01	2.036180181411630485e+01	2.027609975482129911e+01	2.023340908339083910e+01	2.095082613875807098e+01	2.076672878044456638e+01	2.013205445970247354e+01	2.110254975501667118e+01	2.026830956017471053e+01	2.030055447752196329e+01	2.039590885049106106e+01	2.048828384229537036e+01	2.074957678136740924e+01	2.097518365082332892e+01	2.091582728315953688e+01	2.068211717028243868e+01	2.030594217407927360e+01	2.090265055038267406e+01	2.071346542471375329e+01	2.015570380502137127e+01	1.975601000351036163e+01	2.049185059338286763e+01	2.051519888915594336e+01	2.083446513107200815e+01
2.031038823664198389e+01	2.031924490690241214e+01	2.031513399777037421e+01	2.086070755025253476e+01	2.011548220382735508e+01	2.029630968471851560e+01	2.003136112776906685e+01	2.024283355416452324e+01	2.015776636642856090e+01	2.029276331490179075e+01	2.006446061754833821e+01	2.011446514844687172e+01	2.028668920848792112e+01	1.993524753949946415e+01	2.050604060388854322e+01	2.005094431515131248e+01	2.020816673816126396e+01	2.054813914080042991e+01	2.012040761896632191e+01	2.012365516707170343e+01	2.024101101554382964e+01	2.062546975582893438e+01	2.030503046139294199e+01	2.094334329179030263e+01	3.058294564986679376e+01	1.979994858432346305e+01	2.016016967445620978e+01	1.988113903232596869e+01	2.024566413092483330e+01	2.000199423714843050e+01	2.065392072033451853e+01	2.012547352411970536e+01	2.028906367423234158e+01	2.089263670590024446e+01	1.968603487184510215e+01	2.005254952716386541e+01	2.045673636579642007e+01	2.035259998056996977e+01	2.057267750620393798e+01	2.052279971138842640e+01	2.023907351616946571e+01	2.075436419678533184e+01	2.019937440409046303e+01	2.071486363044037660e+01	2.058612826469604684e+01	2.022120022603146339e+01	1.969318422684016667e+01	2.016542888235412434e+01	2.035907399498194081e+01	2.014986811341000461e+01
1.946402449939724377e+01	1.955067148213339578e+01	1.940050267927959737e+01	2.017276920735285728e+01	1.924039735286856967e+01	1.926298322434799104e+01	1.942854894018492828e+01	1.946943843879784808e+01	1.944145982353754576e+01	1.962706191124396682e+01	1.859764779926626943e+01	1.961965165104456688e+01	1.938792891943175434e+01	1.958355336886229026e+01	1.945301414678260343e+01	1.917783479257496637e+01	1.908415922200343928e+01	1.963088702400195373e+01	1.947272660188322035e+01	1.869949188141987761e+01	1.935577301092020974e+01	1.938985064980739637e+01	1.916388358017355031e+01	1.968688923483125564e+01	1.979994858432346305e+01	2.869346701856570192e+01	1.879947178674978048e+01	1.917317558641744313e+01	1.968170172545386265e+01	1.919318452860369106e+01	1.982093343941360430e+01	1.972902122521191970e+01	1.912359279609297147e+01	2.018632494192416260e+01	1.947003741773127672e+01	1.942839086086478773e+01	1.916865402434743615e+01	1.990256803085336301e+01	1.976515672855900974e+01	1.970752794799391694e+01	1.975268951426430419e+01	1.966432982109430938e+01	1.926285776725441323e+01	2.002501223132020414e+01	1.926638794122932907e+01	1.964340317421020998e+01	1.900865730536713372e+01	1.991725696183766914e+01	1.906367509392627113e+01	1.932468248529017529e+01
1.986988045175933948e+01	1.967591081092563243e+01	1.966372005707200543e+01	1.988039693343180048e+01	1.984335956011738844e+01	1.996090748365436696e+01	1.957527170874416811e+01	1.964601789274010457e+01	1.956523513004320236e+01	1.998939136950239259e+01	1.951004714905860382e+01	1.972777105771095307e+01	1.990174636555924081e+01	1.967917253838184166e+01	1.983411043638064442e+01	1.925586009740107940e+01	1.961995018216608955e+01	1.967603542498276425e+01	1.968435101245775698e+01	1.921350182980624410e+01	1.927532443445261379e+01	1.973280004112824315e+01	1.959905296352826554e+01	2.015797959501627901e+01	2.016016967445620978e+01	1.879947178674978048e+01	2.845536428794921591e+01	1.940361963376730614e+01	1.961960405698285470e+01	1.989303689381678453e+01	1.978642027370635503e+01	1.969862577155328864e+01	1.944749751715087527e+01	2.027010881188974167e+01	1.959391540976536916e+01	1.950486723448095461e+01	1.936648409002060944e+01	2.013683873087910570e+01	2.001235116600010500e+01	2.009697740729174953e+01	1.957818135322143860e+01	2.008757260819993817e+01	1.934803957429453902e+01	2.009667677860193891e+01	1.996918522682875619e+01	1.990897564169114276e+01	1.944806326346455805e+01	1.947203818775622253e+01	1.924002073493674203e+01	1.939346359986933521e+01
1.941906169118629677e+01	1.960324535089710807e+01	1.948876778397462317e+01	2.004225899732456995e+01	1.952929907599051162e+01	1.952201814280272174e+01	1.984459734908090667e+01	1.994078132926039260e+01	1.956357574779145381e+01	1.991670160263803879e+01	1.927714398554642017e+01	1.933456887777245115e+01	1.988145256685917772e+01	1.921089331732054717e+01	1.983653303480524244e+01	1.934353856671505056e+01	1.910582790462549241e+01	2.005266348149918088e+01	1.967688325086595214e+01	1.931996998238079399e+01	1.992728523048339895e+01	1.972527526241845308e+01	1.919492929304359663e+01	2.036180181411630485e+01	1.988113903232596869e+01	1.917317558641744313e+01	1.940361963376730614e+01	2.930097290420509282e+01	1.941174240942790874e+01	1.962094843595934890e+01	1.995899976781512208e+01	1.941128593925143164e+01	1.903990068397284574e+01	2.064205315306931965e+01	1.948557878023063950e+01	1.978040343437352178e+01	1.975620170878414328e+01	1.993019605605648081e+01	2.006892787183068450e+01	2.001269522202504447e+01	1.978364298665828969e+01	1.977889022480254511e+01	1.943778838366037220e+01	2.003491919789357212e+01	1.924480578669168196e+01	1.959522562903767806e+01	1.891285934036503491e+01	1.956312259037677492e+01	1.931792557538540933e+01	1.946507441613533018e+01
2.041082992312341560e+01	2.062133289643433187e+01	1.960061543084569280e+01	2.022466734586928183e+01	1.986800625904418993e+01	1.992074803350082490e+01	1.960097699419048922e+01	1.976423216868158406e+01	2.009068853825581158e+01	2.018615485911157137e+01	1.966291478927290015e+01	2.010764668962347201e+01	2.052986317067180266e+01	1.978853909066616268e+01	2.015192816128065090e+01	1.945997730929515512e+01	1.980312299699272316e+01	2.018951406016160632e+01	2.015842637953169003e+01	1.978854721518884929e+01	2.005812352409396482e+01	2.017025309078151096e+01	2.017302183854804198e+01	2.027609975482129911e+01	2.024566413092483330e+01	1.968170172545386265e+01	1.961960405698285470e+01	1.941174240942790874e+01	2.954377838308744231e+01	1.962651158600782253e+01	1.976662298585484479e+01	1.992146590964526354e+01	1.973690487547134609e+01	2.042420851124711234e+01	1.971378763542966439e+01	1.967057079478439974e+01	1.975904146274071138e+01	2.027015792994262711e+01	2.048526165086055073e+01	2.005325090844925029e+01	1.998038474736380010e+01	2.028646487508280671e+01	1.976689423482442010e+01	2.017735083321244005e+01	1.993995720576263153e+01	1.978942419122182628e+01	1.944299876555143314e+01	1.963891134414542705e+01	1.948431189402533548e+01	1.972584219981917641e+01
2.012712706193222800e+01	2.027744204951584805e+01	1.991532620035695089e+01	2.068824366077281240e+01	1.960233459381245780e+01	1.996162136442158896e+01	1.988733902502145412e+01	2.008018772854861922e+01	2.006876138143740818e+01	2.017268117528876914e+01	1.970340183359409281e+01	2.000114629644540898e+01	2.006616215893160415e+01	1.962271617172622129e+01	1.974102468975032565e+01	1.974437397163421792e+01	2.012970015934453016e+01	2.019060187639669834e+01	1.992749097775188005e+01	1.936404845252762996e+01	1.979241154757834664e+01	2.040634156704321711e+01	1.967251538775454378e+01	2.023340908339083910e+01	2.000199423714843050e+01	1.919318452860369106e+01	1.989303689381678453e+01	1.962094843595934890e+01	1.962651158600782253e+01	2.995510395262846970e+01	2.016548871712941704e+01	1.990327120368308300e+01	1.974215648556900859e+01	2.058039219205678094e+01	1.952387905544022573e+01	1.974038625620329768e+01	1.997521743948948370e+01	2.011200730548201321e+01	2.004004119574153719e+01	2.058832984565358615e+01	2.026076950717126834e+01	1.979600782205152854e+01	1.980652186956521987e+01	1.999112070607065661e+01	2.017879146181669014e+01	1.961143512429227087e+01	1.976584634018816189e+01	2.006741653302113093e+01	1.966135122805177460e+01	1.984900738464195413e+01
2.018812528715515953e+01	2.037574491120296827e+01	2.000589901379889923e+01	2.063667540172249915e+01	2.026619400999209830e+01	2.007236482451830639e+01	2.021795291788103910e+01	2.041502242380027710e+01	2.054522109996351986e+01	2.019619100919278765e+01	1.951660890610621379e+01	2.036496060581370671e+01	2.045675073396494881e+01	2.011115918411692505e+01	2.037336252437903283e+01	2.013271291384551631e+01	2.020111743886528899e+01	2.068646740743572465e+01	2.015281506274125434e+01	2.016625641119674839e+01	2.003267616206507284e+01	2.055177629680714801e+01	1.993467849385737267e+01	2.095082613875807098e+01	2.065392072033451853e+01	1.982093343941360430e+01	1.978642027370635503e+01	1.995899976781512208e+01	1.976662298585484479e+01	2.016548871712941704e+01	3.030244634043592100e+01	2.047828643978647989e+01	1.993819749114333817e+01	2.090696906223734430e+01	2.006602073210579817e+01	1.985224069553925474e+01	1.986465882044305076e+01	2.060260679825593044e+01	2.006360602639651347e+01	2.029675842884507020e+01	2.037520900768613075e+01	2.040161571766129356e+01	2.032918541128476519e+01	2.051354380532320931e+01	2.040389115871655079e+01	2.033606037086578056e+01	1.958913668214192683e+01	2.046966844835358756e+01	2.013061655652848358e+01	2.026169043597498032e+01
1.998005834206642817e+01	2.021470785533788117e+01	2.011757514083160103e+01	2.096108715456059102e+01	1.985152554081154719e+01	2.023949630974430391e+01	1.966072109737272200e+01	2.009182296894325148e+01	1.955991682671613319e+01	1.991139596325039207e+01	1.945235593566219379e+01	1.979189881865424638e+01	2.048152324733676011e+01	1.993225668719055221e+01	2.032910030924644573e+01	1.965688623646296307e+01	1.988953232774324320e+01	2.042043383757496500e+01	2.043984839687710675e+01	1.974336637907284597e+01	2.011306258972641814e+01	2.020688144156431321e+01	2.007686366158482016e+01	2.076672878044456638e+01	2.012547352411970536e+01	1.972902122521191970e+01	1.969862577155328864e+01	1.941128593925143164e+01	1.992146590964526354e+01	1.990327120368308300e+01	2.047828643978647989e+01	3.000065214363433697e+01	1.976631096718292468e+01	2.044388314141011165e+01	1.957780839760427227e+01	2.004817344593486084e+01	2.006892965861235467e+01	2.030359339823303344e+01	2.019374839146600209e+01	2.069459380684044092e+01	2.057219859290731279e+01	2.035512270083119191e+01	1.996313962506786766e+01	2.040631126088236513e+01	2.035884043907223173e+01	1.990792495823501440e+01	1.970334577639641083e+01	2.026687911250035867e+01	2.015643798840856959e+01	1.980200639719188871e+01
