2.963285410426780686e+01	2.011898947259516390e+01	1.987966339828527040e+01	1.974080043459544953e+01	1.986686805536398381e+01	1.964754245870757643e+01	2.030600457955063121e+01	1.950247265326097335e+01	1.988817232200642593e+01	2.025415597068005624e+01	2.017670733318094989e+01	1.972566362053439448e+01	1.998126531408036755e+01	1.996003219772295978e+01	1.991853339253660238e+01	1.965552927087219359e+01	2.077141913353140623e+01	1.978553067603267124e+01	1.972757821859652339e+01	2.020656115983695145e+01	1.985432976589548204e+01	1.972348795999161908e+01	1.979760981268756126e+01	1.942085680440044371e+01	2.008238281395095015e+01	1.980701448956751776e+01	1.984315994585115561e+01	1.943840870573547619e+01	1.954666175681488838e+01	1.997698602820138092e+01	1.947020125483233954e+01	1.963947111912476728e+01	2.013225126992726643e+01	1.983869494022443192e+01	1.996610514312603968e+01	1.941966754237982329e+01	2.035604881483748585e+01	1.916589676981221047e+01	1.989739557231198930e+01	1.963462009059744773e+01	1.998287729350916919e+01	2.049592189763307459e+01	2.002084067251503896e+01	1.965065994212731937e+01	2.019980173886031238e+01	1.987195425745655797e+01	2.013321183244265811e+01	2.004699570858129576e+01	2.004917839192176388e+01	2.014962427292370961e+01
2.011898947259516390e+01	3.047583833504571160e+01	2.057736830865519195e+01	2.037013251993924001e+01	1.998252324099200905e+01	2.038167633279067203e+01	2.058743670716889440e+01	2.002437337254908201e+01	2.080237331140572721e+01	2.042728958047716503e+01	2.029911396011641500e+01	2.031788867587539116e+01	2.010043717122479379e+01	2.015640219937129629e+01	2.049594446405810899e+01	1.958472324379215124e+01	2.058927996394249504e+01	1.993081965268575573e+01	1.961247773402390138e+01	2.084410792908412446e+01	2.003426870331437115e+01	2.057774654476391518e+01	2.009107887448065810e+01	2.010843951075770164e+01	2.075395545893900362e+01	1.987426113245627235e+01	2.008328414765090386e+01	2.003038938311808792e+01	2.024384141088834710e+01	2.074962726486204900e+01	2.021485985036760269e+01	1.995366988889792381e+01	2.079857323655410184e+01	2.016819720170186159e+01	2.014934498028976861e+01	1.996504988523586732e+01	2.045303152707174377e+01	1.979421293464678300e+01	2.006550899204977156e+01	1.968735036050023268e+01	1.987007134461951452e+01	2.032651876829438109e+01	2.044980001703137162e+01	1.998347695342285490e+01	2.026239620019215693e+01	2.004452216400585129e+01	2.019436061573211560e+01	2.041026618167055418e+01	2.083537939633235681e+01	2.026349127203472733e+01
1.987966339828527040e+01	2.057736830865519195e+01	2.990481970104598020e+01	1.988846105494551253e+01	2.012929989189325752e+01	1.936098263034048728e+01	2.022277765648030368e+01	1.971010189835363491e+01	2.041638960568076655e+01	1.992688803482348092e+01	2.033177744141238108e+01	2.030870674133212361e+01	1.978139604692740505e+01	1.992853156178482621e+01	2.006540508427132607e+01	1.940135111949307856e+01	2.040774838974082428e+01	1.974284299086172112e+01	1.943996881483570505e+01	2.011481372158948489e+01	1.972991763796889231e+01	2.004437804738105555e+01	2.010229840928427691e+01	1.967310851263366445e+01	2.013313036148095847e+01	2.013467984027242963e+01	1.966112040146709461e+01	1.988604997521507656e+01	1.987247636739397549e+01	2.043048414544172786e+01	1.960731004827546187e+01	2.000690066174475490e+01	2.019491555140701777e+01	1.994087323492736630e+01	1.995499688877098166e+01	1.974174478627864460e+01	2.013747754912904497e+01	1.928450815559787657e+01	1.980705633120951958e+01	2.012372084853950938e+01	1.995050435782038889e+01	2.046181153176557999e+01	1.995609259834489180e+01	1.981928658581142244e+01	2.000495204463468468e+01	1.982231975097596077e+01	2.048251476097707169e+01	2.038776305660757160e+01	2.032295362473383804e+01	2.001790687010788261e+01
1.974080043459544953e+01	2.037013251993924001e+01	1.988846105494551253e+01	2.936108059823764549e+01	1.997293667180005627e+01	1.967858546858669655e+01	2.019457135562022643e+01	1.927589696734360913e+01	2.028237906756222486e+01	1.972004519017434276e+01	2.006226514216723444e+01	1.997071903653503000e+01	2.009537561944132733e+01	2.007536827035282201e+01	2.037240101260208647e+01	1.937458478310268006e+01	2.050965184137896102e+01	1.973873884069046269e+01	1.913742719089683675e+01	2.041904989326238606e+01	1.941602072951488722e+01	2.025158798397392346e+01	1.998540668857629399e+01	1.971829560839382367e+01	2.021726553113503044e+01	2.001442939808198673e+01	1.989865606075820281e+01	1.936631601459846408e+01	1.946814233461920196e+01	2.062899879933024394e+01	1.961947287605609702e+01	1.982236471197764160e+01	2.004049965384660936e+01	1.978238365201937654e+01	1.998345653268213340e+01	1.957593075621302248e+01	1.969534266348729901e+01	1.949398821868798848e+01	1.978293524159736450e+01	1.977193761264503280e+01	2.004390887513775610e+01	2.055030707062558548e+01	2.029717688459942693e+01	1.958900208162131307e+01	2.017437465678724351e+01	1.987044889407608750e+01	2.028629625537658399e+01	2.013345158784784061e+01	2.046802994589979718e+01	1.971839051477216387e+01
1.986686805536398381e+01	1.998252324099200905e+01	2.012929989189325752e+01	1.997293667180005627e+01	2.984663823644452307e+01	1.984420741921382714e+01	2.033658904374723875e+01	1.956733114689979658e+01	2.019361375628253086e+01	2.023551031350422846e+01	2.055821085577309049e+01	2.033554948934877160e+01	2.006390462584368350e+01	1.983868938518470060e+01	2.033153671088405190e+01	1.954054126486818888e+01	2.024755208052075872e+01	1.953152574566873767e+01	1.904462694802140277e+01	1.986765328375973283e+01	1.985829002031736934e+01	2.027612998017826484e+01	2.020018781172690225e+01	1.971580561168111956e+01	2.007483441725008078e+01	1.964495859482701334e+01	1.983735106477591259e+01	1.957512106839758204e+01	1.935538826006724733e+01	2.018403580602469560e+01	1.907227998223607912e+01	1.992529382192942933e+01	1.986877271236397391e+01	2.007110957124670492e+01	1.944649026479107690e+01	1.971788628395414023e+01	1.979278520071729019e+01	1.953362059255355376e+01	2.000351132937596432e+01	1.928341827968865729e+01	1.990401452056198650e+01	2.036112981248367859e+01	2.003759963169557778e+01	1.970904273237677984e+01	1.984692665700348613e+01	1.974474213089120056e+01	1.989041904248117731e+01	2.012515880080415087e+01	2.001705982510392445e+01	2.000566212038641112e+01
1.964754245870757643e+01	2.038167633279067203e+01	1.936098263034048728e+01	1.967858546858669655e+01	1.984420741921382714e+01	2.931639428965349126e+01	2.037706476896485697e+01	1.968743934679803687e+01	2.033221538856497546e+01	1.975486787210517647e+01	2.008262358503036538e+01	1.999395540931662651e+01	1.960905125438024399e+01	2.002976771558848412e+01	1.999861732042062812e+01	1.937238221944924277e+01	2.037668924953546323e+01	1.992850443292945428e+01	1.940526859797076398e+01	2.013939424420355095e+01	1.975315045654707902e+01	1.985136609029223109e+01	1.966959589887624915e+01	1.942442051620473009e+01	2.021046082918052988e+01	1.946521850975798884e+01	1.950543933267996266e+01	1.963253472833616797e+01	1.962711460054422474e+01	2.035735332382470730e+01	1.945161306685338687e+01	2.008317914315382779e+01	1.994242423085493598e+01	1.961311369054343956e+01	2.000581208001803191e+01	1.942426084352866766e+01	1.973506979149794205e+01	1.934468693433766617e+01	2.001824513854274201e+01	1.956759639261929706e+01	1.966917775191872053e+01	1.982624912169494635e+01	1.960599087431326737e+01	1.944102147982543727e+01	2.002731874595185957e+01	1.960548776796236226e+01	2.009034491137301970e+01	2.007895982828324222e+01	1.984001155566558694e+01	1.986447521246607195e+01
2.030600457955063121e+01	2.058743670716889440e+01	2.022277765648030368e+01	2.019457135562022643e+01	2.033658904374723875e+01	2.037706476896485697e+01	3.111523778986957112e+01	2.043174871978939322e+01	2.047128901264694534e+01	2.034864394076405958e+01	2.067001367955910851e+01	2.028355560959899151e+01	2.025185100954044159e+01	2.004395329049135910e+01	2.044482838740384523e+01	2.010358301126430192e+01	2.044356806038290486e+01	1.927577847644983677e+01	2.007530862451483955e+01	2.086764063919219225e+01	2.045084577814601801e+01	2.061568539561078595e+01	2.038339672776223210e+01	2.024703819106137104e+01	2.083138779589129896e+01	2.047187226392282611e+01	2.027865357730167162e+01	1.994398993165620126e+01	2.007347758533701665e+01	2.028266211981154044e+01	2.004769023428365315e+01	2.022433928901224576e+01	2.066675695919493805e+01	2.016532436639720061e+01	2.048464504106107498e+01	1.982393369312764975e+01	2.061277351846927886e+01	1.970182241777940391e+01	2.070835976546019452e+01	2.064242889815164261e+01	2.035715662076198029e+01	2.115498235453744158e+01	2.057169995463742040e+01	1.994829236718819843e+01	2.038211368056268569e+01	2.071508025042228240e+01	2.092904556175715314e+01	2.046266120993912097e+01	2.059693718813578656e+01	2.040073250690792506e+01
1.950247265326097335e+01	2.002437337254908201e+01	1.971010189835363491e+01	1.927589696734360913e+01	1.956733114689979658e+01	1.968743934679803687e+01	2.043174871978939322e+01	2.901447770158217665e+01	1.973473835093595596e+01	1.987097928011411341e+01	1.994139913371431660e+01	1.950508047128715816e+01	1.955478093810694062e+01	1.977787974055976505e+01	2.003170037736626341e+01	1.893629788427310245e+01	2.023548073474653464e+01	1.961142037787901771e+01	1.906734340799016181e+01	1.961343785611344614e+01	1.988097865824078525e+01	2.014198231451747034e+01	1.973333249546641355e+01	1.938344580022114627e+01	1.983252042587653463e+01	1.956075806299996955e+01	1.922400198230564428e+01	1.912712474229275372e+01	1.956094694139231294e+01	2.017470332650016118e+01	1.960017023357229959e+01	1.962926764072858887e+01	1.994566912350319043e+01	1.938405496301932374e+01	1.968226791701299305e+01	1.921830826548694660e+01	1.973308812839707471e+01	1.948378881294080500e+01	1.969432096742723459e+01	1.942731371298331666e+01	1.986711572421222627e+01	1.999262344476936804e+01	1.971019362145274911e+01	1.924712670371665624e+01	1.983802041779188485e+01	1.960902826200154081e+01	1.990682784606469014e+01	1.982162879559448854e+01	1.987422728119567950e+01	1.931625499098472787e+01
1.988817232200642593e+01	2.080237331140572721e+01	2.041638960568076655e+01	2.028237906756222486e+01	2.019361375628253086e+01	2.033221538856497546e+01	2.047128901264694534e+01	1.973473835093595596e+01	3.035122818416097346e+01	2.032625231655782372e+01	2.013574000956610277e+01	2.039896493834747915e+01	2.030647681035346963e+01	2.032550164173593288e+01	2.057781710851364920e+01	1.989446522691322272e+01	2.067560383363705867e+01	2.008176253405431666e+01	1.950943402590906217e+01	2.013699835740695221e+01	1.991700926431542484e+01	2.041122566072495559e+01	2.047453456698204732e+01	1.990783976876280548e+01	2.083382362087034068e+01	2.048021457589774030e+01	1.960955151693489640e+01	2.004743913254262111e+01	1.990411786690699714e+01	2.039606302008416705e+01	1.998475298156742852e+01	2.002210841371561401e+01	2.052706005115755872e+01	2.019712288979827264e+01	2.044072067264151471e+01	1.967152020886212682e+01	2.027278664717805157e+01	1.970470185864262902e+01	2.023861547468835553e+01	2.023231836784331961e+01	1.997659867702157399e+01	2.048983471351232311e+01	2.011666585860696443e+01	1.988203832897968226e+01	2.049822776986788142e+01	2.041244753682380519e+01	2.047836232633255449e+01	2.075781921677609887e+01	2.036801969031283477e+01	2.013270423328953740e+01
2.025415597068005624e+01	2.042728958047716503e+01	1.992688803482348092e+01	1.972004519017434276e+01	2.023551031350422846e+01	1.975486787210517647e+01	2.034864394076405958e+01	1.987097928011411341e+01	2.032625231655782372e+01	2.931518258549496636e+01	2.051708455962524980e+01	2.029733782386785990e+01	2.000653554642233800e+01	1.997224848965893074e+01	2.042587831394605757e+01	1.945463740112081652e+01	2.053013943655429685e+01	1.959687090407604870e+01	1.975277113046210431e+01	2.017781621705380957e+01	1.971941172216211413e+01	1.999945389242972027e+01	1.972083868777376381e+01	1.977564428765998628e+01	2.011249990097976692e+01	1.964635720300481836e+01	1.972481124966581589e+01	1.973229345150949499e+01	1.978075864427619734e+01	1.988248477036987083e+01	1.994206693500566274e+01	1.987325739605531183e+01	2.005464540563731290e+01	1.996796285579522134e+01	1.980851163473792198e+01	1.944410741551995159e+01	2.031966108802342674e+01	1.941373838039942612e+01	1.996202825430067662e+01	2.001729711691003288e+01	1.990985885864933280e+01	2.010940160295159629e+01	1.993323527430110431e+01	1.951972405215572337e+01	2.035874683298887433e+01	1.961359813902368288e+01	2.017675872506397994e+01	1.991986853857634543e+01	2.036402057636957252e+01	1.972530096380179288e+01
2.017670733318094989e+01	2.029911396011641500e+01	2.033177744141238108e+01	2.006226514216723444e+01	2.055821085577309049e+01	2.008262358503036538e+01	2.067001367955910851e+01	1.994139913371431660e+01	2.013574000956610277e+01	2.051708455962524980e+01	3.016908374467961096e+01	2.033341664936017423e+01	2.031559865670337928e+01	2.053908577888210019e+01	2.057118709354063313e+01	1.990795402217113264e+01	2.079787004720803978e+01	2.035286971690235092e+01	1.961804655687613419e+01	2.061278304243526094e+01	2.018691691256679377e+01	2.010955169904481465e+01	2.019315413228641631e+01	2.000933518211858697e+01	2.038478959739627072e+01	1.998503778880430204e+01	2.022351266211580523e+01	2.012803565515449122e+01	1.971066597567071099e+01	2.061287228375251956e+01	1.974056227859042068e+01	2.025004854387380959e+01	2.051063649563429081e+01	2.023711238355805619e+01	2.055363040653857709e+01	1.969149790056868810e+01	2.032394607567588096e+01	1.985494510947102142e+01	1.993396017686069044e+01	2.017288421531795350e+01	2.022295439641876769e+01	2.055662118458889864e+01	2.037465099803353397e+01	1.996763598926730054e+01	2.064752653802113613e+01	2.016683618473036788e+01	2.033581018315440403e+01	2.004467020952873213e+01	2.044952800456271191e+01	2.024599776679843188e+01
1.972566362053439448e+01	2.031788867587539116e+01	2.030870674133212361e+01	1.997071903653503000e+01	2.033554948934877160e+01	1.999395540931662651e+01	2.028355560959899151e+01	1.950508047128715816e+01	2.039896493834747915e+01	2.029733782386785990e+01	2.033341664936017423e+01	2.951506062009223541e+01	1.979691166279668835e+01	2.021914275279494433e+01	2.024826369959668426e+01	1.955303968771714551e+01	2.029326408250069846e+01	1.963288508799548637e+01	1.925539761949982775e+01	2.011204145722664904e+01	1.929919126023047582e+01	2.038728642884228393e+01	2.008654771031561737e+01	1.920023335449107904e+01	2.038493655488000300e+01	1.962309412662314401e+01	1.984552948508883929e+01	1.951019491182558951e+01	1.952269072597511368e+01	2.003919270716288636e+01	1.996433512864494375e+01	1.991490063723882287e+01	1.992276098392086325e+01	1.987798154830018404e+01	2.030627788901607644e+01	1.959255437319135495e+01	1.998641812365410075e+01	1.965298669540668541e+01	1.988202811688802640e+01	1.959045602778126138e+01	1.989007246942462714e+01	2.074768484153793580e+01	1.992975349652661876e+01	1.940740565452809818e+01	1.992441581294627539e+01	2.038287489516021722e+01	1.981969002148478154e+01	2.054032570910552380e+01	2.004262779947751838e+01	1.948802881305579149e+01
1.998126531408036755e+01	2.010043717122479379e+01	1.978139604692740505e+01	2.009537561944132733e+01	2.006390462584368350e+01	1.960905125438024399e+01	2.025185100954044159e+01	1.955478093810694062e+01	2.030647681035346963e+01	2.000653554642233800e+01	2.031559865670337928e+01	1.979691166279668835e+01	2.964318868137162610e+01	1.988802562987111955e+01	2.073380526869872043e+01	1.964360713821902138e+01	2.025893993463321507e+01	1.934054627170423046e+01	1.917979447981877428e+01	1.997035149688156253e+01	1.991635730279560690e+01	2.023424242354403191e+01	2.000008520028790215e+01	1.924904484811896666e+01	2.003378482489386059e+01	2.005439023233142493e+01	1.957102009893498362e+01	1.983687312762734223e+01	1.982042238061563211e+01	2.033281757040586868e+01	1.956936389599377435e+01	1.946353668533549452e+01	1.974352022643201821e+01	1.960342003062565652e+01	2.019410092483907349e+01	1.963873067649816662e+01	1.965935004258895091e+01	1.927303601377283471e+01	1.994667522675273119e+01	1.990633718367006466e+01	1.942486343817663297e+01	2.071845875679603921e+01	1.994190179008645458e+01	1.956298747136198912e+01	2.048342972406978291e+01	2.005941464516993733e+01	2.025382852613850204e+01	1.999482671222328989e+01	1.981652805292008779e+01	1.995413283515849301e+01
1.996003219772295978e+01	2.015640219937129629e+01	1.992853156178482621e+01	2.007536827035282201e+01	1.983868938518470060e+01	2.002976771558848412e+01	2.004395329049135910e+01	1.977787974055976505e+01	2.032550164173593288e+01	1.997224848965893074e+01	2.053908577888210019e+01	2.021914275279494433e+01	1.988802562987111955e+01	2.975927647181611135e+01	2.014361220963811760e+01	1.920847495578360409e+01	1.996868056243233269e+01	1.943639852014314684e+01	1.948564558279709757e+01	2.018318220121141238e+01	1.970011191378170423e+01	2.040601417945496721e+01	2.015864354938015524e+01	2.023899647543372993e+01	2.018939169312404047e+01	1.963656900925861137e+01	1.967663310183694847e+01	1.994664885533560295e+01	1.948192860049358899e+01	2.076588852969685917e+01	1.973476647287521857e+01	1.979099145460965659e+01	2.022783449546363599e+01	1.966577683925090270e+01	1.984027003415255308e+01	1.955119664269443547e+01	2.021604583676998246e+01	1.944913879065324025e+01	1.959737606904299767e+01	1.991124811580804987e+01	1.993798813002076997e+01	2.037648537775076107e+01	2.013089357783054467e+01	1.946489894375429941e+01	2.038467329543061979e+01	2.010210392160351489e+01	2.023118640227624709e+01	2.019431348326962095e+01	2.026653374992855916e+01	1.949267020625824642e+01
1.991853339253660238e+01	2.049594446405810899e+01	2.006540508427132607e+01	2.037240101260208647e+01	2.033153671088405190e+01	1.999861732042062812e+01	2.044482838740384523e+01	2.003170037736626341e+01	2.057781710851364920e+01	2.042587831394605757e+01	2.057118709354063313e+01	2.024826369959668426e+01	2.073380526869872043e+01	2.014361220963811760e+01	3.015492296283628448e+01	1.970071779561018843e+01	2.060742946072239690e+01	1.977475734684981035e+01	1.961246515667069090e+01	2.076900906632261723e+01	2.014898782711331648e+01	2.044368483347710708e+01	2.041659971596651246e+01	1.999549099648250206e+01	2.032915240856697991e+01	1.989899460294477862e+01	1.996637527585480498e+01	2.022740253974937730e+01	2.005835735026260735e+01	2.051775206308093757e+01	1.953991089811022874e+01	2.016014192768196978e+01	2.057505413850121911e+01	2.037998401631204004e+01	2.063562888969923037e+01	1.977075862240516102e+01	1.997712504272350742e+01	1.978738194698872377e+01	1.988489672757322779e+01	2.020829787653998366e+01	2.026068046943623102e+01	2.025713551120970379e+01	2.010404765718347164e+01	1.973588488933869911e+01	2.054759078043646525e+01	1.999200583800794107e+01	2.039712736547643956e+01	2.008707534654788063e+01	2.056556462620651970e+01	2.003879886856086046e+01
1.965552927087219359e+01	1.958472324379215124e+01	1.940135111949307856e+01	1.937458478310268006e+01	1.954054126486818888e+01	1.937238221944924277e+01	2.010358301126430192e+01	1.893629788427310245e+01	1.989446522691322272e+01	1.945463740112081652e+01	1.990795402217113264e+01	1.955303968771714551e+01	1.964360713821902138e+01	1.920847495578360409e+01	1.970071779561018843e+01	2.886791748887373643e+01	1.980240868847444702e+01	1.935602136491939262e+01	1.901979250283914169e+01	1.959324985134922059e+01	1.981077453657117360e+01	1.976935691258288941e+01	1.967492903911110957e+01	1.904554173502350523e+01	1.985697277327638233e+01	1.927911302025496099e+01	1.946994398249481861e+01	1.964576568147491642e+01	1.939055032758193065e+01	1.989210792818356310e+01	1.927215216632887262e+01	1.973276163603636491e+01	1.986784778608920021e+01	1.958521804819277534e+01	1.978914293634969823e+01	1.892318157569143366e+01	1.947884089909620187e+01	1.908728895714768470e+01	1.984720883380438039e+01	1.908148576202884072e+01	1.949977347959130469e+01	1.992519775542389837e+01	1.943778230800430507e+01	1.915180951041408264e+01	1.976489290150075107e+01	1.913188531506657952e+01	1.983343829846567630e+01	1.939275383720251611e+01	1.974970089934032558e+01	1.949635885501311705e+01
2.077141913353140623e+01	2.058927996394249504e+01	2.040774838974082428e+01	2.050965184137896102e+01	2.024755208052075872e+01	2.037668924953546323e+01	2.044356806038290486e+01	2.023548073474653464e+01	2.067560383363705867e+01	2.053013943655429685e+01	2.079787004720803978e+01	2.029326408250069846e+01	2.025893993463321507e+01	1.996868056243233269e+01	2.060742946072239690e+01	1.980240868847444702e+01	3.095216758174922234e+01	2.051363861980158632e+01	1.987502129983024801e+01	2.088401575258295040e+01	2.009895956972845710e+01	2.053389623460678948e+01	2.021143411512096932e+01	1.999371028846703524e+01	2.072154547726984930e+01	2.038636977416648932e+01	2.042483984315982681e+01	2.019275065757262411e+01	2.026351551234374426e+01	2.077105522377508251e+01	1.987976955263271961e+01	2.017012477875254461e+01	2.033126409061167550e+01	2.013183948213390551e+01	2.082698378279929585e+01	1.990130613261009884e+01	2.019573998701994455e+01	1.955837456922687778e+01	2.015423115282158051e+01	2.011709113442204000e+01	2.041001230237053932e+01	2.108976825611771133e+01	2.015712910651746981e+01	1.995065475271806932e+01	2.066244233622506243e+01	2.053434794279643683e+01	2.066240274869399940e+01	2.048766507767984280e+01	2.094820863266481936e+01	2.041100137510481360e+01
1.978553067603267124e+01	1.993081965268575573e+01	1.974284299086172112e+01	1.973873884069046269e+01	1.953152574566873767e+01	1.992850443292945428e+01	1.927577847644983677e+01	1.961142037787901771e+01	2.008176253405431666e+01	1.959687090407604870e+01	2.035286971690235092e+01	1.963288508799548637e+01	1.934054627170423046e+01	1.943639852014314684e+01	1.977475734684981035e+01	1.935602136491939262e+01	2.051363861980158632e+01	2.928364501693792477e+01	1.940229172323955353e+01	1.988667665277246144e+01	1.978073711884480446e+01	2.007922857998612898e+01	1.967633969770979263e+01	1.931482511799180557e+01	2.028948209377578848e+01	1.982021262907152348e+01	1.985710566903879482e+01	1.939555533701091505e+01	1.907760213584610298e+01	2.015530261766119935e+01	1.930910379486890704e+01	1.972953479131870580e+01	2.003660184282830414e+01	1.935971083088713840e+01	1.977712694124168635e+01	1.924426530478549324e+01	1.994282843797956772e+01	1.931880929289147986e+01	1.927518087429647053e+01	1.930104587655740289e+01	1.952269407291111136e+01	2.008210706005850810e+01	1.955285808035452177e+01	1.904795011776175784e+01	1.978145677304528149e+01	2.007536679717458838e+01	1.993864837067208740e+01	2.002950828045278442e+01	1.985638489027281750e+01	1.947870492728405978e+01
1.972757821859652339e+01	1.961247773402390138e+01	1.943996881483570505e+01	1.913742719089683675e+01	1.904462694802140277e+01	1.940526859797076398e+01	2.007530862451483955e+01	1.906734340799016181e+01	1.950943402590906217e+01	1.975277113046210431e+01	1.961804655687613419e+01	1.925539761949982775e+01	1.917979447981877428e+01	1.948564558279709757e+01	1.961246515667069090e+01	1.901979250283914169e+01	1.987502129983024801e+01	1.940229172323955353e+01	2.876350474045785077e+01	1.967350806424235543e+01	1.922798236539397720e+01	2.002928380320338420e+01	1.955791618464666826e+01	1.901645799465540776e+01	1.958796709111310008e+01	1.915773392824173271e+01	1.897955983063025442e+01	1.905834248844032430e+01	1.944566300796275371e+01	1.956112867651001963e+01	1.914905868862539862e+01	1.951105294066833551e+01	1.975795171933689431e+01	1.946361641068676107e+01	1.906326827663459156e+01	1.888070393950208725e+01	1.942663807775377194e+01	1.909982889467088185e+01	1.902753303024201159e+01	1.932232109261986608e+01	1.921667890520487987e+01	1.977499168879726099e+01	1.947747701717467805e+01	1.901243329442671737e+01	1.942103796888772038e+01	1.947503174437370888e+01	1.973622840411487900e+01	1.941724444769521440e+01	1.962671485271127025e+01	1.900476402938156539e+01
2.020656115983695145e+01	2.084410792908412446e+01	2.011481372158948489e+01	2.041904989326238606e+01	1.986765328375973283e+01	2.013939424420355095e+01	2.086764063919219225e+01	1.961343785611344614e+01	2.013699835740695221e+01	2.017781621705380957e+01	2.061278304243526094e+01	2.011204145722664904e+01	1.997035149688156253e+01	2.018318220121141238e+01	2.076900906632261723e+01	1.959324985134922059e+01	2.088401575258295040e+01	1.988667665277246144e+01	1.967350806424235543e+01	2.994680520874157637e+01	2.007411666453379340e+01	1.992196628731038999e+01	2.047307031590266391e+01	1.992837678905986465e+01	2.063923819250800662e+01	1.986476162445152838e+01	2.013798892848273425e+01	1.998970601522626467e+01	1.985590905913877791e+01	2.048338439869320027e+01	1.991888447391554351e+01	1.999419252891336996e+01	2.037255005606706604e+01	2.006090449578314505e+01	2.038568835595181028e+01	1.952072230096330330e+01	2.013055780833787267e+01	1.966161597158730245e+01	2.038404993788387287e+01	1.986017781157844553e+01	1.998690716485011976e+01	2.066256060158840313e+01	2.015646191705382861e+01	1.969021699481688614e+01	2.008814800780881171e+01	2.007045966618133548e+01	2.040990424663870328e+01	2.051958573724295931e+01	2.045902168295772938e+01	2.049564418402044907e+01
1.985432976589548204e+01	2.003426870331437115e+01	1.972991763796889231e+01	1.941602072951488722e+01	1.985829002031736934e+01	1.975315045654707902e+01	2.045084577814601801e+01	1.988097865824078525e+01	1.991700926431542484e+01	1.971941172216211413e+01	2.018691691256679377e+01	1.929919126023047582e+01	1.991635730279560690e+01	1.970011191378170423e+01	2.014898782711331648e+01	1.981077453657117360e+01	2.009895956972845710e+01	1.978073711884480446e+01	1.922798236539397720e+01	2.007411666453379340e+01	2.987189713664027835e+01	1.985083285302305001e+01	1.982381919288787486e+01	1.974908264108578848e+01	2.037763984046067023e+01	1.996755476058161349e+01	1.996874265540033022e+01	1.970557107420066245e+01	1.967891704468601333e+01	2.049313987358916833e+01	1.935918638286732829e+01	1.969513227959888724e+01	1.985827430911342972e+01	1.967329905502727883e+01	1.973970297118755113e+01	1.932375102048660054e+01	1.967946536726242357e+01	1.881436179446385992e+01	1.990873160930994601e+01	1.989452437382254146e+01	2.014456537870221808e+01	2.014845128662206264e+01	1.963067052830334802e+01	1.938775554053498951e+01	1.983451344999651766e+01	1.971846083470632394e+01	2.015291854337769450e+01	2.001627376948067649e+01	2.019190626013643453e+01	2.001521480253088114e+01
1.972348795999161908e+01	2.057774654476391518e+01	2.004437804738105555e+01	2.025158798397392346e+01	2.027612998017826484e+01	1.985136609029223109e+01	2.061568539561078595e+01	2.014198231451747034e+01	2.041122566072495559e+01	1.999945389242972027e+01	2.010955169904481465e+01	2.038728642884228393e+01	2.023424242354403191e+01	2.040601417945496721e+01	2.044368483347710708e+01	1.976935691258288941e+01	2.053389623460678948e+01	2.007922857998612898e+01	2.002928380320338420e+01	1.992196628731038999e+01	1.985083285302305001e+01	2.987972017898974642e+01	2.009122366253985703e+01	1.993591062314222384e+01	2.034162574136684398e+01	2.014482233409492551e+01	1.948266518418112270e+01	1.994782931288061789e+01	1.990179058553416880e+01	2.037691033889169034e+01	1.965657192015418886e+01	2.006520287337623998e+01	2.018270893500207208e+01	2.006735941302514092e+01	1.990289288862658879e+01	1.953801877678199972e+01	2.008071140004929234e+01	1.988072096707523073e+01	1.969770233856964126e+01	2.013457505271652437e+01	2.011967232824943608e+01	2.072320534904376643e+01	2.037211535532555473e+01	1.969929345321404313e+01	2.039457599837333746e+01	2.012479774718167391e+01	2.025565081627864572e+01	2.016269789646385746e+01	2.041427392963919729e+01	1.992179170060397908e+01
1.979760981268756126e+01	2.009107887448065810e+01	2.010229840928427691e+01	1.998540668857629399e+01	2.020018781172690225e+01	1.966959589887624915e+01	2.038339672776223210e+01	1.973333249546641355e+01	2.047453456698204732e+01	1.972083868777376381e+01	2.019315413228641631e+01	2.008654771031561737e+01	2.000008520028790215e+01	2.015864354938015524e+01	2.041659971596651246e+01	1.967492903911110957e+01	2.021143411512096932e+01	1.967633969770979263e+01	1.955791618464666826e+01	2.047307031590266391e+01	1.982381919288787486e+01	2.009122366253985703e+01	2.967466553641524385e+01	1.976606022945004781e+01	2.024130678482490353e+01	2.007176331407335823e+01	1.929561474034986901e+01	1.958161667650508875e+01	1.976286739515531110e+01	2.007839774623910145e+01	1.977756845348748271e+01	1.997415490657311565e+01	1.995616433811149193e+01	1.961815197656671117e+01	1.991675943973713103e+01	1.933457898221615423e+01	1.977244196767282602e+01	1.935586129198879490e+01	1.981168623216921887e+01	1.967946887723025284e+01	1.996737473328785129e+01	2.019998197569785958e+01	1.983867613696583376e+01	1.957563962739817853e+01	1.992109500146727541e+01	2.033815587417742066e+01	1.976295850705551516e+01	2.039345196608950062e+01	2.032957811259296577e+01	1.974965789887329137e+01
1.942085680440044371e+01	2.010843951075770164e+01	1.967310851263366445e+01	1.971829560839382367e+01	1.971580561168111956e+01	1.942442051620473009e+01	2.024703819106137104e+01	1.938344580022114627e+01	1.990783976876280548e+01	1.977564428765998628e+01	2.000933518211858697e+01	1.920023335449107904e+01	1.924904484811896666e+01	2.023899647543372993e+01	1.999549099648250206e+01	1.904554173502350523e+01	1.999371028846703524e+01	1.931482511799180557e+01	1.901645799465540776e+01	1.992837678905986465e+01	1.974908264108578848e+01	1.993591062314222384e+01	1.976606022945004781e+01	2.966750206101614751e+01	1.970203959477639444e+01	1.944985483280347438e+01	1.947751281845955873e+01	1.936412040113858524e+01	1.963844705353027109e+01	1.996886775381037893e+01	1.916282207434453255e+01	1.943345628817155557e+01	2.000633263389512706e+01	1.955967500195542286e+01	1.984953278721679482e+01	1.920465697244365799e+01	1.972829168812960177e+01	1.926226059489981068e+01	1.982346178424583982e+01	1.972745405046268274e+01	1.950720209299417718e+01	2.042690788457121087e+01	1.955097948195315638e+01	1.941280071006045915e+01	1.998867836108857077e+01	1.962207407193121611e+01	1.953445977906496367e+01	1.977382630993661650e+01	1.991094522373823850e+01	1.944879097546849067e+01
2.008238281395095015e+01	2.075395545893900362e+01	2.013313036148095847e+01	2.021726553113503044e+01	2.007483441725008078e+01	2.021046082918052988e+01	2.083138779589129896e+01	1.983252042587653463e+01	2.083382362087034068e+01	2.011249990097976692e+01	2.038478959739627072e+01	2.038493655488000300e+01	2.003378482489386059e+01	2.018939169312404047e+01	2.032915240856697991e+01	1.985697277327638233e+01	2.072154547726984930e+01	2.028948209377578848e+01	1.958796709111310008e+01	2.063923819250800662e+01	2.037763984046067023e+01	2.034162574136684398e+01	2.024130678482490353e+01	1.970203959477639444e+01	3.031723207510935225e+01	2.004100644177649215e+01	2.044967384465734384e+01	2.008610674820241471e+01	1.956872561882759598e+01	2.018425386647525599e+01	1.979434951672701715e+01	2.022845128997195374e+01	2.087210961574574952e+01	1.964726460506465244e+01	2.020417606813721889e+01	2.009740452818871859e+01	2.005574673829176646e+01	1.952964914628129378e+01	2.030665314786270770e+01	2.008661801771451394e+01	2.041438495971676659e+01	2.089734107517633888e+01	2.024964230454285996e+01	1.977206248267323119e+01	1.999683331339903702e+01	2.060379445736761639e+01	2.072188990366246841e+01	2.035188852181151375e+01	2.065936180404698064e+01	1.995871355078366705e+01
1.980701448956751776e+01	1.987426113245627235e+01	2.013467984027242963e+01	2.001442939808198673e+01	1.964495859482701334e+01	1.946521850975798884e+01	2.047187226392282611e+01	1.956075806299996955e+01	2.048021457589774030e+01	1.964635720300481836e+01	1.998503778880430204e+01	1.962309412662314401e+01	2.005439023233142493e+01	1.963656900925861137e+01	1.989899460294477862e+01	1.927911302025496099e+01	2.038636977416648932e+01	1.982021262907152348e+01	1.915773392824173271e+01	1.986476162445152838e+01	1.996755476058161349e+01	2.014482233409492551e+01	2.007176331407335823e+01	1.944985483280347438e+01	2.004100644177649215e+01	2.935669178419599135e+01	1.939710718941504197e+01	1.960470944622471734e+01	1.959469726474248930e+01	2.025393757178436616e+01	1.923280810242233940e+01	1.977166623704357562e+01	1.993096186662526748e+01	1.974459557074796479e+01	1.990197684612698836e+01	1.947334286708767337e+01	2.009124051476295492e+01	1.975742424232470640e+01	1.972964812710632998e+01	1.993555502360955245e+01	1.998165825046597632e+01	1.990245913669272326e+01	1.984891139854570241e+01	1.962783217636286537e+01	1.996144765665534848e+01	1.980336948352797322e+01	2.005504230166513580e+01	1.989508082479281370e+01	1.993707746569150530e+01	2.014478797836838098e+01
1.984315994585115561e+01	2.008328414765090386e+01	1.966112040146709461e+01	1.989865606075820281e+01	1.983735106477591259e+01	1.950543933267996266e+01	2.027865357730167162e+01	1.922400198230564428e+01	1.960955151693489640e+01	1.972481124966581589e+01	2.022351266211580523e+01	1.984552948508883929e+01	1.957102009893498362e+01	1.967663310183694847e+01	1.996637527585480498e+01	1.946994398249481861e+01	2.042483984315982681e+01	1.985710566903879482e+01	1.897955983063025442e+01	2.013798892848273425e+01	1.996874265540033022e+01	1.948266518418112270e+01	1.929561474034986901e+01	1.947751281845955873e+01	2.044967384465734384e+01	1.939710718941504197e+01	2.864119520300553035e+01	1.937910174960207854e+01	1.925638879485078903e+01	2.000294565273883052e+01	1.951634814876092605e+01	1.976677379564798542e+01	2.003342091940882952e+01	1.967947841517664287e+01	2.049652625614389123e+01	1.928189569698871964e+01	1.968680773703307452e+01	1.911196006345993226e+01	1.946602650348408048e+01	1.980788101113624222e+01	1.969744665372245152e+01	2.031750702536949404e+01	1.982971348452191052e+01	1.945777170227450981e+01	1.992126613258664136e+01	1.985838886642468282e+01	2.015334182874816449e+01	1.992106338253696052e+01	2.007426843788829984e+01	1.958247902055560630e+01
1.943840870573547619e+01	2.003038938311808792e+01	1.988604997521507656e+01	1.936631601459846408e+01	1.957512106839758204e+01	1.963253472833616797e+01	1.994398993165620126e+01	1.912712474229275372e+01	2.004743913254262111e+01	1.973229345150949499e+01	2.012803565515449122e+01	1.951019491182558951e+01	1.983687312762734223e+01	1.994664885533560295e+01	2.022740253974937730e+01	1.964576568147491642e+01	2.019275065757262411e+01	1.939555533701091505e+01	1.905834248844032430e+01	1.998970601522626467e+01	1.970557107420066245e+01	1.994782931288061789e+01	1.958161667650508875e+01	1.936412040113858524e+01	2.008610674820241471e+01	1.960470944622471734e+01	1.937910174960207854e+01	2.978175046749506549e+01	1.901282762680008531e+01	2.030260033458489843e+01	1.916348757929893409e+01	1.921187214427661871e+01	2.015339044325053663e+01	1.954239283783600456e+01	1.970894236073359451e+01	1.901875826656017310e+01	1.978045051634144258e+01	1.943967552714721236e+01	1.958786643246117976e+01	1.942202227411253190e+01	1.996123647738255968e+01	2.014115588959331760e+01	1.993744309069457543e+01	1.938693890322437596e+01	1.957489618067340231e+01	2.012748046642775890e+01	2.012069865549469938e+01	1.963701159074918223e+01	2.007741136175600971e+01	1.992473591464526450e+01
1.954666175681488838e+01	2.024384141088834710e+01	1.987247636739397549e+01	1.946814233461920196e+01	1.935538826006724733e+01	1.962711460054422474e+01	2.007347758533701665e+01	1.956094694139231294e+01	1.990411786690699714e+01	1.978075864427619734e+01	1.971066597567071099e+01	1.952269072597511368e+01	1.982042238061563211e+01	1.948192860049358899e+01	2.005835735026260735e+01	1.939055032758193065e+01	2.026351551234374426e+01	1.907760213584610298e+01	1.944566300796275371e+01	1.985590905913877791e+01	1.967891704468601333e+01	1.990179058553416880e+01	1.976286739515531110e+01	1.963844705353027109e+01	1.956872561882759598e+01	1.959469726474248930e+01	1.925638879485078903e+01	1.901282762680008531e+01	2.929327382784736145e+01	2.023323303061600598e+01	1.960582600631062178e+01	2.007884486526452505e+01	2.013098333406293960e+01	2.024782179685782424e+01	1.963454336705679637e+01	1.928257212657118558e+01	1.973536974361334018e+01	1.919540488672192424e+01	1.939472277179401161e+01	1.966831573185979565e+01	1.979780450913139589e+01	2.035534456122533697e+01	1.963529665282625913e+01	1.951560900856271630e+01	1.986674179385919814e+01	1.954033299114030342e+01	2.005475653318912777e+01	1.979056189374334096e+01	1.965489018545229882e+01	1.978740917060567384e+01
1.997698602820138092e+01	2.074962726486204900e+01	2.043048414544172786e+01	2.062899879933024394e+01	2.018403580602469560e+01	2.035735332382470730e+01	2.028266211981154044e+01	2.017470332650016118e+01	2.039606302008416705e+01	1.988248477036987083e+01	2.061287228375251956e+01	2.003919270716288636e+01	2.033281757040586868e+01	2.076588852969685917e+01	2.051775206308093757e+01	1.989210792818356310e+01	2.077105522377508251e+01	2.015530261766119935e+01	1.956112867651001963e+01	2.048338439869320027e+01	2.049313987358916833e+01	2.037691033889169034e+01	2.007839774623910145e+01	1.996886775381037893e+01	2.018425386647525599e+01	2.025393757178436616e+01	2.000294565273883052e+01	2.030260033458489843e+01	2.023323303061600598e+01	3.061292250200478193e+01	2.020844254605563961e+01	2.024152076049543680e+01	2.041850009767794916e+01	2.015298091634721800e+01	2.054081063638632543e+01	1.974363564784017200e+01	2.008126102132498758e+01	1.982132473322738520e+01	1.999624026387214215e+01	2.040638843414908976e+01	2.006507909249415533e+01	2.082128998937855968e+01	2.027959850594907465e+01	1.986323263291899366e+01	2.096279446163882199e+01	2.048375163274367239e+01	2.063686489764663179e+01	2.049879108347039747e+01	2.020241103356037726e+01	2.028420458230620227e+01
1.947020125483233954e+01	2.021485985036760269e+01	1.960731004827546187e+01	1.961947287605609702e+01	1.907227998223607912e+01	1.945161306685338687e+01	2.004769023428365315e+01	1.960017023357229959e+01	1.998475298156742852e+01	1.994206693500566274e+01	1.974056227859042068e+01	1.996433512864494375e+01	1.956936389599377435e+01	1.973476647287521857e+01	1.953991089811022874e+01	1.927215216632887262e+01	1.987976955263271961e+01	1.930910379486890704e+01	1.914905868862539862e+01	1.991888447391554351e+01	1.935918638286732829e+01	1.965657192015418886e+01	1.977756845348748271e+01	1.916282207434453255e+01	1.979434951672701715e+01	1.923280810242233940e+01	1.951634814876092605e+01	1.916348757929893409e+01	1.960582600631062178e+01	2.020844254605563961e+01	2.941535650046071382e+01	1.950526947335410810e+01	1.993305322855121986e+01	1.937803817316197197e+01	1.974403981771096994e+01	1.913676433012606992e+01	2.005250037993152290e+01	1.903546186055315559e+01	1.941885697922836584e+01	1.935639129994690322e+01	1.989342022025041956e+01	2.009561365441928160e+01	1.981290273691571358e+01	1.957170834221170352e+01	1.964590823331024794e+01	1.986584149290059997e+01	1.981402658396021366e+01	2.014747402178417346e+01	1.988925785448570949e+01	1.962871929336271393e+01
1.963947111912476728e+01	1.995366988889792381e+01	2.000690066174475490e+01	1.982236471197764160e+01	1.992529382192942933e+01	2.008317914315382779e+01	2.022433928901224576e+01	1.962926764072858887e+01	2.002210841371561401e+01	1.987325739605531183e+01	2.025004854387380959e+01	1.991490063723882287e+01	1.946353668533549452e+01	1.979099145460965659e+01	2.016014192768196978e+01	1.973276163603636491e+01	2.017012477875254461e+01	1.972953479131870580e+01	1.951105294066833551e+01	1.999419252891336996e+01	1.969513227959888724e+01	2.006520287337623998e+01	1.997415490657311565e+01	1.943345628817155557e+01	2.022845128997195374e+01	1.977166623704357562e+01	1.976677379564798542e+01	1.921187214427661871e+01	2.007884486526452505e+01	2.024152076049543680e+01	1.950526947335410810e+01	2.886759871134906419e+01	1.998573024852790425e+01	1.982149423728450088e+01	1.969684229739518955e+01	1.922512390380732938e+01	2.006429812436418558e+01	1.980486516660601026e+01	1.960094118264353469e+01	1.946932130575460462e+01	1.961832761291692862e+01	2.044231778375287334e+01	1.972470962076840806e+01	1.969290501716974973e+01	1.995048711128947616e+01	1.952157908186958224e+01	1.972420341512747299e+01	1.982842041433943692e+01	2.031956200312822958e+01	1.991232932011513057e+01
