2.969574237708687647e+01	1.969175966872744610e+01	2.030344897999505704e+01	2.046537466236473790e+01	1.947451492756417935e+01	2.002282620800745150e+01	2.023100163250528283e+01	2.035958560247621207e+01	2.000150761187796533e+01	2.007073378062181490e+01	2.017639539523093717e+01	2.026756418856081154e+01	2.060317925868219291e+01	2.016670194036985109e+01	2.034077775410263911e+01	2.025949274507124542e+01	1.966435937470315665e+01	2.017728179073540673e+01	1.962935608143247990e+01	1.988277353366038724e+01	2.016447762813484346e+01	2.025958067864051060e+01	2.001072967542438263e+01	1.976854686481468093e+01	2.012412571989202448e+01	2.008589927401477482e+01	1.985753740471869833e+01	2.034307591018887607e+01	2.004751790507213016e+01	2.003915798487652111e+01	2.006899845783338776e+01	2.017977822138714217e+01	2.060720838247159037e+01	2.015262481438591635e+01	1.968146364664832504e+01	2.013928346827955451e+01	2.026140140175954230e+01	2.058952887146938693e+01	2.094435506801436730e+01	2.044319184279301282e+01	2.092679918256198945e+01	1.984589806853308147e+01	2.008231635109758528e+01	2.030144057957049242e+01	2.033204863927566564e+01	1.918076053510862877e+01	2.045048732868047381e+01	2.078158465378296782e+01	2.034494381880102765e+01	1.993884175805121828e+01
1.969175966872744610e+01	2.910027636145373009e+01	1.959046881833924303e+01	1.940104510012846006e+01	1.911458717182204126e+01	1.906386873337439170e+01	1.941006552051453582e+01	1.940231907912394860e+01	1.929753432278437941e+01	1.961609236496812869e+01	1.945324124736880833e+01	1.983803627939634495e+01	1.963544254343626250e+01	1.945671527704934078e+01	1.952496283114932396e+01	1.975231781143186538e+01	1.958426170435040348e+01	1.943153854240728506e+01	1.913835211704639860e+01	1.923048515809635006e+01	1.949569043851813888e+01	1.951509425797797448e+01	1.944213969396522756e+01	1.969150813670063016e+01	1.988110620724848232e+01	1.963165370493324602e+01	1.940375253126771682e+01	1.922228080127537808e+01	1.971757051082366274e+01	1.917501647693048028e+01	1.983478392477464780e+01	1.926835775891028035e+01	1.974863160288254704e+01	1.957016984535199811e+01	1.977659526830882442e+01	1.931089793186409409e+01	1.985270252530253288e+01	2.005032774123721140e+01	1.999935650270764853e+01	2.007643145768218318e+01	2.039356509324219147e+01	2.015485674407972283e+01	1.982331115873811811e+01	1.937445273219374187e+01	1.941647188123482692e+01	1.893768757502049382e+01	1.949479163480074106e+01	2.003207161174018580e+01	1.980649914933507105e+01	1.943368285493105319e+01
2.030344897999505704e+01	1.959046881833924303e+01	3.049277444437807105e+01	2.047864415675764960e+01	1.958235207992748883e+01	1.978610348589128876e+01	2.072097080252163437e+01	1.988712045046941057e+01	1.974330163533516114e+01	2.034612057793678730e+01	2.025828869769189211e+01	1.979108786860275870e+01	2.062367097236336733e+01	2.028973641701412944e+01	2.058229754597177319e+01	2.020663107841109962e+01	2.031179202745068224e+01	2.020681616268842262e+01	2.030019029866399904e+01	1.967857347923791167e+01	2.021304921439764613e+01	2.001969430643450210e+01	2.023879207665351743e+01	2.024336459658542964e+01	2.004919525655651924e+01	2.003429982532539100e+01	2.004153817206955068e+01	2.042374042872587125e+01	2.014555163537520244e+01	2.023446007426714388e+01	2.031950570531062894e+01	1.997327303269735665e+01	2.066296964487322185e+01	2.024956414151420248e+01	2.026282625513309554e+01	2.045581383619021665e+01	2.033579677742898539e+01	2.061085883269850427e+01	2.065075553094124672e+01	2.064023806878810063e+01	2.037494241129013872e+01	2.000468449825009642e+01	2.038733127655880750e+01	2.035986008132023173e+01	2.045932822688448383e+01	1.965693485084807079e+01	1.997664743749697891e+01	2.104061089631927217e+01	2.057006900105134051e+01	1.977532439464264513e+01
2.046537466236473790e+01	1.940104510012846006e+01	2.047864415675764960e+01	2.993023186119707191e+01	1.919580111499159614e+01	1.954720292146954108e+01	1.985468068724676627e+01	1.982467749661469369e+01	1.988913541698358500e+01	1.973440072804016054e+01	1.971390882341167128e+01	1.974517228702725902e+01	2.079353867251841592e+01	1.986746588462711927e+01	2.008391517850108698e+01	2.021918496005126897e+01	1.960323336239055081e+01	1.983895008519613512e+01	1.968807533646737440e+01	1.997762991628635376e+01	1.980190477241192326e+01	2.017000539883135346e+01	1.993553605398734518e+01	1.999888409385149046e+01	2.029231780500102289e+01	2.005968551566761704e+01	1.978878147426013001e+01	2.009432782760827152e+01	1.982018797711679170e+01	1.982999446981333591e+01	2.026543883819198300e+01	2.016868955763640869e+01	2.034137674484670910e+01	2.013034353774010299e+01	1.985030503274261804e+01	1.979118923801536312e+01	2.008241127452290087e+01	1.983786505905946385e+01	2.063833066708404118e+01	1.998598147808465697e+01	2.083811540527954520e+01	2.008956131914968779e+01	2.007849664467326178e+01	1.988536441939690391e+01	2.003340014069209118e+01	1.938787798778212590e+01	2.009511740499426935e+01	2.051944649720961067e+01	2.026949399843326916e+01	1.982065476346149069e+01
1.947451492756417935e+01	1.911458717182204126e+01	1.958235207992748883e+01	1.919580111499159614e+01	2.848439961941996756e+01	1.890469966202516616e+01	1.965751636453598650e+01	1.924768449328530906e+01	1.921066867174628356e+01	1.926343156917564414e+01	1.934382777750348481e+01	1.911976981846254020e+01	1.945895047618348883e+01	1.900378335865965695e+01	1.956121074849374253e+01	1.920308169210124660e+01	1.947777551976330201e+01	1.970518366834835078e+01	1.943117956821129155e+01	1.901800704794201380e+01	1.908699114225682081e+01	1.917282939265476216e+01	1.943789149075641731e+01	1.925029956216734561e+01	1.936733461152692826e+01	1.907127476206894556e+01	1.909441112924647399e+01	1.953252437254372964e+01	1.938243786917044531e+01	1.962875588037201169e+01	1.954306546787770671e+01	1.894933709232649122e+01	1.923753340401960443e+01	1.947071625947841866e+01	1.854738568029959112e+01	1.887864774895310305e+01	1.965350331012375307e+01	1.980268018445028844e+01	2.018376105616100702e+01	1.908463918003611326e+01	1.986717845426884566e+01	1.937190385685131844e+01	1.957547596267817980e+01	1.943748592011228737e+01	1.925895117111356569e+01	1.864567326071803777e+01	1.917879903724301371e+01	1.972124939953229372e+01	1.960815105563512972e+01	1.928644879612842900e+01
2.002282620800745150e+01	1.906386873337439170e+01	1.978610348589128876e+01	1.954720292146954108e+01	1.890469966202516616e+01	2.876332421794150918e+01	1.986193171008510205e+01	1.946296573097656690e+01	1.922901841121383626e+01	1.978595877738322528e+01	1.978670441253836998e+01	1.938343279904105287e+01	1.970025202389761887e+01	1.959609196757803673e+01	1.955449230328762411e+01	1.962215006089605041e+01	1.931741776909003860e+01	1.999372799901172471e+01	1.939008168918406838e+01	1.933006546290864591e+01	1.971614845883489053e+01	1.962956497483183327e+01	1.943011929921018321e+01	1.947717879536064345e+01	1.970759214478348298e+01	1.934017428709028863e+01	1.952497090246929190e+01	1.947217291154506924e+01	1.957901217808829841e+01	1.973207873268331269e+01	2.004170042436957289e+01	1.962740968251373630e+01	1.994341236181873001e+01	1.962633802571219732e+01	1.952132041358572323e+01	1.937778293129982643e+01	2.005848432516947000e+01	1.973572405594532597e+01	1.998959597077561767e+01	1.979495209886480822e+01	1.994247236320909522e+01	1.958524252851410097e+01	1.968123136291027464e+01	1.974870180068138126e+01	1.965791297216640388e+01	1.901947084413135869e+01	1.920350140974099062e+01	2.000322647139082477e+01	1.984677813251144940e+01	1.986271409250636211e+01
2.023100163250528283e+01	1.941006552051453582e+01	2.072097080252163437e+01	1.985468068724676627e+01	1.965751636453598650e+01	1.986193171008510205e+01	3.023607659968570616e+01	2.011251809720308970e+01	2.011892200547740828e+01	2.007696127238000017e+01	1.989326018813498109e+01	2.026939099874295280e+01	2.030356330458410596e+01	2.015478284688427024e+01	2.037291894087213251e+01	2.035801869581678147e+01	2.002812808207633211e+01	2.055323222877590794e+01	1.991098242028269638e+01	1.968869492915919395e+01	2.024664185614073375e+01	2.008178946565877609e+01	2.055057194036370305e+01	2.003877533854477733e+01	2.034461090971788266e+01	2.005268694763721626e+01	1.980416660173004573e+01	2.040159436241155078e+01	2.007774273020870126e+01	2.019208009799773151e+01	1.992707322262122105e+01	2.004558965378277335e+01	2.018781378490717771e+01	2.035050110178238469e+01	1.983709341113706159e+01	1.987716500947069420e+01	2.082169373513212562e+01	2.065534881551700508e+01	2.040427481782421992e+01	2.060905208594274995e+01	2.063848443796751653e+01	2.046968268267153590e+01	2.031179666965489616e+01	2.019669044914319755e+01	2.023297153489346556e+01	1.959404124541041980e+01	1.979901509555897476e+01	2.064115074246207726e+01	1.998485671432126054e+01	2.002372001547672298e+01
2.035958560247621207e+01	1.940231907912394860e+01	1.988712045046941057e+01	1.982467749661469369e+01	1.924768449328530906e+01	1.946296573097656690e+01	2.011251809720308970e+01	2.951613083403253057e+01	1.963802329906680200e+01	1.976471977668717628e+01	2.032568148176931899e+01	2.025418461963268157e+01	2.011361535330442152e+01	1.987220438633498176e+01	1.976695672385229585e+01	2.001986357154946816e+01	1.978109120155224332e+01	1.967926762549196695e+01	1.972547475809883366e+01	1.953452861444582211e+01	2.010344716945287757e+01	2.000690271695160050e+01	1.988053757769872121e+01	1.993247947454918290e+01	1.995210431115516769e+01	1.949079931665736964e+01	1.974410067246776634e+01	1.984687305882376762e+01	1.977904438803241050e+01	1.957980669096803794e+01	1.992770959089039451e+01	1.974510897951939725e+01	2.028835456366390488e+01	2.018632325653269177e+01	1.994079960520923223e+01	1.936801201333407008e+01	2.014763393594562757e+01	2.013529675789962070e+01	2.013555315952199365e+01	1.998554102630206586e+01	2.032958557333911997e+01	2.018596361468647515e+01	1.984407560929228964e+01	2.016015219636843625e+01	1.979283305746262656e+01	1.895337020329708722e+01	1.935219580471178702e+01	2.026972278659401994e+01	2.017902225222552204e+01	1.987501489492957063e+01
2.000150761187796533e+01	1.929753432278437941e+01	1.974330163533516114e+01	1.988913541698358500e+01	1.921066867174628356e+01	1.922901841121383626e+01	2.011892200547740828e+01	1.963802329906680200e+01	2.959482320994982629e+01	1.952280591217127892e+01	2.031046416992076331e+01	1.991558228209585835e+01	2.004535795481661964e+01	2.005968113416962240e+01	1.963479860893980344e+01	1.967759628749940504e+01	1.958120361291956257e+01	2.028733660811967354e+01	1.976567201937777440e+01	1.946881944583652668e+01	1.964597724663797607e+01	1.910289756611939538e+01	1.970702229811325878e+01	1.989440617623855445e+01	2.010741114172386901e+01	1.955315773558669079e+01	1.958053545820523311e+01	1.946764746553991188e+01	2.005247815262351452e+01	1.940419566516376904e+01	1.959037826979231056e+01	1.949654605752010994e+01	2.019940361678689200e+01	1.981807350631841658e+01	1.945174031360561173e+01	1.973338283448429209e+01	2.019165719264479364e+01	1.990720240265166296e+01	2.034141564383524781e+01	2.020249109371025398e+01	2.012238876777858465e+01	2.009015113057659718e+01	2.000515880658251788e+01	2.002177467802896516e+01	1.975797888558092552e+01	1.899065601287433225e+01	1.930721261204848815e+01	1.998710881631780367e+01	1.986433245010389825e+01	1.979501845963154238e+01
2.007073378062181490e+01	1.961609236496812869e+01	2.034612057793678730e+01	1.973440072804016054e+01	1.926343156917564414e+01	1.978595877738322528e+01	2.007696127238000017e+01	1.976471977668717628e+01	1.952280591217127892e+01	3.015447109075113730e+01	1.996279014892105863e+01	2.029652510382377528e+01	2.051636485839169666e+01	1.966909137325776769e+01	1.998230231301864990e+01	2.011435792560035196e+01	1.956861232944625684e+01	1.992610473560385742e+01	1.982715085355317086e+01	1.974503874963748729e+01	2.006435216223398044e+01	1.983485916949829431e+01	1.973326879825066982e+01	1.995384842460543950e+01	1.982800926358163096e+01	1.990656861713309311e+01	2.018556666001153488e+01	1.990015257344486699e+01	1.975460422196233878e+01	2.005365170365325156e+01	1.965673709701448146e+01	1.955050434906321755e+01	2.006315331053641060e+01	1.954811161960535060e+01	1.980839477120245107e+01	1.982645549705210897e+01	2.052812054309677237e+01	2.053899428463707011e+01	2.074213177383071383e+01	2.019085339039635585e+01	2.038910008027501064e+01	1.997307980102089431e+01	2.000756475498427278e+01	2.015632410655411277e+01	1.985962952441072105e+01	1.938080107534669949e+01	1.998184975644695882e+01	2.021473024032282595e+01	2.021442433885795253e+01	1.952223929742536868e+01
2.017639539523093717e+01	1.945324124736880833e+01	2.025828869769189211e+01	1.971390882341167128e+01	1.934382777750348481e+01	1.978670441253836998e+01	1.989326018813498109e+01	2.032568148176931899e+01	2.031046416992076331e+01	1.996279014892105863e+01	2.984343220199764346e+01	2.005340480217040522e+01	2.041607301577019484e+01	1.975814189247924801e+01	2.021714456907302448e+01	2.012087376555747298e+01	1.969623606904258040e+01	1.970962948449264474e+01	1.977275727431530328e+01	1.966226301646940655e+01	2.005139592181309638e+01	1.979978160802073006e+01	2.003311370110347411e+01	1.956907432390011792e+01	1.994380842439433721e+01	1.988187224312429890e+01	1.989136842315371823e+01	2.021745470348876239e+01	2.031928511166060858e+01	2.003254108934904920e+01	1.974648645485099863e+01	2.024542715085569711e+01	2.036501750356756091e+01	1.963226704906756837e+01	1.970663907393287673e+01	1.994667376026866989e+01	2.039768866895844468e+01	2.051461294886988895e+01	2.014879447678807622e+01	1.984719779251603100e+01	2.006781225463054597e+01	1.970103407604771917e+01	2.024818737623697729e+01	2.011180366482172133e+01	1.995412617005317557e+01	1.947641331316529190e+01	1.959663915275347179e+01	2.002099821168751248e+01	2.018771370597157144e+01	2.011936384139109890e+01
2.026756418856081154e+01	1.983803627939634495e+01	1.979108786860275870e+01	1.974517228702725902e+01	1.911976981846254020e+01	1.938343279904105287e+01	2.026939099874295280e+01	2.025418461963268157e+01	1.991558228209585835e+01	2.029652510382377528e+01	2.005340480217040522e+01	2.980733886538688182e+01	2.029269433666350508e+01	1.993587725691551071e+01	2.022073419863369281e+01	2.006941941670093499e+01	1.958239565014179462e+01	2.029511040217671081e+01	1.980186129342551027e+01	1.968375658240669779e+01	2.029946654527908834e+01	2.036009313742066595e+01	2.000141582631120585e+01	1.988641760570026307e+01	1.980784707447896054e+01	1.937451100700669571e+01	1.997765873810396187e+01	1.991000338037431661e+01	2.003559791193115558e+01	1.987379386158289307e+01	1.966291837035204892e+01	1.985324062143294910e+01	2.029005376242581349e+01	2.036476299818503222e+01	1.962969384014821017e+01	1.968207112714887330e+01	2.033627914907761181e+01	2.024896646205083783e+01	2.017018910383153596e+01	1.999990235542817629e+01	2.021542958401641599e+01	1.976389959512022187e+01	2.045934826834601949e+01	2.045712586419368506e+01	2.012679846456828869e+01	1.913783166028599680e+01	2.002196259645420540e+01	2.062417432676978990e+01	2.034820567675688352e+01	1.973983729742406723e+01
2.060317925868219291e+01	1.963544254343626250e+01	2.062367097236336733e+01	2.079353867251841592e+01	1.945895047618348883e+01	1.970025202389761887e+01	2.030356330458410596e+01	2.011361535330442152e+01	2.004535795481661964e+01	2.051636485839169666e+01	2.041607301577019484e+01	2.029269433666350508e+01	3.047074889551048571e+01	2.028172734794313570e+01	2.018461420026481434e+01	2.046566256841151343e+01	2.028265706867773588e+01	2.032107416893685325e+01	2.025169284042296525e+01	1.999464282339359755e+01	2.039723211927392654e+01	2.019455970790918542e+01	2.070829078191952632e+01	2.037929931765811631e+01	2.022203123233206767e+01	2.002220320312372692e+01	1.980471613858917834e+01	2.037651408122115981e+01	2.048300107686199212e+01	2.074653585353633645e+01	2.078789886664886666e+01	2.052951142731021505e+01	2.052004067922088026e+01	2.063755842524613371e+01	1.995884504795160908e+01	2.016836652808838792e+01	2.053091617537040392e+01	2.075705096739005384e+01	2.066003449203559228e+01	2.036729224939011829e+01	2.079972524519522636e+01	2.026278884259054891e+01	2.030845755132690655e+01	2.030958739659348211e+01	2.044355758020556380e+01	1.988226278355898557e+01	2.001626211353381990e+01	2.066487022305968679e+01	2.063831644631742890e+01	2.018148997459677929e+01
2.016670194036985109e+01	1.945671527704934078e+01	2.028973641701412944e+01	1.986746588462711927e+01	1.900378335865965695e+01	1.959609196757803673e+01	2.015478284688427024e+01	1.987220438633498176e+01	2.005968113416962240e+01	1.966909137325776769e+01	1.975814189247924801e+01	1.993587725691551071e+01	2.028172734794313570e+01	2.984645763824144638e+01	1.977213481228287151e+01	1.980996475148073444e+01	1.942495688882407023e+01	2.004808594761308527e+01	1.967145236615115422e+01	1.979236951723362026e+01	1.958893086608723877e+01	1.972054335786165780e+01	1.958322770768110388e+01	1.944689060280472503e+01	1.998382476165618016e+01	1.954611544021491198e+01	1.947727009431342182e+01	1.963653928381285496e+01	2.010338041881665205e+01	1.994823697802389972e+01	2.043199058872947660e+01	1.967301013434957824e+01	1.984618767923968008e+01	2.002875488116388070e+01	1.945218252921238644e+01	1.948167459800519197e+01	2.025209738388322833e+01	1.970947796642585459e+01	2.065500259239274783e+01	2.015374082474862050e+01	2.051309456296382194e+01	2.004919520762750906e+01	2.003407252526191940e+01	2.025658795196609674e+01	1.992068080443691258e+01	1.913270432460411996e+01	1.997718616000840797e+01	2.037703891462813388e+01	1.999004482743799471e+01	1.971711689065711326e+01
2.034077775410263911e+01	1.952496283114932396e+01	2.058229754597177319e+01	2.008391517850108698e+01	1.956121074849374253e+01	1.955449230328762411e+01	2.037291894087213251e+01	1.976695672385229585e+01	1.963479860893980344e+01	1.998230231301864990e+01	2.021714456907302448e+01	2.022073419863369281e+01	2.018461420026481434e+01	1.977213481228287151e+01	3.018496479635899377e+01	2.025168290544421623e+01	1.963816902028164435e+01	2.003177502748034300e+01	1.962260811185296561e+01	1.962806134622846699e+01	2.011873328625502566e+01	1.987016119523920210e+01	2.002708584119686464e+01	1.975372074232816999e+01	2.004859306595108137e+01	1.985025927827527070e+01	1.955637725500835344e+01	2.012263446061869843e+01	2.018510667087715049e+01	1.970574464395520309e+01	2.028671958409198339e+01	1.960253003895337898e+01	1.963523868558169738e+01	2.019122849153090726e+01	1.973474925049977813e+01	1.960096221310123710e+01	1.986285320820097411e+01	2.023577844860355768e+01	2.040332369478322505e+01	2.007217770387626743e+01	2.062164092790457204e+01	1.994908518259911645e+01	2.010477555917649184e+01	2.025569702934297567e+01	2.023919182154705965e+01	1.932476464708151553e+01	1.974768555179426244e+01	2.039397422181663089e+01	2.012412364321410152e+01	1.991335454125566429e+01
2.025949274507124542e+01	1.975231781143186538e+01	2.020663107841109962e+01	2.021918496005126897e+01	1.920308169210124660e+01	1.962215006089605041e+01	2.035801869581678147e+01	2.001986357154946816e+01	1.967759628749940504e+01	2.011435792560035196e+01	2.012087376555747298e+01	2.006941941670093499e+01	2.046566256841151343e+01	1.980996475148073444e+01	2.025168290544421623e+01	2.963054004143005571e+01	1.984533180123825247e+01	2.016733379696783146e+01	1.999218184404917054e+01	1.964991940411194093e+01	1.979096051779420051e+01	1.987032476762738398e+01	1.999807406422957001e+01	2.023030056897049533e+01	2.003866411866115271e+01	1.998900754177018513e+01	2.005969605605613282e+01	2.000263157537843384e+01	2.002854764954360434e+01	1.980027719173695644e+01	2.024455665123988624e+01	2.001730922052116668e+01	1.993832351628512001e+01	1.999932922644217825e+01	1.986853433287444659e+01	1.970361169447674143e+01	2.072262993085347915e+01	2.012647480158529589e+01	2.046078293627042655e+01	2.006275845941496883e+01	2.061070180979620048e+01	2.018760047910400246e+01	2.018762524076372955e+01	2.036234411182103443e+01	1.964178032961748954e+01	1.945649094703173532e+01	1.993644494414597190e+01	2.064861346646914342e+01	2.007026036054672957e+01	2.008849890822856565e+01
1.966435937470315665e+01	1.958426170435040348e+01	2.031179202745068224e+01	1.960323336239055081e+01	1.947777551976330201e+01	1.931741776909003860e+01	2.002812808207633211e+01	1.978109120155224332e+01	1.958120361291956257e+01	1.956861232944625684e+01	1.969623606904258040e+01	1.958239565014179462e+01	2.028265706867773588e+01	1.942495688882407023e+01	1.963816902028164435e+01	1.984533180123825247e+01	2.901439983043668747e+01	1.978096496152537753e+01	1.974770078639314974e+01	1.984090629994892652e+01	1.970760310514715741e+01	1.958391725809575590e+01	1.979522972344532050e+01	1.960467415401104319e+01	1.985500656346036408e+01	1.967202622510365728e+01	1.967637476737858293e+01	1.994484035543845835e+01	1.990943982672011359e+01	1.937470457770869814e+01	1.996757817326826157e+01	1.980780593182511495e+01	1.999041411533464085e+01	1.978360585121770754e+01	1.947493762925909877e+01	1.932735938521368269e+01	2.003900610360363643e+01	2.029669250726635710e+01	2.004562525663476791e+01	2.010701141531508185e+01	2.021848772976145625e+01	1.970626329442040259e+01	2.000222128738088756e+01	1.978690624399674292e+01	1.977737117566172742e+01	1.931110591443785651e+01	1.960420642910202460e+01	2.022558369123807864e+01	2.028294154423510420e+01	1.939877710688231360e+01
2.017728179073540673e+01	1.943153854240728506e+01	2.020681616268842262e+01	1.983895008519613512e+01	1.970518366834835078e+01	1.999372799901172471e+01	2.055323222877590794e+01	1.967926762549196695e+01	2.028733660811967354e+01	1.992610473560385742e+01	1.970962948449264474e+01	2.029511040217671081e+01	2.032107416893685325e+01	2.004808594761308527e+01	2.003177502748034300e+01	2.016733379696783146e+01	1.978096496152537753e+01	3.005316202516635116e+01	2.033285590598715586e+01	2.003901651912197934e+01	2.005018565966586408e+01	2.026935030846663466e+01	2.030745421435157994e+01	2.026089216354354150e+01	2.007243378407418888e+01	2.004435107269513239e+01	2.006603064353046406e+01	1.995358019893595625e+01	2.004106686354639777e+01	2.021882985182359604e+01	2.004430539711817971e+01	2.033135394848179445e+01	2.042118031841275538e+01	2.032325663161367757e+01	1.984492350810528194e+01	2.002667658689313512e+01	2.019976834527969345e+01	2.019393203329570596e+01	2.047314024943593935e+01	2.047893264588181594e+01	2.056807574446291653e+01	1.999182364730030415e+01	2.030471153378657334e+01	2.065818185804222296e+01	2.024817665340648887e+01	1.948484496258343412e+01	2.004223242010815298e+01	2.058160304263811824e+01	2.005918693270631792e+01	1.987750737368650533e+01
1.962935608143247990e+01	1.913835211704639860e+01	2.030019029866399904e+01	1.968807533646737440e+01	1.943117956821129155e+01	1.939008168918406838e+01	1.991098242028269638e+01	1.972547475809883366e+01	1.976567201937777440e+01	1.982715085355317086e+01	1.977275727431530328e+01	1.980186129342551027e+01	2.025169284042296525e+01	1.967145236615115422e+01	1.962260811185296561e+01	1.999218184404917054e+01	1.974770078639314974e+01	2.033285590598715586e+01	2.917769552592911353e+01	1.949708532236168423e+01	2.007150461655901097e+01	1.995318110247043819e+01	1.978168295517437159e+01	1.958168413640891714e+01	1.950239601548783952e+01	1.968526047593785577e+01	2.013512711385417120e+01	1.990177226181607750e+01	2.009725417127637925e+01	1.993503244667228103e+01	2.011743807079248469e+01	1.980564412838011279e+01	1.992467841033573350e+01	1.973822772548499671e+01	1.984199103808351694e+01	1.965033020611475933e+01	2.020828484712757600e+01	2.036549495254316611e+01	2.024893088565669075e+01	1.979077709246021399e+01	2.030843684829317297e+01	1.967675756623447114e+01	2.005612686734534478e+01	2.055341571851037585e+01	1.969524894118669422e+01	1.923552113255468754e+01	1.968731135597092319e+01	2.030306750390712267e+01	2.018593783052356727e+01	1.938666283351115993e+01
1.988277353366038724e+01	1.923048515809635006e+01	1.967857347923791167e+01	1.997762991628635376e+01	1.901800704794201380e+01	1.933006546290864591e+01	1.968869492915919395e+01	1.953452861444582211e+01	1.946881944583652668e+01	1.974503874963748729e+01	1.966226301646940655e+01	1.968375658240669779e+01	1.999464282339359755e+01	1.979236951723362026e+01	1.962806134622846699e+01	1.964991940411194093e+01	1.984090629994892652e+01	2.003901651912197934e+01	1.949708532236168423e+01	2.936836937455963081e+01	1.962138957368074443e+01	1.927202829735069400e+01	1.954399109346925201e+01	1.918419868568472708e+01	1.943572566670154700e+01	1.924917386051308554e+01	1.987728693085972864e+01	1.948991523497557665e+01	1.981387951001818948e+01	1.945101878316602395e+01	2.001041128195272378e+01	1.986602522613644339e+01	1.985712520174084972e+01	1.997844944968966985e+01	1.940815516485531944e+01	1.933641998535342665e+01	1.999781591779895606e+01	2.006811637311146512e+01	2.028049566401218229e+01	1.995312745305610491e+01	1.975932817283356968e+01	1.989145267138584927e+01	2.008959510246751634e+01	1.999463051220040555e+01	1.979098770474776003e+01	1.906129214541687844e+01	1.981036591752392440e+01	1.995554776400494745e+01	1.982481059401234447e+01	1.955463986309098701e+01
2.016447762813484346e+01	1.949569043851813888e+01	2.021304921439764613e+01	1.980190477241192326e+01	1.908699114225682081e+01	1.971614845883489053e+01	2.024664185614073375e+01	2.010344716945287757e+01	1.964597724663797607e+01	2.006435216223398044e+01	2.005139592181309638e+01	2.029946654527908834e+01	2.039723211927392654e+01	1.958893086608723877e+01	2.011873328625502566e+01	1.979096051779420051e+01	1.970760310514715741e+01	2.005018565966586408e+01	2.007150461655901097e+01	1.962138957368074443e+01	3.027214252276424489e+01	2.000917413248159704e+01	2.013296576089393142e+01	2.024729034633577029e+01	1.967952217848453955e+01	1.986219018500255018e+01	1.964245373073629253e+01	1.984197942500361478e+01	1.998600394070084008e+01	1.990191091431046289e+01	2.026901376288724776e+01	1.973480194229894735e+01	2.038150594706307928e+01	2.010823766722844042e+01	1.986544802645504504e+01	1.950272265092198865e+01	2.023399994273061964e+01	2.011732910124819540e+01	2.075135083592435237e+01	2.017137002442437321e+01	2.094853313471023171e+01	2.010918965247770984e+01	2.008815868236240476e+01	2.003069848768188521e+01	2.012551991535541518e+01	1.955118320104896057e+01	2.016205878313561684e+01	2.006435045131538786e+01	1.985458414722126363e+01	1.985672982078630966e+01
2.025958067864051060e+01	1.951509425797797448e+01	2.001969430643450210e+01	2.017000539883135346e+01	1.917282939265476216e+01	1.962956497483183327e+01	2.008178946565877609e+01	2.000690271695160050e+01	1.910289756611939538e+01	1.983485916949829431e+01	1.979978160802073006e+01	2.036009313742066595e+01	2.019455970790918542e+01	1.972054335786165780e+01	1.987016119523920210e+01	1.987032476762738398e+01	1.958391725809575590e+01	2.026935030846663466e+01	1.995318110247043819e+01	1.927202829735069400e+01	2.000917413248159704e+01	2.941140276330478542e+01	1.980984828466417369e+01	1.944455865578622067e+01	2.013161369124716771e+01	1.956945286729906641e+01	1.993968798250605801e+01	1.993203956173698188e+01	2.023624216632689254e+01	1.962464129280251868e+01	1.992820510520746424e+01	1.985225671780170842e+01	2.019004808853371458e+01	2.019676700292326998e+01	1.947340206793009187e+01	1.964898577593304552e+01	2.024450820222515546e+01	1.988958087698266652e+01	2.011248021898127192e+01	2.002807446209203235e+01	2.009356009174252833e+01	2.002728461554327311e+01	2.026598954215242543e+01	2.018537718317182694e+01	1.977978521901243170e+01	1.917297584729628213e+01	1.993468721968166335e+01	2.019772954825090139e+01	2.021541022408310795e+01	1.964203889182448037e+01
2.001072967542438263e+01	1.944213969396522756e+01	2.023879207665351743e+01	1.993553605398734518e+01	1.943789149075641731e+01	1.943011929921018321e+01	2.055057194036370305e+01	1.988053757769872121e+01	1.970702229811325878e+01	1.973326879825066982e+01	2.003311370110347411e+01	2.000141582631120585e+01	2.070829078191952632e+01	1.958322770768110388e+01	2.002708584119686464e+01	1.999807406422957001e+01	1.979522972344532050e+01	2.030745421435157994e+01	1.978168295517437159e+01	1.954399109346925201e+01	2.013296576089393142e+01	1.980984828466417369e+01	3.039273500122510541e+01	2.011654179285423893e+01	2.004783015705524107e+01	1.977773833520667424e+01	1.961928993821765133e+01	2.005976781795395425e+01	2.045503280026277793e+01	2.013209579729157994e+01	2.016565971383430522e+01	2.020132510456120656e+01	2.043279758745837427e+01	2.004806014911558876e+01	1.953191196557481035e+01	1.971057592460365626e+01	2.032018218350387428e+01	2.019388555905940663e+01	2.053629774621454018e+01	2.068840779142233899e+01	2.034627654972129562e+01	2.006632154806153423e+01	2.008386451840254594e+01	2.051520313515522886e+01	2.022116764676304967e+01	1.925190557304832240e+01	2.006797603299130373e+01	2.074160889506932293e+01	2.023608864275681185e+01	2.029284514840237463e+01
1.976854686481468093e+01	1.969150813670063016e+01	2.024336459658542964e+01	1.999888409385149046e+01	1.925029956216734561e+01	1.947717879536064345e+01	2.003877533854477733e+01	1.993247947454918290e+01	1.989440617623855445e+01	1.995384842460543950e+01	1.956907432390011792e+01	1.988641760570026307e+01	2.037929931765811631e+01	1.944689060280472503e+01	1.975372074232816999e+01	2.023030056897049533e+01	1.960467415401104319e+01	2.026089216354354150e+01	1.958168413640891714e+01	1.918419868568472708e+01	2.024729034633577029e+01	1.944455865578622067e+01	2.011654179285423893e+01	2.972635073180196486e+01	1.959354360240151749e+01	1.996183970417072473e+01	1.972310798039723423e+01	1.999238495348270916e+01	1.943004933400430545e+01	1.938133776308422185e+01	2.001419000717873331e+01	1.995130564012199770e+01	2.010120836034177572e+01	1.989097410907433527e+01	1.975222005206258657e+01	1.984815400346558789e+01	1.976815319047293684e+01	2.018885036643936814e+01	2.044300424296259777e+01	2.007622318876613221e+01	2.017649329739682074e+01	1.985073178796546500e+01	1.971877722296953195e+01	1.986170843631089156e+01	1.988730578840074514e+01	1.948304537509768863e+01	1.937857126754463977e+01	2.027600544019178841e+01	1.980476848891675701e+01	1.978503003264144411e+01
2.012412571989202448e+01	1.988110620724848232e+01	2.004919525655651924e+01	2.029231780500102289e+01	1.936733461152692826e+01	1.970759214478348298e+01	2.034461090971788266e+01	1.995210431115516769e+01	2.010741114172386901e+01	1.982800926358163096e+01	1.994380842439433721e+01	1.980784707447896054e+01	2.022203123233206767e+01	1.998382476165618016e+01	2.004859306595108137e+01	2.003866411866115271e+01	1.985500656346036408e+01	2.007243378407418888e+01	1.950239601548783952e+01	1.943572566670154700e+01	1.967952217848453955e+01	2.013161369124716771e+01	2.004783015705524107e+01	1.959354360240151749e+01	2.974887316518360336e+01	1.994662350616642854e+01	1.963709089904954297e+01	2.000834722111520847e+01	2.050094733790454882e+01	2.003865913850825820e+01	2.039781718010074485e+01	1.976381135511135412e+01	2.003039951699230059e+01	2.013223326488568432e+01	1.966041048516109058e+01	1.963655848348003019e+01	2.012993144847507665e+01	2.021544519268156392e+01	2.068574555644170587e+01	2.022142026671385651e+01	2.029940133329002094e+01	2.006004138470590448e+01	1.979631412583977834e+01	2.004778907496145024e+01	2.026725885003518002e+01	1.949646201215463392e+01	1.960823958830772540e+01	2.052257956775628500e+01	2.007199587026516951e+01	1.986331223046826722e+01
2.008589927401477482e+01	1.963165370493324602e+01	2.003429982532539100e+01	2.005968551566761704e+01	1.907127476206894556e+01	1.934017428709028863e+01	2.005268694763721626e+01	1.949079931665736964e+01	1.955315773558669079e+01	1.990656861713309311e+01	1.988187224312429890e+01	1.937451100700669571e+01	2.002220320312372692e+01	1.954611544021491198e+01	1.985025927827527070e+01	1.998900754177018513e+01	1.967202622510365728e+01	2.004435107269513239e+01	1.968526047593785577e+01	1.924917386051308554e+01	1.986219018500255018e+01	1.956945286729906641e+01	1.977773833520667424e+01	1.996183970417072473e+01	1.994662350616642854e+01	2.931182114758079749e+01	1.981877715480120372e+01	1.968057159548716584e+01	1.987363689555975910e+01	1.948750443478246552e+01	1.999888224393588843e+01	1.946095971196786678e+01	2.000190686073256430e+01	1.991717161287957083e+01	1.959210993390602340e+01	1.968810497168891160e+01	1.988254128015245570e+01	1.995391537302378637e+01	1.997319589667554496e+01	1.993303802123631385e+01	2.028206185474981282e+01	1.992108161394807553e+01	1.979871080559754049e+01	1.965479268757319531e+01	1.973940128469315525e+01	1.927951472418069656e+01	1.983045131013908957e+01	2.026968265764531907e+01	1.967880203915493809e+01	1.965309507748980167e+01
1.985753740471869833e+01	1.940375253126771682e+01	2.004153817206955068e+01	1.978878147426013001e+01	1.909441112924647399e+01	1.952497090246929190e+01	1.980416660173004573e+01	1.974410067246776634e+01	1.958053545820523311e+01	2.018556666001153488e+01	1.989136842315371823e+01	1.997765873810396187e+01	1.980471613858917834e+01	1.947727009431342182e+01	1.955637725500835344e+01	2.005969605605613282e+01	1.967637476737858293e+01	2.006603064353046406e+01	2.013512711385417120e+01	1.987728693085972864e+01	1.964245373073629253e+01	1.993968798250605801e+01	1.961928993821765133e+01	1.972310798039723423e+01	1.963709089904954297e+01	1.981877715480120372e+01	2.916220328456009625e+01	1.939264939744657212e+01	1.991292826723699960e+01	1.977466529070046519e+01	1.985359120069455585e+01	1.962592423378333706e+01	2.009105629540574967e+01	2.035651557493015673e+01	1.955855880415123949e+01	1.960835613699820357e+01	2.004965458386308441e+01	2.012561059610789727e+01	2.029561346857828852e+01	2.007469106587214824e+01	2.027512856559542342e+01	1.983287765669303937e+01	2.015917428467002281e+01	1.976514745283294516e+01	2.002125984824530391e+01	1.923984415942590331e+01	1.949315038926932431e+01	1.996209854802579997e+01	1.977580496829494194e+01	1.945191223199699948e+01
2.034307591018887607e+01	1.922228080127537808e+01	2.042374042872587125e+01	2.009432782760827152e+01	1.953252437254372964e+01	1.947217291154506924e+01	2.040159436241155078e+01	1.984687305882376762e+01	1.946764746553991188e+01	1.990015257344486699e+01	2.021745470348876239e+01	1.991000338037431661e+01	2.037651408122115981e+01	1.963653928381285496e+01	2.012263446061869843e+01	2.000263157537843384e+01	1.994484035543845835e+01	1.995358019893595625e+01	1.990177226181607750e+01	1.948991523497557665e+01	1.984197942500361478e+01	1.993203956173698188e+01	2.005976781795395425e+01	1.999238495348270916e+01	2.000834722111520847e+01	1.968057159548716584e+01	1.939264939744657212e+01	2.969157770379350580e+01	2.016507541166508943e+01	1.999658576950244537e+01	2.002111250747085691e+01	2.032327257103048623e+01	2.020013173337893875e+01	2.015995366608140316e+01	1.970058849251214639e+01	1.953161794562997500e+01	2.018418368228655524e+01	2.031176569745321814e+01	2.038257303979452217e+01	2.001091006133589545e+01	2.046180463401307392e+01	2.019173079282712635e+01	1.988364810192097210e+01	2.031711832555170005e+01	1.967359647589294269e+01	1.928833571168412675e+01	1.991365806235286939e+01	2.071841032367246527e+01	1.987156071192267959e+01	1.956861197499193850e+01
2.004751790507213016e+01	1.971757051082366274e+01	2.014555163537520244e+01	1.982018797711679170e+01	1.938243786917044531e+01	1.957901217808829841e+01	2.007774273020870126e+01	1.977904438803241050e+01	2.005247815262351452e+01	1.975460422196233878e+01	2.031928511166060858e+01	2.003559791193115558e+01	2.048300107686199212e+01	2.010338041881665205e+01	2.018510667087715049e+01	2.002854764954360434e+01	1.990943982672011359e+01	2.004106686354639777e+01	2.009725417127637925e+01	1.981387951001818948e+01	1.998600394070084008e+01	2.023624216632689254e+01	2.045503280026277793e+01	1.943004933400430545e+01	2.050094733790454882e+01	1.987363689555975910e+01	1.991292826723699960e+01	2.016507541166508943e+01	2.973809316155870519e+01	1.979265109146020052e+01	2.022930409465889667e+01	1.963447599411257016e+01	2.007661870959987738e+01	1.966617787898157133e+01	1.984618497798282633e+01	1.970068291900125601e+01	2.028801027498869303e+01	2.022131869982512242e+01	2.013721506711532427e+01	2.012665701646758265e+01	2.044126534584551891e+01	2.033798699967472245e+01	2.029167331208879332e+01	2.016803507187203692e+01	2.017790252958302233e+01	1.932626275232048840e+01	2.003452542724507879e+01	2.030657731629995411e+01	2.025414336721664199e+01	2.002555279839416613e+01
2.003915798487652111e+01	1.917501647693048028e+01	2.023446007426714388e+01	1.982999446981333591e+01	1.962875588037201169e+01	1.973207873268331269e+01	2.019208009799773151e+01	1.957980669096803794e+01	1.940419566516376904e+01	2.005365170365325156e+01	2.003254108934904920e+01	1.987379386158289307e+01	2.074653585353633645e+01	1.994823697802389972e+01	1.970574464395520309e+01	1.980027719173695644e+01	1.937470457770869814e+01	2.021882985182359604e+01	1.993503244667228103e+01	1.945101878316602395e+01	1.990191091431046289e+01	1.962464129280251868e+01	2.013209579729157994e+01	1.938133776308422185e+01	2.003865913850825820e+01	1.948750443478246552e+01	1.977466529070046519e+01	1.999658576950244537e+01	1.979265109146020052e+01	2.945826503732471480e+01	1.974362461205787511e+01	1.977879188264789789e+01	2.021184536572976143e+01	2.028959071632366928e+01	1.948228279722184908e+01	1.947499216375088693e+01	2.021603570828759899e+01	2.022734924656896993e+01	2.065011928355582782e+01	1.999421502412442564e+01	1.985929906521005961e+01	1.981229872166434802e+01	2.019342459900726894e+01	2.049600750599892862e+01	1.980078606665432872e+01	1.966477834943312786e+01	1.976830247359690063e+01	2.046313891824847886e+01	2.006251391265341866e+01	1.997146930387356534e+01
2.006899845783338776e+01	1.983478392477464780e+01	2.031950570531062894e+01	2.026543883819198300e+01	1.954306546787770671e+01	2.004170042436957289e+01	1.992707322262122105e+01	1.992770959089039451e+01	1.959037826979231056e+01	1.965673709701448146e+01	1.974648645485099863e+01	1.966291837035204892e+01	2.078789886664886666e+01	2.043199058872947660e+01	2.028671958409198339e+01	2.024455665123988624e+01	1.996757817326826157e+01	2.004430539711817971e+01	2.011743807079248469e+01	2.001041128195272378e+01	2.026901376288724776e+01	1.992820510520746424e+01	2.016565971383430522e+01	2.001419000717873331e+01	2.039781718010074485e+01	1.999888224393588843e+01	1.985359120069455585e+01	2.002111250747085691e+01	2.022930409465889667e+01	1.974362461205787511e+01	2.948530489486623907e+01	1.997379095904743451e+01	2.029075409751401082e+01	2.003737763480585343e+01	1.950356058954973903e+01	1.982909038215419528e+01	1.987527381381299563e+01	2.011067683642934867e+01	2.069656456455894400e+01	2.052267843145925497e+01	2.040894983919040229e+01	2.029128992105580309e+01	1.994747686884883109e+01	2.039260662483937381e+01	1.999856964277882909e+01	1.947993121848635667e+01	1.982232484149281859e+01	2.056074549973039467e+01	2.032590376369388707e+01	2.019858433160206346e+01
2.017977822138714217e+01	1.926835775891028035e+01	1.997327303269735665e+01	2.016868955763640869e+01	1.894933709232649122e+01	1.962740968251373630e+01	2.004558965378277335e+01	1.974510897951939725e+01	1.949654605752010994e+01	1.955050434906321755e+01	2.024542715085569711e+01	1.985324062143294910e+01	2.052951142731021505e+01	1.967301013434957824e+01	1.960253003895337898e+01	2.001730922052116668e+01	1.980780593182511495e+01	2.033135394848179445e+01	1.980564412838011279e+01	1.986602522613644339e+01	1.973480194229894735e+01	1.985225671780170842e+01	2.020132510456120656e+01	1.995130564012199770e+01	1.976381135511135412e+01	1.946095971196786678e+01	1.962592423378333706e+01	2.032327257103048623e+01	1.963447599411257016e+01	1.977879188264789789e+01	1.997379095904743451e+01	2.960796223845837716e+01	1.986192159546854441e+01	1.989398553739962594e+01	1.961661234001426379e+01	1.967967175189856377e+01	2.012842693820697448e+01	1.984397023225054824e+01	2.036826288941538365e+01	2.017647196356368156e+01	2.023624008792368656e+01	1.986675533275922234e+01	1.978237789821969983e+01	2.047658408589915169e+01	1.987325213771980970e+01	1.959276350401500721e+01	1.994509971577295460e+01	2.002357325555276191e+01	1.996286141400920400e+01	1.967218247749497806e+01
