2.876986990754770446e+01	1.938365405145903253e+01	1.997702764401709885e+01	2.037068697574283505e+01	1.881369590530374580e+01	1.921436935793046885e+01	1.942735254879342932e+01	1.937253065415078268e+01	1.934039924808325850e+01	1.921623505947533062e+01	1.943168308718885484e+01	1.950681663055472015e+01	1.917656076558582257e+01	1.938087503677266454e+01	1.984676292353477578e+01	1.948254440757722961e+01	1.953335221857620851e+01	1.990446269455742367e+01	2.037485573725673049e+01	1.904764376864604714e+01	1.984367157644888380e+01	1.919174723241443914e+01	1.966399186880733652e+01	1.967824629184980267e+01	1.980716921721178991e+01	1.961187152673255696e+01	1.952775239298906129e+01	1.956173819957253102e+01	1.964162107914803457e+01	1.922902466088805440e+01	1.932397054359752175e+01	1.941431359063064122e+01	1.925411427061373004e+01	1.911582886386170443e+01	1.988312081968262035e+01	1.977113400314363645e+01	1.927939758191845598e+01	1.945229453958123145e+01	1.957025535153666596e+01	1.958078333832692763e+01	1.966859211302348243e+01	1.913275264705276157e+01	1.944939568573878574e+01	1.934216456933174300e+01	1.908913357561667823e+01	2.011926919574697337e+01	1.951809795429214489e+01	1.947669348836016923e+01	1.927020140528157910e+01	1.890248622340881823e+01
1.938365405145903253e+01	2.972710824025253373e+01	2.036150871470348278e+01	2.039857076924537793e+01	1.979702166447469480e+01	2.015489270889560913e+01	1.983489055796635725e+01	1.974690586434576645e+01	1.996305774207677786e+01	1.980901345028693683e+01	1.983297415259328744e+01	1.980249490617793739e+01	1.995257541282430580e+01	2.007271109279842136e+01	2.027060613597830496e+01	2.029398450668737652e+01	2.024344729620928618e+01	2.004971893138219485e+01	2.094088471317627054e+01	1.968862571435937525e+01	2.009537725495398774e+01	1.987501774534107923e+01	1.986686993596586248e+01	1.956036357108054347e+01	2.050632453705415514e+01	2.065552096216912403e+01	2.020591973453648649e+01	1.969089819819219755e+01	2.028394538577029493e+01	1.981299250787219890e+01	1.935294500602375223e+01	1.998064835908569137e+01	1.985284991261276133e+01	2.018790119828751273e+01	2.053969377326823675e+01	2.039071967813616482e+01	2.002002150444074502e+01	2.002644712478344857e+01	2.013174764159072438e+01	2.047325945010772941e+01	1.971800547348822619e+01	1.975158452783656671e+01	1.983640562433718557e+01	2.005648703912525832e+01	1.989751810007784982e+01	2.057170919960174515e+01	2.003684959717014635e+01	2.016249748252032603e+01	1.955930677994648903e+01	1.964003155839338532e+01
1.997702764401709885e+01	2.036150871470348278e+01	2.983227967880483078e+01	2.032923455358195852e+01	1.975372425049373604e+01	1.985943819086881135e+01	2.000962637534248145e+01	2.013081482620748019e+01	1.986012201897499097e+01	1.974835009161768085e+01	2.019481148551215810e+01	2.008308898957901079e+01	1.991828470874131440e+01	2.007845486665701529e+01	2.042215034894863024e+01	2.046845847298979137e+01	2.030318726056682266e+01	2.044499231827747465e+01	2.114892239665038787e+01	2.007439017339370224e+01	2.027957119659802387e+01	2.008181934413486047e+01	2.025638643131786765e+01	2.005483919995042186e+01	2.028359422020583125e+01	1.998980179721686312e+01	2.034952387887394920e+01	2.001346408192367576e+01	2.006139831059113376e+01	2.001223631584809581e+01	1.981053351707902266e+01	1.990196890625595572e+01	2.020354668025651890e+01	2.005090600029229719e+01	2.057009216514311944e+01	1.981264096535274177e+01	1.981960242784569459e+01	2.012272334380197947e+01	2.051605726142809516e+01	2.051225480697927139e+01	2.045978129372750232e+01	2.009268416295936888e+01	2.004940557818991564e+01	2.014667015286928375e+01	2.007257586879977751e+01	2.045408164534801543e+01	2.024006541471542064e+01	2.022577220203493553e+01	1.945850690378766856e+01	1.972045533195709410e+01
2.037068697574283505e+01	2.039857076924537793e+01	2.032923455358195852e+01	3.063595179902389987e+01	2.016281425966947083e+01	2.003785670451220113e+01	2.003099107941250878e+01	2.061001959885570400e+01	2.057393346659505440e+01	1.987413358977542188e+01	2.025383922949217563e+01	2.040474392048521679e+01	1.992801020752612828e+01	2.031010993108371210e+01	2.048810161778689221e+01	2.057302311769866066e+01	2.041531119193419030e+01	2.054563387825396603e+01	2.087622110226777750e+01	2.023418254799758031e+01	2.091052090793071727e+01	2.038328471770458350e+01	2.062595422264169187e+01	2.011429498750555211e+01	1.984272860695907781e+01	2.095625673444538251e+01	2.056474507109306415e+01	2.023501532009593973e+01	2.033324153016107161e+01	2.023604450626676154e+01	2.019875756653864940e+01	2.012847172658175765e+01	2.051124222141531561e+01	2.060304050399727416e+01	2.029741207481803755e+01	2.077867723223842233e+01	2.028120842676458579e+01	2.051552371346141612e+01	2.079585444171553732e+01	2.052273033113702638e+01	2.042412083485739416e+01	1.991005589530007569e+01	2.095322633217601194e+01	2.034742846870969757e+01	2.053435064267040744e+01	2.061026587142270117e+01	2.058368362319435008e+01	2.053888280190737348e+01	1.991555442516405705e+01	1.983206870456868387e+01
1.881369590530374580e+01	1.979702166447469480e+01	1.975372425049373604e+01	2.016281425966947083e+01	2.871052740960184124e+01	1.968050713651935979e+01	1.940201442767074980e+01	1.946558379904803360e+01	1.928511071546761357e+01	1.937365027056600653e+01	1.936819697526321704e+01	1.939257774392304157e+01	1.917237533995388432e+01	1.931190773637315417e+01	1.968698057932436285e+01	1.985845822878119904e+01	1.969244187963244030e+01	1.985476977999672954e+01	2.001950234771390313e+01	1.967414241180334500e+01	1.990897733399109271e+01	1.951788783717196196e+01	1.972585163928852126e+01	1.939979465278277715e+01	1.964160354720718971e+01	1.964685206276809026e+01	1.948088972289229304e+01	1.950565059651392730e+01	1.933005798281026699e+01	1.915091922368888433e+01	1.953546843475997719e+01	1.942748806100137315e+01	1.920745904745946575e+01	1.936886297006738999e+01	1.961186113308520618e+01	1.992663380427787345e+01	1.933534334285735667e+01	1.994546932498834124e+01	1.980169500719005171e+01	1.976951168779843115e+01	1.947213098717380220e+01	1.903675233904152009e+01	1.943815517698029893e+01	1.974081523797678273e+01	1.978349012202540891e+01	2.001690701851040544e+01	1.932341836955750480e+01	1.967210406779210885e+01	1.966609803202527473e+01	1.919238219773592391e+01
1.921436935793046885e+01	2.015489270889560913e+01	1.985943819086881135e+01	2.003785670451220113e+01	1.968050713651935979e+01	2.991499610117269370e+01	1.969242820795289717e+01	1.955617590514009407e+01	1.962617401904320502e+01	1.936900468421206511e+01	1.977808029555160729e+01	1.953131762136847271e+01	1.988810405578437468e+01	2.003200699554883712e+01	2.004375156904251654e+01	1.997731309511392794e+01	2.005204886904424910e+01	2.046624045943260484e+01	2.039330619584992021e+01	1.970126207547686548e+01	2.003411418842869907e+01	1.936960343237495863e+01	1.937337569055112141e+01	1.990872988202113802e+01	1.989411040128793218e+01	2.001540371360780668e+01	1.947634334458432193e+01	1.988570597172872212e+01	1.991077663742942150e+01	1.925748489762733584e+01	1.898387119795931355e+01	1.985207594501806483e+01	1.990230165437067100e+01	1.941964723526386649e+01	2.000068708283804852e+01	2.010148485930646345e+01	1.971759504890820125e+01	1.977053696128838567e+01	2.009509423470276701e+01	1.975067004034944418e+01	2.008540375189044269e+01	1.933015259002366903e+01	1.993824992771246940e+01	1.970738551636598856e+01	1.925993615664867420e+01	2.013452396244024456e+01	1.965517075819347426e+01	1.979519747898064708e+01	1.944670027743697105e+01	1.939536908972768003e+01
1.942735254879342932e+01	1.983489055796635725e+01	2.000962637534248145e+01	2.003099107941250878e+01	1.940201442767074980e+01	1.969242820795289717e+01	2.904084742392472052e+01	1.937176294821983902e+01	1.972243076948593909e+01	1.923117482786426891e+01	1.973973846124554399e+01	1.942419606202716054e+01	1.972958364368181705e+01	1.984144335643800972e+01	1.985222980683997207e+01	2.026259613249438019e+01	2.010433178059721016e+01	1.999953858451312527e+01	2.023148522459693055e+01	1.999852857210312962e+01	2.012048856552157972e+01	1.969840902583636222e+01	1.982097084670529696e+01	1.951589720602677147e+01	2.008534622517962021e+01	1.978145941375892392e+01	1.958449418706160117e+01	1.946113367448542419e+01	1.997814424549549628e+01	1.957027351561136541e+01	1.929918788128377827e+01	2.005163691319563313e+01	1.988676988876563101e+01	1.991732822569637307e+01	1.989756567192243608e+01	1.992672469847106953e+01	1.938225628496637398e+01	1.971290732795445422e+01	1.977529355804493960e+01	1.973435216609948384e+01	1.946305795370045644e+01	1.919892836371773015e+01	1.985136682387950202e+01	1.953581961429447134e+01	1.973509328579519462e+01	2.003783546035162288e+01	1.960850082615732859e+01	1.941304756444160873e+01	1.957660292753783793e+01	1.928294899949586494e+01
1.937253065415078268e+01	1.974690586434576645e+01	2.013081482620748019e+01	2.061001959885570400e+01	1.946558379904803360e+01	1.955617590514009407e+01	1.937176294821983902e+01	2.983114392711539864e+01	1.997061223590316814e+01	1.957965710424000605e+01	1.945208641823152362e+01	1.940677869299699410e+01	1.952635903349245083e+01	1.962652048957545858e+01	1.957580880423457970e+01	2.015354384779619323e+01	2.032220297749795535e+01	2.019591844732886798e+01	2.025653363008355257e+01	1.944503383916722683e+01	2.048404275031601074e+01	1.986033544372361348e+01	1.998701174688242332e+01	1.934179334175825460e+01	1.993887523183936850e+01	1.981928703478812182e+01	2.007348972538909493e+01	1.953496934012314767e+01	1.928962254647550978e+01	1.962788798187867911e+01	1.975363325987340346e+01	1.936369537645663996e+01	1.978867289554898434e+01	1.930625079963194679e+01	1.971020099760250233e+01	2.006662056189936649e+01	1.987049127050542197e+01	1.979979759097706804e+01	2.020106108090328334e+01	1.968815838989791800e+01	1.978239208581154784e+01	1.967539947387199817e+01	2.016918063894390301e+01	1.989806066953201125e+01	1.967815072736329540e+01	2.017856734232400129e+01	1.970138755521434604e+01	1.997264156911413480e+01	1.972321212600384044e+01	1.909853980278324315e+01
1.934039924808325850e+01	1.996305774207677786e+01	1.986012201897499097e+01	2.057393346659505440e+01	1.928511071546761357e+01	1.962617401904320502e+01	1.972243076948593909e+01	1.997061223590316814e+01	2.933030779127344800e+01	1.924855245361747436e+01	2.005059370496149995e+01	1.941727161679579083e+01	1.991408737117328442e+01	2.004924346589424289e+01	2.035419794229228430e+01	2.018101437256940400e+01	1.977689339000626845e+01	2.014889762681998775e+01	2.043374584297144381e+01	1.980278276434701468e+01	2.005530976877155425e+01	1.992228327155794787e+01	1.999210844659367226e+01	1.960014388324844603e+01	2.004446928709593578e+01	1.962316208739200007e+01	1.970381226065711644e+01	1.966344709305414540e+01	2.007511212832874747e+01	1.974487146592353426e+01	1.937622804601079807e+01	1.968910499274836567e+01	1.996565125616011471e+01	1.993670036725443495e+01	2.046166854773863975e+01	2.032509752454646090e+01	1.964031506503189917e+01	1.983861411474746461e+01	2.043219285718470246e+01	1.998128479304504523e+01	1.980319409109704054e+01	1.948468925945715213e+01	2.008418561691550508e+01	1.988804267763798350e+01	1.984357906761549373e+01	2.036342347851837786e+01	2.026028304987297091e+01	1.997501195170051247e+01	1.952828801191807528e+01	1.951101421971074501e+01
1.921623505947533062e+01	1.980901345028693683e+01	1.974835009161768085e+01	1.987413358977542188e+01	1.937365027056600653e+01	1.936900468421206511e+01	1.923117482786426891e+01	1.957965710424000605e+01	1.924855245361747436e+01	2.886698725066485238e+01	1.978613991019103224e+01	1.927866371246470578e+01	1.910134748307036290e+01	1.960888262754633260e+01	1.973556309752469673e+01	2.005713082561864979e+01	1.973534862154955860e+01	1.999451529417908091e+01	2.003665999444964285e+01	1.951339248051306186e+01	1.972308711867662367e+01	1.936188239726614313e+01	1.946005843859490625e+01	1.925256245551577550e+01	1.971516789748745424e+01	1.972071525637098688e+01	1.964408814678457915e+01	1.951663870863602313e+01	1.964624274669229820e+01	1.944832980278954082e+01	1.966154378028010541e+01	1.937438856522614472e+01	1.929317841477077522e+01	1.933444064310021204e+01	1.986976479606123291e+01	1.998218493371783211e+01	1.928679295206973521e+01	1.952597184215697723e+01	1.967835144456564933e+01	1.994827717801257450e+01	1.958233054991603339e+01	1.967744146158538499e+01	1.985379424111172142e+01	1.964096055532660046e+01	1.920656985277333462e+01	1.977514423234669039e+01	1.966271994427826897e+01	1.969653134831157715e+01	1.944559943326588325e+01	1.922526549171256960e+01
1.943168308718885484e+01	1.983297415259328744e+01	2.019481148551215810e+01	2.025383922949217563e+01	1.936819697526321704e+01	1.977808029555160729e+01	1.973973846124554399e+01	1.945208641823152362e+01	2.005059370496149995e+01	1.978613991019103224e+01	2.937543417069937490e+01	1.964416698726195065e+01	1.946551915866161053e+01	1.988149132024709687e+01	2.002405034860939281e+01	2.016617077280841031e+01	2.023111601451741137e+01	1.994740669948468792e+01	2.035112156323048183e+01	1.944528046900970608e+01	2.002426971681261847e+01	1.991247266137307292e+01	1.977254196762917005e+01	1.934072614198593598e+01	2.005318601039719084e+01	1.982497832813479377e+01	2.009993491273287702e+01	1.960122594647183902e+01	1.971266155303303336e+01	1.978791629098742533e+01	1.979268670907832472e+01	1.962079600216521413e+01	1.978850758522031938e+01	1.978270371278636119e+01	2.005468641319149370e+01	1.979556485854523729e+01	1.950412754132668525e+01	1.967923814408277394e+01	1.978512228181729071e+01	1.998169706468416607e+01	2.013522152864335268e+01	1.915299831747331538e+01	1.993949110656303603e+01	1.966263670449433576e+01	1.967367476079765964e+01	2.001718084983831858e+01	1.973396209014040181e+01	1.968608069132499239e+01	1.978826207759749423e+01	1.959767440309938635e+01
1.950681663055472015e+01	1.980249490617793739e+01	2.008308898957901079e+01	2.040474392048521679e+01	1.939257774392304157e+01	1.953131762136847271e+01	1.942419606202716054e+01	1.940677869299699410e+01	1.941727161679579083e+01	1.927866371246470578e+01	1.964416698726195065e+01	2.921872859154186131e+01	1.957799109137186377e+01	1.964868301682201235e+01	1.972830903452372553e+01	1.977181408313472133e+01	1.957444624001913169e+01	2.019901587924390185e+01	2.020772204371590774e+01	1.972792901230380380e+01	1.990271895613966890e+01	1.992399373686239272e+01	1.978016172715993548e+01	1.973487208652831626e+01	2.011070435191846784e+01	2.014636940025837220e+01	1.930519016861897086e+01	1.947046098900227307e+01	1.960199819047900860e+01	1.942029664788247345e+01	1.965015584120383352e+01	1.958735345871687628e+01	1.977947092593528211e+01	1.967589703295315573e+01	1.999827901245930661e+01	2.004945927359882774e+01	1.957857984358906833e+01	1.972037031659372275e+01	2.010722567658828197e+01	2.007567563398433919e+01	1.971430103095994113e+01	1.967142977770540213e+01	1.988702684225973272e+01	1.946337400339463031e+01	1.972496714304142884e+01	1.990765970222090075e+01	1.945101981150424564e+01	1.954671996594302641e+01	1.953349452517359097e+01	1.910090466578628465e+01
1.917656076558582257e+01	1.995257541282430580e+01	1.991828470874131440e+01	1.992801020752612828e+01	1.917237533995388432e+01	1.988810405578437468e+01	1.972958364368181705e+01	1.952635903349245083e+01	1.991408737117328442e+01	1.910134748307036290e+01	1.946551915866161053e+01	1.957799109137186377e+01	2.918823845948600137e+01	1.992870081092132395e+01	1.999063988177426054e+01	2.017709934072648892e+01	1.959843214639188602e+01	1.966652220273006435e+01	2.012123224535957888e+01	1.986076402322285972e+01	1.991118973161280081e+01	1.972532614125869799e+01	1.973769500993572379e+01	1.983925019386352773e+01	1.978780642381104471e+01	1.980861035271727033e+01	1.912483579082129737e+01	1.972234328174129558e+01	1.964609741233306650e+01	1.943496863206465619e+01	1.917048427869136162e+01	1.968980977323542092e+01	1.937061792267664728e+01	1.989362031386795238e+01	2.006957456074394841e+01	1.956974496917990436e+01	1.956634011455896172e+01	1.945346262561436390e+01	2.007196466097067855e+01	1.950689092337899666e+01	1.923804621861119912e+01	1.951120963497587013e+01	1.989190181158124915e+01	1.971613457017754101e+01	1.959489409632134738e+01	1.962977895847909693e+01	2.001427333992875646e+01	1.931274072433100031e+01	1.970472687488324581e+01	1.913996092414140904e+01
1.938087503677266454e+01	2.007271109279842136e+01	2.007845486665701529e+01	2.031010993108371210e+01	1.931190773637315417e+01	2.003200699554883712e+01	1.984144335643800972e+01	1.962652048957545858e+01	2.004924346589424289e+01	1.960888262754633260e+01	1.988149132024709687e+01	1.964868301682201235e+01	1.992870081092132395e+01	2.962972579511084703e+01	2.012731336747846100e+01	2.000683704009112063e+01	2.046310398675335662e+01	2.016725831435449479e+01	2.062241498657857974e+01	1.953700256734127905e+01	2.022909553105357361e+01	2.004483801978217983e+01	1.987647164612221928e+01	1.975302050280403776e+01	1.994657616116061760e+01	1.986890658835914181e+01	1.965724814055062808e+01	1.990087754195124958e+01	2.001521093708912602e+01	1.974247925346544008e+01	1.967818941464289395e+01	2.018579843665729356e+01	2.015420956725461110e+01	1.993159506788519408e+01	2.004933336418783796e+01	2.018551678284599049e+01	1.983271986688000510e+01	1.985085825792425496e+01	2.023499933067537171e+01	2.039656403290645770e+01	2.004410637880471313e+01	1.999713098026323266e+01	1.967165232372068218e+01	1.998646884991231687e+01	2.008788846782890403e+01	2.036266941675017250e+01	1.977610358633762289e+01	2.001558162630032456e+01	1.979659910642113729e+01	1.934360426280856160e+01
1.984676292353477578e+01	2.027060613597830496e+01	2.042215034894863024e+01	2.048810161778689221e+01	1.968698057932436285e+01	2.004375156904251654e+01	1.985222980683997207e+01	1.957580880423457970e+01	2.035419794229228430e+01	1.973556309752469673e+01	2.002405034860939281e+01	1.972830903452372553e+01	1.999063988177426054e+01	2.012731336747846100e+01	2.978613267261470554e+01	2.028901860481061803e+01	1.986681078884524965e+01	1.997137560901344955e+01	2.062125234121384310e+01	2.019156493096069482e+01	2.032356629653589764e+01	2.038044365017920612e+01	2.050091205779536097e+01	1.993105567412215251e+01	2.033812106801482855e+01	2.006249246918492446e+01	2.016915011485428622e+01	2.015138101299159956e+01	1.983636042578019243e+01	1.996603419690385195e+01	1.985176528129951024e+01	1.996073336473747517e+01	2.026320274331822446e+01	1.999465525872122384e+01	2.004619712903183526e+01	2.012807555142537552e+01	2.005333296493138917e+01	2.019937052002264721e+01	2.053975293637801869e+01	2.051574851605440131e+01	2.011053893423981620e+01	1.980155494420327145e+01	2.023895670877602626e+01	1.992574760217926055e+01	2.017447870917740715e+01	2.040094192669737083e+01	2.062465697789755126e+01	2.001119938145154009e+01	2.001497033405824055e+01	1.963365426987869000e+01
1.948254440757722961e+01	2.029398450668737652e+01	2.046845847298979137e+01	2.057302311769866066e+01	1.985845822878119904e+01	1.997731309511392794e+01	2.026259613249438019e+01	2.015354384779619323e+01	2.018101437256940400e+01	2.005713082561864979e+01	2.016617077280841031e+01	1.977181408313472133e+01	2.017709934072648892e+01	2.000683704009112063e+01	2.028901860481061803e+01	3.001507905297555112e+01	2.022112137942319521e+01	2.038386240051313081e+01	2.063898388195611844e+01	1.971403565514003020e+01	2.049494008559619829e+01	2.022790218916405891e+01	1.977062941998750745e+01	2.002746302011213331e+01	2.003240212751835259e+01	2.052788322627304751e+01	2.030805641041936127e+01	2.018882961994793845e+01	2.013343799968764358e+01	1.991275116232705855e+01	1.999252068538586968e+01	2.007219149651461620e+01	2.012446484971198757e+01	2.030411043431570661e+01	2.032703226666823682e+01	2.025577043334868321e+01	2.007842788027208769e+01	2.036273602668818228e+01	2.058612447412363267e+01	2.035165831569138462e+01	2.007215914715672866e+01	1.993003268874194589e+01	2.030606333285529175e+01	1.988427652703470727e+01	2.006611964279267823e+01	2.057114505929521542e+01	2.037475681567622132e+01	2.040095766743169037e+01	1.990476607360885808e+01	1.962505551886465582e+01
1.953335221857620851e+01	2.024344729620928618e+01	2.030318726056682266e+01	2.041531119193419030e+01	1.969244187963244030e+01	2.005204886904424910e+01	2.010433178059721016e+01	2.032220297749795535e+01	1.977689339000626845e+01	1.973534862154955860e+01	2.023111601451741137e+01	1.957444624001913169e+01	1.959843214639188602e+01	2.046310398675335662e+01	1.986681078884524965e+01	2.022112137942319521e+01	2.971165936054476830e+01	2.027113950333903603e+01	2.067291067770108981e+01	1.953645159067915316e+01	2.025985487672530994e+01	2.011326980681548804e+01	1.994178715239693389e+01	1.986651970843311688e+01	2.031387906329984006e+01	2.044314311298876063e+01	2.023836415623063800e+01	2.038326857116708268e+01	2.021365103625186777e+01	2.012127234085969718e+01	1.954887096571419747e+01	1.987220314210741989e+01	2.010088712446845705e+01	1.991570454872634599e+01	2.005312761931741150e+01	2.041988322933699962e+01	1.991437656408541201e+01	1.973572244014908961e+01	2.052029127658243368e+01	2.036704339686363596e+01	1.967308477925513444e+01	1.973915867210167363e+01	1.973882877451437068e+01	2.008670949632886860e+01	2.003749364652376741e+01	2.033712767577689817e+01	2.020397902202172347e+01	2.019096912093209895e+01	2.001928773333742129e+01	1.925850185209844767e+01
1.990446269455742367e+01	2.004971893138219485e+01	2.044499231827747465e+01	2.054563387825396603e+01	1.985476977999672954e+01	2.046624045943260484e+01	1.999953858451312527e+01	2.019591844732886798e+01	2.014889762681998775e+01	1.999451529417908091e+01	1.994740669948468792e+01	2.019901587924390185e+01	1.966652220273006435e+01	2.016725831435449479e+01	1.997137560901344955e+01	2.038386240051313081e+01	2.027113950333903603e+01	3.009171232130770335e+01	2.093484271376307504e+01	2.014482751898053792e+01	2.016687531138957823e+01	2.001288289574227264e+01	2.009194319577789756e+01	1.993268401986983562e+01	2.005905194587170826e+01	2.025125403377269606e+01	1.978919353829714112e+01	2.028217989916100450e+01	1.986924131411774042e+01	1.957694231526965112e+01	1.996756296478405801e+01	1.978542403771074376e+01	2.025938491065256031e+01	2.002783741076233426e+01	2.036260572199891072e+01	2.028801267517230400e+01	2.015821893726737102e+01	2.028959627501284757e+01	2.052997315386972943e+01	2.014940935204561256e+01	2.042422638713899019e+01	1.982625560900643080e+01	2.027822063898573646e+01	2.000621062320298904e+01	1.965406999559140999e+01	1.999608756989081115e+01	2.008655315783194695e+01	1.997022687965746357e+01	1.975067766332361074e+01	1.943166599145184037e+01
2.037485573725673049e+01	2.094088471317627054e+01	2.114892239665038787e+01	2.087622110226777750e+01	2.001950234771390313e+01	2.039330619584992021e+01	2.023148522459693055e+01	2.025653363008355257e+01	2.043374584297144381e+01	2.003665999444964285e+01	2.035112156323048183e+01	2.020772204371590774e+01	2.012123224535957888e+01	2.062241498657857974e+01	2.062125234121384310e+01	2.063898388195611844e+01	2.067291067770108981e+01	2.093484271376307504e+01	3.061119761577842269e+01	2.028533180131969971e+01	2.128683241481644828e+01	2.052150429259042852e+01	2.069381439491560215e+01	2.062657698387812388e+01	2.059344240144362459e+01	2.140117580239411055e+01	2.051280207504640885e+01	2.025522782373666786e+01	2.041728952496660199e+01	2.051443046921540869e+01	1.983339709760321412e+01	2.008263301828257141e+01	2.035876184997996319e+01	2.058411257697391505e+01	2.055068897568383335e+01	2.057320750329660797e+01	2.027404461567071081e+01	2.037591069876501848e+01	2.102232397059370683e+01	2.104267016315364458e+01	2.008085384570430065e+01	2.029276005792043591e+01	2.038482625418882677e+01	2.028411790619853505e+01	2.038628081771978628e+01	2.087880927028126266e+01	2.049387981060634090e+01	2.037371142296390758e+01	2.036286274772783855e+01	2.019789283976173877e+01
1.904764376864604714e+01	1.968862571435937525e+01	2.007439017339370224e+01	2.023418254799758031e+01	1.967414241180334500e+01	1.970126207547686548e+01	1.999852857210312962e+01	1.944503383916722683e+01	1.980278276434701468e+01	1.951339248051306186e+01	1.944528046900970608e+01	1.972792901230380380e+01	1.986076402322285972e+01	1.953700256734127905e+01	2.019156493096069482e+01	1.971403565514003020e+01	1.953645159067915316e+01	2.014482751898053792e+01	2.028533180131969971e+01	2.957298382684982840e+01	2.016401040085903063e+01	1.962601234827888774e+01	1.985647904091529981e+01	1.977566813664379097e+01	1.996047636739651310e+01	1.999815526315287073e+01	1.951542786114871220e+01	1.949601391123582417e+01	1.968013700672528898e+01	1.950454904631132180e+01	1.952056329416643976e+01	1.989746869998369760e+01	1.973684792343431127e+01	1.988016860117942741e+01	1.991563820125421103e+01	2.008904752108313829e+01	1.944204965989800016e+01	1.981842873325363286e+01	2.007080090481419887e+01	1.996094501137301691e+01	1.953375756429696963e+01	1.941777029878909033e+01	2.007044347073452073e+01	1.981077853406196709e+01	1.953849076814449148e+01	1.995275126806956223e+01	2.044624335508408564e+01	1.963138392172927027e+01	1.971717608894320861e+01	1.943882212138957755e+01
1.984367157644888380e+01	2.009537725495398774e+01	2.027957119659802387e+01	2.091052090793071727e+01	1.990897733399109271e+01	2.003411418842869907e+01	2.012048856552157972e+01	2.048404275031601074e+01	2.005530976877155425e+01	1.972308711867662367e+01	2.002426971681261847e+01	1.990271895613966890e+01	1.991118973161280081e+01	2.022909553105357361e+01	2.032356629653589764e+01	2.049494008559619829e+01	2.025985487672530994e+01	2.016687531138957823e+01	2.128683241481644828e+01	2.016401040085903063e+01	2.977057253243475898e+01	2.005978763372107920e+01	2.017044774885645708e+01	2.026534175936093263e+01	2.059002635726437092e+01	2.062128641209395497e+01	2.046126898529202975e+01	2.020408469117628059e+01	2.012841314288035832e+01	2.001843190892885360e+01	1.982106208708920647e+01	2.036704141472470653e+01	1.970645609488755667e+01	2.021691346664399092e+01	2.045686911360755289e+01	2.027205119819545942e+01	2.002440942594167339e+01	2.019152143075542227e+01	2.066351047995577161e+01	2.013193851653060662e+01	2.047361004914150229e+01	1.970533093340839770e+01	2.016402341369817464e+01	2.017543024962892417e+01	2.016518091993736661e+01	2.042645827909054645e+01	2.046801129082700754e+01	1.995626009620744767e+01	1.974166481877057677e+01	1.994007172154855212e+01
1.919174723241443914e+01	1.987501774534107923e+01	2.008181934413486047e+01	2.038328471770458350e+01	1.951788783717196196e+01	1.936960343237495863e+01	1.969840902583636222e+01	1.986033544372361348e+01	1.992228327155794787e+01	1.936188239726614313e+01	1.991247266137307292e+01	1.992399373686239272e+01	1.972532614125869799e+01	2.004483801978217983e+01	2.038044365017920612e+01	2.022790218916405891e+01	2.011326980681548804e+01	2.001288289574227264e+01	2.052150429259042852e+01	1.962601234827888774e+01	2.005978763372107920e+01	2.903375161769888990e+01	1.992013850400484642e+01	1.985173925498670400e+01	2.020293822690838326e+01	2.021203436074265269e+01	1.998199690506280035e+01	1.981206070013351095e+01	1.954564552966516899e+01	1.968343992832805611e+01	1.938143240943970014e+01	1.973814026242799713e+01	1.962359106097276396e+01	2.002663428228817111e+01	2.017552174113733443e+01	2.022234697953781790e+01	1.971171298711032804e+01	1.975092370924253160e+01	1.990146433836579121e+01	2.001196191030385663e+01	1.978441054328886040e+01	1.950877180717233728e+01	1.963696525765827872e+01	1.991297644583411497e+01	1.972261128703253519e+01	2.034393707320442601e+01	1.992577924991052996e+01	2.024557440244803885e+01	1.962505329659749975e+01	1.969401517793446033e+01
1.966399186880733652e+01	1.986686993596586248e+01	2.025638643131786765e+01	2.062595422264169187e+01	1.972585163928852126e+01	1.937337569055112141e+01	1.982097084670529696e+01	1.998701174688242332e+01	1.999210844659367226e+01	1.946005843859490625e+01	1.977254196762917005e+01	1.978016172715993548e+01	1.973769500993572379e+01	1.987647164612221928e+01	2.050091205779536097e+01	1.977062941998750745e+01	1.994178715239693389e+01	2.009194319577789756e+01	2.069381439491560215e+01	1.985647904091529981e+01	2.017044774885645708e+01	1.992013850400484642e+01	2.971627980103400546e+01	1.982119608343871064e+01	2.002309645244118741e+01	2.036216312707588472e+01	1.954151704176314297e+01	1.973000198652753312e+01	1.981854041145042089e+01	1.991180002485319989e+01	1.942752611148263853e+01	1.987915431590839432e+01	2.001860949270501067e+01	1.986360312474484147e+01	1.977461215415186402e+01	2.009316180727505596e+01	1.987027832192114829e+01	2.014139199789333290e+01	2.018192878998248219e+01	1.996760608548839144e+01	1.981434151169049684e+01	1.987015088577305733e+01	2.015135934326944422e+01	1.994009822680611776e+01	1.982349721503324602e+01	2.041283513912064862e+01	2.000439757879728120e+01	1.971177528094714049e+01	1.956024082963179112e+01	1.914662768808545223e+01
1.967824629184980267e+01	1.956036357108054347e+01	2.005483919995042186e+01	2.011429498750555211e+01	1.939979465278277715e+01	1.990872988202113802e+01	1.951589720602677147e+01	1.934179334175825460e+01	1.960014388324844603e+01	1.925256245551577550e+01	1.934072614198593598e+01	1.973487208652831626e+01	1.983925019386352773e+01	1.975302050280403776e+01	1.993105567412215251e+01	2.002746302011213331e+01	1.986651970843311688e+01	1.993268401986983562e+01	2.062657698387812388e+01	1.977566813664379097e+01	2.026534175936093263e+01	1.985173925498670400e+01	1.982119608343871064e+01	2.943956161262956783e+01	1.978638047006828060e+01	1.997013053530763216e+01	1.948567554692795767e+01	1.966541988132047081e+01	1.971579712252738403e+01	1.969145559773252430e+01	1.925991014174821103e+01	1.987168636304506464e+01	1.943262033341004269e+01	1.946815893742738268e+01	2.014703754530481206e+01	1.991971804088996834e+01	1.928589862796039966e+01	1.970260236729286163e+01	1.997560926412134208e+01	1.990685379377105946e+01	1.981191964220127844e+01	1.949779091942573928e+01	2.030822407662506279e+01	1.988909638908145183e+01	1.959699117950735214e+01	2.015650366395254167e+01	2.002775532624161059e+01	1.979227349821052329e+01	1.991520564507800017e+01	1.944294948666400202e+01
1.980716921721178991e+01	2.050632453705415514e+01	2.028359422020583125e+01	1.984272860695907781e+01	1.964160354720718971e+01	1.989411040128793218e+01	2.008534622517962021e+01	1.993887523183936850e+01	2.004446928709593578e+01	1.971516789748745424e+01	2.005318601039719084e+01	2.011070435191846784e+01	1.978780642381104471e+01	1.994657616116061760e+01	2.033812106801482855e+01	2.003240212751835259e+01	2.031387906329984006e+01	2.005905194587170826e+01	2.059344240144362459e+01	1.996047636739651310e+01	2.059002635726437092e+01	2.020293822690838326e+01	2.002309645244118741e+01	1.978638047006828060e+01	2.991054137448115213e+01	2.006445098811602179e+01	1.975934123445429691e+01	1.999264372073671936e+01	2.002425653188399579e+01	1.981130267624454788e+01	1.990367029638535357e+01	2.021269095547688011e+01	1.962075644360097115e+01	1.997156329417434151e+01	2.039275194747657949e+01	2.042469789691513782e+01	2.009573851841111392e+01	2.006980842670473208e+01	2.021019885930160243e+01	2.009809983573266834e+01	1.998034552147110077e+01	1.996605646331099138e+01	2.016998540929711226e+01	2.025374244474071261e+01	2.004857578951860120e+01	2.083498662844050031e+01	2.013753311938017276e+01	1.985644502600255734e+01	2.023183813169349676e+01	1.974379178185918704e+01
1.961187152673255696e+01	2.065552096216912403e+01	1.998980179721686312e+01	2.095625673444538251e+01	1.964685206276809026e+01	2.001540371360780668e+01	1.978145941375892392e+01	1.981928703478812182e+01	1.962316208739200007e+01	1.972071525637098688e+01	1.982497832813479377e+01	2.014636940025837220e+01	1.980861035271727033e+01	1.986890658835914181e+01	2.006249246918492446e+01	2.052788322627304751e+01	2.044314311298876063e+01	2.025125403377269606e+01	2.140117580239411055e+01	1.999815526315287073e+01	2.062128641209395497e+01	2.021203436074265269e+01	2.036216312707588472e+01	1.997013053530763216e+01	2.006445098811602179e+01	3.020856550886324143e+01	1.997330212465574206e+01	2.006366529046432490e+01	1.998652910794153570e+01	1.985196071213540137e+01	1.992811035566380795e+01	1.971178494085555499e+01	2.007508881394393896e+01	2.022097583687892808e+01	2.016189309072343505e+01	2.026566689170433833e+01	1.997723515772103298e+01	2.026490080738760824e+01	2.055728797887254089e+01	2.040107211457662473e+01	1.998980089111756797e+01	1.989164355106646553e+01	2.013801085745187081e+01	1.982559571632862472e+01	2.009248035741253702e+01	2.054647449104713175e+01	1.993883743411458198e+01	1.997543522339374178e+01	1.955862728679298002e+01	1.966263542068314152e+01
1.952775239298906129e+01	2.020591973453648649e+01	2.034952387887394920e+01	2.056474507109306415e+01	1.948088972289229304e+01	1.947634334458432193e+01	1.958449418706160117e+01	2.007348972538909493e+01	1.970381226065711644e+01	1.964408814678457915e+01	2.009993491273287702e+01	1.930519016861897086e+01	1.912483579082129737e+01	1.965724814055062808e+01	2.016915011485428622e+01	2.030805641041936127e+01	2.023836415623063800e+01	1.978919353829714112e+01	2.051280207504640885e+01	1.951542786114871220e+01	2.046126898529202975e+01	1.998199690506280035e+01	1.954151704176314297e+01	1.948567554692795767e+01	1.975934123445429691e+01	1.997330212465574206e+01	2.983415349387180626e+01	1.971108144068168144e+01	1.947840309511622792e+01	1.984143409951356674e+01	1.980447738793520429e+01	1.945324344673636929e+01	1.913769464218929883e+01	1.991812059599714857e+01	2.041902372339876592e+01	1.974632868534348162e+01	1.946102378488928508e+01	1.981833767388096490e+01	2.013470409638535941e+01	1.995134342454253229e+01	1.939452129278325643e+01	1.963765355474483343e+01	1.966862957721089700e+01	1.957052535640887569e+01	1.998257473850237176e+01	2.031611495372137099e+01	1.994122367598536627e+01	1.974221200823361855e+01	1.975126435397796953e+01	1.969483118300454194e+01
1.956173819957253102e+01	1.969089819819219755e+01	2.001346408192367576e+01	2.023501532009593973e+01	1.950565059651392730e+01	1.988570597172872212e+01	1.946113367448542419e+01	1.953496934012314767e+01	1.966344709305414540e+01	1.951663870863602313e+01	1.960122594647183902e+01	1.947046098900227307e+01	1.972234328174129558e+01	1.990087754195124958e+01	2.015138101299159956e+01	2.018882961994793845e+01	2.038326857116708268e+01	2.028217989916100450e+01	2.025522782373666786e+01	1.949601391123582417e+01	2.020408469117628059e+01	1.981206070013351095e+01	1.973000198652753312e+01	1.966541988132047081e+01	1.999264372073671936e+01	2.006366529046432490e+01	1.971108144068168144e+01	2.957649894269491142e+01	2.005813876048932443e+01	1.983939632940886710e+01	1.938798591751524469e+01	2.010849491552320956e+01	1.964749044413015966e+01	1.973844360495453998e+01	2.016813248946835557e+01	2.029930934238054263e+01	1.991407680033776728e+01	1.987346428083811389e+01	2.066139682055504068e+01	1.984147842540706463e+01	1.971217789507607776e+01	1.948279739847545144e+01	2.004069016464425701e+01	1.963863486205934450e+01	1.971446442010713440e+01	2.016294904614473182e+01	1.974612391915760412e+01	1.989488831669272884e+01	1.951730200105173907e+01	1.930909225754060543e+01
1.964162107914803457e+01	2.028394538577029493e+01	2.006139831059113376e+01	2.033324153016107161e+01	1.933005798281026699e+01	1.991077663742942150e+01	1.997814424549549628e+01	1.928962254647550978e+01	2.007511212832874747e+01	1.964624274669229820e+01	1.971266155303303336e+01	1.960199819047900860e+01	1.964609741233306650e+01	2.001521093708912602e+01	1.983636042578019243e+01	2.013343799968764358e+01	2.021365103625186777e+01	1.986924131411774042e+01	2.041728952496660199e+01	1.968013700672528898e+01	2.012841314288035832e+01	1.954564552966516899e+01	1.981854041145042089e+01	1.971579712252738403e+01	2.002425653188399579e+01	1.998652910794153570e+01	1.947840309511622792e+01	2.005813876048932443e+01	2.984048436808363292e+01	1.931473776518745211e+01	1.953735332698349580e+01	1.983633762761149910e+01	1.946360827183768549e+01	1.957493430488270292e+01	2.002985512928568212e+01	1.970365034858335207e+01	1.953076232109399157e+01	1.959123856637414818e+01	2.003314927828448688e+01	1.999434914821298293e+01	1.997551934117572614e+01	1.933869672497286629e+01	2.022248843834087495e+01	1.946933060437280005e+01	1.969983966473420622e+01	2.028091285233362129e+01	1.983498507050055437e+01	1.951763746935220212e+01	1.960946002418578615e+01	1.933956652590212499e+01
1.922902466088805440e+01	1.981299250787219890e+01	2.001223631584809581e+01	2.023604450626676154e+01	1.915091922368888433e+01	1.925748489762733584e+01	1.957027351561136541e+01	1.962788798187867911e+01	1.974487146592353426e+01	1.944832980278954082e+01	1.978791629098742533e+01	1.942029664788247345e+01	1.943496863206465619e+01	1.974247925346544008e+01	1.996603419690385195e+01	1.991275116232705855e+01	2.012127234085969718e+01	1.957694231526965112e+01	2.051443046921540869e+01	1.950454904631132180e+01	2.001843190892885360e+01	1.968343992832805611e+01	1.991180002485319989e+01	1.969145559773252430e+01	1.981130267624454788e+01	1.985196071213540137e+01	1.984143409951356674e+01	1.983939632940886710e+01	1.931473776518745211e+01	2.856547923207228479e+01	1.919152376145937211e+01	1.959727846543005469e+01	1.925343664020719459e+01	1.952543823869386941e+01	1.978355500030222203e+01	1.982443989816203000e+01	1.976295849375107494e+01	1.952077889026650226e+01	2.021781763357705941e+01	2.010114066983714665e+01	1.976975894351289398e+01	1.971228995926540151e+01	1.998063101553721665e+01	1.962135103731414176e+01	1.968603508327915819e+01	1.986656919798776144e+01	1.982049381417280642e+01	1.957765716401312162e+01	1.955860978744322765e+01	1.921460298843251735e+01
1.932397054359752175e+01	1.935294500602375223e+01	1.981053351707902266e+01	2.019875756653864940e+01	1.953546843475997719e+01	1.898387119795931355e+01	1.929918788128377827e+01	1.975363325987340346e+01	1.937622804601079807e+01	1.966154378028010541e+01	1.979268670907832472e+01	1.965015584120383352e+01	1.917048427869136162e+01	1.967818941464289395e+01	1.985176528129951024e+01	1.999252068538586968e+01	1.954887096571419747e+01	1.996756296478405801e+01	1.983339709760321412e+01	1.952056329416643976e+01	1.982106208708920647e+01	1.938143240943970014e+01	1.942752611148263853e+01	1.925991014174821103e+01	1.990367029638535357e+01	1.992811035566380795e+01	1.980447738793520429e+01	1.938798591751524469e+01	1.953735332698349580e+01	1.919152376145937211e+01	2.905960736456281879e+01	1.936858336755796017e+01	1.915466951938487128e+01	1.966953305955019715e+01	1.974988968529685351e+01	1.976840369237033102e+01	1.983920106724292864e+01	1.952888603585917338e+01	1.973254419484449329e+01	1.988324231297240630e+01	1.967798481599485783e+01	1.948295413604184745e+01	1.930075033921628958e+01	1.961579672728796098e+01	1.954159944728313292e+01	1.978745478735260122e+01	1.953305499603513340e+01	1.990901852956693219e+01	1.942389193718705798e+01	1.884129458495739939e+01
1.941431359063064122e+01	1.998064835908569137e+01	1.990196890625595572e+01	2.012847172658175765e+01	1.942748806100137315e+01	1.985207594501806483e+01	2.005163691319563313e+01	1.936369537645663996e+01	1.968910499274836567e+01	1.937438856522614472e+01	1.962079600216521413e+01	1.958735345871687628e+01	1.968980977323542092e+01	2.018579843665729356e+01	1.996073336473747517e+01	2.007219149651461620e+01	1.987220314210741989e+01	1.978542403771074376e+01	2.008263301828257141e+01	1.989746869998369760e+01	2.036704141472470653e+01	1.973814026242799713e+01	1.987915431590839432e+01	1.987168636304506464e+01	2.021269095547688011e+01	1.971178494085555499e+01	1.945324344673636929e+01	2.010849491552320956e+01	1.983633762761149910e+01	1.959727846543005469e+01	1.936858336755796017e+01	2.934346363760615972e+01	1.980025000492345910e+01	2.005142481048298819e+01	2.012844383713505891e+01	2.009459170653474658e+01	2.009842194273758409e+01	2.008578637361506836e+01	1.985795112969999465e+01	2.011649220621245604e+01	1.993223538406605400e+01	1.942133580866646270e+01	2.000207272754508736e+01	1.987252231737475938e+01	1.955416729147216159e+01	2.012652906120524676e+01	2.011589665396960314e+01	1.987740576322454089e+01	2.004314605201014388e+01	1.919648093979150261e+01
