2.951390708826226827e+01	1.930842037036353176e+01	2.024683473383993260e+01	1.986845192148628669e+01	2.024013550000284667e+01	1.989488698789950405e+01	1.990893350953113483e+01	2.031057325646127509e+01	1.958448757525107808e+01	2.014240819573316799e+01	2.045876156588430561e+01	1.994344545435677674e+01	1.967641626206675909e+01	1.997932517829453047e+01	2.009503019115259903e+01	2.025419353212487295e+01	2.020791149759626748e+01	2.024004095173289386e+01	1.972416531531274586e+01	2.013477965840699468e+01	1.913077098645086949e+01	2.017483887330301684e+01	1.979570903411196170e+01	2.022677632337422082e+01	2.024070107653242445e+01	2.043104178283289585e+01	2.007479619575062557e+01	1.949629920010235651e+01	2.017313600623722891e+01	2.037865866247418367e+01	1.974558182569428411e+01	1.963074643102951455e+01	2.001419177606900845e+01	2.059178472260218129e+01	1.998833607864082040e+01	2.002309266629330153e+01	1.973813205860004061e+01	1.981462762118386323e+01	1.985156725018553558e+01	2.004111841112264614e+01	2.001338215454556035e+01	1.957013923109175479e+01	2.029244124050413589e+01	1.919381240776229092e+01	2.016069999999523787e+01	1.961350519020820826e+01	1.999463480091814915e+01	1.971349194232216817e+01	2.074599427155396825e+01	2.002195747242368284e+01
1.930842037036353176e+01	2.904407430001754875e+01	1.977424701898542381e+01	1.920113790182777436e+01	1.943380792428682469e+01	1.947249374300102431e+01	1.920168886049517454e+01	2.034389623687560800e+01	1.977713885899825641e+01	1.964823986506609899e+01	1.974588031651266462e+01	1.945587584277431148e+01	1.946363817603624469e+01	1.952556500415107266e+01	1.964975747283809326e+01	1.968020535545431215e+01	1.966852503056206203e+01	1.944741212273624242e+01	1.938794806638619406e+01	1.972095794811491842e+01	1.881793700067729347e+01	1.987969999128834786e+01	1.921665694504428501e+01	1.957733292785595225e+01	1.946502954029049448e+01	2.001168211484755588e+01	1.978039202641859973e+01	1.930060058043005355e+01	1.998316465643141271e+01	2.013450861947036330e+01	1.924852388752164600e+01	1.925921102005827024e+01	1.975047190843308798e+01	1.989269309830026344e+01	1.966739404461234031e+01	1.945774487812577647e+01	1.876873039348677352e+01	1.991094348908337253e+01	1.933992922691738059e+01	1.934253925723663770e+01	1.967691630751613019e+01	1.983993915688588672e+01	1.978394547091744116e+01	1.957574560453014101e+01	1.978015889349491374e+01	1.933549679176808311e+01	1.990831990506692506e+01	1.877265440253876605e+01	1.970001986586784426e+01	1.957952825967287325e+01
2.024683473383993260e+01	1.977424701898542381e+01	3.037416944364957061e+01	1.992123630549484403e+01	2.046735430988918125e+01	2.036024981371692988e+01	2.024924568191930518e+01	2.076252372829150872e+01	2.033488870503334667e+01	2.022183887303982885e+01	2.033267346424268496e+01	1.993033216193949997e+01	2.033568653104609325e+01	2.020159545073261498e+01	2.033983179885420256e+01	2.033669875668632798e+01	2.061739737502427161e+01	2.053707103679148105e+01	2.031965053246747033e+01	2.012348468814695579e+01	1.943448805112883093e+01	2.064006892158215223e+01	2.035187381295373399e+01	2.018895715695430937e+01	2.053451267941073510e+01	2.041486275529154071e+01	2.027706534173647768e+01	1.979932207680128187e+01	2.048512744639100092e+01	2.028235244385284730e+01	2.015934012931900554e+01	1.999436585223819307e+01	2.075089997969875100e+01	2.052473779957401590e+01	2.060044657661076073e+01	2.026272795685332540e+01	1.979925952823175805e+01	2.023127558536457826e+01	2.031306516754938940e+01	2.021522253547331616e+01	2.072821431568198136e+01	1.976460397886194542e+01	2.030642311799094912e+01	2.006628011324937688e+01	2.043609592474696512e+01	2.035657417077667830e+01	2.048706933768735183e+01	1.992515730625829562e+01	2.043619014964001224e+01	2.057280608810703271e+01
1.986845192148628669e+01	1.920113790182777436e+01	1.992123630549484403e+01	2.977718969169491459e+01	1.996232535506551287e+01	1.949771146426345325e+01	1.937947060803986687e+01	2.024584855070125400e+01	1.997753269290061340e+01	1.961639156186497246e+01	2.007025987655600119e+01	1.921563703216595798e+01	1.960676828871904576e+01	1.967038936202250099e+01	1.986180267992523341e+01	1.984286759328286465e+01	1.975407872960207811e+01	1.975563229633588946e+01	1.968844401840737746e+01	1.956017265894366375e+01	1.897240582919993201e+01	2.002654772024971308e+01	1.977357998412052709e+01	1.950310933695156024e+01	1.986138446848026007e+01	1.989297837659857038e+01	1.962347594998283995e+01	1.919647116319859492e+01	1.991627532305097859e+01	1.994211569770805426e+01	1.957175739131345793e+01	1.939815502522795043e+01	1.993781753905803100e+01	2.016184770748748889e+01	1.944466191851623904e+01	1.981641267974617548e+01	1.962623594225732404e+01	1.938897126639108492e+01	1.941899213812763136e+01	1.967292081527888925e+01	2.016820250282023252e+01	1.924332346273786243e+01	1.980974801516921247e+01	1.925871424946460664e+01	1.987669228195607474e+01	1.953101207706029285e+01	2.018345272266697066e+01	1.936384368274659096e+01	1.984897728240630954e+01	1.967754939819770854e+01
2.024013550000284667e+01	1.943380792428682469e+01	2.046735430988918125e+01	1.996232535506551287e+01	2.964346645058713392e+01	1.935120678167573161e+01	2.003314031287643360e+01	2.054243541714498278e+01	1.953306696064628056e+01	2.003750310499782472e+01	1.994137481604801110e+01	2.004869782611812923e+01	1.974749226550687808e+01	1.985160661469224053e+01	2.013547302140791473e+01	2.024348215662499584e+01	2.015426917331130952e+01	2.051970029998627609e+01	2.001348332185392209e+01	1.963902067723652678e+01	1.940130780629753104e+01	2.043806709657227572e+01	1.977826670564006051e+01	1.974821485935932941e+01	2.015789288396042878e+01	2.048737909604960095e+01	1.977136433833584661e+01	1.950661758472293528e+01	2.010405100999892269e+01	2.030664836137385265e+01	2.005121035644306104e+01	2.049871671652496730e+01	1.996241286730510112e+01	2.054999352785650757e+01	2.006501832619436598e+01	2.000214547204319615e+01	1.958294816684214723e+01	2.003176107711203358e+01	2.002075187900104680e+01	2.007647058885167013e+01	2.032163492117543058e+01	1.991597763799460807e+01	2.015928749793883767e+01	1.959200992929883611e+01	2.052093191482764922e+01	2.021189963624554764e+01	2.044581673710052172e+01	1.954196581136258004e+01	2.030994896646470949e+01	2.016851170525011128e+01
1.989488698789950405e+01	1.947249374300102431e+01	2.036024981371692988e+01	1.949771146426345325e+01	1.935120678167573161e+01	2.958406427575551589e+01	1.937508739675612901e+01	2.028079874673985827e+01	1.962164425330458428e+01	1.970508346546206369e+01	2.034505110604060008e+01	1.955796524676431858e+01	1.981742240802724808e+01	2.012300013819790578e+01	2.036864903001624683e+01	2.012741399638926154e+01	1.974945257481380878e+01	2.017892711511846215e+01	1.952156837965472036e+01	1.953579960958345296e+01	1.906210418280120678e+01	2.022312975175901428e+01	1.962911509231688356e+01	1.924662250473535252e+01	2.023642012431902160e+01	2.038234639086055822e+01	1.988295482643683698e+01	1.944151926176506961e+01	2.021688213916856114e+01	2.001413817719847543e+01	1.968158801794821144e+01	1.965864983001196009e+01	1.977416108495702218e+01	2.030298588738889620e+01	1.966859187457586344e+01	2.015340146498855134e+01	1.941800695472223381e+01	1.979202627275140003e+01	1.962592451463363119e+01	1.979719042527421990e+01	1.988881857471607972e+01	1.959796050887907626e+01	2.007159149184990810e+01	1.912468942382496806e+01	1.996243263599717466e+01	1.951327685647085275e+01	1.984921368169296940e+01	1.954494546234838737e+01	2.010673844329501847e+01	2.010118855152611772e+01
1.990893350953113483e+01	1.920168886049517454e+01	2.024924568191930518e+01	1.937947060803986687e+01	2.003314031287643360e+01	1.937508739675612901e+01	2.971819210558350832e+01	2.011702923925221853e+01	1.985080608652309664e+01	1.984291367415558938e+01	2.016967349628437844e+01	2.000849479224329386e+01	1.981815147941946975e+01	1.963566620550457387e+01	1.963958049633578895e+01	1.998918838224072658e+01	2.029244672189853560e+01	2.041840641594556516e+01	1.980666782399901749e+01	1.983934970532931885e+01	1.921852285972992291e+01	2.025899606950622100e+01	1.989567658764133284e+01	1.972917476909367807e+01	1.975602606724006804e+01	2.016271431479043130e+01	1.989051332287626650e+01	1.937773243227657360e+01	2.024037219946452026e+01	2.017478997343619795e+01	1.987000609140808649e+01	1.974350651474188112e+01	1.994321722455858747e+01	1.993896732289741180e+01	1.989546250524250581e+01	1.992562536680902596e+01	1.926219214283127457e+01	1.986055366653715382e+01	1.929301730141265026e+01	1.963024445735380041e+01	1.998424137673821477e+01	1.972628644250854535e+01	1.988206594160253360e+01	1.916233767472857963e+01	2.026775233933589604e+01	1.962324568806707958e+01	2.017889148328517024e+01	1.972493924063633486e+01	2.015243928809349683e+01	1.986955334753123381e+01
2.031057325646127509e+01	2.034389623687560800e+01	2.076252372829150872e+01	2.024584855070125400e+01	2.054243541714498278e+01	2.028079874673985827e+01	2.011702923925221853e+01	3.045258567550003903e+01	2.068137176444522396e+01	2.024450227308236094e+01	2.037644801571538622e+01	2.004826918113472800e+01	2.016014591040611847e+01	2.046131196897435345e+01	2.048403569929443080e+01	2.028044310783256066e+01	2.052331007622307268e+01	2.048721672004069916e+01	2.036941949697530418e+01	2.034664447576558644e+01	1.985757336526416950e+01	2.056513483898996597e+01	2.021125215538259567e+01	2.043960861083922964e+01	2.080708429004788584e+01	2.102182361677460776e+01	2.044802026334260248e+01	1.984091711447590001e+01	2.062060329489878896e+01	2.049411295508434705e+01	2.034193372125211141e+01	2.023487824619626352e+01	2.069341047353648122e+01	2.065139396282469164e+01	2.062282618017932734e+01	2.057170119805682873e+01	2.019433253846064957e+01	2.068812087898917795e+01	2.017145523700212095e+01	2.039780150504540757e+01	2.023382043264638952e+01	2.039374824265683017e+01	2.111995771821532486e+01	1.974697958017878818e+01	2.104810210959696093e+01	2.039334826113780963e+01	2.082977834377751947e+01	1.980528625477673543e+01	2.064640928842952050e+01	2.032192125639081937e+01
1.958448757525107808e+01	1.977713885899825641e+01	2.033488870503334667e+01	1.997753269290061340e+01	1.953306696064628056e+01	1.962164425330458428e+01	1.985080608652309664e+01	2.068137176444522396e+01	2.945494668085785861e+01	1.994877448923554653e+01	1.992706543123701124e+01	1.986393344446971909e+01	1.993028712427764404e+01	1.959151442578537328e+01	2.033670586758336896e+01	1.992414387550342170e+01	1.972163883388056860e+01	1.985609175268596260e+01	1.987703490855168553e+01	1.973488042831126776e+01	1.915795553826751885e+01	2.025601512180389818e+01	1.976383189501182613e+01	1.960101000471685140e+01	1.966279530444760226e+01	2.048903308583928862e+01	2.008635964985586142e+01	1.959188586966344303e+01	2.026569494244624181e+01	2.020601838601016809e+01	1.972354107756421726e+01	1.965224806937483493e+01	2.003149790712733136e+01	2.029004293800125325e+01	1.997483830236998514e+01	2.000581643244894536e+01	1.984880763181142171e+01	2.030416952407086839e+01	1.980773744666234037e+01	1.981125407079379741e+01	2.029818194937110931e+01	1.959300421809932757e+01	2.053946104481151735e+01	1.918064749997978069e+01	2.056045088678000710e+01	2.022267626989332356e+01	2.035093289719315379e+01	1.927532500542566041e+01	2.011480695845846611e+01	1.997445812938405396e+01
2.014240819573316799e+01	1.964823986506609899e+01	2.022183887303982885e+01	1.961639156186497246e+01	2.003750310499782472e+01	1.970508346546206369e+01	1.984291367415558938e+01	2.024450227308236094e+01	1.994877448923554653e+01	2.985948893779579549e+01	2.058063239064517091e+01	2.025108763706601778e+01	1.973986958749401666e+01	1.980326873782227182e+01	2.012465293390026488e+01	2.026419473897677292e+01	2.036694299241944250e+01	1.988392415613649788e+01	2.004627051482915334e+01	1.955961394508002726e+01	1.935445199644767911e+01	2.047999910341409802e+01	2.023260190808129266e+01	1.972291944995961899e+01	2.005729619642480444e+01	2.049762754025078948e+01	1.999878711739074433e+01	1.940006099243612070e+01	1.998353883049508894e+01	2.044204436790516155e+01	1.994312203361307567e+01	2.020482887618633683e+01	2.034071394249813025e+01	2.063547712612889384e+01	2.033320729010612382e+01	2.003223491946590329e+01	1.991937773997051409e+01	1.998054304894505151e+01	1.963903108342341497e+01	2.006265876869397857e+01	2.068042904763012757e+01	1.965114125892169383e+01	2.004254268020864060e+01	1.950183624080234068e+01	2.065975215699452150e+01	2.029482466015886288e+01	2.006448087752396603e+01	1.963066669122583718e+01	2.051407134439630298e+01	2.008516905336312064e+01
2.045876156588430561e+01	1.974588031651266462e+01	2.033267346424268496e+01	2.007025987655600119e+01	1.994137481604801110e+01	2.034505110604060008e+01	2.016967349628437844e+01	2.037644801571538622e+01	1.992706543123701124e+01	2.058063239064517091e+01	2.979374116726381416e+01	2.036210549372609080e+01	1.991947054918534477e+01	2.015483464650760226e+01	2.054693249649779929e+01	2.045745006273104138e+01	1.983320374672712205e+01	2.004317570446459129e+01	2.042846999340040881e+01	1.980611277042728346e+01	1.925436588849001396e+01	2.046071642960919590e+01	2.005026230867527559e+01	2.005747452357651639e+01	2.033641164147968894e+01	2.055424705544768926e+01	2.020478665821331177e+01	2.002206050956661443e+01	2.044310947154855285e+01	2.073482653275354437e+01	2.000699218365515364e+01	1.982240450739563542e+01	1.997698133952367172e+01	2.079284099112863515e+01	2.001895256552068858e+01	2.012848704516981968e+01	2.002599791605517154e+01	2.020560745272122105e+01	2.001450576019135141e+01	1.998613445547944067e+01	2.056803552550467629e+01	1.994890948797059238e+01	2.018063295157651282e+01	1.992104686757027210e+01	2.076685716865921805e+01	1.992124626618293348e+01	2.072247688778829655e+01	1.959689704900447538e+01	2.082990999246231567e+01	2.060215063445107830e+01
1.994344545435677674e+01	1.945587584277431148e+01	1.993033216193949997e+01	1.921563703216595798e+01	2.004869782611812923e+01	1.955796524676431858e+01	2.000849479224329386e+01	2.004826918113472800e+01	1.986393344446971909e+01	2.025108763706601778e+01	2.036210549372609080e+01	2.970082445742320587e+01	1.941049618559764767e+01	1.928430337960796948e+01	1.928665939598994683e+01	2.013445231337442820e+01	1.966900458945021057e+01	1.985866555208018269e+01	1.988175690906122739e+01	1.956840345427052341e+01	1.947446698201830984e+01	2.059422397394644122e+01	1.996592343887333598e+01	1.939226231226853159e+01	1.991437615513816439e+01	2.019259305086344014e+01	2.005691004761611751e+01	1.910404414295900466e+01	2.018814466144295849e+01	2.017890610928935047e+01	1.971174544860020461e+01	1.957101208932277103e+01	1.971212988227058460e+01	2.013415847071817311e+01	1.978766062466105424e+01	2.005051603435027374e+01	1.941547039338400538e+01	1.958695118286406256e+01	1.949792031767347567e+01	2.005862011486176399e+01	2.014001129828407599e+01	1.963297288734799650e+01	2.026133636828634010e+01	1.923701013040788865e+01	1.988989848295243945e+01	1.941962069792224810e+01	2.009550009478343924e+01	1.938188455523698650e+01	2.029796578120118866e+01	1.983297023462025876e+01
1.967641626206675909e+01	1.946363817603624469e+01	2.033568653104609325e+01	1.960676828871904576e+01	1.974749226550687808e+01	1.981742240802724808e+01	1.981815147941946975e+01	2.016014591040611847e+01	1.993028712427764404e+01	1.973986958749401666e+01	1.991947054918534477e+01	1.941049618559764767e+01	2.988514648621280401e+01	1.996722718706349298e+01	1.991488728510677575e+01	2.024737480099594933e+01	1.983211174356613782e+01	1.997764092695332394e+01	1.987448382824586801e+01	1.983604361837974395e+01	1.911847665650398298e+01	2.010457706486940666e+01	1.979059726468952718e+01	1.996283666336303853e+01	1.964807432219014061e+01	2.007963978423576634e+01	2.005680632551147013e+01	1.973862389127999606e+01	2.020482105116179383e+01	1.994879765551393191e+01	1.950032296638246265e+01	1.968277955364659704e+01	1.987386253004749292e+01	2.035204610034958250e+01	1.986203537687176635e+01	2.025356489670377158e+01	1.938930568274117405e+01	2.017365926064267612e+01	1.949025698302109078e+01	1.987210438781309918e+01	2.023517244734245679e+01	1.954868530022391226e+01	1.996901562259049001e+01	1.935796102575552169e+01	1.995006220631197991e+01	1.979808362539858990e+01	1.989251037443797543e+01	1.950660614292059947e+01	2.002603979073816376e+01	2.022385481085616732e+01
1.997932517829453047e+01	1.952556500415107266e+01	2.020159545073261498e+01	1.967038936202250099e+01	1.985160661469224053e+01	2.012300013819790578e+01	1.963566620550457387e+01	2.046131196897435345e+01	1.959151442578537328e+01	1.980326873782227182e+01	2.015483464650760226e+01	1.928430337960796948e+01	1.996722718706349298e+01	2.954523862581849514e+01	2.031510746128827805e+01	1.985715967960562978e+01	1.979687215717608240e+01	1.998184450854023098e+01	1.969809411600460081e+01	1.953330999981097449e+01	1.906608270633315882e+01	2.027127496664420647e+01	1.968394131390505208e+01	2.003390968490090174e+01	1.974752129595516692e+01	2.029252790839466769e+01	2.003936684773210075e+01	1.961420939879751302e+01	2.017036855672659712e+01	2.026230346350608258e+01	1.980070073711505074e+01	1.963525577800034938e+01	2.007098794453736801e+01	2.028301450986907284e+01	1.971609667400203847e+01	1.986853268909414183e+01	1.953935405671499126e+01	1.988440781916066769e+01	1.974594594898384869e+01	1.941465941886933422e+01	2.020887836640894619e+01	1.993630746504875262e+01	2.042991382807273837e+01	1.919968091627188045e+01	2.028674649339995639e+01	1.958704829135503545e+01	2.043379574876427540e+01	1.922370003734313570e+01	2.071321042917708866e+01	2.006280936414500360e+01
2.009503019115259903e+01	1.964975747283809326e+01	2.033983179885420256e+01	1.986180267992523341e+01	2.013547302140791473e+01	2.036864903001624683e+01	1.963958049633578895e+01	2.048403569929443080e+01	2.033670586758336896e+01	2.012465293390026488e+01	2.054693249649779929e+01	1.928665939598994683e+01	1.991488728510677575e+01	2.031510746128827805e+01	3.013480656426809290e+01	2.000435345817550115e+01	1.996499196250276498e+01	2.007506808229874551e+01	2.018668029133198871e+01	1.952903450452698308e+01	1.931981433822771166e+01	2.031707010961919835e+01	1.987078240268850493e+01	1.972908111967277378e+01	1.983462931865092216e+01	2.031370911244652433e+01	2.002941550203654941e+01	1.975637204535846791e+01	2.048119648193604903e+01	2.031178374723063840e+01	1.980942138597045954e+01	1.982572249002594234e+01	2.040018280177363152e+01	2.036037204436913584e+01	1.998652737230284870e+01	1.981846159642130800e+01	1.973595590768791297e+01	2.033052470553305469e+01	1.985902609399955310e+01	1.995170836259790192e+01	2.042894879061712743e+01	1.998941516868595869e+01	2.024361838603590513e+01	1.949754021455477471e+01	2.035185654850224068e+01	1.979162618653693784e+01	2.034873773276202513e+01	1.919017041679890667e+01	2.041978476105888873e+01	1.982844331995232778e+01
2.025419353212487295e+01	1.968020535545431215e+01	2.033669875668632798e+01	1.984286759328286465e+01	2.024348215662499584e+01	2.012741399638926154e+01	1.998918838224072658e+01	2.028044310783256066e+01	1.992414387550342170e+01	2.026419473897677292e+01	2.045745006273104138e+01	2.013445231337442820e+01	2.024737480099594933e+01	1.985715967960562978e+01	2.000435345817550115e+01	3.074722280661360685e+01	1.997268597634939269e+01	2.060334277021599192e+01	2.000989358960474362e+01	1.971171766668958369e+01	1.969857624597992896e+01	2.040472931678759849e+01	2.007287859972438326e+01	1.977979943329126655e+01	2.035414670709627316e+01	2.032910663982635668e+01	2.018509278010082042e+01	1.941026421657238998e+01	2.005395934714352180e+01	2.088954095716698944e+01	2.019279953861596866e+01	1.984912942005592740e+01	2.027912520836094856e+01	2.035110301181448023e+01	2.058575367837655179e+01	2.058569836904134576e+01	1.945393134520623590e+01	2.042731611156002458e+01	2.009583509235998022e+01	2.026778881063414062e+01	2.034933552926091593e+01	1.994894038638100042e+01	2.040808771870903726e+01	1.935513877122728132e+01	2.038014591843691292e+01	2.020255227016810196e+01	2.021353234112752517e+01	1.983674730712522916e+01	2.036422154168791110e+01	2.056543522302269622e+01
2.020791149759626748e+01	1.966852503056206203e+01	2.061739737502427161e+01	1.975407872960207811e+01	2.015426917331130952e+01	1.974945257481380878e+01	2.029244672189853560e+01	2.052331007622307268e+01	1.972163883388056860e+01	2.036694299241944250e+01	1.983320374672712205e+01	1.966900458945021057e+01	1.983211174356613782e+01	1.979687215717608240e+01	1.996499196250276498e+01	1.997268597634939269e+01	2.977185028197961003e+01	2.011114068996666049e+01	1.983443217501588762e+01	1.991369306880346457e+01	1.911073102317402217e+01	2.016474308313215857e+01	2.008709078730650432e+01	2.022531892999167979e+01	2.040499042020920584e+01	2.031668925846023299e+01	2.036117337426815155e+01	1.948625418322584579e+01	2.011902619121134705e+01	2.016102951292083745e+01	1.994767838858821207e+01	1.961097964255371906e+01	2.031148738831845080e+01	2.030974310321835929e+01	1.971818235825592325e+01	2.031239209833312032e+01	1.957908853394700444e+01	2.006256714915492623e+01	1.964942038301432348e+01	1.983915007254607588e+01	2.021061831389584285e+01	1.971329288714990113e+01	2.045316453033294124e+01	1.983070474296704688e+01	2.016865643321629165e+01	1.984988681171266478e+01	2.044355864979056392e+01	1.972722019146759109e+01	2.043217949573685388e+01	1.993850580272922457e+01
2.024004095173289386e+01	1.944741212273624242e+01	2.053707103679148105e+01	1.975563229633588946e+01	2.051970029998627609e+01	2.017892711511846215e+01	2.041840641594556516e+01	2.048721672004069916e+01	1.985609175268596260e+01	1.988392415613649788e+01	2.004317570446459129e+01	1.985866555208018269e+01	1.997764092695332394e+01	1.998184450854023098e+01	2.007506808229874551e+01	2.060334277021599192e+01	2.011114068996666049e+01	2.998441487573100162e+01	1.953703988790942603e+01	2.017041361122135612e+01	1.962054441926732551e+01	2.036561124909124842e+01	1.965190355014764023e+01	2.026917611646284456e+01	2.032482652782544008e+01	2.055135986436620499e+01	2.000687460149505981e+01	1.942057167630973069e+01	2.038714288841747901e+01	2.043340621393856793e+01	2.003798699080248369e+01	1.987159506878811044e+01	1.996668766124022909e+01	2.046621415597099158e+01	2.012141480997357945e+01	2.032376720327879482e+01	1.950941462742228083e+01	2.028338766391861725e+01	1.987854827638315314e+01	1.986972171722279512e+01	2.078470970668141504e+01	1.994972546600948249e+01	2.033505320388114868e+01	1.932094732283725236e+01	2.032254450944135016e+01	1.984103313488330755e+01	2.021632691826802386e+01	1.992790526950824059e+01	2.059530951551491640e+01	1.983298799383406674e+01
1.972416531531274586e+01	1.938794806638619406e+01	2.031965053246747033e+01	1.968844401840737746e+01	2.001348332185392209e+01	1.952156837965472036e+01	1.980666782399901749e+01	2.036941949697530418e+01	1.987703490855168553e+01	2.004627051482915334e+01	2.042846999340040881e+01	1.988175690906122739e+01	1.987448382824586801e+01	1.969809411600460081e+01	2.018668029133198871e+01	2.000989358960474362e+01	1.983443217501588762e+01	1.953703988790942603e+01	2.915607814349788640e+01	1.956322094748365359e+01	1.914630365818560165e+01	2.018137129001986807e+01	1.947724481114279271e+01	1.985887622204761982e+01	1.987054709817018860e+01	2.002637482208411512e+01	1.987957766724111153e+01	1.928964334819169224e+01	2.027523933447565696e+01	1.991376463602766833e+01	1.945851860569653624e+01	1.977477975653381037e+01	1.986210860964291314e+01	1.967281971473327928e+01	1.972269868364355005e+01	1.957190916820102444e+01	1.989544080889685063e+01	2.017761825395319164e+01	1.980518238234829553e+01	1.946490337474387644e+01	2.025320885723747466e+01	1.959482205693921486e+01	2.026796247045209753e+01	1.904688247716084248e+01	2.002329577799049787e+01	1.947175770536414774e+01	2.067726388938674731e+01	1.940274618070872847e+01	2.039387760771523261e+01	1.995045496211393043e+01
2.013477965840699468e+01	1.972095794811491842e+01	2.012348468814695579e+01	1.956017265894366375e+01	1.963902067723652678e+01	1.953579960958345296e+01	1.983934970532931885e+01	2.034664447576558644e+01	1.973488042831126776e+01	1.955961394508002726e+01	1.980611277042728346e+01	1.956840345427052341e+01	1.983604361837974395e+01	1.953330999981097449e+01	1.952903450452698308e+01	1.971171766668958369e+01	1.991369306880346457e+01	2.017041361122135612e+01	1.956322094748365359e+01	2.978731622814341762e+01	1.889381661832386428e+01	1.979802982236497044e+01	1.907733175646557910e+01	1.984686127845847281e+01	1.996831490553942245e+01	1.997313631574960979e+01	1.967650254124929887e+01	1.957726964040616835e+01	2.048763103816937914e+01	2.023141289299636725e+01	1.943531086868599544e+01	1.920739753574499176e+01	2.001547456004739090e+01	2.001290897451867679e+01	1.989193146128910783e+01	1.999591869944471867e+01	1.926345186725114900e+01	2.015837736958035009e+01	1.960319279699605488e+01	1.968047394387684079e+01	2.006024569907229349e+01	1.981435298389934729e+01	2.016045708784827895e+01	1.942601066360374062e+01	2.024717161210734062e+01	1.936660014434452037e+01	2.006964289979311644e+01	1.926234088145202605e+01	2.040322326780349371e+01	1.964842128229771134e+01
1.913077098645086949e+01	1.881793700067729347e+01	1.943448805112883093e+01	1.897240582919993201e+01	1.940130780629753104e+01	1.906210418280120678e+01	1.921852285972992291e+01	1.985757336526416950e+01	1.915795553826751885e+01	1.935445199644767911e+01	1.925436588849001396e+01	1.947446698201830984e+01	1.911847665650398298e+01	1.906608270633315882e+01	1.931981433822771166e+01	1.969857624597992896e+01	1.911073102317402217e+01	1.962054441926732551e+01	1.914630365818560165e+01	1.889381661832386428e+01	2.803366607874987437e+01	1.927369232575530233e+01	1.910623400183937903e+01	1.903271183728264049e+01	1.933718398189644816e+01	1.942042988512600843e+01	1.912485288573384068e+01	1.876683165698296918e+01	1.961390168877139217e+01	1.947836151129973814e+01	1.910075204694421558e+01	1.926618221104072859e+01	1.924003245430855458e+01	1.981193134465539885e+01	1.950657327438267430e+01	1.921941551098207057e+01	1.895587945303718058e+01	1.940771455370659737e+01	1.875108480365642549e+01	1.928471831167130190e+01	1.977324099317413442e+01	1.893154988053175813e+01	1.922843484009644754e+01	1.844958373812231400e+01	1.957267481047654201e+01	1.923657784439228635e+01	1.989316362798442128e+01	1.872690749858644921e+01	1.965433042926427021e+01	1.915499617626772988e+01
2.017483887330301684e+01	1.987969999128834786e+01	2.064006892158215223e+01	2.002654772024971308e+01	2.043806709657227572e+01	2.022312975175901428e+01	2.025899606950622100e+01	2.056513483898996597e+01	2.025601512180389818e+01	2.047999910341409802e+01	2.046071642960919590e+01	2.059422397394644122e+01	2.010457706486940666e+01	2.027127496664420647e+01	2.031707010961919835e+01	2.040472931678759849e+01	2.016474308313215857e+01	2.036561124909124842e+01	2.018137129001986807e+01	1.979802982236497044e+01	1.927369232575530233e+01	2.991424089372977946e+01	2.008184056444030574e+01	1.998768745144645820e+01	2.038021192128652359e+01	2.056573039918766099e+01	2.006715498176630064e+01	1.944962838206638267e+01	2.049702264954751385e+01	2.058304857025063228e+01	1.968654301815714547e+01	2.000826090314041750e+01	2.029789882666205969e+01	2.068299417772367477e+01	2.010935379464817530e+01	2.035860585862785044e+01	2.004585797935384406e+01	2.036507982948640816e+01	2.041679549436852170e+01	1.995640661191873022e+01	2.045203284623639561e+01	2.000747558514708757e+01	2.031758406719008292e+01	1.976613541209561475e+01	2.057077366413694719e+01	2.024586827476629836e+01	2.070738321537736937e+01	2.000761560619940482e+01	2.059181937324736111e+01	2.036519390185632616e+01
1.979570903411196170e+01	1.921665694504428501e+01	2.035187381295373399e+01	1.977357998412052709e+01	1.977826670564006051e+01	1.962911509231688356e+01	1.989567658764133284e+01	2.021125215538259567e+01	1.976383189501182613e+01	2.023260190808129266e+01	2.005026230867527559e+01	1.996592343887333598e+01	1.979059726468952718e+01	1.968394131390505208e+01	1.987078240268850493e+01	2.007287859972438326e+01	2.008709078730650432e+01	1.965190355014764023e+01	1.947724481114279271e+01	1.907733175646557910e+01	1.910623400183937903e+01	2.008184056444030574e+01	2.986161338275714172e+01	1.993840016607718724e+01	1.981766545039133476e+01	1.990620876425951735e+01	1.989430590142410082e+01	1.952035538465758790e+01	2.037664093750782968e+01	2.043016082914994413e+01	1.976569420833660473e+01	1.946288375262602344e+01	1.971823412064451730e+01	2.041231329084723001e+01	1.997139160390818802e+01	2.016765285646447836e+01	1.944693074660793286e+01	2.044544351447171238e+01	1.957723371627886166e+01	1.968036373479188939e+01	1.995757818393160576e+01	1.973442505938682956e+01	1.991737114845807710e+01	1.925360747560711516e+01	2.036167071571381726e+01	1.999866411583443693e+01	2.004155394700928738e+01	1.891516610065194470e+01	2.000524267413130275e+01	1.998506123479931773e+01
2.022677632337422082e+01	1.957733292785595225e+01	2.018895715695430937e+01	1.950310933695156024e+01	1.974821485935932941e+01	1.924662250473535252e+01	1.972917476909367807e+01	2.043960861083922964e+01	1.960101000471685140e+01	1.972291944995961899e+01	2.005747452357651639e+01	1.939226231226853159e+01	1.996283666336303853e+01	2.003390968490090174e+01	1.972908111967277378e+01	1.977979943329126655e+01	2.022531892999167979e+01	2.026917611646284456e+01	1.985887622204761982e+01	1.984686127845847281e+01	1.903271183728264049e+01	1.998768745144645820e+01	1.993840016607718724e+01	2.955225951267199846e+01	1.984379618759716735e+01	2.036925291666158344e+01	1.990582215339927430e+01	1.926021467411795385e+01	2.060042212225616964e+01	2.041459795040755765e+01	1.947816495296568107e+01	1.989546928303917284e+01	2.014533759873813068e+01	2.034503403382893438e+01	1.998739875817671674e+01	2.021864227399515102e+01	1.918216178936210525e+01	2.003943831600615866e+01	1.979915984568619436e+01	2.003294517005603836e+01	2.056697391895917448e+01	1.958041189036038432e+01	1.998242389374314953e+01	1.947236849130360525e+01	2.036514616164057045e+01	2.001779906097975825e+01	1.990579788415406171e+01	1.976450843553596570e+01	1.994995558431815041e+01	2.020171122998392121e+01
2.024070107653242445e+01	1.946502954029049448e+01	2.053451267941073510e+01	1.986138446848026007e+01	2.015789288396042878e+01	2.023642012431902160e+01	1.975602606724006804e+01	2.080708429004788584e+01	1.966279530444760226e+01	2.005729619642480444e+01	2.033641164147968894e+01	1.991437615513816439e+01	1.964807432219014061e+01	1.974752129595516692e+01	1.983462931865092216e+01	2.035414670709627316e+01	2.040499042020920584e+01	2.032482652782544008e+01	1.987054709817018860e+01	1.996831490553942245e+01	1.933718398189644816e+01	2.038021192128652359e+01	1.981766545039133476e+01	1.984379618759716735e+01	2.976863880372284044e+01	2.032018852509551365e+01	1.983608097501813461e+01	1.930077964680723568e+01	2.036710915070545269e+01	2.048367962613900772e+01	1.992581388657088937e+01	1.971449551266132971e+01	1.998383254025115008e+01	2.029943361602233765e+01	1.977548135987106903e+01	2.007100818131007003e+01	1.999022995979457207e+01	2.004357288022637817e+01	2.015391318695154510e+01	1.979143053327610247e+01	2.038324574882863160e+01	1.988704554235017952e+01	2.027268329741463049e+01	1.963145627438457552e+01	2.028189989276854632e+01	1.983149641732495994e+01	2.029620852929510733e+01	1.940156788317410275e+01	2.061316070348591722e+01	1.962242785158889902e+01
2.043104178283289585e+01	2.001168211484755588e+01	2.041486275529154071e+01	1.989297837659857038e+01	2.048737909604960095e+01	2.038234639086055822e+01	2.016271431479043130e+01	2.102182361677460776e+01	2.048903308583928862e+01	2.049762754025078948e+01	2.055424705544768926e+01	2.019259305086344014e+01	2.007963978423576634e+01	2.029252790839466769e+01	2.031370911244652433e+01	2.032910663982635668e+01	2.031668925846023299e+01	2.055135986436620499e+01	2.002637482208411512e+01	1.997313631574960979e+01	1.942042988512600843e+01	2.056573039918766099e+01	1.990620876425951735e+01	2.036925291666158344e+01	2.032018852509551365e+01	3.076086721590115403e+01	2.007339737703895111e+01	2.022403917085342329e+01	2.091904727527970209e+01	2.052113266862113150e+01	2.016017709637278088e+01	2.025479825840070802e+01	2.047423827509386740e+01	2.076889747603932435e+01	2.045974699510798445e+01	2.054373978588724725e+01	2.007425349448563523e+01	2.045592998352616121e+01	2.025412612040933524e+01	2.033078858296749303e+01	2.096744992487714043e+01	1.996293232414144470e+01	2.068765886341772742e+01	1.954491576052553370e+01	2.102026049003227115e+01	1.997966132848536347e+01	2.066976805392267025e+01	1.977163191281410093e+01	2.093932260169173531e+01	2.028761775189638072e+01
2.007479619575062557e+01	1.978039202641859973e+01	2.027706534173647768e+01	1.962347594998283995e+01	1.977136433833584661e+01	1.988295482643683698e+01	1.989051332287626650e+01	2.044802026334260248e+01	2.008635964985586142e+01	1.999878711739074433e+01	2.020478665821331177e+01	2.005691004761611751e+01	2.005680632551147013e+01	2.003936684773210075e+01	2.002941550203654941e+01	2.018509278010082042e+01	2.036117337426815155e+01	2.000687460149505981e+01	1.987957766724111153e+01	1.967650254124929887e+01	1.912485288573384068e+01	2.006715498176630064e+01	1.989430590142410082e+01	1.990582215339927430e+01	1.983608097501813461e+01	2.007339737703895111e+01	2.974941010740282010e+01	1.947849288339104490e+01	2.039655599681147180e+01	2.016732433719992912e+01	1.997392112294080135e+01	1.974420710038488380e+01	2.023472587026482827e+01	2.053765461090587507e+01	2.012913307281420572e+01	2.010931809220100419e+01	1.952992970216208235e+01	1.998062672144175878e+01	1.928638455498291293e+01	2.018557485782144667e+01	2.013732781711881259e+01	1.972445778606275724e+01	2.009368963373136552e+01	1.940447375800951235e+01	2.040197119340801990e+01	1.950099486811812000e+01	2.049211633001262811e+01	1.944755376465442609e+01	2.053215878964007146e+01	2.010267298929383628e+01
1.949629920010235651e+01	1.930060058043005355e+01	1.979932207680128187e+01	1.919647116319859492e+01	1.950661758472293528e+01	1.944151926176506961e+01	1.937773243227657360e+01	1.984091711447590001e+01	1.959188586966344303e+01	1.940006099243612070e+01	2.002206050956661443e+01	1.910404414295900466e+01	1.973862389127999606e+01	1.961420939879751302e+01	1.975637204535846791e+01	1.941026421657238998e+01	1.948625418322584579e+01	1.942057167630973069e+01	1.928964334819169224e+01	1.957726964040616835e+01	1.876683165698296918e+01	1.944962838206638267e+01	1.952035538465758790e+01	1.926021467411795385e+01	1.930077964680723568e+01	2.022403917085342329e+01	1.947849288339104490e+01	2.849587352579435873e+01	1.985426639871745635e+01	1.996643440290628746e+01	1.910543619694281148e+01	1.960037021917935718e+01	1.960161642712400010e+01	1.989671184397377601e+01	1.955853198953949956e+01	1.973602149321294164e+01	1.935194692028892760e+01	1.954289752787347823e+01	1.935621343839580177e+01	1.939796027712883841e+01	2.021945621923914871e+01	1.949051184390642177e+01	2.001096101412928263e+01	1.883704778290897508e+01	1.991484602906735191e+01	1.929092446519779358e+01	1.971264279082955184e+01	1.878110564510620151e+01	1.982157281300468910e+01	1.952790965922562805e+01
2.017313600623722891e+01	1.998316465643141271e+01	2.048512744639100092e+01	1.991627532305097859e+01	2.010405100999892269e+01	2.021688213916856114e+01	2.024037219946452026e+01	2.062060329489878896e+01	2.026569494244624181e+01	1.998353883049508894e+01	2.044310947154855285e+01	2.018814466144295849e+01	2.020482105116179383e+01	2.017036855672659712e+01	2.048119648193604903e+01	2.005395934714352180e+01	2.011902619121134705e+01	2.038714288841747901e+01	2.027523933447565696e+01	2.048763103816937914e+01	1.961390168877139217e+01	2.049702264954751385e+01	2.037664093750782968e+01	2.060042212225616964e+01	2.036710915070545269e+01	2.091904727527970209e+01	2.039655599681147180e+01	1.985426639871745635e+01	3.000306922625716766e+01	2.057788689139045957e+01	1.994683784943379834e+01	1.987192951425230802e+01	2.017798174976073611e+01	2.123477209485487194e+01	2.030340636429918888e+01	2.025508037947025741e+01	1.966621459535629057e+01	2.039503047169011651e+01	2.023276032916583134e+01	2.038400130754413553e+01	2.103705223945426539e+01	2.003007923568230808e+01	2.033182447956648176e+01	1.946589480765475244e+01	2.041968839628913557e+01	1.971964677688104928e+01	2.038135974667412853e+01	1.976497092229985242e+01	2.062630442432886824e+01	1.977664581357233686e+01
2.037865866247418367e+01	2.013450861947036330e+01	2.028235244385284730e+01	1.994211569770805426e+01	2.030664836137385265e+01	2.001413817719847543e+01	2.017478997343619795e+01	2.049411295508434705e+01	2.020601838601016809e+01	2.044204436790516155e+01	2.073482653275354437e+01	2.017890610928935047e+01	1.994879765551393191e+01	2.026230346350608258e+01	2.031178374723063840e+01	2.088954095716698944e+01	2.016102951292083745e+01	2.043340621393856793e+01	1.991376463602766833e+01	2.023141289299636725e+01	1.947836151129973814e+01	2.058304857025063228e+01	2.043016082914994413e+01	2.041459795040755765e+01	2.048367962613900772e+01	2.052113266862113150e+01	2.016732433719992912e+01	1.996643440290628746e+01	2.057788689139045957e+01	3.028489356247367681e+01	2.007317423563303649e+01	2.010024841708831644e+01	1.989638424079107537e+01	2.025238226733711144e+01	2.010136099687254330e+01	2.022451481927017269e+01	1.981163257024485702e+01	1.999000214795600883e+01	2.020502836454584283e+01	2.009644218408019611e+01	2.020152380572571005e+01	2.047700935493602969e+01	2.060617759106416358e+01	2.010253218178299761e+01	2.047327843191124686e+01	2.016870946241622420e+01	2.084042926116427807e+01	1.982440967101758034e+01	2.032898139812214211e+01	2.032354254244071257e+01
1.974558182569428411e+01	1.924852388752164600e+01	2.015934012931900554e+01	1.957175739131345793e+01	2.005121035644306104e+01	1.968158801794821144e+01	1.987000609140808649e+01	2.034193372125211141e+01	1.972354107756421726e+01	1.994312203361307567e+01	2.000699218365515364e+01	1.971174544860020461e+01	1.950032296638246265e+01	1.980070073711505074e+01	1.980942138597045954e+01	2.019279953861596866e+01	1.994767838858821207e+01	2.003798699080248369e+01	1.945851860569653624e+01	1.943531086868599544e+01	1.910075204694421558e+01	1.968654301815714547e+01	1.976569420833660473e+01	1.947816495296568107e+01	1.992581388657088937e+01	2.016017709637278088e+01	1.997392112294080135e+01	1.910543619694281148e+01	1.994683784943379834e+01	2.007317423563303649e+01	2.912877828611736319e+01	1.956066095332049315e+01	2.002934332242254101e+01	2.034121375383667996e+01	1.964028143544092941e+01	1.998064995884523043e+01	1.931967394937525029e+01	1.975884600367950483e+01	1.971664345062217194e+01	1.955224894242887501e+01	1.996478699440374882e+01	1.922701045487751159e+01	1.994549650033173194e+01	1.901036668147197872e+01	1.992804729487665227e+01	1.970540258021190638e+01	2.010347314618311287e+01	1.933976695233129206e+01	2.037563672392060354e+01	1.972792317334187118e+01
1.963074643102951455e+01	1.925921102005827024e+01	1.999436585223819307e+01	1.939815502522795043e+01	2.049871671652496730e+01	1.965864983001196009e+01	1.974350651474188112e+01	2.023487824619626352e+01	1.965224806937483493e+01	2.020482887618633683e+01	1.982240450739563542e+01	1.957101208932277103e+01	1.968277955364659704e+01	1.963525577800034938e+01	1.982572249002594234e+01	1.984912942005592740e+01	1.961097964255371906e+01	1.987159506878811044e+01	1.977477975653381037e+01	1.920739753574499176e+01	1.926618221104072859e+01	2.000826090314041750e+01	1.946288375262602344e+01	1.989546928303917284e+01	1.971449551266132971e+01	2.025479825840070802e+01	1.974420710038488380e+01	1.960037021917935718e+01	1.987192951425230802e+01	2.010024841708831644e+01	1.956066095332049315e+01	2.876765653430324932e+01	1.996747356296483744e+01	1.987862888910798276e+01	1.997317371731535474e+01	1.992174094583556965e+01	1.943706186931629532e+01	1.946724890773233696e+01	1.950050468716587559e+01	1.956957646715361321e+01	2.049810405331411545e+01	1.953311408078771905e+01	1.959283060119627251e+01	1.884918280717180750e+01	2.014997529976868051e+01	1.990439968431887863e+01	1.988520290659722178e+01	1.959078467098179388e+01	1.997315512767600865e+01	1.985160672253482517e+01
