2.993734164984289237e+01	1.972938081930578846e+01	1.989378676778706279e+01	2.031497432338710851e+01	2.012283887570610474e+01	1.988358804903661792e+01	2.007164038020603769e+01	1.959633383091409087e+01	1.997158599845327842e+01	2.024927235350097376e+01	1.938212439958029520e+01	1.936495035119566310e+01	1.968130666395746431e+01	2.010307485832730023e+01	2.032936258061084445e+01	1.972658990915268973e+01	1.996025323249115146e+01	1.976159139682752297e+01	1.949735629096966605e+01	1.942467490223319615e+01	2.037180121232452024e+01	1.991000592895514387e+01	2.014476801285529461e+01	2.020204489781960433e+01	2.010263545087932258e+01	2.011997419438839785e+01	1.997738845090552928e+01	2.005709551794794265e+01	1.952809307683830298e+01	1.947951227681011233e+01	2.043496429623097654e+01	1.992382710122662104e+01	1.961597552621436691e+01	2.034323664899938322e+01	1.919279094894592674e+01	1.954283831215150613e+01	2.052938239779113871e+01	2.003550580299166128e+01	2.008626095284113333e+01	1.984108064122547432e+01	1.986667499091401723e+01	1.987478940901135971e+01	2.009674271799929812e+01	2.010062395035198435e+01	1.982418699721056754e+01	1.966421875485464810e+01	1.983121393939568478e+01	2.011837406016987728e+01	2.040860603044573551e+01	2.025811728938533562e+01
1.972938081930578846e+01	2.955051996825688931e+01	1.967021908356903737e+01	2.015166270623421596e+01	1.965315546287291326e+01	1.931381006501818121e+01	1.975806378734391444e+01	1.921188985105877123e+01	1.980236774521399212e+01	1.993975060143310429e+01	1.941564370571077092e+01	1.957087342686148546e+01	1.917140059570726152e+01	2.018974268051022847e+01	2.002698890174855251e+01	1.963242732082404629e+01	1.971174358417452055e+01	2.011298644569635030e+01	1.970732567815363367e+01	1.982420740552758076e+01	1.986109748150760623e+01	1.921080815617700210e+01	2.001913576084599811e+01	1.965549297428325914e+01	1.965076267810190203e+01	2.000246088077309281e+01	1.989959082088026676e+01	1.934598554660474434e+01	1.927954634738989981e+01	1.971262111919811133e+01	2.005341434210558305e+01	1.990932422022179438e+01	1.937872948761598479e+01	1.980381740931936818e+01	1.921640478449178246e+01	1.971833785184097820e+01	2.056723128671480438e+01	1.963745809344124638e+01	1.980274152195238457e+01	1.933760845017481245e+01	1.992524536373737831e+01	1.944563091059116289e+01	1.944818766082719819e+01	1.985295936524605764e+01	1.942150066790587104e+01	1.897029723571858284e+01	1.956812737545930148e+01	1.970966497717388322e+01	2.018338471573861170e+01	2.030852390995294243e+01
1.989378676778706279e+01	1.967021908356903737e+01	2.960623756652498884e+01	2.047407326973115360e+01	1.990146625023318450e+01	1.962368923218419070e+01	2.030593260683940926e+01	1.915614813964237584e+01	1.975980936282091704e+01	2.032098481327864192e+01	1.984102223242831897e+01	1.991802298335617039e+01	1.918936765524669497e+01	2.031552436124077232e+01	2.044753854856713104e+01	1.997335864477212297e+01	1.980794308239316592e+01	1.960886987920699553e+01	1.965795121288821790e+01	1.959344432351629806e+01	1.998717469780229194e+01	1.985350756829024377e+01	2.030135715201346969e+01	2.007762088916185661e+01	1.957953471449904015e+01	2.031873617826506262e+01	2.014678514619262728e+01	1.986812623170438030e+01	1.970066852898083809e+01	2.004509120279615075e+01	2.046375180331909149e+01	2.005195351279632376e+01	1.950168672005050396e+01	2.016492771309120613e+01	1.911084051741639200e+01	1.977813190562667245e+01	2.051455706669298706e+01	1.959248985917689723e+01	1.976651640400325149e+01	1.965472584530720113e+01	2.036476322122047478e+01	1.964572733679869998e+01	1.991579301558311954e+01	2.009626691466344894e+01	1.974984597186157131e+01	1.922703780155021036e+01	1.947254140310396053e+01	2.010774682008345593e+01	2.056070874616933253e+01	2.017190984900677719e+01
2.031497432338710851e+01	2.015166270623421596e+01	2.047407326973115360e+01	3.039107967073539029e+01	2.022999675071858050e+01	2.003289705959798184e+01	2.097387826786164311e+01	1.953829636184122975e+01	2.035457622477270689e+01	2.047677285335492670e+01	2.024606603640408409e+01	2.023235287092640533e+01	1.948357492853258677e+01	2.065313161807484832e+01	2.030067468326134872e+01	2.005887104339099380e+01	2.042320474319252810e+01	1.994151299212623485e+01	1.986631525930914322e+01	1.999994817549853465e+01	2.054172013753382586e+01	1.980377953234597044e+01	2.049387867010792874e+01	2.052957511910517496e+01	2.055959817287391900e+01	2.061382024900801113e+01	2.068981813499157951e+01	2.019406951458696753e+01	1.962630685064216252e+01	2.018939878429369728e+01	2.059823630396867244e+01	2.017226785596258054e+01	1.960386528580360022e+01	2.069818896452875734e+01	1.969729727154698651e+01	1.995060356617046438e+01	2.080133338415665278e+01	1.960639078322556372e+01	2.011854898661119861e+01	2.005970163742982848e+01	2.069651481490184608e+01	2.005500236043805629e+01	2.019841341754626995e+01	1.984601931387863516e+01	2.046828945188481086e+01	2.000192999156796247e+01	2.037955794896303274e+01	2.079123258092851856e+01	2.060811447489961878e+01	2.040715373386906251e+01
2.012283887570610474e+01	1.965315546287291326e+01	1.990146625023318450e+01	2.022999675071858050e+01	2.969220450604529660e+01	1.938609806600061347e+01	2.010355458440943366e+01	1.919269028431526891e+01	1.998196724962504334e+01	2.009306956054869886e+01	1.969535807932177462e+01	1.975306458806441512e+01	1.953404716995466472e+01	2.025550785559998701e+01	2.041027413547102043e+01	1.996949985329044353e+01	1.976961991412204256e+01	1.996208770522836318e+01	1.956553699913417077e+01	1.946586760328222709e+01	1.979586787493328970e+01	1.974387960419141663e+01	2.017430149655521632e+01	2.035846495510405774e+01	2.012118894353042720e+01	2.007675890042019518e+01	2.019687322210205949e+01	1.971602589375220305e+01	1.967412303510163696e+01	1.939531760589624909e+01	2.010278655801894132e+01	1.990434299748195102e+01	1.974083117223440809e+01	2.000042184841884563e+01	1.910941999070573161e+01	1.973446926526725065e+01	2.059075791789216225e+01	1.963094635585006742e+01	1.987243817391948753e+01	1.936556477856070657e+01	2.024029620649942274e+01	1.983040655601470093e+01	1.991525235335586075e+01	2.002667015993587896e+01	2.001281677249020774e+01	1.934719114084089497e+01	2.010214507944852613e+01	2.003171236918535669e+01	2.033058658279545838e+01	2.003576503500726247e+01
1.988358804903661792e+01	1.931381006501818121e+01	1.962368923218419070e+01	2.003289705959798184e+01	1.938609806600061347e+01	2.908973871998606597e+01	2.007439301167443091e+01	1.957731421566874630e+01	1.999023410290882907e+01	2.005462129139523952e+01	1.974856168770833875e+01	1.996789800172051699e+01	1.935185397095486692e+01	1.969672024166569457e+01	2.011171163608645784e+01	1.999235848431043649e+01	1.983121417699817357e+01	1.957273767877113002e+01	1.978770020427389653e+01	1.928368908037764839e+01	1.972158129493529088e+01	1.971094674145011538e+01	1.993483772460905001e+01	1.999508486392743123e+01	1.980931400801063802e+01	2.017114928059887191e+01	1.987339201335550953e+01	1.952367413535845131e+01	1.958838001648276261e+01	1.941799586638354924e+01	2.039283435878889605e+01	1.985559613982087868e+01	1.971416573795474037e+01	2.010601395979916362e+01	1.899198691379903536e+01	1.917406546123176270e+01	2.023513033605480871e+01	1.913045084307044519e+01	1.948639062837999347e+01	1.956703765374860282e+01	1.993374634821449476e+01	1.954210462169852747e+01	1.999756581686295220e+01	1.989321516517823696e+01	1.977361820206562726e+01	1.967604580860345465e+01	1.988766956038238121e+01	1.963498516880138567e+01	2.013483001966901398e+01	2.021296193614851688e+01
2.007164038020603769e+01	1.975806378734391444e+01	2.030593260683940926e+01	2.097387826786164311e+01	2.010355458440943366e+01	2.007439301167443091e+01	3.048522437384806594e+01	1.969288484454930099e+01	2.076408211022138062e+01	2.084505260639016910e+01	2.007580289070594759e+01	2.041107133405672869e+01	1.998757335827976078e+01	2.056863253922923818e+01	2.040488751650117294e+01	2.034898918247023047e+01	2.038242106775791385e+01	2.024586869042772008e+01	1.994776897505641955e+01	1.981964294220467693e+01	2.059714161269327093e+01	2.024552433546034180e+01	2.033333300121365639e+01	2.051880919662629665e+01	2.021945340358443488e+01	2.041776325495932909e+01	2.076116616001199588e+01	2.002763692659223338e+01	2.016602199159455111e+01	2.021903179005275319e+01	2.097797266381899917e+01	2.005796750520352134e+01	2.021881507334556005e+01	2.061839395165967304e+01	2.009558754499966682e+01	2.013659918043036967e+01	2.113795554025430334e+01	2.002152859620244740e+01	2.040246589256282661e+01	2.026659620840900899e+01	2.049896342844026975e+01	1.997784075038751084e+01	2.056294915126660783e+01	2.015666271262004372e+01	1.984718693717073634e+01	1.983332159721067356e+01	2.045683361652057641e+01	2.034712560532855363e+01	2.073215237649339926e+01	2.040195340569378146e+01
1.959633383091409087e+01	1.921188985105877123e+01	1.915614813964237584e+01	1.953829636184122975e+01	1.919269028431526891e+01	1.957731421566874630e+01	1.969288484454930099e+01	2.864960684960557558e+01	1.982181877459935748e+01	1.980820942936505347e+01	1.927252817181735267e+01	1.948714165077941018e+01	1.894321363303069106e+01	1.999698308219441500e+01	1.955033125360882806e+01	1.941458735925477797e+01	1.932520480861112588e+01	1.966295348517146735e+01	1.873595379753752610e+01	1.922570029638239575e+01	1.948956006676615971e+01	1.939638554185620123e+01	1.942857178910187343e+01	1.953504416716551972e+01	1.975373484314380690e+01	1.973442702327580278e+01	1.972280235777447643e+01	1.916128289177149568e+01	1.890183294684411663e+01	1.939052421336238652e+01	1.991665411612479986e+01	1.890349165786813046e+01	1.902923125997066123e+01	1.958606225580613014e+01	1.927587087919332731e+01	1.952019161639640998e+01	1.991863518769221031e+01	1.891845959037307523e+01	1.963827998006452802e+01	1.900160874660101484e+01	1.965697817237862921e+01	1.924964902591560190e+01	2.005386126819719195e+01	1.945403025622477244e+01	1.908088444389747451e+01	1.907816616096562257e+01	1.919786189716540292e+01	1.952771679165549301e+01	1.949466033348314653e+01	1.998405025106939803e+01
1.997158599845327842e+01	1.980236774521399212e+01	1.975980936282091704e+01	2.035457622477270689e+01	1.998196724962504334e+01	1.999023410290882907e+01	2.076408211022138062e+01	1.982181877459935748e+01	2.976530975063782947e+01	2.031920215050041634e+01	1.992862144537239999e+01	2.019027222356831430e+01	1.958918314014496787e+01	2.051629584359049119e+01	2.046158114671082728e+01	2.000308780013671850e+01	2.022020837367620061e+01	2.017536637103453501e+01	1.971039756800443143e+01	1.947789973113123096e+01	2.028164295249753124e+01	2.012481881468543676e+01	2.006443651897441072e+01	2.003314052926068811e+01	2.040347255195420928e+01	2.040702268035574818e+01	2.013242491732050254e+01	2.009163216919455053e+01	1.962888398043181937e+01	1.993704061799552818e+01	2.072172750605438907e+01	2.020902913767650588e+01	2.003490215673897268e+01	2.028463978241006771e+01	1.972410532572336095e+01	1.998823360282304762e+01	2.042659757290829603e+01	1.952306338405174913e+01	2.003534021984020796e+01	1.954860225467196244e+01	2.031406677573410491e+01	2.007986628795944029e+01	2.031742745282313223e+01	1.972036345314842265e+01	1.993709433623825689e+01	1.954400615309271672e+01	2.002330845439422546e+01	2.039952293957991003e+01	2.067436120504441988e+01	2.058215754005327724e+01
2.024927235350097376e+01	1.993975060143310429e+01	2.032098481327864192e+01	2.047677285335492670e+01	2.009306956054869886e+01	2.005462129139523952e+01	2.084505260639016910e+01	1.980820942936505347e+01	2.031920215050041634e+01	3.006470851591000226e+01	2.006698222056175851e+01	2.028482091050872427e+01	1.977738595638072994e+01	2.057222531002952692e+01	2.045019865424428929e+01	1.984044326490347743e+01	2.027602216020781967e+01	2.044272180312608000e+01	2.049118645038250719e+01	2.026971746897786986e+01	2.043744596781939649e+01	1.986751367670140311e+01	2.046282109103251656e+01	2.043694536730272304e+01	2.019905745761161242e+01	2.040633021306758366e+01	2.035871364677496942e+01	2.008962874386744346e+01	1.928075846924381409e+01	2.024547456685985125e+01	2.061501676920566695e+01	2.011914825480362978e+01	2.005305826493377808e+01	2.099328807381823125e+01	1.951794392699537539e+01	2.011637284682381477e+01	2.046933836714705990e+01	1.954518228789618917e+01	2.001790454652884321e+01	1.992485090975529616e+01	2.047180965644251671e+01	2.029138790977428641e+01	2.029062212799102127e+01	2.047770635739342993e+01	1.984041326007253403e+01	1.950035401704207061e+01	1.994256027637097262e+01	2.077832971680948759e+01	2.077280210590269505e+01	2.076377689242209357e+01
1.938212439958029520e+01	1.941564370571077092e+01	1.984102223242831897e+01	2.024606603640408409e+01	1.969535807932177462e+01	1.974856168770833875e+01	2.007580289070594759e+01	1.927252817181735267e+01	1.992862144537239999e+01	2.006698222056175851e+01	2.972207210309302283e+01	2.006794675146814555e+01	1.971565294009275959e+01	2.003346497629332390e+01	2.015315762782071474e+01	1.981690407103011253e+01	2.007084572572669146e+01	1.982117960008130453e+01	1.934069781981627045e+01	1.952616917289188692e+01	2.020817542792685373e+01	1.916825983029979241e+01	1.990100219467256792e+01	1.983422581462827239e+01	1.980870306095267352e+01	1.988645152033220853e+01	1.980240789258536438e+01	1.967504007031484292e+01	1.916682410475518594e+01	1.946145240689095246e+01	2.012937673765961222e+01	1.914259350700365303e+01	1.956249149984405378e+01	2.000369810853957020e+01	1.919321565002334040e+01	1.959645179814547689e+01	2.039945167953249694e+01	1.960165511775540992e+01	1.945381391977950969e+01	1.945216539507377718e+01	2.009636305032077175e+01	1.949487337435923351e+01	1.969069423272404507e+01	2.027898429900265853e+01	1.960519513789707702e+01	1.881625266729015777e+01	1.976798140714584306e+01	1.972053190970163072e+01	2.030633657551303273e+01	2.030047471127814518e+01
1.936495035119566310e+01	1.957087342686148546e+01	1.991802298335617039e+01	2.023235287092640533e+01	1.975306458806441512e+01	1.996789800172051699e+01	2.041107133405672869e+01	1.948714165077941018e+01	2.019027222356831430e+01	2.028482091050872427e+01	2.006794675146814555e+01	2.952183123062847869e+01	1.928491316262172361e+01	2.041694917488043259e+01	2.033165784205422000e+01	1.966381322567239920e+01	2.000032192388943741e+01	1.998504590520406765e+01	2.018016856228609868e+01	1.957545409683327264e+01	1.968195086943990901e+01	1.977610641369355449e+01	2.005277012651626833e+01	1.951922863820156451e+01	2.031208386388874487e+01	2.013407221519904056e+01	2.052525935552054648e+01	1.962883694580242633e+01	1.921412302757065049e+01	2.000476773773279504e+01	2.021368941804032815e+01	2.006512784517983405e+01	1.942816291709625531e+01	2.015379784991655754e+01	1.952676564838584028e+01	1.978284090105612592e+01	2.040594173711348347e+01	1.949934624100524871e+01	2.008220675940048139e+01	1.948469400320346878e+01	2.013597618634710784e+01	1.975840418413704214e+01	1.982847814849012735e+01	1.989747913178162619e+01	1.977659243470326089e+01	1.932704861526030271e+01	1.998126750551192288e+01	2.011679172612140931e+01	2.034929604512484502e+01	2.026033583874036026e+01
1.968130666395746431e+01	1.917140059570726152e+01	1.918936765524669497e+01	1.948357492853258677e+01	1.953404716995466472e+01	1.935185397095486692e+01	1.998757335827976078e+01	1.894321363303069106e+01	1.958918314014496787e+01	1.977738595638072994e+01	1.971565294009275959e+01	1.928491316262172361e+01	2.922867763707932909e+01	1.962552846505552395e+01	1.981542632731769160e+01	1.955052455427687264e+01	1.975826162669726571e+01	1.970638097253342735e+01	1.973385292032189753e+01	1.949757797632058853e+01	1.971781075603841416e+01	1.880259467450293798e+01	1.952162581875002800e+01	1.965160719101483267e+01	1.943082041227454937e+01	1.974950204355781835e+01	1.984001064874045639e+01	1.935810035918512284e+01	1.881803989656614462e+01	1.926100878432064079e+01	1.955914051737322268e+01	1.935492988440379847e+01	1.926416700037299634e+01	1.976275112556336921e+01	1.940465013863915189e+01	1.950766422984240833e+01	1.970936485607261801e+01	1.925559815552896481e+01	1.977531275866713401e+01	1.910859637386761278e+01	1.959670438459271224e+01	1.933114428897000536e+01	1.961655378565158969e+01	1.972198936777856204e+01	1.925138271168494342e+01	1.906275720489892933e+01	1.912785957169539230e+01	1.955775139438136989e+01	1.996765255835682495e+01	1.981525243130398195e+01
2.010307485832730023e+01	2.018974268051022847e+01	2.031552436124077232e+01	2.065313161807484832e+01	2.025550785559998701e+01	1.969672024166569457e+01	2.056863253922923818e+01	1.999698308219441500e+01	2.051629584359049119e+01	2.057222531002952692e+01	2.003346497629332390e+01	2.041694917488043259e+01	1.962552846505552395e+01	3.004740912159324395e+01	2.058493357387316536e+01	1.995790372212426078e+01	1.988606961583154487e+01	1.999658987850535397e+01	2.013169014395014145e+01	1.975309754424801412e+01	2.001151283434342076e+01	1.953951830400814416e+01	2.021579509362740978e+01	2.026318017916103642e+01	2.006206445486823498e+01	2.070565134439237553e+01	1.992406618703297383e+01	1.980622857139105975e+01	2.006165787476599860e+01	1.972285812687536577e+01	2.041494747334169801e+01	1.996105720802366434e+01	1.954800298950916471e+01	2.037001691327838770e+01	1.978903317986646471e+01	2.010495853990646609e+01	2.073677832276608513e+01	1.942034935061233014e+01	2.007713711759833686e+01	1.984484283684064110e+01	2.042440026476094417e+01	1.971829187769122171e+01	2.008309150757048656e+01	1.986710369081092864e+01	1.979158833726220124e+01	1.950839878689970419e+01	2.026145592607128876e+01	2.040998500926271575e+01	2.043800040919523653e+01	2.081811305244180943e+01
2.032936258061084445e+01	2.002698890174855251e+01	2.044753854856713104e+01	2.030067468326134872e+01	2.041027413547102043e+01	2.011171163608645784e+01	2.040488751650117294e+01	1.955033125360882806e+01	2.046158114671082728e+01	2.045019865424428929e+01	2.015315762782071474e+01	2.033165784205422000e+01	1.981542632731769160e+01	2.058493357387316536e+01	3.048523853529032124e+01	2.016840961179001113e+01	2.083919237998140872e+01	2.035935334347934855e+01	2.006727970844351816e+01	1.994737791594918974e+01	2.027459332112511703e+01	2.016700094132427168e+01	2.085974223027253771e+01	2.028780497297431396e+01	2.034096726722343362e+01	2.045857242178436053e+01	2.050528666647221243e+01	2.025167193933833332e+01	1.966970132142769501e+01	1.961342345881558202e+01	2.075905855171102488e+01	2.042749855733499942e+01	2.002214838587244827e+01	2.038029725939436076e+01	1.978880431553927366e+01	2.022640326279490353e+01	2.078552174165294986e+01	1.992151448501572020e+01	2.016685620653026945e+01	2.008561881529009341e+01	2.029829074660207056e+01	2.010362184353391513e+01	2.049968583350521101e+01	2.062600408591417178e+01	2.012711781371020336e+01	1.974711607498260690e+01	2.017884460179129391e+01	2.074171664460748232e+01	2.086130181614660373e+01	2.079307325881754664e+01
1.972658990915268973e+01	1.963242732082404629e+01	1.997335864477212297e+01	2.005887104339099380e+01	1.996949985329044353e+01	1.999235848431043649e+01	2.034898918247023047e+01	1.941458735925477797e+01	2.000308780013671850e+01	1.984044326490347743e+01	1.981690407103011253e+01	1.966381322567239920e+01	1.955052455427687264e+01	1.995790372212426078e+01	2.016840961179001113e+01	2.914153747601324795e+01	2.032535119099641108e+01	2.013326101083449160e+01	1.974753263569725092e+01	1.959125001072042593e+01	2.010492077339627315e+01	1.992026869730718985e+01	1.991421033803282370e+01	2.014682532568727069e+01	1.986354208399457377e+01	2.037872290077572757e+01	2.004009976648290703e+01	1.968734697037488957e+01	1.926389243576348420e+01	1.994459386142104051e+01	2.053793483699046973e+01	1.964151953479809620e+01	1.985007780734108707e+01	2.015834482969694363e+01	1.911556306056777998e+01	1.964067641507051931e+01	2.037694827187661772e+01	1.973337323676958022e+01	1.995137190638671498e+01	1.979177471956961654e+01	2.034765495559529214e+01	1.978355655222821241e+01	2.001463699075205582e+01	1.974122061739726774e+01	1.980261101725692185e+01	1.916905312084519153e+01	2.009301626067955482e+01	2.005834612388590799e+01	2.047395134156001006e+01	2.040828535669072252e+01
1.996025323249115146e+01	1.971174358417452055e+01	1.980794308239316592e+01	2.042320474319252810e+01	1.976961991412204256e+01	1.983121417699817357e+01	2.038242106775791385e+01	1.932520480861112588e+01	2.022020837367620061e+01	2.027602216020781967e+01	2.007084572572669146e+01	2.000032192388943741e+01	1.975826162669726571e+01	1.988606961583154487e+01	2.083919237998140872e+01	2.032535119099641108e+01	2.963790805178634002e+01	2.019743140597638131e+01	1.977110921581614633e+01	1.956026552450266465e+01	2.020033457924569831e+01	2.002338823035682935e+01	2.021391923758363163e+01	2.019552369333213448e+01	2.017279046159971045e+01	2.052689121403982142e+01	2.044621950656197384e+01	1.959171095585694644e+01	1.925854165699676912e+01	1.976730259286958002e+01	2.038466288525309267e+01	1.985980758407364632e+01	1.949192162306259846e+01	2.036830212273299168e+01	1.968780024531907458e+01	1.983687714573851579e+01	2.048853350055490097e+01	1.942655668806242630e+01	2.016761121212090302e+01	2.004359737749268788e+01	2.022741922975644613e+01	1.952283013531888400e+01	2.004871951968840094e+01	2.042620827095590030e+01	1.985440784979758888e+01	1.952713564499400789e+01	1.999826721992338108e+01	2.020180655610462495e+01	2.050970681748392010e+01	2.026262965209306444e+01
1.976159139682752297e+01	2.011298644569635030e+01	1.960886987920699553e+01	1.994151299212623485e+01	1.996208770522836318e+01	1.957273767877113002e+01	2.024586869042772008e+01	1.966295348517146735e+01	2.017536637103453501e+01	2.044272180312608000e+01	1.982117960008130453e+01	1.998504590520406765e+01	1.970638097253342735e+01	1.999658987850535397e+01	2.035935334347934855e+01	2.013326101083449160e+01	2.019743140597638131e+01	2.994517377881358655e+01	2.020680518715289153e+01	1.991594234894506954e+01	2.000320170996284830e+01	1.958478654108868255e+01	2.030372818711535388e+01	1.969255823600551381e+01	2.007803817520119694e+01	2.030495240778761712e+01	2.027405158689509079e+01	1.968578871999751101e+01	1.936256630443521232e+01	2.032101673609987458e+01	2.051191709341583191e+01	1.933360423737500966e+01	1.941821923220523871e+01	1.995540987361836116e+01	1.932060281453048844e+01	1.977189831337209824e+01	2.044228833090195252e+01	1.941826708880589081e+01	1.993655487654145020e+01	1.958934190371385142e+01	2.014029203755796615e+01	1.983604991280957464e+01	1.968757581931593137e+01	1.972342727144409835e+01	1.975308770131767488e+01	1.934840906286094864e+01	1.996439263468746717e+01	2.038447591966926353e+01	2.050227776951037839e+01	2.070027285978634879e+01
1.949735629096966605e+01	1.970732567815363367e+01	1.965795121288821790e+01	1.986631525930914322e+01	1.956553699913417077e+01	1.978770020427389653e+01	1.994776897505641955e+01	1.873595379753752610e+01	1.971039756800443143e+01	2.049118645038250719e+01	1.934069781981627045e+01	2.018016856228609868e+01	1.973385292032189753e+01	2.013169014395014145e+01	2.006727970844351816e+01	1.974753263569725092e+01	1.977110921581614633e+01	2.020680518715289153e+01	2.970152583123449119e+01	1.961685399306460909e+01	1.948265323018289763e+01	1.954452193784477032e+01	2.001742012015963823e+01	1.975333478035183532e+01	1.974219908506669086e+01	2.015168768932333165e+01	1.991975310654092723e+01	1.972494489348786217e+01	1.957983465200308260e+01	1.979806890545757270e+01	1.979986306962022624e+01	1.973878096591750264e+01	1.956341632521450435e+01	1.997787334778116630e+01	1.939051048566907554e+01	1.999221664495258821e+01	2.030456751679642124e+01	1.949150157919200410e+01	1.981548741330513863e+01	1.986696728244603705e+01	2.024255885067012173e+01	2.007186331054877826e+01	2.004311377048575338e+01	2.018879735430979494e+01	2.003636485169669257e+01	1.911144468568813082e+01	1.968684058626831046e+01	1.998868675635491954e+01	2.020699673440072175e+01	2.065929456277217113e+01
1.942467490223319615e+01	1.982420740552758076e+01	1.959344432351629806e+01	1.999994817549853465e+01	1.946586760328222709e+01	1.928368908037764839e+01	1.981964294220467693e+01	1.922570029638239575e+01	1.947789973113123096e+01	2.026971746897786986e+01	1.952616917289188692e+01	1.957545409683327264e+01	1.949757797632058853e+01	1.975309754424801412e+01	1.994737791594918974e+01	1.959125001072042593e+01	1.956026552450266465e+01	1.991594234894506954e+01	1.961685399306460909e+01	2.946473575041082782e+01	2.000815450298212284e+01	1.909122493206666249e+01	1.990359557675015978e+01	1.958983134379337088e+01	1.987119959833124838e+01	2.013360730504630070e+01	1.996701286186648971e+01	1.942259033284251046e+01	1.918721836705275408e+01	1.931841241314560875e+01	1.994754088575077944e+01	1.964962878776960409e+01	1.919087050983805298e+01	1.971989653407552368e+01	1.931005961771500878e+01	1.993445707898266761e+01	2.030858032211607522e+01	1.928876458298983820e+01	1.999209429690587569e+01	1.922141722130194808e+01	1.982888864736761292e+01	1.974060081542402045e+01	1.985473467299777539e+01	1.997282107814267604e+01	1.918048081355423307e+01	1.948274342969451567e+01	1.935139120501045440e+01	2.010243436166027564e+01	2.032298140699032274e+01	2.022633150072388020e+01
2.037180121232452024e+01	1.986109748150760623e+01	1.998717469780229194e+01	2.054172013753382586e+01	1.979586787493328970e+01	1.972158129493529088e+01	2.059714161269327093e+01	1.948956006676615971e+01	2.028164295249753124e+01	2.043744596781939649e+01	2.020817542792685373e+01	1.968195086943990901e+01	1.971781075603841416e+01	2.001151283434342076e+01	2.027459332112511703e+01	2.010492077339627315e+01	2.020033457924569831e+01	2.000320170996284830e+01	1.948265323018289763e+01	2.000815450298212284e+01	2.988744600179019528e+01	1.970819578990957055e+01	2.009316037443927883e+01	2.053497155103258720e+01	2.034633983097216614e+01	2.041911866846457713e+01	2.021268694366610319e+01	1.982959949640668640e+01	1.939905061993821533e+01	2.007265713086899339e+01	2.038660859305967321e+01	1.975988219144141667e+01	1.990961397987503645e+01	2.016314490598059805e+01	1.983699720013531831e+01	1.971236369099528929e+01	2.061261340625660310e+01	1.941101420487177975e+01	2.006421425679537052e+01	1.988244741595332243e+01	2.020260718300662361e+01	1.981063983309882559e+01	2.016666199916652147e+01	2.042050491964316095e+01	1.981486826204891116e+01	2.012106545521301371e+01	1.973627317335654041e+01	2.024520567310723251e+01	2.041944381495842720e+01	2.026125228073095741e+01
1.991000592895514387e+01	1.921080815617700210e+01	1.985350756829024377e+01	1.980377953234597044e+01	1.974387960419141663e+01	1.971094674145011538e+01	2.024552433546034180e+01	1.939638554185620123e+01	2.012481881468543676e+01	1.986751367670140311e+01	1.916825983029979241e+01	1.977610641369355449e+01	1.880259467450293798e+01	1.953951830400814416e+01	2.016700094132427168e+01	1.992026869730718985e+01	2.002338823035682935e+01	1.958478654108868255e+01	1.954452193784477032e+01	1.909122493206666249e+01	1.970819578990957055e+01	2.910923222278373856e+01	1.979832988770287727e+01	1.980142181530549195e+01	1.977628160006043601e+01	1.982704820824622161e+01	1.992222124100083036e+01	1.969805199951177954e+01	1.921242592638794733e+01	1.951557009577597412e+01	2.022068625378773987e+01	1.984341139183130309e+01	1.950071867994437014e+01	1.990511797255078363e+01	1.894933530174217040e+01	1.943196922454030329e+01	2.013268877622326869e+01	1.934268669563585874e+01	2.000152442670749764e+01	1.958427982073883911e+01	2.014262488518449246e+01	1.939682457137985594e+01	1.981677348139665895e+01	1.989005377102225580e+01	1.937300822360273855e+01	1.936029473378569676e+01	1.946258188284411972e+01	1.961538174885233587e+01	2.006061955997892809e+01	1.988607493760461153e+01
2.014476801285529461e+01	2.001913576084599811e+01	2.030135715201346969e+01	2.049387867010792874e+01	2.017430149655521632e+01	1.993483772460905001e+01	2.033333300121365639e+01	1.942857178910187343e+01	2.006443651897441072e+01	2.046282109103251656e+01	1.990100219467256792e+01	2.005277012651626833e+01	1.952162581875002800e+01	2.021579509362740978e+01	2.085974223027253771e+01	1.991421033803282370e+01	2.021391923758363163e+01	2.030372818711535388e+01	2.001742012015963823e+01	1.990359557675015978e+01	2.009316037443927883e+01	1.979832988770287727e+01	3.036319452985293310e+01	2.041844549562538091e+01	2.013168396742315736e+01	2.060694450659315891e+01	2.019955552232919871e+01	2.005127414304414302e+01	1.978153425068050453e+01	2.025981414208164466e+01	2.054304493105761509e+01	1.998684920317642266e+01	2.007722201951660068e+01	2.057986703653981664e+01	1.974073165529044971e+01	1.975100634069211836e+01	2.058940192939386549e+01	1.965083640273301668e+01	1.998591871676946852e+01	1.988571154694761134e+01	2.052172777847873064e+01	1.996051835602472124e+01	2.025095550042898296e+01	1.998799780048736352e+01	1.994157563313639869e+01	2.001645537074405112e+01	1.974212288074801336e+01	2.029141516106732013e+01	2.033987625896734386e+01	2.054415786305639458e+01
2.020204489781960433e+01	1.965549297428325914e+01	2.007762088916185661e+01	2.052957511910517496e+01	2.035846495510405774e+01	1.999508486392743123e+01	2.051880919662629665e+01	1.953504416716551972e+01	2.003314052926068811e+01	2.043694536730272304e+01	1.983422581462827239e+01	1.951922863820156451e+01	1.965160719101483267e+01	2.026318017916103642e+01	2.028780497297431396e+01	2.014682532568727069e+01	2.019552369333213448e+01	1.969255823600551381e+01	1.975333478035183532e+01	1.958983134379337088e+01	2.053497155103258720e+01	1.980142181530549195e+01	2.041844549562538091e+01	3.026798345233764920e+01	2.035278264266419157e+01	1.986950323360361281e+01	2.035721826945017554e+01	1.984873803438307860e+01	1.983413012619081073e+01	2.040473736333491672e+01	2.003027272659960190e+01	1.979452876525850513e+01	2.007436903690227581e+01	2.073626591931004626e+01	1.978977363654997745e+01	1.982503361253570873e+01	2.085558254545660972e+01	1.964996000196204307e+01	2.030928983797763010e+01	2.013710031071806839e+01	2.062702078726160337e+01	2.021581797715646900e+01	1.991959488286426350e+01	2.010351905229206437e+01	1.973057202335897031e+01	1.981222619806722918e+01	1.981220114371083341e+01	2.037369536893333333e+01	2.076281765636631604e+01	2.041535867564401485e+01
2.010263545087932258e+01	1.965076267810190203e+01	1.957953471449904015e+01	2.055959817287391900e+01	2.012118894353042720e+01	1.980931400801063802e+01	2.021945340358443488e+01	1.975373484314380690e+01	2.040347255195420928e+01	2.019905745761161242e+01	1.980870306095267352e+01	2.031208386388874487e+01	1.943082041227454937e+01	2.006206445486823498e+01	2.034096726722343362e+01	1.986354208399457377e+01	2.017279046159971045e+01	2.007803817520119694e+01	1.974219908506669086e+01	1.987119959833124838e+01	2.034633983097216614e+01	1.977628160006043601e+01	2.013168396742315736e+01	2.035278264266419157e+01	3.024955571963451462e+01	2.044988708465855609e+01	2.017381635771432258e+01	1.972501922196675395e+01	1.961954315142583738e+01	2.002879899819967591e+01	2.039241182497124072e+01	1.984437746785764745e+01	1.991416269783450943e+01	2.023210427112829279e+01	1.937783728180321674e+01	1.987675753923373634e+01	2.038182474597583038e+01	1.979252373660568409e+01	2.007827548635638948e+01	1.982749094574027282e+01	2.026343301934595331e+01	2.024682586029983256e+01	1.996794255166938825e+01	2.002234783428755449e+01	1.939822322293711210e+01	1.975773422061777040e+01	1.993136752933931888e+01	2.061447819195894127e+01	2.078188623984182826e+01	2.059955221490819710e+01
2.011997419438839785e+01	2.000246088077309281e+01	2.031873617826506262e+01	2.061382024900801113e+01	2.007675890042019518e+01	2.017114928059887191e+01	2.041776325495932909e+01	1.973442702327580278e+01	2.040702268035574818e+01	2.040633021306758366e+01	1.988645152033220853e+01	2.013407221519904056e+01	1.974950204355781835e+01	2.070565134439237553e+01	2.045857242178436053e+01	2.037872290077572757e+01	2.052689121403982142e+01	2.030495240778761712e+01	2.015168768932333165e+01	2.013360730504630070e+01	2.041911866846457713e+01	1.982704820824622161e+01	2.060694450659315891e+01	1.986950323360361281e+01	2.044988708465855609e+01	3.057615101851939698e+01	2.060790144136314339e+01	1.991815971459886470e+01	1.994099045909848300e+01	2.008791029696973496e+01	2.061061581101493800e+01	1.977302921566865024e+01	1.960430326738249818e+01	2.095916868612550843e+01	1.954766950399925918e+01	2.071231557563359260e+01	2.060625134502586420e+01	1.978144980727265434e+01	2.021296705912966729e+01	1.988468597214098210e+01	2.065340557660323384e+01	2.004781052267034269e+01	2.062327037432195453e+01	2.061848995145523844e+01	2.018349464743635835e+01	1.998179069102382854e+01	1.998336945314289892e+01	2.050290339237744419e+01	2.060706439082515828e+01	2.086409706885794435e+01
1.997738845090552928e+01	1.989959082088026676e+01	2.014678514619262728e+01	2.068981813499157951e+01	2.019687322210205949e+01	1.987339201335550953e+01	2.076116616001199588e+01	1.972280235777447643e+01	2.013242491732050254e+01	2.035871364677496942e+01	1.980240789258536438e+01	2.052525935552054648e+01	1.984001064874045639e+01	1.992406618703297383e+01	2.050528666647221243e+01	2.004009976648290703e+01	2.044621950656197384e+01	2.027405158689509079e+01	1.991975310654092723e+01	1.996701286186648971e+01	2.021268694366610319e+01	1.992222124100083036e+01	2.019955552232919871e+01	2.035721826945017554e+01	2.017381635771432258e+01	2.060790144136314339e+01	3.064433122630098794e+01	2.007979795271469214e+01	1.968565084983535485e+01	1.984495208677417466e+01	2.077051785835191922e+01	1.992174345065540919e+01	1.990485139949892712e+01	2.064057718298912647e+01	1.973111267055393014e+01	2.000388604108160706e+01	2.060610492777299996e+01	1.986218261196245294e+01	2.051144797454382385e+01	2.000759667791718499e+01	2.051461969054548007e+01	1.999401568214083724e+01	2.053636679573934742e+01	2.039470305357248492e+01	1.949080500734647003e+01	1.986803579641166806e+01	2.024076784545260921e+01	2.061252263156467635e+01	2.071989189891794325e+01	2.081100654212881196e+01
2.005709551794794265e+01	1.934598554660474434e+01	1.986812623170438030e+01	2.019406951458696753e+01	1.971602589375220305e+01	1.952367413535845131e+01	2.002763692659223338e+01	1.916128289177149568e+01	2.009163216919455053e+01	2.008962874386744346e+01	1.967504007031484292e+01	1.962883694580242633e+01	1.935810035918512284e+01	1.980622857139105975e+01	2.025167193933833332e+01	1.968734697037488957e+01	1.959171095585694644e+01	1.968578871999751101e+01	1.972494489348786217e+01	1.942259033284251046e+01	1.982959949640668640e+01	1.969805199951177954e+01	2.005127414304414302e+01	1.984873803438307860e+01	1.972501922196675395e+01	1.991815971459886470e+01	2.007979795271469214e+01	2.903387016465502057e+01	1.916872665056764191e+01	1.921414526586204374e+01	1.995894562387866245e+01	1.957634261810239806e+01	1.911351302648592565e+01	2.019359700247435541e+01	1.875616935430260668e+01	1.956118407273305948e+01	2.034635017499385867e+01	1.954695873306669895e+01	1.974685805003626982e+01	1.959962176125244682e+01	2.034660396083604894e+01	1.925153836309034006e+01	1.975724497881931185e+01	1.976150808246046253e+01	1.941304845490925501e+01	1.929017322161291403e+01	1.961692040853114705e+01	2.030332519116231182e+01	2.000527783289128791e+01	2.027971258091963946e+01
1.952809307683830298e+01	1.927954634738989981e+01	1.970066852898083809e+01	1.962630685064216252e+01	1.967412303510163696e+01	1.958838001648276261e+01	2.016602199159455111e+01	1.890183294684411663e+01	1.962888398043181937e+01	1.928075846924381409e+01	1.916682410475518594e+01	1.921412302757065049e+01	1.881803989656614462e+01	2.006165787476599860e+01	1.966970132142769501e+01	1.926389243576348420e+01	1.925854165699676912e+01	1.936256630443521232e+01	1.957983465200308260e+01	1.918721836705275408e+01	1.939905061993821533e+01	1.921242592638794733e+01	1.978153425068050453e+01	1.983413012619081073e+01	1.961954315142583738e+01	1.994099045909848300e+01	1.968565084983535485e+01	1.916872665056764191e+01	2.885344637715721561e+01	1.949583533444178940e+01	1.952352886448120017e+01	1.950529386009719701e+01	1.912552426011581730e+01	1.984230679714394086e+01	1.893116353628327175e+01	1.928453384355365330e+01	2.022180447157324323e+01	1.913298486016925537e+01	1.948644483543065675e+01	1.939934185620063900e+01	2.020087654249122622e+01	1.976864449847337113e+01	1.962817622840896803e+01	1.932217994124275862e+01	1.915076797256314123e+01	1.895620710431456502e+01	1.955343517822246824e+01	1.944694302918512108e+01	1.970719595574472649e+01	1.988895774517166615e+01
1.947951227681011233e+01	1.971262111919811133e+01	2.004509120279615075e+01	2.018939878429369728e+01	1.939531760589624909e+01	1.941799586638354924e+01	2.021903179005275319e+01	1.939052421336238652e+01	1.993704061799552818e+01	2.024547456685985125e+01	1.946145240689095246e+01	2.000476773773279504e+01	1.926100878432064079e+01	1.972285812687536577e+01	1.961342345881558202e+01	1.994459386142104051e+01	1.976730259286958002e+01	2.032101673609987458e+01	1.979806890545757270e+01	1.931841241314560875e+01	2.007265713086899339e+01	1.951557009577597412e+01	2.025981414208164466e+01	2.040473736333491672e+01	2.002879899819967591e+01	2.008791029696973496e+01	1.984495208677417466e+01	1.921414526586204374e+01	1.949583533444178940e+01	2.925854585010219822e+01	2.063380190421758442e+01	1.964825288401828018e+01	1.965029152348730079e+01	2.004847093360295673e+01	1.942298627561288882e+01	1.995593346446611349e+01	2.041700938916271468e+01	1.915393601354625730e+01	1.973491500063775206e+01	1.965379448438912746e+01	2.023649668593533235e+01	1.965470417496887379e+01	1.957943314077908425e+01	1.994161425741450344e+01	1.985672083804475108e+01	1.958133158281426489e+01	1.984618115301514152e+01	2.014005306043280541e+01	2.027989099663619754e+01	2.043702772421667646e+01
2.043496429623097654e+01	2.005341434210558305e+01	2.046375180331909149e+01	2.059823630396867244e+01	2.010278655801894132e+01	2.039283435878889605e+01	2.097797266381899917e+01	1.991665411612479986e+01	2.072172750605438907e+01	2.061501676920566695e+01	2.012937673765961222e+01	2.021368941804032815e+01	1.955914051737322268e+01	2.041494747334169801e+01	2.075905855171102488e+01	2.053793483699046973e+01	2.038466288525309267e+01	2.051191709341583191e+01	1.979986306962022624e+01	1.994754088575077944e+01	2.038660859305967321e+01	2.022068625378773987e+01	2.054304493105761509e+01	2.003027272659960190e+01	2.039241182497124072e+01	2.061061581101493800e+01	2.077051785835191922e+01	1.995894562387866245e+01	1.952352886448120017e+01	2.063380190421758442e+01	3.101047193173477723e+01	1.995458958322231879e+01	2.011094691990791716e+01	2.045852346864340632e+01	1.992391912539549281e+01	2.002933777813942129e+01	2.072570838832352536e+01	1.963930526893717143e+01	2.012491155601306048e+01	2.013760902222177407e+01	2.083368847391515288e+01	2.009525499759678269e+01	2.011770326973601897e+01	2.037977001614027373e+01	1.997632253342379371e+01	1.962877789595674116e+01	1.989488645753424123e+01	2.027611123950265792e+01	2.052090101467441841e+01	2.090526889942032085e+01
1.992382710122662104e+01	1.990932422022179438e+01	2.005195351279632376e+01	2.017226785596258054e+01	1.990434299748195102e+01	1.985559613982087868e+01	2.005796750520352134e+01	1.890349165786813046e+01	2.020902913767650588e+01	2.011914825480362978e+01	1.914259350700365303e+01	2.006512784517983405e+01	1.935492988440379847e+01	1.996105720802366434e+01	2.042749855733499942e+01	1.964151953479809620e+01	1.985980758407364632e+01	1.933360423737500966e+01	1.973878096591750264e+01	1.964962878776960409e+01	1.975988219144141667e+01	1.984341139183130309e+01	1.998684920317642266e+01	1.979452876525850513e+01	1.984437746785764745e+01	1.977302921566865024e+01	1.992174345065540919e+01	1.957634261810239806e+01	1.950529386009719701e+01	1.964825288401828018e+01	1.995458958322231879e+01	2.972964488577238740e+01	1.958459100853751167e+01	1.997530497379903736e+01	1.956842216883687868e+01	1.951790250396362936e+01	2.007910938637278875e+01	1.930755530766936090e+01	1.976064350008791948e+01	1.934198054561985103e+01	2.011660442816608096e+01	1.970777727142484892e+01	2.015958932155606931e+01	1.965502057158732541e+01	1.988662959568975808e+01	1.942974513531780190e+01	1.949183185019832365e+01	2.018984069565816952e+01	2.056041105075971842e+01	1.996842681049056623e+01
