3.037966678153828681e+01	2.049260757235141739e+01	2.034111392471335122e+01	2.037760572460001640e+01	1.996527912604346255e+01	2.012093515234435870e+01	1.995954021547804658e+01	1.968389543211903003e+01	2.029625384821673251e+01	2.033085247329952949e+01	2.119847851813343453e+01	1.973959087197314588e+01	1.979959487500554971e+01	2.019590430461747488e+01	1.975974690419084823e+01	2.037857662250253554e+01	2.036880353943141841e+01	2.076360714905963434e+01	2.010209436281050088e+01	2.058631270896422549e+01	1.950754034169532503e+01	1.973012263239629860e+01	1.989061813162230408e+01	2.028155302731897791e+01	1.988885766401542909e+01	2.012441419187036828e+01	1.966932681532429683e+01	2.037415362759297466e+01	1.985072490318907157e+01	2.034964479225265421e+01	2.026405555824724303e+01	2.027695026510508214e+01	1.995153078775469879e+01	2.035817469130760671e+01	2.057422107252833499e+01	2.041017048876181761e+01	1.972119814581454733e+01	2.009740070240146537e+01	1.951625239042047610e+01	2.024584704519260470e+01	2.010950533782908067e+01	2.038309604853868606e+01	2.039933481637292445e+01	2.001557176628165990e+01	2.047224892974122312e+01	2.013544351802825361e+01	2.014505272654034940e+01	1.957864385874845325e+01	2.009915011128221707e+01	2.024248797035447467e+01
2.049260757235141739e+01	3.024931296999244168e+01	2.028279020092693585e+01	2.089713983146930332e+01	2.079779817229691830e+01	2.008597897298457013e+01	2.054312478614858151e+01	2.017781917118575308e+01	2.058407541337286162e+01	2.086045207305087956e+01	2.112677609766866382e+01	2.011372864401709748e+01	1.986784031468483036e+01	2.019982261678297419e+01	2.042271826666826584e+01	2.035884796040266309e+01	2.059827575296179702e+01	2.053202313255145839e+01	2.035931372400784056e+01	2.062916572467305798e+01	1.983856320857255540e+01	2.034103390495791785e+01	2.038952677513237788e+01	2.033508997988769451e+01	1.986495745083884756e+01	2.035972994186246865e+01	1.986253553656272075e+01	2.075771935508930000e+01	2.003957918724454856e+01	1.998895348403797811e+01	2.033494086498946274e+01	2.067575254172150068e+01	1.965840071040741677e+01	2.053627799352174321e+01	2.062834839663655728e+01	2.043866426349869059e+01	1.999954882546993318e+01	2.048443485857371016e+01	2.025809515640133895e+01	2.029342142534423843e+01	2.007270460172843940e+01	2.067086492749821858e+01	2.068102840948812826e+01	1.991201743952792214e+01	2.062804789691393381e+01	2.053203547378859639e+01	2.064797313271852275e+01	1.975825081529654881e+01	1.992617043958042800e+01	1.992417590637040803e+01
2.034111392471335122e+01	2.028279020092693585e+01	2.984152246009947262e+01	2.007500472031508210e+01	2.000181689329344081e+01	1.974855946484880675e+01	2.010828633150063993e+01	1.960149696372117489e+01	2.026151416542102268e+01	2.053559327778288690e+01	2.067496432107431659e+01	1.958655113022507166e+01	1.960196032492044083e+01	2.039953872593417472e+01	1.985471032746011488e+01	2.040701352217095987e+01	2.018916064479574501e+01	2.051061237982917973e+01	1.996654568803063157e+01	2.027831821248798505e+01	1.966088106510954248e+01	2.006501811731900986e+01	1.979710643477620380e+01	2.009830992248118875e+01	1.945078799223825783e+01	2.002341692442273668e+01	1.990273882531669969e+01	2.036047150787702975e+01	1.963578144219338384e+01	1.987223822347180047e+01	1.973638500192123146e+01	2.010908788387596857e+01	1.952333896457861329e+01	2.030213848843280999e+01	2.024671160947161042e+01	1.948856742876544956e+01	1.940736319381794317e+01	1.977547871180825112e+01	1.945587327608699368e+01	2.000602774185423272e+01	1.910579980187686999e+01	2.033472180151232322e+01	2.045274660930598998e+01	2.011202955220561250e+01	2.050114232106950496e+01	2.003677645565290177e+01	1.997858112795488239e+01	1.970808300689696679e+01	1.996299019029030219e+01	1.974935652198151814e+01
2.037760572460001640e+01	2.089713983146930332e+01	2.007500472031508210e+01	2.980259912445479742e+01	1.988516931660225495e+01	2.008063361544485659e+01	2.005032372173164745e+01	1.971762007802608707e+01	2.054176131578011777e+01	2.044247664966897915e+01	2.089704912261414904e+01	1.950826864529139115e+01	1.987116449351685432e+01	2.024980432160959865e+01	2.014289349861331146e+01	2.027069770185684305e+01	2.040383854086302406e+01	2.041347466221463947e+01	2.008152696938904569e+01	2.075269447645273146e+01	1.953256228841090447e+01	2.046978750119714618e+01	1.993825581790183321e+01	2.046371184053097281e+01	1.948961666571637608e+01	1.963832876415298045e+01	2.012055532224738741e+01	2.052845584375938870e+01	1.965047292373208521e+01	2.028578129782786732e+01	2.015566469055977805e+01	2.031216121681961440e+01	1.993465444062384506e+01	2.056621361213799659e+01	1.993953000821586485e+01	1.984924220276476703e+01	1.974757098075696149e+01	2.011696405989043868e+01	1.981798544916129146e+01	1.999640211893586539e+01	1.964294383509901110e+01	2.035009038237062740e+01	2.033742257870455816e+01	1.987371093836928182e+01	2.035767568230587443e+01	2.009972117135594161e+01	1.989240361585946815e+01	1.936598440445459346e+01	2.010411584616257130e+01	2.001986774256139512e+01
1.996527912604346255e+01	2.079779817229691830e+01	2.000181689329344081e+01	1.988516931660225495e+01	2.962395718626909158e+01	1.975651185718621150e+01	1.985271658087916435e+01	1.993536081772431601e+01	1.971566662299986561e+01	2.048264612695761144e+01	2.095059381300464096e+01	1.971346402937619047e+01	1.966931527508382516e+01	1.971862749870675913e+01	2.011669972546355467e+01	2.024370660540615319e+01	2.036602540737183631e+01	2.048871419713462672e+01	2.002066865639385185e+01	2.082156495824031595e+01	1.931666853609065271e+01	1.977578115652979918e+01	2.003855261936173449e+01	2.008531606790954172e+01	1.946184941638903609e+01	1.958390993157858517e+01	1.953479730891594812e+01	2.010254530454675503e+01	1.955272533413888780e+01	1.954311497488514959e+01	1.983164359353973438e+01	2.027398378108831167e+01	1.984408761809385169e+01	2.002042175009983893e+01	2.043909991387243963e+01	1.998297388373859462e+01	1.980820142289992347e+01	1.988200960392752492e+01	1.997735182088396400e+01	2.010183250350231532e+01	2.006001508223220853e+01	2.046086506911891689e+01	2.029018511097204680e+01	1.995768970076236926e+01	2.049522102438418258e+01	2.030133955031592308e+01	1.975103223964277888e+01	1.951060688607164906e+01	2.031675313626211121e+01	1.996178875155954202e+01
2.012093515234435870e+01	2.008597897298457013e+01	1.974855946484880675e+01	2.008063361544485659e+01	1.975651185718621150e+01	2.897975370409209361e+01	1.962614868282033953e+01	1.919656617207697380e+01	2.039288100443631535e+01	2.002223982149849490e+01	2.062118483237046718e+01	1.959314296795943378e+01	1.939868380686967342e+01	2.008689048929317167e+01	1.960800018307119785e+01	1.992390222602850258e+01	2.014721181410746809e+01	2.015192652719951738e+01	1.982284442332908014e+01	1.996377717622818437e+01	1.914650370088801168e+01	1.963868271114101915e+01	2.006128236512958196e+01	1.988410829878163000e+01	1.963144677260714488e+01	1.953327506515099188e+01	1.939447206672729607e+01	1.995099924557769810e+01	1.921733067884454016e+01	1.958443827436789064e+01	1.977976827667080784e+01	1.977066971713672672e+01	1.910221928465104568e+01	2.028959068210653527e+01	2.022650944984358645e+01	1.957517015957677131e+01	1.922820046124750348e+01	1.956416510657863128e+01	1.946927609277821603e+01	1.964161112622992533e+01	1.957572085008871809e+01	2.017435191194448052e+01	1.992501909300730389e+01	1.942754172181446748e+01	1.995632585899553391e+01	1.992811258097375315e+01	1.969771023234292784e+01	1.914951822957665684e+01	1.963166945232880778e+01	1.944163781958310366e+01
1.995954021547804658e+01	2.054312478614858151e+01	2.010828633150063993e+01	2.005032372173164745e+01	1.985271658087916435e+01	1.962614868282033953e+01	2.931118436599986055e+01	1.939031786760648401e+01	1.984806823494067984e+01	1.977590813321727126e+01	2.037453942676251017e+01	1.927116161884905310e+01	1.932220510131370261e+01	1.981193300050184192e+01	1.977109012029059443e+01	1.970512470712539965e+01	2.003734947527131993e+01	2.005371978958289603e+01	1.932413226126542583e+01	2.034718058256504847e+01	1.906015560755965055e+01	1.983469004261717572e+01	1.957026915446278537e+01	1.972979498881105442e+01	1.947358007874646901e+01	1.954641661042075640e+01	1.961111360883409560e+01	2.000935030902911294e+01	1.927318238370832759e+01	1.945979269263935052e+01	2.003037123222006599e+01	1.959309154098568939e+01	1.941001341899106691e+01	1.987069766918736136e+01	2.016143370080123987e+01	1.932971961457790044e+01	1.935577587123091803e+01	1.955154422596955044e+01	1.942044665000920034e+01	1.956422031908529746e+01	1.964610174631665629e+01	1.974209043104128014e+01	1.991610385872872158e+01	1.931131526910982643e+01	1.985465703720145569e+01	1.991211074111361512e+01	1.957499130324223202e+01	1.923461448221616266e+01	1.946769682663742529e+01	1.919668968713456536e+01
1.968389543211903003e+01	2.017781917118575308e+01	1.960149696372117489e+01	1.971762007802608707e+01	1.993536081772431601e+01	1.919656617207697380e+01	1.939031786760648401e+01	2.923916775814331004e+01	1.959000319754541763e+01	2.003414556343787822e+01	2.041389423191795061e+01	1.968946395681009420e+01	1.935024882610014174e+01	1.933750470270173949e+01	1.914302343976520504e+01	2.012769862883843430e+01	1.976115521023309185e+01	2.018765948544077560e+01	1.941625197381337031e+01	1.994391546908219937e+01	1.882880104439810864e+01	1.980273988871873669e+01	1.925527029071239937e+01	1.943186946648840063e+01	1.929606062328866400e+01	1.970072361921197768e+01	1.929582682416728545e+01	1.993499645296133949e+01	1.944666589247625410e+01	1.962335660662023429e+01	1.953072923741407507e+01	1.977038165841993234e+01	1.941472073010292476e+01	2.014351153812614825e+01	1.996884531878263758e+01	1.924935806278466188e+01	1.910491368148223046e+01	1.952869555978279337e+01	1.973078084551478284e+01	1.975326096556466382e+01	1.957206118261080974e+01	2.013041657864619793e+01	1.987261933548840531e+01	1.936784680226487509e+01	1.964464925000570972e+01	1.961848814634340599e+01	1.928020970033153603e+01	1.891903123218630611e+01	1.944589257240413360e+01	1.959771522298462898e+01
2.029625384821673251e+01	2.058407541337286162e+01	2.026151416542102268e+01	2.054176131578011777e+01	1.971566662299986561e+01	2.039288100443631535e+01	1.984806823494067984e+01	1.959000319754541763e+01	3.007191548128280090e+01	2.066407968485908953e+01	2.096988867519282707e+01	1.991481580766995663e+01	1.949819633434205812e+01	2.020926101354977433e+01	1.985488218608512412e+01	2.028768051871001532e+01	2.061074640997773599e+01	2.057041852384392300e+01	2.026021740174611097e+01	2.046836620747209423e+01	2.004923930628982376e+01	1.994359959078271061e+01	2.022747582620907281e+01	2.047326997484978506e+01	1.976869348698809503e+01	2.029604191103753053e+01	1.984814240418603859e+01	2.068506003429753193e+01	1.991235301385711409e+01	2.013612323709839558e+01	2.019175505243687851e+01	2.011720425005387369e+01	1.988211989073556651e+01	2.054093086872218521e+01	2.080494855381828856e+01	1.983297149492556244e+01	1.994944806446854102e+01	1.954810357140891597e+01	2.008913285058790876e+01	2.001980242662808962e+01	1.999358684478238501e+01	2.045441196960691244e+01	2.047794831216223344e+01	2.032139232673467433e+01	2.024361136282312401e+01	2.049133713482583374e+01	1.999240625450508091e+01	1.958079103674387511e+01	2.033999354057991127e+01	2.048199977385817760e+01
2.033085247329952949e+01	2.086045207305087956e+01	2.053559327778288690e+01	2.044247664966897915e+01	2.048264612695761144e+01	2.002223982149849490e+01	1.977590813321727126e+01	2.003414556343787822e+01	2.066407968485908953e+01	3.021447525440039428e+01	2.096520214355316369e+01	1.996880291235605398e+01	1.983416920427286101e+01	1.993105345700960385e+01	2.038264007281157930e+01	2.049345644156299784e+01	2.070955020259314949e+01	2.065983852367895324e+01	2.007074416807878592e+01	2.082426467495016809e+01	1.964885697299357403e+01	2.049612271352902937e+01	2.002997394555623600e+01	2.052974266761472322e+01	1.962490989375056571e+01	2.032956986977949754e+01	2.014646691477691220e+01	2.084589685262875136e+01	1.987030779079033849e+01	2.000832826931159047e+01	2.016738085043159145e+01	2.040959961923461918e+01	2.019025371217369980e+01	2.054160248361769803e+01	2.032267094581058586e+01	2.010196215544598886e+01	1.989929906601998866e+01	1.972654899967928799e+01	1.952770195959756094e+01	2.023549530829556886e+01	2.030794926395524769e+01	2.065822012673763197e+01	2.042956346474193197e+01	2.052316907701769821e+01	2.081282688336201758e+01	2.033721085898068637e+01	1.995310841526059775e+01	1.954072887285763827e+01	2.032262018472244236e+01	1.997082839681666044e+01
2.119847851813343453e+01	2.112677609766866382e+01	2.067496432107431659e+01	2.089704912261414904e+01	2.095059381300464096e+01	2.062118483237046718e+01	2.037453942676251017e+01	2.041389423191795061e+01	2.096988867519282707e+01	2.096520214355316369e+01	3.115442328054729160e+01	2.014448578341250240e+01	2.021454255866904859e+01	2.052399515244993111e+01	2.040293690988518094e+01	2.064568200007765952e+01	2.084850968526865955e+01	2.073169651584790074e+01	2.064223456568064208e+01	2.112154014770826649e+01	1.995745744695043911e+01	2.043538264489420087e+01	2.032857088379324750e+01	2.053921481891984158e+01	2.028464367990492434e+01	2.083854754085994898e+01	2.043537668315586586e+01	2.099120925366011292e+01	2.009608006681930448e+01	2.017071340486617714e+01	2.021572480819333961e+01	2.075969087370873112e+01	2.058462552471596396e+01	2.064181611316323384e+01	2.092255858435107996e+01	2.013838041259053924e+01	2.042476131255670779e+01	2.009328211165446021e+01	2.024282286061088598e+01	2.054092423898518405e+01	2.016094172536495321e+01	2.085892020403560565e+01	2.108291072017981094e+01	2.076150367432965282e+01	2.097171570572863075e+01	2.028514145343315533e+01	2.080094728046104535e+01	2.003952441605216706e+01	2.061577601402158777e+01	2.063069011299613464e+01
1.973959087197314588e+01	2.011372864401709748e+01	1.958655113022507166e+01	1.950826864529139115e+01	1.971346402937619047e+01	1.959314296795943378e+01	1.927116161884905310e+01	1.968946395681009420e+01	1.991481580766995663e+01	1.996880291235605398e+01	2.014448578341250240e+01	2.933737990145628416e+01	1.926025929960843897e+01	1.988230891868539274e+01	1.999326865859295665e+01	1.985313021002132672e+01	1.996392829110933675e+01	1.989485075166310679e+01	1.965790907180373637e+01	2.015340035657839479e+01	1.897999996988346894e+01	1.970756321670412703e+01	1.952927678061666938e+01	1.957164014029665822e+01	1.937454890580274380e+01	1.944343816639970512e+01	1.978167072626836287e+01	2.009020284134828671e+01	1.897163788582183486e+01	1.902847573231691314e+01	1.966038627757726687e+01	1.976460939832698571e+01	1.928280905065064132e+01	2.028276635263249972e+01	1.973956542921819590e+01	1.955739003213508909e+01	1.939409445584158220e+01	1.952166283730337426e+01	1.912039722507260109e+01	1.968403740664847135e+01	1.963646796427739005e+01	1.961743817571393933e+01	1.993535427188693632e+01	1.988048730275972176e+01	1.986567966574410349e+01	1.969976420638952064e+01	1.940509548593538369e+01	1.896867410991782421e+01	1.949785852788645713e+01	1.963718601139697739e+01
1.979959487500554971e+01	1.986784031468483036e+01	1.960196032492044083e+01	1.987116449351685432e+01	1.966931527508382516e+01	1.939868380686967342e+01	1.932220510131370261e+01	1.935024882610014174e+01	1.949819633434205812e+01	1.983416920427286101e+01	2.021454255866904859e+01	1.926025929960843897e+01	2.931497451835203805e+01	1.973107639852539918e+01	1.916275657422715284e+01	2.025231091427698971e+01	1.983733312495355960e+01	1.989520151423822369e+01	2.006576660339928608e+01	1.982041111181172255e+01	1.897381412760304897e+01	1.916466944800368566e+01	1.962647800291143696e+01	2.003981433150147140e+01	1.911002184939933457e+01	1.971282436187667741e+01	1.974033529992128422e+01	1.985608093534933971e+01	1.916613944779847145e+01	1.905911185282805320e+01	1.942947519837900572e+01	2.010216394903660486e+01	1.916234460569506481e+01	1.960407081189937983e+01	1.964892919523466119e+01	1.959081134968536020e+01	1.876345541473430245e+01	1.926205415286472089e+01	1.915846835402272319e+01	1.942880988971377931e+01	1.939405894847758205e+01	1.995540553611020940e+01	1.927263189145330102e+01	1.955686843898154947e+01	1.961802548355021614e+01	1.983319682005936713e+01	1.951388427714125129e+01	1.918694555246755939e+01	1.922988296042278478e+01	1.916815571666595019e+01
2.019590430461747488e+01	2.019982261678297419e+01	2.039953872593417472e+01	2.024980432160959865e+01	1.971862749870675913e+01	2.008689048929317167e+01	1.981193300050184192e+01	1.933750470270173949e+01	2.020926101354977433e+01	1.993105345700960385e+01	2.052399515244993111e+01	1.988230891868539274e+01	1.973107639852539918e+01	3.000581942070531127e+01	2.024653229021941669e+01	2.021962335608203176e+01	2.024295767572507998e+01	2.065087715698265924e+01	2.007895990279297393e+01	2.056054236631540277e+01	1.927700973158843212e+01	2.029928787558663572e+01	1.979422467251565720e+01	2.014767758818458887e+01	1.929080974713277996e+01	1.985076318152000141e+01	2.016322093416026817e+01	2.058821144795771829e+01	1.934801561140145409e+01	1.997330297301930813e+01	1.980217203729750253e+01	2.009997713452986190e+01	1.981839883017058668e+01	2.046802146791202048e+01	2.019831762523893914e+01	1.969376395237087607e+01	1.982186369359448719e+01	1.990723525769612223e+01	1.978057784265844887e+01	1.964718446628345561e+01	1.975139178909968152e+01	2.018795811890117164e+01	1.997636325411401970e+01	2.018978039183414452e+01	1.987742361927190160e+01	2.017396835139989975e+01	1.984546774943568792e+01	1.926907872430965796e+01	1.993317219994932188e+01	1.991858192138715467e+01
1.975974690419084823e+01	2.042271826666826584e+01	1.985471032746011488e+01	2.014289349861331146e+01	2.011669972546355467e+01	1.960800018307119785e+01	1.977109012029059443e+01	1.914302343976520504e+01	1.985488218608512412e+01	2.038264007281157930e+01	2.040293690988518094e+01	1.999326865859295665e+01	1.916275657422715284e+01	2.024653229021941669e+01	2.935966474277373450e+01	1.978763143263018165e+01	2.023431865850010070e+01	2.028831328870784034e+01	1.947109886140770740e+01	2.013987548535280681e+01	1.878864105845484644e+01	2.009770838405865234e+01	1.983573765838898240e+01	1.990975998695787652e+01	1.947437836259706501e+01	1.975072305902262570e+01	1.933133184749471667e+01	2.020732126254319283e+01	1.943105885970572189e+01	1.963148599127263338e+01	1.982120881728302209e+01	1.990854548336625740e+01	1.962219569694142862e+01	1.978973336784396508e+01	2.005552260410273391e+01	1.916339704360614959e+01	1.965789987539244876e+01	1.946709814982171594e+01	1.994878471361392869e+01	1.978296841822242769e+01	1.958806812583053514e+01	2.020942405724105839e+01	1.979895352020463761e+01	1.996321970036222737e+01	1.995969933842211930e+01	1.972959802465749135e+01	1.940946547663963528e+01	1.879662559204869865e+01	1.983525870881025099e+01	1.989703148856821358e+01
2.037857662250253554e+01	2.035884796040266309e+01	2.040701352217095987e+01	2.027069770185684305e+01	2.024370660540615319e+01	1.992390222602850258e+01	1.970512470712539965e+01	2.012769862883843430e+01	2.028768051871001532e+01	2.049345644156299784e+01	2.064568200007765952e+01	1.985313021002132672e+01	2.025231091427698971e+01	2.021962335608203176e+01	1.978763143263018165e+01	2.999018766833697924e+01	2.037918464136148344e+01	2.040762191132574443e+01	2.026039525972289113e+01	2.048947543226032764e+01	1.956574254952531788e+01	2.017934007959262388e+01	2.013924825922780215e+01	2.026482440871074431e+01	1.984562842415068573e+01	2.006842974867902996e+01	1.984703999123269824e+01	2.050720650569902404e+01	1.951508243235102569e+01	1.984938443239769157e+01	2.013816703082824588e+01	2.065298637481501842e+01	1.963881700187095447e+01	2.062706068554981798e+01	2.047030442584359022e+01	2.001593879225617911e+01	1.987063220469572400e+01	1.997675289223069583e+01	1.987529782696544700e+01	2.002686020942034517e+01	1.973906414855422398e+01	2.013549070504727823e+01	1.990121716219864823e+01	1.999291376187179381e+01	2.019768007619360617e+01	2.025192607852406823e+01	1.968516514318968191e+01	1.968022904952425378e+01	2.015769096332812182e+01	1.993852964178481102e+01
2.036880353943141841e+01	2.059827575296179702e+01	2.018916064479574501e+01	2.040383854086302406e+01	2.036602540737183631e+01	2.014721181410746809e+01	2.003734947527131993e+01	1.976115521023309185e+01	2.061074640997773599e+01	2.070955020259314949e+01	2.084850968526865955e+01	1.996392829110933675e+01	1.983733312495355960e+01	2.024295767572507998e+01	2.023431865850010070e+01	2.037918464136148344e+01	3.025838936785002886e+01	2.024177970993300235e+01	2.030449612160700923e+01	2.058430870782710542e+01	1.977142574222435911e+01	2.043078231828025793e+01	1.985517850324273681e+01	2.067869633530801465e+01	1.991262326312132913e+01	2.013929660168347269e+01	2.002571151155006035e+01	2.061023553105227180e+01	1.979147830279005049e+01	1.981770065480755250e+01	2.026660356851869693e+01	2.019786952450798267e+01	1.970671491083415816e+01	2.036211955218837488e+01	2.047697734181779694e+01	2.005774166260092883e+01	1.990304561537521266e+01	2.021657789337049493e+01	1.974189150345920041e+01	2.030114216295570984e+01	2.027281649076762449e+01	2.032777709043280723e+01	2.004378835080165899e+01	2.025473869842215535e+01	2.004765273847306872e+01	2.052635679133840441e+01	2.010033945231293728e+01	1.941597857830504381e+01	2.011024467514165437e+01	2.041232573363505409e+01
2.076360714905963434e+01	2.053202313255145839e+01	2.051061237982917973e+01	2.041347466221463947e+01	2.048871419713462672e+01	2.015192652719951738e+01	2.005371978958289603e+01	2.018765948544077560e+01	2.057041852384392300e+01	2.065983852367895324e+01	2.073169651584790074e+01	1.989485075166310679e+01	1.989520151423822369e+01	2.065087715698265924e+01	2.028831328870784034e+01	2.040762191132574443e+01	2.024177970993300235e+01	3.039848604375892904e+01	2.032166519879927336e+01	2.080909536065586707e+01	1.971432892890171118e+01	2.039102204927372952e+01	2.038741185203094020e+01	2.039982891387908737e+01	1.989652732858782969e+01	2.033909962609472544e+01	2.011121065134986807e+01	2.044810192962907891e+01	1.979594390058357334e+01	2.034326547049428768e+01	2.029784758086634966e+01	2.072757210501922387e+01	1.974741210508608447e+01	2.040901496941867421e+01	2.029787594754514046e+01	2.021638974349285078e+01	1.997928535630828861e+01	2.022008278947533455e+01	2.056568534015663374e+01	2.041372202846859452e+01	2.037388509346483545e+01	2.073089643417458205e+01	2.060006374467086232e+01	2.028745240083632595e+01	2.071432594729209953e+01	2.052249714560208815e+01	2.036082176289555434e+01	1.962303006745732858e+01	2.004967600854608278e+01	2.016687590134317887e+01
2.010209436281050088e+01	2.035931372400784056e+01	1.996654568803063157e+01	2.008152696938904569e+01	2.002066865639385185e+01	1.982284442332908014e+01	1.932413226126542583e+01	1.941625197381337031e+01	2.026021740174611097e+01	2.007074416807878592e+01	2.064223456568064208e+01	1.965790907180373637e+01	2.006576660339928608e+01	2.007895990279297393e+01	1.947109886140770740e+01	2.026039525972289113e+01	2.030449612160700923e+01	2.032166519879927336e+01	2.942166613105158035e+01	2.064376810957320529e+01	1.945350588396411595e+01	1.967526225808574836e+01	1.961249029813174971e+01	2.018089682531229201e+01	1.930181845225943604e+01	2.000192117719362628e+01	1.996696747623563795e+01	2.031791493454258202e+01	1.928017720694744597e+01	1.960004647887438978e+01	1.988310866457021575e+01	1.984166066195874478e+01	1.969873789209109560e+01	2.007531155643388843e+01	2.011696406238481671e+01	1.962676590627011564e+01	1.957278584686732259e+01	1.956335293456031721e+01	1.939878679726942678e+01	2.002345901746801005e+01	1.965829996100375610e+01	2.044401883492510308e+01	2.052511463491727284e+01	1.958096702652952104e+01	2.021961700709730181e+01	2.009050933165418584e+01	1.972594169101282802e+01	1.917026147472585507e+01	1.988126363111331685e+01	1.956263791319770817e+01
2.058631270896422549e+01	2.062916572467305798e+01	2.027831821248798505e+01	2.075269447645273146e+01	2.082156495824031595e+01	1.996377717622818437e+01	2.034718058256504847e+01	1.994391546908219937e+01	2.046836620747209423e+01	2.082426467495016809e+01	2.112154014770826649e+01	2.015340035657839479e+01	1.982041111181172255e+01	2.056054236631540277e+01	2.013987548535280681e+01	2.048947543226032764e+01	2.058430870782710542e+01	2.080909536065586707e+01	2.064376810957320529e+01	3.093209907135036474e+01	1.967763191269740020e+01	2.061858285738365737e+01	2.054313466515841924e+01	2.053044533134223215e+01	1.966962961060225368e+01	2.037700504000373769e+01	1.996834016940540479e+01	2.088652249592579224e+01	1.988190989334917802e+01	2.032522965857724628e+01	2.016664251444684908e+01	2.039607480379825333e+01	2.049864990418556943e+01	2.053390920645529860e+01	2.120057504378270608e+01	2.014584562483946328e+01	2.020128717067197144e+01	1.996277987151376010e+01	1.983342765343254754e+01	2.046728716117734947e+01	1.998546326007641838e+01	2.090601257741235131e+01	2.046033284525100626e+01	2.023565176568656554e+01	2.056929547178481954e+01	2.039711957060795555e+01	2.037492626256576145e+01	2.006728428621989124e+01	2.052756682084756434e+01	1.999442075694660303e+01
1.950754034169532503e+01	1.983856320857255540e+01	1.966088106510954248e+01	1.953256228841090447e+01	1.931666853609065271e+01	1.914650370088801168e+01	1.906015560755965055e+01	1.882880104439810864e+01	2.004923930628982376e+01	1.964885697299357403e+01	1.995745744695043911e+01	1.897999996988346894e+01	1.897381412760304897e+01	1.927700973158843212e+01	1.878864105845484644e+01	1.956574254952531788e+01	1.977142574222435911e+01	1.971432892890171118e+01	1.945350588396411595e+01	1.967763191269740020e+01	2.877639408116138497e+01	1.934047426282441151e+01	1.947447870724763419e+01	1.951441014537144980e+01	1.887967637086294204e+01	1.946038476093704261e+01	1.898047514367390676e+01	1.976508131062153240e+01	1.908055918317999300e+01	1.904226009795268126e+01	1.892898532734968597e+01	1.964115301672199720e+01	1.913802228153787865e+01	1.967573490750265819e+01	1.976291906217917216e+01	1.899315992843056122e+01	1.913019710255636952e+01	1.925224370131564555e+01	1.896746825119723923e+01	1.930262936904621540e+01	1.912923445276698331e+01	1.976598030812407458e+01	1.924649127666200954e+01	1.934628739666803199e+01	1.966168167559603575e+01	1.937961242525237537e+01	1.929432648663305017e+01	1.963345025833828927e+01	1.941645017783785221e+01	1.902638552464366839e+01
1.973012263239629860e+01	2.034103390495791785e+01	2.006501811731900986e+01	2.046978750119714618e+01	1.977578115652979918e+01	1.963868271114101915e+01	1.983469004261717572e+01	1.980273988871873669e+01	1.994359959078271061e+01	2.049612271352902937e+01	2.043538264489420087e+01	1.970756321670412703e+01	1.916466944800368566e+01	2.029928787558663572e+01	2.009770838405865234e+01	2.017934007959262388e+01	2.043078231828025793e+01	2.039102204927372952e+01	1.967526225808574836e+01	2.061858285738365737e+01	1.934047426282441151e+01	2.998536158291720000e+01	1.972273474627630208e+01	2.039201786514685821e+01	1.972156573576761218e+01	1.982237894126669886e+01	2.016319016573363143e+01	2.026635491361218655e+01	1.951471830887651038e+01	1.997539332623279762e+01	2.010630531996653403e+01	2.008314819096779047e+01	1.993398411299331840e+01	2.016216755138812999e+01	2.035971873324108827e+01	1.966489544246367416e+01	1.956666722340295195e+01	1.940952106906194885e+01	1.962951857402927303e+01	1.997900745220950114e+01	1.968501772465794986e+01	2.033992286694526541e+01	2.057621105232773218e+01	1.990502660203031127e+01	1.999155678745066922e+01	1.985084488234966216e+01	1.957510591968125269e+01	1.939233111028656253e+01	1.950328322360936895e+01	1.988263065704004262e+01
1.989061813162230408e+01	2.038952677513237788e+01	1.979710643477620380e+01	1.993825581790183321e+01	2.003855261936173449e+01	2.006128236512958196e+01	1.957026915446278537e+01	1.925527029071239937e+01	2.022747582620907281e+01	2.002997394555623600e+01	2.032857088379324750e+01	1.952927678061666938e+01	1.962647800291143696e+01	1.979422467251565720e+01	1.983573765838898240e+01	2.013924825922780215e+01	1.985517850324273681e+01	2.038741185203094020e+01	1.961249029813174971e+01	2.054313466515841924e+01	1.947447870724763419e+01	1.972273474627630208e+01	2.926216987535156733e+01	2.028370839578822782e+01	1.959865585131349874e+01	1.934415556481117449e+01	1.994512885292357041e+01	2.016049269535589872e+01	1.915276340558669688e+01	1.980665449966136293e+01	1.991372918265660985e+01	2.010770322281069866e+01	1.953025761567123197e+01	1.992069446565572832e+01	1.987489576994907381e+01	1.955553427422463386e+01	1.938564362062701818e+01	1.966719747235886473e+01	1.930611604349251564e+01	1.934700644785355905e+01	1.954584188504736986e+01	2.008762709631716703e+01	1.988957430788648750e+01	1.967206183241357920e+01	2.018541183522274096e+01	2.017851261888370473e+01	1.966826524560427814e+01	1.951151402266633283e+01	1.959968352808736824e+01	1.986974475298985254e+01
2.028155302731897791e+01	2.033508997988769451e+01	2.009830992248118875e+01	2.046371184053097281e+01	2.008531606790954172e+01	1.988410829878163000e+01	1.972979498881105442e+01	1.943186946648840063e+01	2.047326997484978506e+01	2.052974266761472322e+01	2.053921481891984158e+01	1.957164014029665822e+01	2.003981433150147140e+01	2.014767758818458887e+01	1.990975998695787652e+01	2.026482440871074431e+01	2.067869633530801465e+01	2.039982891387908737e+01	2.018089682531229201e+01	2.053044533134223215e+01	1.951441014537144980e+01	2.039201786514685821e+01	2.028370839578822782e+01	3.009466959900838745e+01	1.968342067415925101e+01	1.977417230876235621e+01	1.995708556975820613e+01	2.058934984739622109e+01	1.960925453368465554e+01	2.017619123167551365e+01	2.018113002659739053e+01	2.053782898498389642e+01	1.975061455360227924e+01	2.012903801309107266e+01	2.027883299330840927e+01	1.983810346208832698e+01	1.968281351710016125e+01	1.950083519986680614e+01	1.984623399046170178e+01	1.998152731916117730e+01	1.982553804875905712e+01	2.011909688035045818e+01	1.997526718182934502e+01	2.020870450781552563e+01	2.005658808252684011e+01	2.013800885288368647e+01	1.979797511376992958e+01	1.973502620797057361e+01	2.012987801133382249e+01	2.006042480054052035e+01
1.988885766401542909e+01	1.986495745083884756e+01	1.945078799223825783e+01	1.948961666571637608e+01	1.946184941638903609e+01	1.963144677260714488e+01	1.947358007874646901e+01	1.929606062328866400e+01	1.976869348698809503e+01	1.962490989375056571e+01	2.028464367990492434e+01	1.937454890580274380e+01	1.911002184939933457e+01	1.929080974713277996e+01	1.947437836259706501e+01	1.984562842415068573e+01	1.991262326312132913e+01	1.989652732858782969e+01	1.930181845225943604e+01	1.966962961060225368e+01	1.887967637086294204e+01	1.972156573576761218e+01	1.959865585131349874e+01	1.968342067415925101e+01	2.906604414129522596e+01	1.947183617907338160e+01	1.928241119744447474e+01	1.983502277938543656e+01	1.868711600823345265e+01	1.950907300630839813e+01	1.930003486857492589e+01	1.980311671908120630e+01	1.954817842338251310e+01	1.968869187273311283e+01	1.981288342545805037e+01	1.940874009670123712e+01	1.923039702008914986e+01	1.950289295143731394e+01	1.933761536203909515e+01	1.971374149760183414e+01	1.917375135894181071e+01	1.998090050695362052e+01	1.956182792711431873e+01	1.938146512454776271e+01	1.986021791164660044e+01	1.953259574564459911e+01	1.967984718313732628e+01	1.894745128345453011e+01	1.943325827104889569e+01	1.936431149535573937e+01
2.012441419187036828e+01	2.035972994186246865e+01	2.002341692442273668e+01	1.963832876415298045e+01	1.958390993157858517e+01	1.953327506515099188e+01	1.954641661042075640e+01	1.970072361921197768e+01	2.029604191103753053e+01	2.032956986977949754e+01	2.083854754085994898e+01	1.944343816639970512e+01	1.971282436187667741e+01	1.985076318152000141e+01	1.975072305902262570e+01	2.006842974867902996e+01	2.013929660168347269e+01	2.033909962609472544e+01	2.000192117719362628e+01	2.037700504000373769e+01	1.946038476093704261e+01	1.982237894126669886e+01	1.934415556481117449e+01	1.977417230876235621e+01	1.947183617907338160e+01	2.961489408326374217e+01	1.929131099633907809e+01	2.013250277131850652e+01	1.952302693652288212e+01	1.967768400394522033e+01	1.971812085955968286e+01	2.034646411392115795e+01	1.957118970446868644e+01	2.004592349688618214e+01	2.012343076783889728e+01	1.967873798095522631e+01	1.947531751408386569e+01	1.921606298493591680e+01	1.962158808567573587e+01	1.986687203929507106e+01	1.981485876632509147e+01	2.015864770910050296e+01	1.975495763785317749e+01	1.949026172749637809e+01	2.018469182897579728e+01	2.003089198110757962e+01	1.978430462037646720e+01	1.936031218712217594e+01	2.000246387868535791e+01	1.977435464678593391e+01
1.966932681532429683e+01	1.986253553656272075e+01	1.990273882531669969e+01	2.012055532224738741e+01	1.953479730891594812e+01	1.939447206672729607e+01	1.961111360883409560e+01	1.929582682416728545e+01	1.984814240418603859e+01	2.014646691477691220e+01	2.043537668315586586e+01	1.978167072626836287e+01	1.974033529992128422e+01	2.016322093416026817e+01	1.933133184749471667e+01	1.984703999123269824e+01	2.002571151155006035e+01	2.011121065134986807e+01	1.996696747623563795e+01	1.996834016940540479e+01	1.898047514367390676e+01	2.016319016573363143e+01	1.994512885292357041e+01	1.995708556975820613e+01	1.928241119744447474e+01	1.929131099633907809e+01	2.956467965955818755e+01	2.045603755547876546e+01	1.928586594556966816e+01	1.923822733876942692e+01	1.947239932445236477e+01	1.986096860355048932e+01	1.973460435504212640e+01	2.029009843697869542e+01	1.971846054828262851e+01	1.983793563292548967e+01	1.928190610232303825e+01	1.923143527415803433e+01	1.967812876970261016e+01	1.991681146787597356e+01	1.949683699826881877e+01	1.994164287205977004e+01	2.000158836779840144e+01	2.011628450400197110e+01	1.972873706365830415e+01	1.990730651789007410e+01	1.935048596042761559e+01	1.926003775858841394e+01	1.947761908352636340e+01	1.994886973842568523e+01
2.037415362759297466e+01	2.075771935508930000e+01	2.036047150787702975e+01	2.052845584375938870e+01	2.010254530454675503e+01	1.995099924557769810e+01	2.000935030902911294e+01	1.993499645296133949e+01	2.068506003429753193e+01	2.084589685262875136e+01	2.099120925366011292e+01	2.009020284134828671e+01	1.985608093534933971e+01	2.058821144795771829e+01	2.020732126254319283e+01	2.050720650569902404e+01	2.061023553105227180e+01	2.044810192962907891e+01	2.031791493454258202e+01	2.088652249592579224e+01	1.976508131062153240e+01	2.026635491361218655e+01	2.016049269535589872e+01	2.058934984739622109e+01	1.983502277938543656e+01	2.013250277131850652e+01	2.045603755547876546e+01	3.098371672702659296e+01	1.986337180872503794e+01	1.998151123387947692e+01	2.013904135873600154e+01	2.028481219914586831e+01	2.014731426815988158e+01	2.065305975216143608e+01	2.074914983509639654e+01	2.029918650429496552e+01	2.002203191253577685e+01	2.018347682056634440e+01	2.022775528935972744e+01	2.024491107977712545e+01	2.059444486527477736e+01	2.040500066686346159e+01	2.054579918607620570e+01	2.025729637277373385e+01	2.117501821011594743e+01	2.035921332349326462e+01	2.019145277184690102e+01	1.970113553736305789e+01	2.030011567102795311e+01	2.009910899913747784e+01
1.985072490318907157e+01	2.003957918724454856e+01	1.963578144219338384e+01	1.965047292373208521e+01	1.955272533413888780e+01	1.921733067884454016e+01	1.927318238370832759e+01	1.944666589247625410e+01	1.991235301385711409e+01	1.987030779079033849e+01	2.009608006681930448e+01	1.897163788582183486e+01	1.916613944779847145e+01	1.934801561140145409e+01	1.943105885970572189e+01	1.951508243235102569e+01	1.979147830279005049e+01	1.979594390058357334e+01	1.928017720694744597e+01	1.988190989334917802e+01	1.908055918317999300e+01	1.951471830887651038e+01	1.915276340558669688e+01	1.960925453368465554e+01	1.868711600823345265e+01	1.952302693652288212e+01	1.928586594556966816e+01	1.986337180872503794e+01	2.897129862526494293e+01	1.957327671400289049e+01	1.961169950581546928e+01	1.948557065187485193e+01	1.898909033181925210e+01	1.941841930334193478e+01	1.995971579705345533e+01	1.935188398468659443e+01	1.893413044709161852e+01	1.929516605914155392e+01	1.938678611188389311e+01	1.910393043037579730e+01	1.945752338056069419e+01	1.964859981954117174e+01	1.969488823126279087e+01	1.933787839567361644e+01	1.931627243486935797e+01	1.967156921511815426e+01	1.920217845308076576e+01	1.904511429082487695e+01	1.918791483893477690e+01	1.915776363256171066e+01
2.034964479225265421e+01	1.998895348403797811e+01	1.987223822347180047e+01	2.028578129782786732e+01	1.954311497488514959e+01	1.958443827436789064e+01	1.945979269263935052e+01	1.962335660662023429e+01	2.013612323709839558e+01	2.000832826931159047e+01	2.017071340486617714e+01	1.902847573231691314e+01	1.905911185282805320e+01	1.997330297301930813e+01	1.963148599127263338e+01	1.984938443239769157e+01	1.981770065480755250e+01	2.034326547049428768e+01	1.960004647887438978e+01	2.032522965857724628e+01	1.904226009795268126e+01	1.997539332623279762e+01	1.980665449966136293e+01	2.017619123167551365e+01	1.950907300630839813e+01	1.967768400394522033e+01	1.923822733876942692e+01	1.998151123387947692e+01	1.957327671400289049e+01	2.923456508424119349e+01	1.952744014902970804e+01	1.997434537590266856e+01	1.939544688283480767e+01	2.022059284605575868e+01	2.004200072989060288e+01	1.944162206703658313e+01	1.959728197510698777e+01	1.932731098835492389e+01	1.962772769109648152e+01	1.965268286477870063e+01	1.948766871409182855e+01	1.991896314223075137e+01	1.969490900127820154e+01	1.940941666331922377e+01	1.996485162520948720e+01	1.998125001886767649e+01	1.952221913005366005e+01	1.914035323182530490e+01	1.960302671804515384e+01	1.933949631240763622e+01
2.026405555824724303e+01	2.033494086498946274e+01	1.973638500192123146e+01	2.015566469055977805e+01	1.983164359353973438e+01	1.977976827667080784e+01	2.003037123222006599e+01	1.953072923741407507e+01	2.019175505243687851e+01	2.016738085043159145e+01	2.021572480819333961e+01	1.966038627757726687e+01	1.942947519837900572e+01	1.980217203729750253e+01	1.982120881728302209e+01	2.013816703082824588e+01	2.026660356851869693e+01	2.029784758086634966e+01	1.988310866457021575e+01	2.016664251444684908e+01	1.892898532734968597e+01	2.010630531996653403e+01	1.991372918265660985e+01	2.018113002659739053e+01	1.930003486857492589e+01	1.971812085955968286e+01	1.947239932445236477e+01	2.013904135873600154e+01	1.961169950581546928e+01	1.952744014902970804e+01	2.905893504549199946e+01	1.981757301591433418e+01	1.961562599317155531e+01	1.986901670756184046e+01	2.049157100136111964e+01	1.989776395823170674e+01	1.943157093132059998e+01	1.968143099128040419e+01	1.959185801638891888e+01	1.969416083228041003e+01	1.975416901770824651e+01	2.003928218336532296e+01	2.002007133391843752e+01	1.958758198988791577e+01	1.969474801215246629e+01	2.015191117008226485e+01	1.967718915472631380e+01	1.951137346251316274e+01	1.969381756951579732e+01	1.959726398093716426e+01
2.027695026510508214e+01	2.067575254172150068e+01	2.010908788387596857e+01	2.031216121681961440e+01	2.027398378108831167e+01	1.977066971713672672e+01	1.959309154098568939e+01	1.977038165841993234e+01	2.011720425005387369e+01	2.040959961923461918e+01	2.075969087370873112e+01	1.976460939832698571e+01	2.010216394903660486e+01	2.009997713452986190e+01	1.990854548336625740e+01	2.065298637481501842e+01	2.019786952450798267e+01	2.072757210501922387e+01	1.984166066195874478e+01	2.039607480379825333e+01	1.964115301672199720e+01	2.008314819096779047e+01	2.010770322281069866e+01	2.053782898498389642e+01	1.980311671908120630e+01	2.034646411392115795e+01	1.986096860355048932e+01	2.028481219914586831e+01	1.948557065187485193e+01	1.997434537590266856e+01	1.981757301591433418e+01	2.981469929977362909e+01	1.964666767627651112e+01	1.998639713961285125e+01	2.045343878546347582e+01	1.994103642927037967e+01	1.962760976379847833e+01	1.983592003564075412e+01	1.986171723315597148e+01	2.000061906040369664e+01	1.999182746475134209e+01	2.047198035225771307e+01	2.007393378857943134e+01	1.993946085908122967e+01	2.022182201300458004e+01	2.026329409610305987e+01	1.997542629515449875e+01	1.964197769643796576e+01	2.011048666867567292e+01	1.965076237261185099e+01
