2.995985643319409064e+01	2.058209026002622366e+01	1.973338365924951532e+01	1.975994881454269247e+01	1.977790657897458004e+01	2.024809853106387081e+01	2.054485914460556018e+01	2.104304044640688431e+01	2.000112574986945546e+01	2.033460194192106485e+01	2.006250587205493474e+01	2.024020379216693399e+01	2.007812010558735949e+01	1.999643495051980935e+01	2.034009687603467142e+01	1.971566644833340121e+01	1.937497307263087976e+01	2.048124300297601863e+01	1.959185929249407110e+01	2.018851445709712777e+01	1.990058741841360401e+01	2.013273616976849567e+01	2.015281328774209157e+01	1.996767031179689056e+01	1.997045704378296094e+01	2.087478289554573152e+01	2.034643188774395384e+01	2.050146072794621688e+01	2.020015503930778067e+01	2.036545184019259480e+01	2.093062587435567679e+01	1.996088937589711776e+01	1.903933571331425156e+01	1.978205630776260548e+01	2.058034416556881396e+01	1.980016710600568786e+01	2.036866522162635462e+01	1.999797442237876766e+01	1.935731215283786000e+01	2.038560629361344922e+01	2.006314130463499623e+01	2.053841533479740278e+01	1.965185423664743425e+01	2.071146685891082129e+01	2.039617344792418052e+01	2.035696597618666459e+01	2.005430197390564828e+01	2.030480121788142256e+01	2.023961975635441846e+01	1.949415434020078308e+01
2.058209026002622366e+01	3.102296892088273239e+01	2.006603188673513571e+01	2.012869295868707198e+01	2.036063672429260052e+01	2.028035438631816589e+01	2.063311890230700740e+01	2.127747173673914460e+01	2.063263585153013935e+01	2.094203019680421463e+01	2.080850927870610079e+01	2.023371896225789968e+01	2.055172367739578121e+01	2.060944910664308694e+01	2.058941841490657509e+01	2.070115104987421972e+01	2.013476107585190178e+01	2.074982742883249998e+01	2.021080685895570994e+01	2.039727772866020317e+01	2.006635819128512210e+01	2.038675878214331405e+01	2.042375803698691783e+01	2.034502806743629932e+01	2.020175199501380447e+01	2.111092102522555436e+01	2.054629748051511839e+01	2.102536640085321196e+01	2.091547296273756373e+01	2.100840785784478726e+01	2.118175005088270169e+01	2.024396691413460303e+01	1.942302653779087507e+01	2.077818411039855206e+01	2.064167659402654564e+01	1.993514182570961424e+01	2.078176204898846180e+01	2.012125145985674024e+01	1.987289275129268162e+01	2.071385926591874593e+01	2.104871752591450829e+01	2.066639943126329015e+01	2.066692521283855655e+01	2.093792551909293920e+01	2.093366013045637786e+01	2.095038991234545023e+01	2.090227178642442851e+01	2.076293233435742991e+01	2.061704487246947082e+01	2.021959234093080937e+01
1.973338365924951532e+01	2.006603188673513571e+01	2.946346465554404048e+01	1.931469816486444913e+01	1.937616470751887476e+01	1.952247228959555869e+01	1.956612223241213755e+01	2.032863461862987364e+01	1.990574580051952935e+01	2.037620413674673614e+01	1.962038650851946286e+01	1.941350020766811824e+01	1.978414175112057904e+01	1.951606788522258995e+01	1.966703641058944996e+01	1.957245636953936341e+01	1.905857096146709395e+01	2.010199379082751037e+01	1.934136779540512663e+01	1.954918121709777878e+01	1.926245897938770568e+01	1.960945836323396207e+01	1.957931602166378227e+01	1.945028098515444270e+01	1.941781621826123683e+01	2.036085533273890036e+01	1.993875955036676473e+01	1.946233256280932977e+01	1.983782625405011402e+01	2.042549032920742036e+01	2.005100803244220486e+01	1.951208788487899071e+01	1.863440207505643542e+01	2.017936096405176016e+01	2.004305211506666851e+01	1.977048210818684382e+01	1.955141916127190171e+01	1.982000863999769891e+01	1.902304887564476488e+01	1.972375447892488509e+01	2.022078556142826145e+01	1.995599600817893204e+01	1.955345303016600056e+01	2.021720712218637672e+01	2.007668916556579930e+01	1.973486818191904391e+01	1.994295851787681428e+01	1.979383616405683100e+01	1.994638966819636750e+01	1.949548274542621940e+01
1.975994881454269247e+01	2.012869295868707198e+01	1.931469816486444913e+01	3.031303946427529539e+01	1.968074858987888476e+01	1.966541487827224444e+01	2.034692895656600342e+01	2.084715105777529942e+01	1.975686557443061986e+01	2.015175523615454978e+01	2.001931976518633860e+01	2.015818227649227268e+01	2.011106656837219830e+01	2.006312392763889818e+01	2.044497585490537617e+01	1.961943470627658570e+01	1.919824076641434374e+01	1.993070505849290086e+01	1.918191726800954910e+01	1.986021811266641635e+01	1.962168823892571723e+01	1.954528662294648456e+01	1.991557498908212054e+01	2.001634851205487209e+01	1.972875392919136317e+01	2.050339519256477772e+01	2.012816880521006979e+01	1.969427728731807292e+01	2.006825837135209056e+01	2.023918831456829537e+01	2.054164044133206346e+01	1.949983477197391579e+01	1.922608440609047165e+01	1.999122847191824093e+01	2.029429759846136250e+01	2.000305288664427295e+01	1.990278660441705938e+01	1.952571954153773248e+01	1.956511515336915608e+01	2.028516907628705823e+01	2.046165377721452217e+01	1.965914527527336375e+01	1.969826950948897704e+01	2.060380102015030701e+01	2.041559845620465197e+01	2.010811322709485793e+01	2.002924032531632292e+01	1.983615983277070782e+01	1.972819016120801550e+01	1.948424044842747449e+01
1.977790657897458004e+01	2.036063672429260052e+01	1.937616470751887476e+01	1.968074858987888476e+01	2.932721863863476486e+01	1.988890171487590308e+01	1.957209243174133206e+01	2.045030489768774729e+01	1.996270981912404352e+01	2.023386204664140209e+01	1.950016161026958272e+01	1.939116966971643308e+01	1.966350705808685362e+01	1.990961608173457975e+01	2.011474006761067557e+01	1.978839474783938002e+01	1.950338508966807183e+01	2.028344425681023111e+01	1.942361580233478335e+01	1.982591358279244886e+01	1.978872803262639479e+01	2.016333185071743017e+01	1.993924231790317236e+01	1.933513109484725234e+01	1.973767283272919926e+01	2.052583702362548834e+01	2.008144054220837660e+01	1.963134997850145780e+01	1.991048898007316836e+01	2.012716295527725308e+01	2.031822781186443549e+01	1.937175068256653887e+01	1.859528089333452527e+01	1.987357840033552137e+01	2.033476316603114498e+01	1.940911808163592056e+01	1.970579005622620627e+01	1.948967840593901713e+01	1.891360020635680428e+01	2.026291326413550919e+01	2.018451943553183625e+01	2.007482877152880008e+01	1.946959125710380434e+01	2.023769215959326573e+01	1.990435389257220677e+01	1.974666338814896704e+01	2.004718897406146283e+01	1.954487929848636441e+01	2.000150254722152710e+01	1.944382883659380212e+01
2.024809853106387081e+01	2.028035438631816589e+01	1.952247228959555869e+01	1.966541487827224444e+01	1.988890171487590308e+01	3.016006461869603328e+01	2.010111214787940170e+01	2.014641645628734778e+01	1.966347130565105061e+01	2.015493374110943847e+01	2.031598406469251117e+01	1.976089548716631583e+01	1.997062459125078959e+01	1.969217897723613930e+01	2.022884859050122586e+01	1.975212509405143635e+01	1.943756243582010867e+01	2.037942928339990445e+01	1.928202328048655900e+01	1.951783037222734052e+01	1.977664844274843148e+01	1.953695448992163719e+01	1.966336957226613791e+01	1.965028564031254987e+01	1.993231595100841957e+01	2.027723639721646620e+01	2.025032371339390735e+01	2.062768304623226712e+01	1.999562152452098474e+01	2.015440333907937287e+01	2.014753114566035563e+01	1.979478781256043618e+01	1.905312572877372190e+01	2.007829661907630836e+01	2.036755731558186255e+01	1.953350876578200257e+01	1.970861711568176844e+01	1.939760127768997222e+01	1.920193399612228902e+01	1.989732230596198548e+01	2.031898067858582735e+01	2.014862523316508813e+01	1.940950566806787236e+01	2.042961471835001319e+01	2.036817650575180849e+01	2.035245797341210761e+01	2.010998252937871200e+01	1.972747711585381580e+01	2.007668153475968253e+01	1.938321693401529444e+01
2.054485914460556018e+01	2.063311890230700740e+01	1.956612223241213755e+01	2.034692895656600342e+01	1.957209243174133206e+01	2.010111214787940170e+01	3.032142024259477964e+01	2.091726086161158449e+01	2.027491782640788998e+01	2.070307771255792417e+01	2.061385292894804877e+01	2.040691658546344200e+01	2.063821864812992146e+01	2.013264829533903111e+01	2.040156742097573428e+01	2.004519568797709894e+01	1.997255055783831068e+01	2.061422197457199346e+01	1.993297074914229228e+01	2.022032287593486188e+01	1.982456058892319462e+01	2.047323982904038786e+01	2.049589019864649941e+01	1.988159054297778994e+01	2.012033485198796967e+01	2.041371258598720217e+01	2.048151147088381663e+01	2.041031603915827475e+01	2.012929661967418227e+01	2.082894532939286236e+01	2.092254612052900953e+01	1.992582390117441804e+01	1.935597386479297555e+01	2.043386993696881504e+01	2.070113431594232267e+01	1.990642407054556529e+01	2.026272620490183130e+01	1.988720183704646871e+01	1.938376565114312555e+01	2.032715428394893920e+01	2.098997555450606356e+01	2.063012309585524306e+01	1.973645680564758464e+01	2.106509904576033776e+01	2.050445471251388696e+01	2.075064498232573129e+01	2.066363789058337730e+01	2.024501563172477958e+01	2.052179205076909696e+01	1.958254825441443003e+01
2.104304044640688431e+01	2.127747173673914460e+01	2.032863461862987364e+01	2.084715105777529942e+01	2.045030489768774729e+01	2.014641645628734778e+01	2.091726086161158449e+01	3.110258440621614540e+01	2.059818547987634219e+01	2.095473590521196172e+01	2.088649470647216333e+01	2.052877164943820532e+01	2.078932676716418371e+01	2.093530274850889938e+01	2.096094294833255134e+01	2.018956778382832695e+01	2.016819223413000728e+01	2.083607631671345928e+01	2.009378371173212940e+01	2.067666346202017991e+01	2.060832574697892738e+01	2.066083421406840515e+01	2.031181369357956967e+01	2.069345657517813919e+01	2.069378930117962767e+01	2.078988290826154284e+01	2.109967982442384482e+01	2.089476943013279353e+01	2.046442677088067086e+01	2.093751582079901397e+01	2.118768803188327965e+01	2.048141966170747352e+01	1.973117941178894341e+01	2.044362752823949947e+01	2.113153380344122922e+01	2.044455978807524232e+01	2.073113344449759055e+01	2.010400322586580302e+01	1.981243128715168922e+01	2.041330559877801321e+01	2.090755901177586296e+01	2.048994534979535587e+01	2.046028426345364437e+01	2.097430334297042975e+01	2.118275702071603206e+01	2.120845694450526864e+01	2.022888887276336334e+01	2.069666855188662069e+01	2.059579754323213407e+01	2.034190972935419239e+01
2.000112574986945546e+01	2.063263585153013935e+01	1.990574580051952935e+01	1.975686557443061986e+01	1.996270981912404352e+01	1.966347130565105061e+01	2.027491782640788998e+01	2.059818547987634219e+01	2.995761510079432099e+01	2.043235136188538803e+01	1.999560970770605550e+01	2.003100084916517787e+01	1.962165751825807902e+01	1.987195157134939905e+01	2.009676236190034615e+01	1.981369846684040681e+01	1.923399463076921023e+01	1.980287702870284861e+01	1.926816332006035637e+01	2.004565628299867797e+01	1.943148460747118733e+01	1.943955036530730851e+01	1.983631072029788456e+01	1.953415297894702007e+01	2.000223359523674560e+01	2.034808350632459906e+01	2.023703049214327621e+01	2.010756291630173820e+01	2.005641315490784038e+01	2.030620810113515518e+01	2.069885785540369483e+01	1.999360802957893313e+01	1.927339059641280627e+01	2.009290910251215578e+01	2.008412301092891994e+01	1.955270658453029498e+01	2.004093144177105046e+01	1.977938050015418980e+01	1.875343715458191696e+01	1.994520205858725603e+01	2.042276871835343499e+01	2.006800148354924573e+01	1.974444966072707075e+01	2.044106078362862178e+01	2.047225220674686597e+01	2.048276721810514545e+01	2.021018756222215274e+01	1.978398933696225370e+01	2.020370668199123543e+01	1.969309901321742728e+01
2.033460194192106485e+01	2.094203019680421463e+01	2.037620413674673614e+01	2.015175523615454978e+01	2.023386204664140209e+01	2.015493374110943847e+01	2.070307771255792417e+01	2.095473590521196172e+01	2.043235136188538803e+01	3.004644994561383697e+01	2.025953818095157644e+01	2.003859543780372832e+01	2.025666531721052621e+01	2.023769692259321573e+01	2.028481733631863904e+01	2.033053331772933348e+01	1.959953703999045516e+01	2.049665288652463957e+01	1.974346470429324185e+01	2.065641298216464250e+01	2.000804316587286991e+01	1.997640648982551781e+01	2.021990372327410768e+01	1.990638402051033040e+01	2.029814379223532939e+01	2.043696143319297320e+01	2.039505957383543944e+01	2.028738440684497846e+01	2.049803145608508004e+01	2.082482668029814832e+01	2.086793911140867763e+01	1.996908533976904465e+01	1.930697689270740369e+01	2.017825746789996089e+01	2.058217744898217916e+01	2.006709236698915078e+01	2.051449280970760469e+01	2.035038276785020628e+01	1.958025947336429340e+01	2.040867973133483559e+01	2.084972055094798549e+01	2.040211137093192661e+01	2.011598837411867535e+01	2.080635597219604449e+01	2.096084732049591182e+01	2.104589098025821059e+01	2.079650694043981218e+01	2.032735678027125559e+01	2.012662554696290940e+01	1.996111218494786499e+01
2.006250587205493474e+01	2.080850927870610079e+01	1.962038650851946286e+01	2.001931976518633860e+01	1.950016161026958272e+01	2.031598406469251117e+01	2.061385292894804877e+01	2.088649470647216333e+01	1.999560970770605550e+01	2.025953818095157644e+01	3.056299717032721475e+01	2.032730053165072093e+01	2.019385663175950185e+01	2.018086145658285702e+01	2.012357274736564960e+01	1.970251666624605136e+01	1.948459091933865395e+01	1.981542546883326139e+01	1.979237277718406318e+01	2.039898028032564170e+01	1.973494769180010167e+01	1.983488604972918878e+01	1.981899308385647274e+01	2.001524956188517024e+01	1.972207035454026425e+01	2.060039410797869763e+01	2.042332608517421022e+01	2.071021778975305949e+01	2.012488136110730252e+01	2.037479278354726375e+01	2.070766085888571340e+01	2.014875298707787721e+01	1.940617087617886583e+01	1.995684421594430447e+01	2.037687216110724719e+01	1.954247950360123198e+01	2.014034831585816576e+01	1.981967342557198464e+01	1.933641610445666714e+01	2.003731407237993167e+01	2.026422675925018169e+01	2.041104108012050133e+01	2.000282629374164856e+01	2.033733900121145766e+01	2.066672852322037812e+01	2.050286360657458573e+01	1.996348640098306504e+01	2.003746821403040101e+01	2.036312987821874998e+01	1.971699783182646826e+01
2.024020379216693399e+01	2.023371896225789968e+01	1.941350020766811824e+01	2.015818227649227268e+01	1.939116966971643308e+01	1.976089548716631583e+01	2.040691658546344200e+01	2.052877164943820532e+01	2.003100084916517787e+01	2.003859543780372832e+01	2.032730053165072093e+01	2.891289204880601105e+01	2.032815086139684269e+01	2.004715184368216541e+01	2.020238412607988465e+01	1.971185055573480582e+01	1.942474911462727860e+01	1.995979625742461039e+01	1.949611833084349755e+01	1.980387933697172542e+01	1.983924366770970593e+01	1.959014438662679325e+01	2.020270056377192702e+01	1.998422205093723036e+01	1.990729100702407806e+01	2.037085049663329528e+01	2.020213726989912573e+01	2.019332453702087093e+01	1.992046964886937133e+01	2.012021649078330299e+01	2.078158796565464783e+01	1.961120618460449450e+01	1.885364012008414747e+01	2.016240665259736176e+01	2.034476413000284012e+01	1.919313061359711270e+01	1.998759993852841177e+01	1.960031874869532231e+01	1.936727317415672545e+01	2.016096038224759113e+01	2.056473027290664746e+01	2.044802049324827209e+01	1.974195441177545618e+01	2.047359513044274948e+01	2.042962508932849630e+01	2.031158222754337572e+01	2.030532918541423726e+01	2.032079939446875017e+01	1.987749336026692148e+01	2.002057851998636195e+01
2.007812010558735949e+01	2.055172367739578121e+01	1.978414175112057904e+01	2.011106656837219830e+01	1.966350705808685362e+01	1.997062459125078959e+01	2.063821864812992146e+01	2.078932676716418371e+01	1.962165751825807902e+01	2.025666531721052621e+01	2.019385663175950185e+01	2.032815086139684269e+01	3.027629194244348554e+01	1.987537966394389244e+01	2.045698672274114216e+01	1.999267444537905547e+01	1.990353449942107389e+01	2.013941423029590538e+01	1.974134772179601427e+01	2.011032568217633099e+01	2.002321751753935786e+01	1.977785568925393633e+01	1.998603179580204170e+01	1.982531325838749581e+01	2.009891000731911248e+01	2.046250319429628561e+01	2.030195633903217356e+01	2.022759060577346091e+01	1.975610741614677579e+01	2.033087963097386108e+01	2.056023987523145991e+01	2.016540662067116330e+01	1.917954993750374726e+01	2.017388984010052155e+01	2.029183310671025353e+01	1.958066111479697469e+01	2.025232836535531789e+01	1.981167389690363834e+01	1.937453213958574949e+01	2.021337703410281961e+01	2.086380401653363847e+01	2.046608626736097847e+01	2.001127874205580071e+01	2.037400315341862722e+01	2.081022951817823952e+01	2.004517794579844647e+01	2.041879449923117207e+01	1.989265836179833258e+01	2.022642983550221629e+01	1.985749162428582082e+01
1.999643495051980935e+01	2.060944910664308694e+01	1.951606788522258995e+01	2.006312392763889818e+01	1.990961608173457975e+01	1.969217897723613930e+01	2.013264829533903111e+01	2.093530274850889938e+01	1.987195157134939905e+01	2.023769692259321573e+01	2.018086145658285702e+01	2.004715184368216541e+01	1.987537966394389244e+01	3.003455112794839010e+01	2.062281526628911621e+01	2.045631979988585059e+01	1.952286272058633543e+01	2.022007092260147587e+01	1.990569091181101768e+01	1.986729144594579211e+01	1.971296346561809543e+01	1.991350629827670460e+01	2.009356865119266899e+01	1.998779453484098312e+01	1.961329034511723535e+01	2.005748129815576419e+01	2.046839067013478441e+01	2.030569782928040112e+01	1.983421259544192594e+01	2.017041218355213417e+01	2.069479762541081058e+01	2.002633142107733022e+01	1.883934172275548846e+01	1.989995075287277615e+01	2.014733467477712736e+01	1.974564815209488344e+01	2.009135617705000598e+01	1.976359941657651120e+01	1.925711205843283835e+01	2.013396577424509104e+01	2.070798958566757619e+01	2.037059227531506522e+01	1.957560246870794884e+01	2.034818178786753862e+01	2.046900018209934302e+01	2.038470589350075812e+01	2.017802292633937356e+01	1.989806607127547977e+01	2.025607240797730668e+01	1.965484403775063882e+01
2.034009687603467142e+01	2.058941841490657509e+01	1.966703641058944996e+01	2.044497585490537617e+01	2.011474006761067557e+01	2.022884859050122586e+01	2.040156742097573428e+01	2.096094294833255134e+01	2.009676236190034615e+01	2.028481733631863904e+01	2.012357274736564960e+01	2.020238412607988465e+01	2.045698672274114216e+01	2.062281526628911621e+01	2.946826253436405452e+01	2.011332514206115007e+01	1.940367582675142444e+01	2.075068017017461841e+01	1.973550094160916757e+01	2.014853705166222042e+01	1.974167439090901510e+01	2.003384746636790226e+01	2.014548165198252505e+01	2.012162249273568548e+01	2.008991838553461662e+01	2.059273340696635302e+01	2.032082639382866418e+01	2.043170839804874106e+01	2.030247267020099855e+01	2.069539870900191758e+01	2.075424772735650336e+01	2.001376671468706547e+01	1.908111347532252822e+01	1.995766451806838759e+01	2.071535242467272298e+01	1.953861090589569471e+01	2.002049742015795175e+01	2.005136179759431414e+01	1.959421278543288381e+01	2.025845488787902582e+01	2.060317814134918635e+01	2.033426687852135117e+01	2.011060412113882734e+01	2.065903096455031118e+01	2.068566146899605585e+01	2.022769796141569643e+01	2.031941107525609169e+01	2.018871653848784220e+01	2.026100414483958900e+01	1.995802196133293549e+01
1.971566644833340121e+01	2.070115104987421972e+01	1.957245636953936341e+01	1.961943470627658570e+01	1.978839474783938002e+01	1.975212509405143635e+01	2.004519568797709894e+01	2.018956778382832695e+01	1.981369846684040681e+01	2.033053331772933348e+01	1.970251666624605136e+01	1.971185055573480582e+01	1.999267444537905547e+01	2.045631979988585059e+01	2.011332514206115007e+01	2.960071840951239608e+01	1.942364402238564480e+01	2.028152289712528855e+01	1.959636948041571003e+01	1.963554480469152352e+01	1.958885461909780901e+01	1.952072516296676596e+01	1.995396788099901286e+01	1.980668282726690776e+01	1.999968997662243453e+01	2.029385922525522901e+01	2.021068791556118782e+01	2.020530582951684906e+01	2.022451672009948354e+01	2.018901248627006240e+01	2.052943184693523193e+01	2.026148301184236189e+01	1.902842762756126405e+01	2.025797681090864444e+01	2.048117534273657370e+01	1.937643543749861408e+01	2.026312630110368929e+01	1.947632702630823331e+01	1.951467055869805733e+01	2.003522039096279528e+01	2.056112548850281385e+01	2.031557626546128859e+01	1.985782925279305644e+01	2.006268122873674287e+01	2.014682804065961719e+01	1.979687247064529032e+01	2.056065714030379965e+01	1.961473583664449549e+01	1.982620900088927840e+01	1.941956075075805543e+01
1.937497307263087976e+01	2.013476107585190178e+01	1.905857096146709395e+01	1.919824076641434374e+01	1.950338508966807183e+01	1.943756243582010867e+01	1.997255055783831068e+01	2.016819223413000728e+01	1.923399463076921023e+01	1.959953703999045516e+01	1.948459091933865395e+01	1.942474911462727860e+01	1.990353449942107389e+01	1.952286272058633543e+01	1.940367582675142444e+01	1.942364402238564480e+01	2.900929455909695420e+01	1.930456528756062085e+01	1.952705640720542846e+01	1.934464866932177074e+01	1.927692748547375245e+01	1.914492937352915902e+01	1.936081385327188187e+01	1.911348959475519038e+01	1.948058179605688878e+01	1.998705842146586065e+01	1.973051292629695652e+01	1.964375155783507765e+01	1.914935790263302806e+01	2.025243099337166441e+01	1.989561586462633613e+01	1.929885298891941048e+01	1.847233627276983015e+01	1.945561830490229127e+01	1.979144010191821224e+01	1.932031843836788099e+01	1.972586910484137590e+01	1.898671727176779456e+01	1.883833580056496970e+01	1.951519641115363868e+01	1.977899755447769081e+01	1.957052039769147100e+01	1.931098086223177646e+01	2.027067786925853099e+01	1.966518159122060183e+01	1.951529287002258073e+01	1.951048293735593475e+01	1.944382340217096328e+01	1.955720732915886018e+01	1.929344178062879323e+01
2.048124300297601863e+01	2.074982742883249998e+01	2.010199379082751037e+01	1.993070505849290086e+01	2.028344425681023111e+01	2.037942928339990445e+01	2.061422197457199346e+01	2.083607631671345928e+01	1.980287702870284861e+01	2.049665288652463957e+01	1.981542546883326139e+01	1.995979625742461039e+01	2.013941423029590538e+01	2.022007092260147587e+01	2.075068017017461841e+01	2.028152289712528855e+01	1.930456528756062085e+01	3.008149086151932750e+01	1.975844634295598823e+01	2.030339443211506989e+01	2.002131402377270319e+01	1.975006228390202168e+01	2.013166356578407701e+01	1.995316496659375005e+01	1.983313752806470376e+01	2.079862338562264767e+01	2.025387574536922131e+01	2.050117007859952167e+01	2.016911052063334964e+01	2.053339845030727062e+01	2.083817547791472435e+01	1.999011631276723833e+01	1.927324668398441077e+01	2.049175186412142935e+01	2.036968862570340733e+01	2.024853846626660214e+01	2.051081756590528826e+01	2.016393762571936321e+01	1.979929418022282661e+01	2.067522829176654042e+01	2.048281607462483578e+01	2.024385579265968715e+01	1.994582501077137238e+01	2.086414279996704479e+01	2.072152102519418904e+01	2.053115934885392235e+01	2.077639350238667859e+01	2.022654490726304743e+01	2.039395724695529566e+01	1.983382321080693345e+01
1.959185929249407110e+01	2.021080685895570994e+01	1.934136779540512663e+01	1.918191726800954910e+01	1.942361580233478335e+01	1.928202328048655900e+01	1.993297074914229228e+01	2.009378371173212940e+01	1.926816332006035637e+01	1.974346470429324185e+01	1.979237277718406318e+01	1.949611833084349755e+01	1.974134772179601427e+01	1.990569091181101768e+01	1.973550094160916757e+01	1.959636948041571003e+01	1.952705640720542846e+01	1.975844634295598823e+01	2.893115912208609686e+01	1.966694987404882866e+01	1.899074198484687059e+01	1.936646817000044507e+01	1.925175136381944796e+01	1.932773798738612925e+01	1.937201508746968059e+01	1.999040698662707527e+01	1.990850255639369237e+01	2.004740387762690546e+01	1.962587226440893673e+01	1.992115840655040770e+01	1.993901197023656380e+01	1.952560483778323430e+01	1.860861987931405892e+01	1.968353367433840972e+01	2.007938512063678971e+01	1.914397470208571761e+01	2.001879174477020484e+01	1.927535136725858322e+01	1.891673502117819083e+01	1.970350532390280307e+01	2.027495956188185389e+01	1.959746791137620647e+01	1.938078868415138700e+01	2.012481412161382011e+01	1.969750566067671471e+01	2.028747191800233551e+01	1.962667246883039596e+01	1.926230668313549543e+01	1.988529584986354593e+01	1.938575689283268844e+01
2.018851445709712777e+01	2.039727772866020317e+01	1.954918121709777878e+01	1.986021811266641635e+01	1.982591358279244886e+01	1.951783037222734052e+01	2.022032287593486188e+01	2.067666346202017991e+01	2.004565628299867797e+01	2.065641298216464250e+01	2.039898028032564170e+01	1.980387933697172542e+01	2.011032568217633099e+01	1.986729144594579211e+01	2.014853705166222042e+01	1.963554480469152352e+01	1.934464866932177074e+01	2.030339443211506989e+01	1.966694987404882866e+01	2.959121086366924658e+01	1.990362810593442333e+01	2.000855027573802047e+01	2.005560070605065093e+01	1.981807553667431776e+01	1.981372066468023263e+01	2.057002089829448721e+01	2.010044789635108842e+01	2.006897027132931299e+01	1.997405985559525021e+01	2.023624839317146495e+01	2.076393684801491801e+01	1.958869272368690417e+01	1.896437263986611654e+01	2.012893132526864193e+01	2.020166464809721418e+01	1.963828054875042639e+01	2.013581423654642322e+01	1.987407313529102382e+01	1.933651957002871669e+01	2.032808711691331283e+01	2.074907425650150472e+01	1.993937786264654832e+01	1.967655903640308779e+01	2.045998554887624366e+01	2.049972841062186291e+01	2.066210433373471744e+01	2.011263592119873067e+01	1.961378572788748897e+01	2.002189702436700358e+01	1.972540277494277206e+01
1.990058741841360401e+01	2.006635819128512210e+01	1.926245897938770568e+01	1.962168823892571723e+01	1.978872803262639479e+01	1.977664844274843148e+01	1.982456058892319462e+01	2.060832574697892738e+01	1.943148460747118733e+01	2.000804316587286991e+01	1.973494769180010167e+01	1.983924366770970593e+01	2.002321751753935786e+01	1.971296346561809543e+01	1.974167439090901510e+01	1.958885461909780901e+01	1.927692748547375245e+01	2.002131402377270319e+01	1.899074198484687059e+01	1.990362810593442333e+01	2.932363286725044205e+01	1.973067225399782387e+01	1.976121566122669648e+01	1.945063713895450519e+01	1.955231981136907393e+01	2.002408603071377513e+01	2.025582313221289610e+01	2.004699034275661873e+01	1.994154265781891056e+01	2.002404489910032126e+01	2.031595428729928088e+01	1.943408203801527989e+01	1.884152175531648865e+01	1.972748354391061909e+01	2.011363773521400944e+01	1.912133181831702444e+01	1.973254594920113902e+01	1.940250095858413459e+01	1.901030694097680396e+01	2.006918769287684512e+01	2.023514701908001356e+01	2.005160954258064976e+01	1.940516850967113172e+01	2.039089324981124562e+01	2.019433460989602835e+01	1.969337965693860681e+01	1.999505874337749844e+01	1.958290950587569412e+01	1.978953218816715065e+01	1.960410699076105701e+01
2.013273616976849567e+01	2.038675878214331405e+01	1.960945836323396207e+01	1.954528662294648456e+01	2.016333185071743017e+01	1.953695448992163719e+01	2.047323982904038786e+01	2.066083421406840515e+01	1.943955036530730851e+01	1.997640648982551781e+01	1.983488604972918878e+01	1.959014438662679325e+01	1.977785568925393633e+01	1.991350629827670460e+01	2.003384746636790226e+01	1.952072516296676596e+01	1.914492937352915902e+01	1.975006228390202168e+01	1.936646817000044507e+01	2.000855027573802047e+01	1.973067225399782387e+01	2.965395732784554284e+01	1.990473795299861237e+01	1.937746122991283215e+01	1.980900722666278213e+01	2.044502203441034638e+01	2.017161464723566056e+01	1.989225240999910937e+01	1.992509657064808692e+01	2.025820716286151324e+01	2.025319035818952074e+01	1.988132497453941383e+01	1.887602958709615919e+01	1.992367376625192676e+01	2.044698973960341704e+01	1.957552305472499654e+01	1.993872449808882763e+01	1.939965366875725294e+01	1.924752331725075294e+01	2.035673185740582625e+01	2.015446406670679025e+01	2.008144372086838558e+01	1.947965058577087305e+01	2.042422436308908118e+01	2.046875051479043250e+01	2.004055843665084069e+01	2.019664278486749609e+01	1.993387395229533254e+01	1.984712069196111983e+01	1.975301912713527486e+01
2.015281328774209157e+01	2.042375803698691783e+01	1.957931602166378227e+01	1.991557498908212054e+01	1.993924231790317236e+01	1.966336957226613791e+01	2.049589019864649941e+01	2.031181369357956967e+01	1.983631072029788456e+01	2.021990372327410768e+01	1.981899308385647274e+01	2.020270056377192702e+01	1.998603179580204170e+01	2.009356865119266899e+01	2.014548165198252505e+01	1.995396788099901286e+01	1.936081385327188187e+01	2.013166356578407701e+01	1.925175136381944796e+01	2.005560070605065093e+01	1.976121566122669648e+01	1.990473795299861237e+01	2.959605229843710461e+01	1.987314711399431033e+01	2.001704558848704707e+01	2.057336524645564424e+01	1.992570759636795330e+01	1.994359226565180165e+01	1.999068080906601708e+01	2.057634179327699542e+01	2.078545698465803682e+01	1.977027599370020283e+01	1.897906777740839246e+01	2.019188302104424793e+01	2.005250025557771565e+01	1.935144096513037226e+01	1.983481807274273834e+01	1.948662798658095241e+01	1.946567658707620652e+01	1.998478544275814528e+01	2.032590804889369451e+01	2.022337920893222218e+01	1.957088761208536809e+01	2.029476919729069095e+01	2.065181074163982800e+01	2.017555643167800739e+01	2.023590016296817495e+01	1.979914493751240556e+01	2.003931630717779200e+01	1.967704082254645215e+01
1.996767031179689056e+01	2.034502806743629932e+01	1.945028098515444270e+01	2.001634851205487209e+01	1.933513109484725234e+01	1.965028564031254987e+01	1.988159054297778994e+01	2.069345657517813919e+01	1.953415297894702007e+01	1.990638402051033040e+01	2.001524956188517024e+01	1.998422205093723036e+01	1.982531325838749581e+01	1.998779453484098312e+01	2.012162249273568548e+01	1.980668282726690776e+01	1.911348959475519038e+01	1.995316496659375005e+01	1.932773798738612925e+01	1.981807553667431776e+01	1.945063713895450519e+01	1.937746122991283215e+01	1.987314711399431033e+01	2.957205384927569369e+01	1.962114402658543000e+01	2.044471923477131270e+01	1.999821728147958311e+01	1.999169359305051685e+01	1.986290078757983224e+01	2.018194847166627781e+01	2.066370319755533913e+01	1.946639460152412582e+01	1.910170259465566645e+01	2.004591342345976201e+01	2.026228297849156235e+01	1.959477881297829427e+01	1.970291199524001513e+01	1.926751291136088895e+01	1.895173015348385803e+01	2.002314912906896183e+01	2.051812317240633021e+01	2.002419476382373986e+01	1.986774524733299785e+01	2.024689971705151237e+01	2.038703933521704315e+01	2.012074615465903804e+01	1.974481476559734361e+01	1.966943938178815898e+01	1.993720201715455076e+01	1.950511557254614559e+01
1.997045704378296094e+01	2.020175199501380447e+01	1.941781621826123683e+01	1.972875392919136317e+01	1.973767283272919926e+01	1.993231595100841957e+01	2.012033485198796967e+01	2.069378930117962767e+01	2.000223359523674560e+01	2.029814379223532939e+01	1.972207035454026425e+01	1.990729100702407806e+01	2.009891000731911248e+01	1.961329034511723535e+01	2.008991838553461662e+01	1.999968997662243453e+01	1.948058179605688878e+01	1.983313752806470376e+01	1.937201508746968059e+01	1.981372066468023263e+01	1.955231981136907393e+01	1.980900722666278213e+01	2.001704558848704707e+01	1.962114402658543000e+01	2.944175190825572486e+01	2.002043340406786243e+01	2.011263262926709317e+01	2.019394127394864569e+01	1.986134312456685080e+01	2.024422373507400152e+01	2.081259899546896719e+01	1.967080413839523700e+01	1.882995418614806482e+01	2.019420492279500579e+01	1.970375264884354749e+01	1.948322317688155891e+01	2.017039573228530713e+01	1.950256701052560615e+01	1.918390620946508562e+01	1.996380846820358457e+01	2.013262766428035277e+01	2.015129450991722848e+01	1.965551306462073811e+01	2.013729472806428689e+01	2.062474904970468614e+01	2.037867512211565924e+01	2.016803748429154908e+01	1.968363215721958781e+01	2.038002801898115379e+01	1.970083852645838718e+01
2.087478289554573152e+01	2.111092102522555436e+01	2.036085533273890036e+01	2.050339519256477772e+01	2.052583702362548834e+01	2.027723639721646620e+01	2.041371258598720217e+01	2.078988290826154284e+01	2.034808350632459906e+01	2.043696143319297320e+01	2.060039410797869763e+01	2.037085049663329528e+01	2.046250319429628561e+01	2.005748129815576419e+01	2.059273340696635302e+01	2.029385922525522901e+01	1.998705842146586065e+01	2.079862338562264767e+01	1.999040698662707527e+01	2.057002089829448721e+01	2.002408603071377513e+01	2.044502203441034638e+01	2.057336524645564424e+01	2.044471923477131270e+01	2.002043340406786243e+01	3.109668474914098724e+01	2.046853066998827941e+01	2.092392165044820729e+01	2.045359297416569433e+01	2.081330225898477337e+01	2.118213147294190080e+01	2.022143285687397807e+01	1.929005997504503256e+01	2.044517549113033184e+01	2.074730960695501025e+01	2.003341858573491763e+01	2.076423699319624205e+01	2.044591425658932238e+01	1.949764277104432253e+01	2.109945986664998330e+01	2.107605475050300115e+01	2.067829659473269643e+01	2.016972649853532573e+01	2.111960372177417256e+01	2.072452395816373993e+01	2.052674169795357173e+01	2.099730919666443896e+01	2.032252399032640611e+01	2.066333086542685393e+01	1.992425933102573765e+01
2.034643188774395384e+01	2.054629748051511839e+01	1.993875955036676473e+01	2.012816880521006979e+01	2.008144054220837660e+01	2.025032371339390735e+01	2.048151147088381663e+01	2.109967982442384482e+01	2.023703049214327621e+01	2.039505957383543944e+01	2.042332608517421022e+01	2.020213726989912573e+01	2.030195633903217356e+01	2.046839067013478441e+01	2.032082639382866418e+01	2.021068791556118782e+01	1.973051292629695652e+01	2.025387574536922131e+01	1.990850255639369237e+01	2.010044789635108842e+01	2.025582313221289610e+01	2.017161464723566056e+01	1.992570759636795330e+01	1.999821728147958311e+01	2.011263262926709317e+01	2.046853066998827941e+01	3.032633812004752372e+01	2.062963150204517504e+01	2.006574728243277761e+01	2.039238037813313653e+01	2.078274316325875759e+01	2.012092328341287484e+01	1.913464340630956784e+01	2.029721241981643587e+01	2.073264956627217970e+01	1.984150376755208001e+01	1.998518067049862879e+01	2.017168773040573981e+01	1.939886135269482281e+01	2.044870223367169970e+01	2.092487361752746367e+01	2.071163379283983019e+01	1.986416174139358404e+01	2.065230357027622787e+01	2.086746411649639654e+01	2.068063365469732773e+01	2.026687491797472518e+01	1.971116889054021826e+01	2.032378464507059590e+01	1.981040343178418794e+01
2.050146072794621688e+01	2.102536640085321196e+01	1.946233256280932977e+01	1.969427728731807292e+01	1.963134997850145780e+01	2.062768304623226712e+01	2.041031603915827475e+01	2.089476943013279353e+01	2.010756291630173820e+01	2.028738440684497846e+01	2.071021778975305949e+01	2.019332453702087093e+01	2.022759060577346091e+01	2.030569782928040112e+01	2.043170839804874106e+01	2.020530582951684906e+01	1.964375155783507765e+01	2.050117007859952167e+01	2.004740387762690546e+01	2.006897027132931299e+01	2.004699034275661873e+01	1.989225240999910937e+01	1.994359226565180165e+01	1.999169359305051685e+01	2.019394127394864569e+01	2.092392165044820729e+01	2.062963150204517504e+01	3.013998799318596866e+01	2.066214808667984926e+01	2.046595622446924878e+01	2.099469967156623085e+01	1.987058477361420117e+01	1.958868283577731617e+01	2.004437054916039074e+01	2.016385834115451203e+01	1.979690040939492945e+01	2.054666836972124599e+01	1.987303625209158042e+01	1.959742744828120564e+01	2.044599062301140080e+01	2.069637683245539961e+01	2.050320051419598144e+01	2.010161660362681246e+01	2.048686010116396261e+01	2.063401281810873655e+01	2.049166684277636818e+01	2.052804636382865056e+01	2.003048803942181877e+01	2.045185848105334969e+01	1.989212788017694322e+01
2.020015503930778067e+01	2.091547296273756373e+01	1.983782625405011402e+01	2.006825837135209056e+01	1.991048898007316836e+01	1.999562152452098474e+01	2.012929661967418227e+01	2.046442677088067086e+01	2.005641315490784038e+01	2.049803145608508004e+01	2.012488136110730252e+01	1.992046964886937133e+01	1.975610741614677579e+01	1.983421259544192594e+01	2.030247267020099855e+01	2.022451672009948354e+01	1.914935790263302806e+01	2.016911052063334964e+01	1.962587226440893673e+01	1.997405985559525021e+01	1.994154265781891056e+01	1.992509657064808692e+01	1.999068080906601708e+01	1.986290078757983224e+01	1.986134312456685080e+01	2.045359297416569433e+01	2.006574728243277761e+01	2.066214808667984926e+01	2.973228783609666692e+01	2.008768528780827012e+01	2.055608035878730178e+01	2.043893537291826945e+01	1.902931062058589262e+01	1.988345676626322600e+01	2.082605433877348844e+01	1.955028940352822531e+01	2.039274173122809231e+01	1.986766747381332721e+01	1.927033748628691612e+01	2.031291527791068319e+01	2.044648124375068576e+01	2.009407117495928219e+01	1.999175825648249116e+01	2.061548012568740873e+01	2.072056407139645273e+01	2.057331610730732763e+01	2.036964120608074680e+01	1.988729705531718750e+01	2.007695762574294918e+01	1.981891527360084382e+01
2.036545184019259480e+01	2.100840785784478726e+01	2.042549032920742036e+01	2.023918831456829537e+01	2.012716295527725308e+01	2.015440333907937287e+01	2.082894532939286236e+01	2.093751582079901397e+01	2.030620810113515518e+01	2.082482668029814832e+01	2.037479278354726375e+01	2.012021649078330299e+01	2.033087963097386108e+01	2.017041218355213417e+01	2.069539870900191758e+01	2.018901248627006240e+01	2.025243099337166441e+01	2.053339845030727062e+01	1.992115840655040770e+01	2.023624839317146495e+01	2.002404489910032126e+01	2.025820716286151324e+01	2.057634179327699542e+01	2.018194847166627781e+01	2.024422373507400152e+01	2.081330225898477337e+01	2.039238037813313653e+01	2.046595622446924878e+01	2.008768528780827012e+01	3.078360901650789572e+01	2.061402345843847783e+01	2.009704810228302208e+01	1.940679382080835680e+01	2.065473553560459052e+01	2.059454307149645302e+01	1.992054978728045000e+01	2.064799796304155066e+01	1.970289864886985498e+01	1.950273682202137948e+01	2.037514598785502073e+01	2.043434972355384005e+01	2.016486070639052386e+01	2.019493961745070010e+01	2.114051687470252361e+01	2.098304983400734613e+01	2.058442198185977290e+01	2.042552300182283176e+01	2.064633733642954994e+01	2.040238513886573202e+01	1.992122844528829617e+01
2.093062587435567679e+01	2.118175005088270169e+01	2.005100803244220486e+01	2.054164044133206346e+01	2.031822781186443549e+01	2.014753114566035563e+01	2.092254612052900953e+01	2.118768803188327965e+01	2.069885785540369483e+01	2.086793911140867763e+01	2.070766085888571340e+01	2.078158796565464783e+01	2.056023987523145991e+01	2.069479762541081058e+01	2.075424772735650336e+01	2.052943184693523193e+01	1.989561586462633613e+01	2.083817547791472435e+01	1.993901197023656380e+01	2.076393684801491801e+01	2.031595428729928088e+01	2.025319035818952074e+01	2.078545698465803682e+01	2.066370319755533913e+01	2.081259899546896719e+01	2.118213147294190080e+01	2.078274316325875759e+01	2.099469967156623085e+01	2.055608035878730178e+01	2.061402345843847783e+01	3.129388230958391759e+01	2.038068622050681356e+01	1.940698552640868257e+01	2.058060404993554826e+01	2.091980042691054464e+01	2.017620926311099439e+01	2.084090326273215865e+01	2.052480625294410999e+01	1.987332705251242970e+01	2.105265838817850010e+01	2.115454046483854356e+01	2.072401536800709110e+01	2.027249798938355596e+01	2.112040698064588540e+01	2.112050367841026244e+01	2.075639756987003182e+01	2.074298874162731821e+01	2.051023716472667502e+01	2.065087884051452605e+01	2.023178361749210907e+01
1.996088937589711776e+01	2.024396691413460303e+01	1.951208788487899071e+01	1.949983477197391579e+01	1.937175068256653887e+01	1.979478781256043618e+01	1.992582390117441804e+01	2.048141966170747352e+01	1.999360802957893313e+01	1.996908533976904465e+01	2.014875298707787721e+01	1.961120618460449450e+01	2.016540662067116330e+01	2.002633142107733022e+01	2.001376671468706547e+01	2.026148301184236189e+01	1.929885298891941048e+01	1.999011631276723833e+01	1.952560483778323430e+01	1.958869272368690417e+01	1.943408203801527989e+01	1.988132497453941383e+01	1.977027599370020283e+01	1.946639460152412582e+01	1.967080413839523700e+01	2.022143285687397807e+01	2.012092328341287484e+01	1.987058477361420117e+01	2.043893537291826945e+01	2.009704810228302208e+01	2.038068622050681356e+01	2.975495044836640446e+01	1.878614938204066220e+01	1.999084347213515400e+01	2.042444333037355975e+01	1.968331546547943489e+01	2.003808593346779787e+01	1.982302126998103020e+01	1.932594136032169629e+01	2.022322344043911713e+01	2.033923015790673716e+01	2.010038813416369408e+01	1.977508290559150694e+01	2.040739866313104400e+01	2.030950707017630208e+01	2.031482709539309539e+01	1.975455371681543681e+01	1.965935599457366934e+01	2.001678962806783701e+01	1.963160867442236324e+01
