3.059321325993747109e+01	1.974518355548586968e+01	1.994224084173606215e+01	2.003999258720550358e+01	2.046897874440449883e+01	2.047810758815924359e+01	2.028043720722457977e+01	1.981683108084867229e+01	1.982923505582291313e+01	1.934346318924212582e+01	2.044809295156643714e+01	2.025643360416723837e+01	2.044616183050510472e+01	2.084112518021005300e+01	2.002985596629723730e+01	1.963064395199186407e+01	2.068446988949723320e+01	1.988066601485429175e+01	2.002828700795299355e+01	1.986017433256019160e+01	2.044852440914764102e+01	2.005568582743596551e+01	1.960261846879790681e+01	2.066633291075905987e+01	2.012289877555168616e+01	2.003428635913062905e+01	2.022480855149456502e+01	2.036138800744826582e+01	2.043808917286901661e+01	2.000067616545362981e+01	1.977642946409462965e+01	2.082206957857337315e+01	2.053255086259632733e+01	2.022482374624459922e+01	1.995357506831976124e+01	1.998707414577758001e+01	2.006627636947219173e+01	2.033736306270422745e+01	2.032183302692282467e+01	2.016543297562612480e+01	2.072600723843116910e+01	2.090768563955315074e+01	2.056770581304055057e+01	1.993932993733890768e+01	2.051480636332088991e+01	1.999354226382570232e+01	1.963603099117000994e+01	2.023436286081836144e+01	2.120204376922175271e+01	2.003125375803364960e+01
1.974518355548586968e+01	2.936483619102957832e+01	1.982905111064708237e+01	1.990414343584892620e+01	2.027915399737190683e+01	1.996230459161658644e+01	1.936685164598176812e+01	1.958062129110297889e+01	1.985304157725039076e+01	1.925135919763720693e+01	1.940445036839761173e+01	1.981551771425273145e+01	1.986572218998533401e+01	2.001654109552324456e+01	2.010489768177138004e+01	1.957988982562182656e+01	2.025541747797602454e+01	1.966698458407185868e+01	1.967657421239870175e+01	1.961479880423765465e+01	1.997688365912566510e+01	1.974871765177146088e+01	1.922471105859569107e+01	2.026425341572403838e+01	1.938421203677148696e+01	2.009861320690785647e+01	1.980395508605106158e+01	2.013710229358210668e+01	2.016680300039497453e+01	1.995998666259706056e+01	1.964675408537291545e+01	2.016378574742296692e+01	1.999509422943130943e+01	1.975878650508417422e+01	1.980964010720547819e+01	1.963746595714635390e+01	1.976810394178356134e+01	1.951213894870909016e+01	2.009144810835620731e+01	2.010519413157468449e+01	1.994092619226294971e+01	2.013817235670714823e+01	2.045104069879145570e+01	1.959099955784980907e+01	2.032861477920679150e+01	1.964338308675608147e+01	1.931402235477090912e+01	2.010851510579201573e+01	2.063377227512862788e+01	1.960241332533255942e+01
1.994224084173606215e+01	1.982905111064708237e+01	2.931077506112760034e+01	1.946840431551091655e+01	2.016964712183690978e+01	2.016507898353982142e+01	1.963299825968642054e+01	1.987611866088588641e+01	1.948391181829940777e+01	1.937068788771165018e+01	1.973353101489324857e+01	1.997642222385464805e+01	1.967008218213715764e+01	2.012325218105214120e+01	1.990016295718170980e+01	1.928375570408406148e+01	1.986529629759131410e+01	1.914786387925657607e+01	1.948391695575318394e+01	1.948209779725955215e+01	1.974386109653424981e+01	1.987232456718891171e+01	1.924259626125870426e+01	1.985426511873562561e+01	1.950714780969812878e+01	1.976282018531005491e+01	1.996790866624595040e+01	1.960276556993289887e+01	2.024932026155912723e+01	1.957489682410401954e+01	1.934988995131394063e+01	2.029439223391556268e+01	2.034635198730081740e+01	1.977934046980957206e+01	1.953119715493678754e+01	1.955934238058463492e+01	1.948088748764983791e+01	1.943762318749008955e+01	1.985289392432874322e+01	1.989690411613955234e+01	1.986230792382850652e+01	2.037881624058566032e+01	2.053495702644300991e+01	1.937311149797966436e+01	1.957126183100119121e+01	1.997377184598351363e+01	1.986645486553214113e+01	1.994045643061481954e+01	2.054932026297177217e+01	1.948266589028745344e+01
2.003999258720550358e+01	1.990414343584892620e+01	1.946840431551091655e+01	2.922400726617521727e+01	1.959184764404954748e+01	1.987482301901277637e+01	1.969521094480122514e+01	1.921703947579407057e+01	1.929926186577505831e+01	1.941036966784749040e+01	1.971790405448255967e+01	1.944157389568360372e+01	1.957671541413294136e+01	1.979321649214962164e+01	1.971660065797807704e+01	1.888447002463425051e+01	1.971518501375235743e+01	1.924182134981527170e+01	1.940322498005828677e+01	1.962554631217534862e+01	1.950222540639001068e+01	1.994843465403272376e+01	1.934366421370988220e+01	1.986149066256040641e+01	1.936226532919704724e+01	1.952411716446524892e+01	1.958333314320144325e+01	1.992249531106178395e+01	2.004378454262694831e+01	1.993318371718106974e+01	1.950533129247201813e+01	2.006248006024215869e+01	1.996200380016803777e+01	1.998561162056482132e+01	1.966655707670403430e+01	1.938496193753725905e+01	1.981167111123829017e+01	1.900200465754090118e+01	1.976404319871915050e+01	1.980087002494807535e+01	1.977758918627317186e+01	2.015835002023035827e+01	1.992035531299632467e+01	1.916527611822775867e+01	2.008705919442326504e+01	1.982874585672799128e+01	1.936462299868030357e+01	1.984062666329262115e+01	2.034225171407907240e+01	1.921111030220631122e+01
2.046897874440449883e+01	2.027915399737190683e+01	2.016964712183690978e+01	1.959184764404954748e+01	3.052183559970372428e+01	2.025566617896078014e+01	2.037801865552469138e+01	2.020305586258221808e+01	2.006469154359830043e+01	1.993400545269778590e+01	2.033159799899429743e+01	2.011514523860983417e+01	2.077925274862213456e+01	2.075731493925162496e+01	2.033374423191364144e+01	1.977731668522842767e+01	2.061321064826605820e+01	2.011063646445225217e+01	2.004486081285685017e+01	2.028508934456472801e+01	2.057708937705447383e+01	2.020847347515388392e+01	1.996037211647334075e+01	2.055079675133670847e+01	2.031020525449468650e+01	2.038490399204538406e+01	2.065980805081320781e+01	2.025064027317579729e+01	2.052817484044401652e+01	2.013615846035612122e+01	1.982671588437058574e+01	2.044925882132703165e+01	2.100918236278040752e+01	2.033612581375185613e+01	2.001718877334633717e+01	1.993642815516686184e+01	2.072386153718711199e+01	2.072591890559059991e+01	2.033187366537376661e+01	2.074273425271688254e+01	2.073000497735217706e+01	2.078874975047189722e+01	2.129439079381543465e+01	1.991182979163331268e+01	2.076690065283109732e+01	2.038577785926850083e+01	1.979157462439734516e+01	2.055714993991937689e+01	2.133441546483437889e+01	1.974836109455983291e+01
2.047810758815924359e+01	1.996230459161658644e+01	2.016507898353982142e+01	1.987482301901277637e+01	2.025566617896078014e+01	3.042856171932227483e+01	2.007077382945929145e+01	2.004462030745853340e+01	1.990557273315766196e+01	1.968255556340461965e+01	2.000511425881033389e+01	1.986423910791060266e+01	2.055377480608529694e+01	2.046641188242515241e+01	2.041515796557550644e+01	1.967745873981293769e+01	2.013185093598657360e+01	1.987286585960288576e+01	2.004913556875425584e+01	2.003351790186301429e+01	2.040196330299310290e+01	1.991839246559134224e+01	1.982062826097381247e+01	2.075598066971058131e+01	2.033439132535674432e+01	2.045964623466553789e+01	2.023916642946009858e+01	1.953575056815599353e+01	2.061863038054190866e+01	2.031018101673730669e+01	2.005983687496069479e+01	2.050706541413360640e+01	2.077110210866158369e+01	2.035883193174350225e+01	1.987575836818191277e+01	2.018148050338742650e+01	1.956886775727619820e+01	2.022438437525068622e+01	1.995628983352872510e+01	2.036595379149282437e+01	2.016863867102755137e+01	2.056183791425687701e+01	2.017909588882328720e+01	2.019033403609142852e+01	1.995680553568160676e+01	2.044884825932705752e+01	2.034053810136074603e+01	2.010493711146016693e+01	2.047299997519503023e+01	1.970763194982756872e+01
2.028043720722457977e+01	1.936685164598176812e+01	1.963299825968642054e+01	1.969521094480122514e+01	2.037801865552469138e+01	2.007077382945929145e+01	2.943622436759358507e+01	1.922489274120299285e+01	1.971330769121660609e+01	1.948283189501933776e+01	2.011239666314230945e+01	1.981488818310121758e+01	1.990919890677594140e+01	2.012311012585383807e+01	2.020900396493178874e+01	1.958340085295515820e+01	1.981257118513810767e+01	1.918712254717752330e+01	1.975064351315041478e+01	1.976753516440798109e+01	1.988336719609961278e+01	2.033662068498465558e+01	1.943795998747566500e+01	2.004218668517392032e+01	1.988996903874832611e+01	2.013672884115196027e+01	1.947858149568509134e+01	1.922321313367682549e+01	1.994978033197138245e+01	1.954794774242322219e+01	1.939136121053489603e+01	2.012782138819645184e+01	2.027976745465348074e+01	1.966022637481112056e+01	1.951422387717819618e+01	1.953948604788148913e+01	1.972409737869283930e+01	2.020731387556934777e+01	1.979425591148887520e+01	2.023725297489475849e+01	2.050042892517574700e+01	2.032760867780656255e+01	2.021039692490438000e+01	1.929092203053553334e+01	1.995260288656422887e+01	1.957431376347092566e+01	1.925840127764056575e+01	2.021896153043149624e+01	2.029916702373816406e+01	1.952385063588920744e+01
1.981683108084867229e+01	1.958062129110297889e+01	1.987611866088588641e+01	1.921703947579407057e+01	2.020305586258221808e+01	2.004462030745853340e+01	1.922489274120299285e+01	2.891221041050757634e+01	1.948188569734513820e+01	1.939455683643009465e+01	1.987485579362218147e+01	1.978260235059605421e+01	1.969309593822190152e+01	2.042417147104263719e+01	1.952102769625988543e+01	1.915958397017806192e+01	1.975369993909584565e+01	1.980268694546401775e+01	1.926011255047814785e+01	1.938119955341679201e+01	1.961255891371031268e+01	1.972154297084552255e+01	1.930686621574158934e+01	1.982026291706297982e+01	1.938754170581507097e+01	1.974689657424766054e+01	1.985742877538120865e+01	1.959538680476109462e+01	2.015276284286793285e+01	1.977133418035823809e+01	1.931061242612749851e+01	1.993007717416080382e+01	2.000352876854003270e+01	1.952439454961438869e+01	1.959192176739869140e+01	1.929804685539471620e+01	1.998451702940728225e+01	1.975749640825738496e+01	1.963849877541308331e+01	2.013879483699679795e+01	2.002075546402530648e+01	2.002001411981569845e+01	2.034515001674306234e+01	1.957846067386874722e+01	1.990541039339871787e+01	1.957036626760947584e+01	1.947301097924819402e+01	1.968676743169876175e+01	2.048385065252189818e+01	1.923597999982766993e+01
1.982923505582291313e+01	1.985304157725039076e+01	1.948391181829940777e+01	1.929926186577505831e+01	2.006469154359830043e+01	1.990557273315766196e+01	1.971330769121660609e+01	1.948188569734513820e+01	2.984092082508831467e+01	1.920662981337085284e+01	1.987417658523767372e+01	1.941512936841330017e+01	1.976952170859495084e+01	2.001739127318848688e+01	1.961669882879514404e+01	1.922989120836984611e+01	2.001769264267142390e+01	1.969148250082018592e+01	1.950590515325342622e+01	1.969794542966532447e+01	1.996336131211440446e+01	1.968102218061369868e+01	1.970094838986672059e+01	2.001396938023708927e+01	1.985708171186826121e+01	1.972911447037896338e+01	2.016718677508032442e+01	1.992160486069972691e+01	1.998922622415329542e+01	1.968162681951201165e+01	1.967517419135244694e+01	2.054399381954608828e+01	1.994403928831154715e+01	1.955110821852191094e+01	1.967748573023554570e+01	1.952180921131474634e+01	1.975026865287654587e+01	1.969003757276560407e+01	2.016987654309752642e+01	2.018110529435300649e+01	2.007647482726069654e+01	2.040147949336873268e+01	2.040994081315117725e+01	1.974278484144666379e+01	2.026677850935844560e+01	1.991293120392292693e+01	1.952673290215453505e+01	1.991343616501160341e+01	2.027930965361378668e+01	1.936268900318019348e+01
1.934346318924212582e+01	1.925135919763720693e+01	1.937068788771165018e+01	1.941036966784749040e+01	1.993400545269778590e+01	1.968255556340461965e+01	1.948283189501933776e+01	1.939455683643009465e+01	1.920662981337085284e+01	2.905140371977878644e+01	1.918953398384408970e+01	1.943390758732949308e+01	1.964354558757503710e+01	2.017714127039029037e+01	1.952063221265942872e+01	1.905914883850778452e+01	1.961423289576642404e+01	1.956166807010187014e+01	1.918695153358678951e+01	1.904137950365111109e+01	1.902357574918917038e+01	1.951443877792763004e+01	1.921818424285495652e+01	2.017360054953161708e+01	1.955411291117361472e+01	1.958268426433900444e+01	1.934435506430668283e+01	1.926537864686602219e+01	2.037157521088231249e+01	1.940928745800269084e+01	1.917647524353152733e+01	1.985350217313263954e+01	1.994422922722285918e+01	1.968960107813702365e+01	1.933946944370179111e+01	1.922863751972220214e+01	1.968033808144696195e+01	1.981993516018032864e+01	1.963720568283887502e+01	1.981574501488743678e+01	1.996614355569783683e+01	2.025631321985871480e+01	1.994042491575793363e+01	1.962250501314214546e+01	1.967693745906874270e+01	1.952057448729490829e+01	1.950841486564344507e+01	1.970691290634996307e+01	1.999794696709108166e+01	1.950896671721836739e+01
2.044809295156643714e+01	1.940445036839761173e+01	1.973353101489324857e+01	1.971790405448255967e+01	2.033159799899429743e+01	2.000511425881033389e+01	2.011239666314230945e+01	1.987485579362218147e+01	1.987417658523767372e+01	1.918953398384408970e+01	2.984983045109721900e+01	1.991953887702650405e+01	2.062119359835721966e+01	2.025622492003488162e+01	2.062069202402406631e+01	1.942432688119107453e+01	2.029053472112097012e+01	1.982035246329590805e+01	1.956561798795818063e+01	1.981585725306425871e+01	2.015052678315268864e+01	2.040178813876760344e+01	1.985414702725083558e+01	2.033172933336052424e+01	2.005512275623446072e+01	2.060600279380246747e+01	2.028639513490364976e+01	1.982221364250632689e+01	2.049688084220870365e+01	2.022142444843412790e+01	1.952115158701103681e+01	2.038922966011270077e+01	2.052842097459437198e+01	2.011470937385119129e+01	2.005956163284916727e+01	1.978302771627739531e+01	1.974797978356736650e+01	2.024439354668570701e+01	2.011546812192406009e+01	2.021345543166719239e+01	2.039993485721338473e+01	2.048456482777843846e+01	2.093483148287912954e+01	1.975951389716202655e+01	2.003275420964965292e+01	2.010253782380740262e+01	2.015367923583005449e+01	2.034485603186406877e+01	2.068085918035016491e+01	1.973585700148802502e+01
2.025643360416723837e+01	1.981551771425273145e+01	1.997642222385464805e+01	1.944157389568360372e+01	2.011514523860983417e+01	1.986423910791060266e+01	1.981488818310121758e+01	1.978260235059605421e+01	1.941512936841330017e+01	1.943390758732949308e+01	1.991953887702650405e+01	2.909055868525911137e+01	1.988507873352242683e+01	2.013086765282831792e+01	2.029819081778603973e+01	1.918372205339880665e+01	1.990329481946185197e+01	1.960350970380946478e+01	1.967508695900678717e+01	1.961951738842887494e+01	1.941464853552329828e+01	2.003786710294929563e+01	1.974126296068597952e+01	2.006854811871168920e+01	1.973735905486277886e+01	1.974545424883350009e+01	1.955562160384596382e+01	1.989074389104765572e+01	2.019172282886396630e+01	1.973050479416986036e+01	1.920901425181626720e+01	2.006975782377327988e+01	2.028361484171853490e+01	1.992018179555535795e+01	1.960317239348875518e+01	1.968319156600539799e+01	1.955808505069053282e+01	1.965434880206867163e+01	1.986270466687454217e+01	1.950970511490688253e+01	1.981475601659696650e+01	2.029165378501171801e+01	2.048448431663301150e+01	1.992632114225553153e+01	1.987721327481705558e+01	1.977477754015811939e+01	1.946944661529878928e+01	1.971606725648940284e+01	2.047626295871056357e+01	1.944695015466620802e+01
2.044616183050510472e+01	1.986572218998533401e+01	1.967008218213715764e+01	1.957671541413294136e+01	2.077925274862213456e+01	2.055377480608529694e+01	1.990919890677594140e+01	1.969309593822190152e+01	1.976952170859495084e+01	1.964354558757503710e+01	2.062119359835721966e+01	1.988507873352242683e+01	3.026959526508589704e+01	2.024435066779767212e+01	2.037373640162462252e+01	1.988718486545334940e+01	2.029899714194116456e+01	2.004966342201684881e+01	1.954712476299137691e+01	1.980113947077212089e+01	2.000534656439903358e+01	2.032937750892798334e+01	1.954735400619072649e+01	2.084259508225504121e+01	2.015253926057059175e+01	2.013427813330147842e+01	2.016695098558676591e+01	1.999416386803370216e+01	2.046907247478995728e+01	1.992582652408076171e+01	1.989174009376956320e+01	2.040708662397976880e+01	2.046897731912607554e+01	2.016247463065793610e+01	2.001958283090731783e+01	1.989021358963640651e+01	1.985737792998912354e+01	1.975394774138074183e+01	2.009617859948643570e+01	2.063958856008114040e+01	2.039925014606393816e+01	2.083401893602545130e+01	2.056231912473690571e+01	1.995898791749660006e+01	2.054468243606483924e+01	2.013506610870869906e+01	2.019604032708117813e+01	2.046215110059513265e+01	2.120979588504377489e+01	1.982605134741803354e+01
2.084112518021005300e+01	2.001654109552324456e+01	2.012325218105214120e+01	1.979321649214962164e+01	2.075731493925162496e+01	2.046641188242515241e+01	2.012311012585383807e+01	2.042417147104263719e+01	2.001739127318848688e+01	2.017714127039029037e+01	2.025622492003488162e+01	2.013086765282831792e+01	2.024435066779767212e+01	3.060767104536224181e+01	2.058005946687667276e+01	1.968952798093309653e+01	2.008628597858406195e+01	2.000352010412478521e+01	2.032607343285268087e+01	1.995058664297106432e+01	2.019401306999501955e+01	2.049053682291879497e+01	1.995690920838049109e+01	2.049088139536750930e+01	2.024613612213457969e+01	2.063517077094842023e+01	1.998444510936671747e+01	2.007036834258707358e+01	2.068892114139758576e+01	1.999653419899444629e+01	1.959821621112654100e+01	2.069780095460330571e+01	2.075051481416240406e+01	2.045059296694085305e+01	2.014316576579243900e+01	1.984390795330975621e+01	1.995526903764866944e+01	2.010565158282327047e+01	2.035783431447926262e+01	2.034135143721733741e+01	2.061839649585742151e+01	2.073740305656165006e+01	2.084956627813075514e+01	2.019688994592543096e+01	2.014699454876272355e+01	2.027001272806607091e+01	1.988570042375290114e+01	2.035145820875024114e+01	2.142113287468857763e+01	1.937503134780521208e+01
2.002985596629723730e+01	2.010489768177138004e+01	1.990016295718170980e+01	1.971660065797807704e+01	2.033374423191364144e+01	2.041515796557550644e+01	2.020900396493178874e+01	1.952102769625988543e+01	1.961669882879514404e+01	1.952063221265942872e+01	2.062069202402406631e+01	2.029819081778603973e+01	2.037373640162462252e+01	2.058005946687667276e+01	2.997612873326291094e+01	2.019930705944211624e+01	2.022359243612950053e+01	1.973192774298244245e+01	2.015228143435660968e+01	2.022705992435840017e+01	2.014491312546816459e+01	2.030805593063784542e+01	1.968881834066233338e+01	2.056505821954152324e+01	2.010634608972008053e+01	2.018625569774033934e+01	2.016834412892782069e+01	1.982182858897478184e+01	2.023124273546813612e+01	1.995426376566570426e+01	2.020072808778965978e+01	2.040543113737158976e+01	2.074536071321418618e+01	2.024019689806306133e+01	2.016425781085333213e+01	1.974973035365595564e+01	1.969414631840317398e+01	2.011258107770945358e+01	1.988423671757057676e+01	2.043077041981947417e+01	2.035193461085281186e+01	2.103109791666924266e+01	2.039485777513978704e+01	1.955845438069464137e+01	2.025144372354128564e+01	2.039746873483640144e+01	1.994870844689475575e+01	2.022289059137720457e+01	2.088392860956226116e+01	1.958765437706369639e+01
1.963064395199186407e+01	1.957988982562182656e+01	1.928375570408406148e+01	1.888447002463425051e+01	1.977731668522842767e+01	1.967745873981293769e+01	1.958340085295515820e+01	1.915958397017806192e+01	1.922989120836984611e+01	1.905914883850778452e+01	1.942432688119107453e+01	1.918372205339880665e+01	1.988718486545334940e+01	1.968952798093309653e+01	2.019930705944211624e+01	2.896931773138701516e+01	1.943848800873195160e+01	1.943392461418466155e+01	1.927490345747960987e+01	1.994753290253453670e+01	1.954397751390797922e+01	1.947733718737004338e+01	1.914431417235763888e+01	1.970164498683296728e+01	1.961106365256767603e+01	1.966168215093585658e+01	1.952066477404625644e+01	1.918597845241613342e+01	2.015965848807345395e+01	1.965468479629713627e+01	1.909928625221756349e+01	1.980045161436904522e+01	2.001379588132400755e+01	1.937894404759607170e+01	1.945812255881410024e+01	1.929932147665991238e+01	1.949743625326138030e+01	1.968729155131409314e+01	1.946955315067416947e+01	1.954637634910267963e+01	1.972547839555054594e+01	1.991505016150038898e+01	2.010848061967843137e+01	1.922680347548605084e+01	1.977973235373998406e+01	1.956057014786796699e+01	1.921038822435644278e+01	1.988884948309262413e+01	2.002615071433233496e+01	1.958275686987552433e+01
2.068446988949723320e+01	2.025541747797602454e+01	1.986529629759131410e+01	1.971518501375235743e+01	2.061321064826605820e+01	2.013185093598657360e+01	1.981257118513810767e+01	1.975369993909584565e+01	2.001769264267142390e+01	1.961423289576642404e+01	2.029053472112097012e+01	1.990329481946185197e+01	2.029899714194116456e+01	2.008628597858406195e+01	2.022359243612950053e+01	1.943848800873195160e+01	3.006043987430046016e+01	1.986638153090449066e+01	2.002115325318320416e+01	2.000326718920448954e+01	1.974675856725303902e+01	1.976339515464789542e+01	1.978860015919800475e+01	2.069265146140363498e+01	2.066205501355646845e+01	2.030856641407661556e+01	2.008572020084037391e+01	2.009254740410784024e+01	2.042294989762493529e+01	1.999327999171148917e+01	1.980772888580681368e+01	2.047340104553654783e+01	2.054216218821161632e+01	2.032248078155605597e+01	1.998509886509111766e+01	1.991743570777641992e+01	1.990218187796964244e+01	1.996194812409072128e+01	2.008731633220635970e+01	2.029939778700332909e+01	2.029034177219164903e+01	2.072558107103133196e+01	2.066205504735486542e+01	1.966863901464607878e+01	2.014606102309376467e+01	2.020312436669198064e+01	2.008882068271509880e+01	2.040411148584388457e+01	2.057717035999431943e+01	1.980840827170140628e+01
1.988066601485429175e+01	1.966698458407185868e+01	1.914786387925657607e+01	1.924182134981527170e+01	2.011063646445225217e+01	1.987286585960288576e+01	1.918712254717752330e+01	1.980268694546401775e+01	1.969148250082018592e+01	1.956166807010187014e+01	1.982035246329590805e+01	1.960350970380946478e+01	2.004966342201684881e+01	2.000352010412478521e+01	1.973192774298244245e+01	1.943392461418466155e+01	1.986638153090449066e+01	3.010241206888458976e+01	2.000530820713940372e+01	1.992561353377675459e+01	1.999386911125407806e+01	1.973912834941911854e+01	1.950673417662659048e+01	1.973597575255772441e+01	1.975598828351861513e+01	1.948913790014028891e+01	1.988601547588183038e+01	1.961953325752775967e+01	2.022952826976631968e+01	1.963867664257519152e+01	1.957451356432030565e+01	2.030802409027370459e+01	2.002655134201554432e+01	1.956389515573808779e+01	1.948205652286130984e+01	1.950752310275943557e+01	1.987445687681995565e+01	1.976243574197410879e+01	1.981407149468146400e+01	1.950897628420945651e+01	2.016604431489556859e+01	1.989595110346422757e+01	2.061795493577871952e+01	1.997634703883320384e+01	2.019373541268006633e+01	2.000486808909672121e+01	1.941689131948041691e+01	1.958177843273096386e+01	2.055892314355042672e+01	1.936180071743426012e+01
2.002828700795299355e+01	1.967657421239870175e+01	1.948391695575318394e+01	1.940322498005828677e+01	2.004486081285685017e+01	2.004913556875425584e+01	1.975064351315041478e+01	1.926011255047814785e+01	1.950590515325342622e+01	1.918695153358678951e+01	1.956561798795818063e+01	1.967508695900678717e+01	1.954712476299137691e+01	2.032607343285268087e+01	2.015228143435660968e+01	1.927490345747960987e+01	2.002115325318320416e+01	2.000530820713940372e+01	2.948321089936560924e+01	1.980691656108254506e+01	1.987400707679496747e+01	1.964016697032420211e+01	1.959124768752725387e+01	2.043344388239878029e+01	1.990949365322439490e+01	2.024669814301823934e+01	2.005826516935212211e+01	1.966558240484148001e+01	2.012693223057671688e+01	1.979916312215878449e+01	1.977363023757832750e+01	1.999848486807217540e+01	2.029057826552395483e+01	1.981274184006322159e+01	1.996080358368907781e+01	1.991587137156977505e+01	1.978686504716210948e+01	1.997422582445994621e+01	1.978892874717053729e+01	2.028938709201831614e+01	2.012027316637297147e+01	2.046772305228065392e+01	2.038399118947157618e+01	1.969886918447758006e+01	1.999971859537207663e+01	2.005902888471477397e+01	1.945673686630368948e+01	1.997156887628284494e+01	2.048367478013955534e+01	1.957976165947689751e+01
1.986017433256019160e+01	1.961479880423765465e+01	1.948209779725955215e+01	1.962554631217534862e+01	2.028508934456472801e+01	2.003351790186301429e+01	1.976753516440798109e+01	1.938119955341679201e+01	1.969794542966532447e+01	1.904137950365111109e+01	1.981585725306425871e+01	1.961951738842887494e+01	1.980113947077212089e+01	1.995058664297106432e+01	2.022705992435840017e+01	1.994753290253453670e+01	2.000326718920448954e+01	1.992561353377675459e+01	1.980691656108254506e+01	2.891109436432364532e+01	2.010238346851253510e+01	2.014625872106109483e+01	1.926220994101714723e+01	2.046457190855942088e+01	2.024144719296381822e+01	2.008701250581113129e+01	2.026908882204133988e+01	1.985270988841491402e+01	2.058170913614904762e+01	1.983293610910716964e+01	1.947347453691627095e+01	2.014485073036738072e+01	2.050307963043396597e+01	1.966080684644728294e+01	1.963740255430663950e+01	1.954950144983951787e+01	1.970236745699069658e+01	1.966426985921771475e+01	1.973323876103400565e+01	1.996759988780191719e+01	2.029878823129531185e+01	2.038299968647803695e+01	2.015676982565789288e+01	1.950220193775374256e+01	2.002676922078790511e+01	2.000294537226606195e+01	1.942036998376566714e+01	1.993513838003437044e+01	2.037249568774710440e+01	1.950127700559865929e+01
2.044852440914764102e+01	1.997688365912566510e+01	1.974386109653424981e+01	1.950222540639001068e+01	2.057708937705447383e+01	2.040196330299310290e+01	1.988336719609961278e+01	1.961255891371031268e+01	1.996336131211440446e+01	1.902357574918917038e+01	2.015052678315268864e+01	1.941464853552329828e+01	2.000534656439903358e+01	2.019401306999501955e+01	2.014491312546816459e+01	1.954397751390797922e+01	1.974675856725303902e+01	1.999386911125407806e+01	1.987400707679496747e+01	2.010238346851253510e+01	2.938586032029929029e+01	2.017745601498192798e+01	1.963159962639712219e+01	2.014408476947900084e+01	1.990802131087926696e+01	2.008717182502621057e+01	2.022049513726939196e+01	1.957681682495703868e+01	2.089265556891813702e+01	2.019313754188476295e+01	1.993828497045918624e+01	2.042550915437881187e+01	2.032771824768125768e+01	1.973137952497047110e+01	1.979092853133657570e+01	1.966268947153427149e+01	1.954871280983381610e+01	1.965400489177496368e+01	1.980273685486753976e+01	2.034226390974690091e+01	2.041106561890150672e+01	2.037978112283030541e+01	2.064926140400824650e+01	1.977985240956978075e+01	2.032018729276784796e+01	1.989128839107133473e+01	1.948610845801057323e+01	2.011008827640488050e+01	2.071678009640863749e+01	1.993781354208531553e+01
2.005568582743596551e+01	1.974871765177146088e+01	1.987232456718891171e+01	1.994843465403272376e+01	2.020847347515388392e+01	1.991839246559134224e+01	2.033662068498465558e+01	1.972154297084552255e+01	1.968102218061369868e+01	1.951443877792763004e+01	2.040178813876760344e+01	2.003786710294929563e+01	2.032937750892798334e+01	2.049053682291879497e+01	2.030805593063784542e+01	1.947733718737004338e+01	1.976339515464789542e+01	1.973912834941911854e+01	1.964016697032420211e+01	2.014625872106109483e+01	2.017745601498192798e+01	3.037734062625755271e+01	1.981164391577376449e+01	2.020935006476590701e+01	2.007488139003125838e+01	2.021682005466272614e+01	2.019433235762794965e+01	1.982417295235586607e+01	2.073950973270831000e+01	2.018308188186444241e+01	1.979410248610350109e+01	2.052689745562366497e+01	2.042815290727059363e+01	2.000229964555769158e+01	1.945610284560969916e+01	1.927859769528479816e+01	1.992634411469516209e+01	2.025268890662232835e+01	1.988645382926532790e+01	2.028566608776505475e+01	2.060473452545967987e+01	2.029860959961567346e+01	2.068753646543797231e+01	1.995469696163103990e+01	2.039923851647770903e+01	2.049233175896191028e+01	1.989227507875454393e+01	1.988530687194947433e+01	2.046051180781647716e+01	1.965840190111580199e+01
1.960261846879790681e+01	1.922471105859569107e+01	1.924259626125870426e+01	1.934366421370988220e+01	1.996037211647334075e+01	1.982062826097381247e+01	1.943795998747566500e+01	1.930686621574158934e+01	1.970094838986672059e+01	1.921818424285495652e+01	1.985414702725083558e+01	1.974126296068597952e+01	1.954735400619072649e+01	1.995690920838049109e+01	1.968881834066233338e+01	1.914431417235763888e+01	1.978860015919800475e+01	1.950673417662659048e+01	1.959124768752725387e+01	1.926220994101714723e+01	1.963159962639712219e+01	1.981164391577376449e+01	2.931211010386372351e+01	1.982980179109183894e+01	1.955053110728676558e+01	1.970345835571122706e+01	1.950019044322518980e+01	1.986030662872369135e+01	1.996079266660167306e+01	1.950356751236613562e+01	1.898592331279256129e+01	2.009463746203148560e+01	2.002947682627168646e+01	1.969494837728406367e+01	1.937270590670754444e+01	1.944465877246338081e+01	1.992078580763145723e+01	1.934122679345003348e+01	1.985255065100441385e+01	1.949585973977165310e+01	2.002373254731863739e+01	2.017949719149986265e+01	2.032938013510200648e+01	1.946962800836246288e+01	1.992365486965685051e+01	1.971142075343018618e+01	1.929271561574725879e+01	2.012760962938449083e+01	2.013532729951944233e+01	1.920443669924686603e+01
2.066633291075905987e+01	2.026425341572403838e+01	1.985426511873562561e+01	1.986149066256040641e+01	2.055079675133670847e+01	2.075598066971058131e+01	2.004218668517392032e+01	1.982026291706297982e+01	2.001396938023708927e+01	2.017360054953161708e+01	2.033172933336052424e+01	2.006854811871168920e+01	2.084259508225504121e+01	2.049088139536750930e+01	2.056505821954152324e+01	1.970164498683296728e+01	2.069265146140363498e+01	1.973597575255772441e+01	2.043344388239878029e+01	2.046457190855942088e+01	2.014408476947900084e+01	2.020935006476590701e+01	1.982980179109183894e+01	3.045596537709398888e+01	2.065625669044331048e+01	2.079679115846758819e+01	2.038199915426678999e+01	2.033904230203623698e+01	2.069321184901393451e+01	2.050610448419913467e+01	2.013990564540643291e+01	2.027177320894077539e+01	2.078488850356627893e+01	2.018145999683698122e+01	2.032273628800239607e+01	2.016688049186848275e+01	2.034352019530690114e+01	2.005706223396582644e+01	2.025739507526073169e+01	2.066502756140996055e+01	2.059871495567494293e+01	2.090750993143420899e+01	2.100895880528903348e+01	2.020647474953343092e+01	2.040822310157131270e+01	2.073140316831212004e+01	2.010397996200574511e+01	2.077173947266818388e+01	2.151172605443792918e+01	1.985598564618552331e+01
2.012289877555168616e+01	1.938421203677148696e+01	1.950714780969812878e+01	1.936226532919704724e+01	2.031020525449468650e+01	2.033439132535674432e+01	1.988996903874832611e+01	1.938754170581507097e+01	1.985708171186826121e+01	1.955411291117361472e+01	2.005512275623446072e+01	1.973735905486277886e+01	2.015253926057059175e+01	2.024613612213457969e+01	2.010634608972008053e+01	1.961106365256767603e+01	2.066205501355646845e+01	1.975598828351861513e+01	1.990949365322439490e+01	2.024144719296381822e+01	1.990802131087926696e+01	2.007488139003125838e+01	1.955053110728676558e+01	2.065625669044331048e+01	3.025756209650458572e+01	2.044879617241747027e+01	1.980594842429099600e+01	1.957563815792768125e+01	2.060766912194975120e+01	1.960709457927839594e+01	1.981455604207580734e+01	2.035237963693085916e+01	2.051048423251128483e+01	1.993576074857893587e+01	1.988980660368484266e+01	2.004336148491292136e+01	1.995921295692378905e+01	1.992239067029675326e+01	1.996479837363303034e+01	2.035139415847037370e+01	2.019033429606467678e+01	2.069398087650914420e+01	2.068760589698259977e+01	1.961854020313438340e+01	2.001492832957649526e+01	1.994021749580440073e+01	1.976982867022944390e+01	1.996442109290257960e+01	2.074278480714594508e+01	1.974133837642134637e+01
2.003428635913062905e+01	2.009861320690785647e+01	1.976282018531005491e+01	1.952411716446524892e+01	2.038490399204538406e+01	2.045964623466553789e+01	2.013672884115196027e+01	1.974689657424766054e+01	1.972911447037896338e+01	1.958268426433900444e+01	2.060600279380246747e+01	1.974545424883350009e+01	2.013427813330147842e+01	2.063517077094842023e+01	2.018625569774033934e+01	1.966168215093585658e+01	2.030856641407661556e+01	1.948913790014028891e+01	2.024669814301823934e+01	2.008701250581113129e+01	2.008717182502621057e+01	2.021682005466272614e+01	1.970345835571122706e+01	2.079679115846758819e+01	2.044879617241747027e+01	2.998425723705716806e+01	1.985262615122703878e+01	1.988032984922393354e+01	2.060312085376288493e+01	2.014878913219486734e+01	2.007867674932074920e+01	2.031335061709211942e+01	2.013273804789417554e+01	2.026220732273817404e+01	1.994993669587851670e+01	1.974099303145387552e+01	1.968141284360821786e+01	1.987353574909164777e+01	2.021529007442526904e+01	2.008764737534212586e+01	2.042514083542577552e+01	2.082044968535690899e+01	2.073926073173973705e+01	1.980557572751138196e+01	2.084569593921588648e+01	2.016885834172429171e+01	1.990158525501558628e+01	2.048633986216581349e+01	2.061176907842011374e+01	1.968224561895083013e+01
2.022480855149456502e+01	1.980395508605106158e+01	1.996790866624595040e+01	1.958333314320144325e+01	2.065980805081320781e+01	2.023916642946009858e+01	1.947858149568509134e+01	1.985742877538120865e+01	2.016718677508032442e+01	1.934435506430668283e+01	2.028639513490364976e+01	1.955562160384596382e+01	2.016695098558676591e+01	1.998444510936671747e+01	2.016834412892782069e+01	1.952066477404625644e+01	2.008572020084037391e+01	1.988601547588183038e+01	2.005826516935212211e+01	2.026908882204133988e+01	2.022049513726939196e+01	2.019433235762794965e+01	1.950019044322518980e+01	2.038199915426678999e+01	1.980594842429099600e+01	1.985262615122703878e+01	3.009439050276644423e+01	1.976500037685072897e+01	2.053813301577834949e+01	2.007443989186055333e+01	1.984221313835524114e+01	2.046163594298292310e+01	2.021664348452143756e+01	2.016456089633608073e+01	1.964570052543744794e+01	1.917381323205059118e+01	2.000048499115989031e+01	2.020857690867287104e+01	2.016810548712925666e+01	2.025730199879936322e+01	1.999508846337555212e+01	2.044153062214764560e+01	2.072908578882092456e+01	1.987093373079107295e+01	2.014803499125939723e+01	2.027445879811775242e+01	1.928159438976952700e+01	2.013146429188013542e+01	2.039746442024530637e+01	1.948293438162454194e+01
2.036138800744826582e+01	2.013710229358210668e+01	1.960276556993289887e+01	1.992249531106178395e+01	2.025064027317579729e+01	1.953575056815599353e+01	1.922321313367682549e+01	1.959538680476109462e+01	1.992160486069972691e+01	1.926537864686602219e+01	1.982221364250632689e+01	1.989074389104765572e+01	1.999416386803370216e+01	2.007036834258707358e+01	1.982182858897478184e+01	1.918597845241613342e+01	2.009254740410784024e+01	1.961953325752775967e+01	1.966558240484148001e+01	1.985270988841491402e+01	1.957681682495703868e+01	1.982417295235586607e+01	1.986030662872369135e+01	2.033904230203623698e+01	1.957563815792768125e+01	1.988032984922393354e+01	1.976500037685072897e+01	2.950444669116414431e+01	2.068294227704230082e+01	1.945668751232863158e+01	1.931234656867875898e+01	2.023651005340045117e+01	2.038811096733665096e+01	1.986892812936400077e+01	1.955157928039573534e+01	1.954997488758091251e+01	2.000523397191431840e+01	1.983196200407559928e+01	1.985868511000976611e+01	1.994806733173796331e+01	2.001402628331768696e+01	2.025632925809480511e+01	2.020042244519284225e+01	1.944711923618824301e+01	2.006286846464979945e+01	1.984684801459465930e+01	1.914833894787601309e+01	2.016252689211794902e+01	2.040684954844527255e+01	1.935176937203934955e+01
2.043808917286901661e+01	2.016680300039497453e+01	2.024932026155912723e+01	2.004378454262694831e+01	2.052817484044401652e+01	2.061863038054190866e+01	1.994978033197138245e+01	2.015276284286793285e+01	1.998922622415329542e+01	2.037157521088231249e+01	2.049688084220870365e+01	2.019172282886396630e+01	2.046907247478995728e+01	2.068892114139758576e+01	2.023124273546813612e+01	2.015965848807345395e+01	2.042294989762493529e+01	2.022952826976631968e+01	2.012693223057671688e+01	2.058170913614904762e+01	2.089265556891813702e+01	2.073950973270831000e+01	1.996079266660167306e+01	2.069321184901393451e+01	2.060766912194975120e+01	2.060312085376288493e+01	2.053813301577834949e+01	2.068294227704230082e+01	3.124592951798785379e+01	2.013078221731121431e+01	2.030640754135042414e+01	2.095674300191836181e+01	2.098725867930211209e+01	2.022361949978667184e+01	2.034015469095943729e+01	1.992780412377596733e+01	2.047087999208945419e+01	2.036174730196182736e+01	2.053090492809686651e+01	2.041749746900012852e+01	2.081097170068488822e+01	2.087674774357460805e+01	2.117832566685295603e+01	2.052258073177314301e+01	2.071034940030428828e+01	2.070404434951320383e+01	2.020180442633668250e+01	2.046148141904944495e+01	2.099736006523197673e+01	2.006749856503074625e+01
2.000067616545362981e+01	1.995998666259706056e+01	1.957489682410401954e+01	1.993318371718106974e+01	2.013615846035612122e+01	2.031018101673730669e+01	1.954794774242322219e+01	1.977133418035823809e+01	1.968162681951201165e+01	1.940928745800269084e+01	2.022142444843412790e+01	1.973050479416986036e+01	1.992582652408076171e+01	1.999653419899444629e+01	1.995426376566570426e+01	1.965468479629713627e+01	1.999327999171148917e+01	1.963867664257519152e+01	1.979916312215878449e+01	1.983293610910716964e+01	2.019313754188476295e+01	2.018308188186444241e+01	1.950356751236613562e+01	2.050610448419913467e+01	1.960709457927839594e+01	2.014878913219486734e+01	2.007443989186055333e+01	1.945668751232863158e+01	2.013078221731121431e+01	3.007844856036196646e+01	1.970354674260358507e+01	2.010627578596333720e+01	2.035208526654984951e+01	1.982837673744035101e+01	2.036039521018967591e+01	1.957809491092426413e+01	2.007892573139638870e+01	2.006022828626253940e+01	1.996569422409635308e+01	2.016985182659972153e+01	2.055311208221824870e+01	2.044362530795623556e+01	2.045839147804704794e+01	1.981832225540525982e+01	2.050167460855150381e+01	1.970857432860901071e+01	1.952155790940208036e+01	2.003427966151216211e+01	2.085948643251155588e+01	1.973121294372548462e+01
1.977642946409462965e+01	1.964675408537291545e+01	1.934988995131394063e+01	1.950533129247201813e+01	1.982671588437058574e+01	2.005983687496069479e+01	1.939136121053489603e+01	1.931061242612749851e+01	1.967517419135244694e+01	1.917647524353152733e+01	1.952115158701103681e+01	1.920901425181626720e+01	1.989174009376956320e+01	1.959821621112654100e+01	2.020072808778965978e+01	1.909928625221756349e+01	1.980772888580681368e+01	1.957451356432030565e+01	1.977363023757832750e+01	1.947347453691627095e+01	1.993828497045918624e+01	1.979410248610350109e+01	1.898592331279256129e+01	2.013990564540643291e+01	1.981455604207580734e+01	2.007867674932074920e+01	1.984221313835524114e+01	1.931234656867875898e+01	2.030640754135042414e+01	1.970354674260358507e+01	2.946284489811945662e+01	2.030666682394241462e+01	1.951909315662835098e+01	1.973050710260922713e+01	1.981636464552022758e+01	1.990381664899691572e+01	1.961037051048236535e+01	1.965178485878281833e+01	1.999401231830333359e+01	1.998789702312683048e+01	2.020917837125978522e+01	2.021788445972975268e+01	2.050515701775410449e+01	1.933046015229112413e+01	1.971340817229091513e+01	1.980611124462017969e+01	1.930016587011727580e+01	1.995203800008334838e+01	2.049168560875166989e+01	1.877280119356585431e+01
2.082206957857337315e+01	2.016378574742296692e+01	2.029439223391556268e+01	2.006248006024215869e+01	2.044925882132703165e+01	2.050706541413360640e+01	2.012782138819645184e+01	1.993007717416080382e+01	2.054399381954608828e+01	1.985350217313263954e+01	2.038922966011270077e+01	2.006975782377327988e+01	2.040708662397976880e+01	2.069780095460330571e+01	2.040543113737158976e+01	1.980045161436904522e+01	2.047340104553654783e+01	2.030802409027370459e+01	1.999848486807217540e+01	2.014485073036738072e+01	2.042550915437881187e+01	2.052689745562366497e+01	2.009463746203148560e+01	2.027177320894077539e+01	2.035237963693085916e+01	2.031335061709211942e+01	2.046163594298292310e+01	2.023651005340045117e+01	2.095674300191836181e+01	2.010627578596333720e+01	2.030666682394241462e+01	3.007359451720816068e+01	2.049816824341672472e+01	2.036020170332923840e+01	1.961429479639131657e+01	1.996335328744459758e+01	2.018184727583189186e+01	2.036872881663848744e+01	2.041766701181985155e+01	2.037996463002331282e+01	2.028614523737473263e+01	2.073967666144213950e+01	2.082919352845820171e+01	2.017370063810942327e+01	2.043822633337911299e+01	2.028554311354286099e+01	1.974518592591949684e+01	2.047217646727273888e+01	2.114106594584296062e+01	1.993617579529417938e+01
