2.934631370200673217e+01	1.958331567184843891e+01	1.970780440982195358e+01	1.945898469476507842e+01	1.962056827917262325e+01	1.997451389988033199e+01	1.982926273403231221e+01	1.946232672956149656e+01	1.906193863476872252e+01	1.925058324355857664e+01	1.988074215456066085e+01	1.968155217452905958e+01	1.991666629489605711e+01	1.939855357013064108e+01	1.882164540075492809e+01	1.972659995978469638e+01	1.916759993000114903e+01	1.922863675791617766e+01	2.009639996682134822e+01	1.925969134137966776e+01	1.903650614175732159e+01	1.927700496890998849e+01	1.977207135609615918e+01	2.021970692268827818e+01	2.015571565113534547e+01	1.936670272849051599e+01	1.958757680225080122e+01	1.905792367339892479e+01	1.997067295966175493e+01	1.987344047921040513e+01	1.949882765309471822e+01	1.964932980841547305e+01	1.963375441294667922e+01	1.972534945816958896e+01	2.039566043075607737e+01	2.002039274586032036e+01	1.932960845097780123e+01	1.929286178939710439e+01	1.940693232597583773e+01	1.966326047521467757e+01	1.919301013989138127e+01	1.952281057834802525e+01	1.974855325597879130e+01	1.998801016234587635e+01	1.947690432681110195e+01	1.952319899216947618e+01	1.925419536467678938e+01	1.932857403722215395e+01	1.964633975631744889e+01	1.964802616259047952e+01
1.958331567184843891e+01	2.990599176259762970e+01	1.994278012037102954e+01	2.003603603594283911e+01	2.038198199793750476e+01	2.015412852401766131e+01	2.057736515045851888e+01	1.971532306059427597e+01	1.944835125190918745e+01	1.972502133752449893e+01	2.044836017991646671e+01	2.026926933023120370e+01	2.010385325126227229e+01	1.947166016288094426e+01	1.943920379370164753e+01	2.011699466756332555e+01	1.983979680001553803e+01	1.960338997291183105e+01	2.035395262648240688e+01	2.048941756851817075e+01	2.000449405869925457e+01	1.965969724636752147e+01	2.024718871402085085e+01	2.073796570919917315e+01	2.045155123071067038e+01	1.966298074596115697e+01	1.970587409766027776e+01	1.964753390867029381e+01	2.005048436138495305e+01	2.057694980752666680e+01	1.980452514652779783e+01	2.005813835047019822e+01	2.020793657509021557e+01	2.013196745500086493e+01	2.033661505124462110e+01	1.987887850610225016e+01	1.980689026972499533e+01	1.998132225977357024e+01	1.983714956107191796e+01	1.982362932652000964e+01	2.027150679995571991e+01	1.964999786199008369e+01	1.981778870570208539e+01	2.011408865505476129e+01	1.966981824835033166e+01	1.951047896555289540e+01	1.969025331371820897e+01	1.942442899435738468e+01	2.035065596467038418e+01	1.981223764003417998e+01
1.970780440982195358e+01	1.994278012037102954e+01	2.950030822627551430e+01	1.927546325306387232e+01	1.965461684280557009e+01	2.019911514153307763e+01	2.006475943610396939e+01	1.911732585706724308e+01	1.932626602361362700e+01	1.929243131245013032e+01	1.993400987854634110e+01	1.978533686799842783e+01	1.962951678564762759e+01	1.932125265348269494e+01	1.994189107871220656e+01	2.023512347567474734e+01	1.951831037699446014e+01	1.940963569177863945e+01	2.047762205167324367e+01	1.949682013750474496e+01	2.016571058050635301e+01	1.958427547171854144e+01	1.982470624318309049e+01	2.025386945968013563e+01	2.023271259404227962e+01	1.978834432259293408e+01	2.016039599953585792e+01	1.931574382428793868e+01	1.997800109728524021e+01	2.031593824326637687e+01	2.000675030217259120e+01	1.988995980977725608e+01	1.943481373720170780e+01	2.001307533553334395e+01	2.031924525587673358e+01	2.011322834623420519e+01	1.975525469598377981e+01	1.976419862386913451e+01	1.984630610295028674e+01	1.994850649635009532e+01	1.958510872563934413e+01	1.977977267580972409e+01	1.978965631144932402e+01	2.002479299860028306e+01	1.985685547144236196e+01	1.979478690502000049e+01	1.987799671965711923e+01	1.946760099464872340e+01	2.006733345333274343e+01	1.971636580852259257e+01
1.945898469476507842e+01	2.003603603594283911e+01	1.927546325306387232e+01	2.892985758422424070e+01	1.948888901704811971e+01	1.969784370638441118e+01	2.027850495636687356e+01	1.951969159543127930e+01	1.893740595182188358e+01	1.928772035029319909e+01	1.974459541305494525e+01	1.986481217714102243e+01	1.970617655008169677e+01	1.933207125920696612e+01	1.936091331361126677e+01	1.971842898443593839e+01	1.939894892704894147e+01	1.943497353762061053e+01	1.991447911722076114e+01	1.962321071051593790e+01	1.964220058975373817e+01	1.925011724219087128e+01	1.962798343021582070e+01	2.044459759174977975e+01	2.027231194186690288e+01	1.972720828326617237e+01	2.004926053783526996e+01	1.934628112393194499e+01	1.987180303785733315e+01	2.008255417108366458e+01	1.963635170528339202e+01	1.993661553266938924e+01	1.956512101438908857e+01	1.964864589479831380e+01	2.015474042809188049e+01	1.976813284736330800e+01	1.961769329887000879e+01	1.978988698850410444e+01	1.983405162862307591e+01	2.005776548366409884e+01	1.984590530570812206e+01	1.884697505846790477e+01	1.917716941145024379e+01	1.950878860427139827e+01	1.962120472993318998e+01	1.959654563295700314e+01	1.917051197219314318e+01	1.936636527742074421e+01	1.961968934526673891e+01	1.962141564809363814e+01
1.962056827917262325e+01	2.038198199793750476e+01	1.965461684280557009e+01	1.948888901704811971e+01	2.927729698819991100e+01	1.999051282624076009e+01	1.982217015364530965e+01	1.948449817562526221e+01	1.925724700679385037e+01	1.925906702769434631e+01	2.025092566128202520e+01	1.969761302481741794e+01	1.995180868967440091e+01	1.925001357217902864e+01	1.919769172505886345e+01	2.015322375132130972e+01	1.915145243624321481e+01	1.912080040340043396e+01	1.997603377915088529e+01	2.008879103319213399e+01	1.954695488827617922e+01	1.943132418768685810e+01	1.962000532225270177e+01	2.014827908573820991e+01	1.991662433023431333e+01	1.983781032797328692e+01	2.014500305542072311e+01	1.934970170748057328e+01	2.028153304911019461e+01	1.994208656637671240e+01	1.980061268835246580e+01	1.981860973299187023e+01	2.019216177813047253e+01	1.999563529561211084e+01	2.045576217202381386e+01	1.990353351298276152e+01	1.992741036794597065e+01	1.966587569323374041e+01	1.930777608196420658e+01	1.993568785841366164e+01	1.949895172149733114e+01	1.916118583411657994e+01	1.983495306133105984e+01	1.956567592151764146e+01	1.998868567988352396e+01	1.957619456042085915e+01	1.942763559789872829e+01	1.966994353678916241e+01	1.985312402275194898e+01	1.978403701370852019e+01
1.997451389988033199e+01	2.015412852401766131e+01	2.019911514153307763e+01	1.969784370638441118e+01	1.999051282624076009e+01	3.067797784611274636e+01	2.036644865420100103e+01	1.940967247311658639e+01	1.952601813133489728e+01	1.993302466116814742e+01	2.073188523250268744e+01	2.046671937549235309e+01	2.050817167369469374e+01	1.988320196959897146e+01	1.965467725824444756e+01	2.085622388283869810e+01	1.987909500339295121e+01	1.995299019829854714e+01	2.081055460715895933e+01	2.022521677381951477e+01	2.039893820086548359e+01	1.994955675622011881e+01	2.015101655734947173e+01	2.076585538835942302e+01	2.022445028165011749e+01	2.018161490219203813e+01	2.026751645762433185e+01	1.999992674256382585e+01	2.046371549911478027e+01	2.098395994549216681e+01	2.030351636177826080e+01	2.049413640863489405e+01	2.004422296163200201e+01	2.015101821946363003e+01	2.089676903718310186e+01	2.048418832050588279e+01	2.055624341081568929e+01	2.003935040688789826e+01	2.008650797951749567e+01	2.054176571336717672e+01	2.008316644246314553e+01	2.019961393738955024e+01	2.028727141405203582e+01	1.998209909817899188e+01	2.010798121392331339e+01	2.007828760005067537e+01	1.986411338920583702e+01	1.981593982780830743e+01	2.032776297089416317e+01	2.020526394013130300e+01
1.982926273403231221e+01	2.057736515045851888e+01	2.006475943610396939e+01	2.027850495636687356e+01	1.982217015364530965e+01	2.036644865420100103e+01	3.082238642188689681e+01	1.997185562843153406e+01	1.981993205561019167e+01	1.941023465061866560e+01	2.042114652532456276e+01	2.014899220444652528e+01	2.030729451929627771e+01	1.969682397849274835e+01	2.007878819659550729e+01	2.039662090815913942e+01	1.996961644269098812e+01	2.024951934188937130e+01	2.069039454444622450e+01	2.027541455234975842e+01	2.014330789176471370e+01	2.019979941192043782e+01	2.028492246243650854e+01	2.114361446335197314e+01	2.062912769028909210e+01	2.007909066069537474e+01	2.062267790431847558e+01	1.968494413894215711e+01	2.064323132935773941e+01	2.042138880523537381e+01	1.985176869798888788e+01	2.025046887366166715e+01	2.035855522212426294e+01	2.060302226920123303e+01	2.097333882775560099e+01	2.018797608547274791e+01	2.018603865736889347e+01	2.056623277172835174e+01	1.995690468302444742e+01	2.045999127096563797e+01	2.025353198217534256e+01	1.986995243587190529e+01	2.029974654245651777e+01	1.998906040785632143e+01	1.975300116456079280e+01	2.015556393889934483e+01	1.981994147287279873e+01	2.003836998412355186e+01	2.070028739604736145e+01	2.053992563882841083e+01
1.946232672956149656e+01	1.971532306059427597e+01	1.911732585706724308e+01	1.951969159543127930e+01	1.948449817562526221e+01	1.940967247311658639e+01	1.997185562843153406e+01	2.884786521636860002e+01	1.916091812676462425e+01	1.929681869987070542e+01	1.957829150445975586e+01	1.953188020437745820e+01	1.947041993690365302e+01	1.935544481472630451e+01	1.915637154991771496e+01	1.970498328466764448e+01	1.939649384221075934e+01	1.934035874808370181e+01	1.997383135675628907e+01	1.914005938760796255e+01	1.940685972537680470e+01	1.931766496315685444e+01	1.953122029488377720e+01	2.020806494418165400e+01	1.970456712912345409e+01	1.947981403631749586e+01	1.960900296090274608e+01	1.919535052568100042e+01	1.979157946984292948e+01	1.997977171640867766e+01	1.978970310367460783e+01	1.967389671136765728e+01	1.956518810106832262e+01	1.944750727252106515e+01	2.017510088001789015e+01	1.970423407018428463e+01	1.970411693634284589e+01	1.995795842885119598e+01	1.945449794808114063e+01	1.983156601826840060e+01	1.918143205987613342e+01	1.927379766931926852e+01	1.920536738803603072e+01	1.938214734666144778e+01	1.980845116090062774e+01	1.953528892520823135e+01	1.924354726626958012e+01	1.919665676947096955e+01	1.922592937245840616e+01	1.959869218808991675e+01
1.906193863476872252e+01	1.944835125190918745e+01	1.932626602361362700e+01	1.893740595182188358e+01	1.925724700679385037e+01	1.952601813133489728e+01	1.981993205561019167e+01	1.916091812676462425e+01	2.843223486667359268e+01	1.909981134595571817e+01	1.933159089244755435e+01	1.984433953331282297e+01	1.957214120284069736e+01	1.894870158055321596e+01	1.940056757663944964e+01	1.947331981860517303e+01	1.913091256420868902e+01	1.926572271955211946e+01	2.005367576273840058e+01	1.959141181024219591e+01	1.922102602078538780e+01	1.921163748153026418e+01	1.964117414969473430e+01	1.969994177135382074e+01	1.974476893223103602e+01	1.972125646759463535e+01	1.977950204737387097e+01	1.915435739765850798e+01	1.978888648779934911e+01	1.989907815707307392e+01	1.909697703638365596e+01	1.925891119278240282e+01	1.934629997986901273e+01	1.985666388375598856e+01	2.026146095354171806e+01	1.985892395839535496e+01	1.986058339537928319e+01	1.940929464336412735e+01	1.939504862113262007e+01	1.935346834738909294e+01	1.942857724068085190e+01	1.929267914220896074e+01	1.965238122585654423e+01	1.947220398112651196e+01	1.935589143429744041e+01	1.955115954618657881e+01	1.936078753347700854e+01	1.883574773165106109e+01	1.991264713551043641e+01	1.964879770832634520e+01
1.925058324355857664e+01	1.972502133752449893e+01	1.929243131245013032e+01	1.928772035029319909e+01	1.925906702769434631e+01	1.993302466116814742e+01	1.941023465061866560e+01	1.929681869987070542e+01	1.909981134595571817e+01	2.912783386010738340e+01	1.989774275524140634e+01	1.952563372546386233e+01	2.032990971690681192e+01	1.913094467840019774e+01	1.952420598984468469e+01	1.994309985989482925e+01	1.948907918463790523e+01	1.933351932943343954e+01	2.015329962081446880e+01	1.949125473125464936e+01	1.941458552033100560e+01	1.952336974821527349e+01	1.954892265642880744e+01	2.008940163041652482e+01	1.996057849729037414e+01	1.967706402957684730e+01	1.984186736907582471e+01	1.938471507320992160e+01	2.000431385821574892e+01	1.989516775370207924e+01	1.977810089389787152e+01	1.958989318113269107e+01	1.988169854920756663e+01	2.015768001625305672e+01	2.027086295726755694e+01	1.977097726051137272e+01	2.002779439053719202e+01	1.994890924133885335e+01	1.946119798933397860e+01	1.969719370452140339e+01	1.954525833710937377e+01	1.972819490573322554e+01	1.944657969087208826e+01	1.959347482954986219e+01	1.964430658322983092e+01	1.947648819247196883e+01	1.927772454210416697e+01	1.896869547534389966e+01	1.960237532618615930e+01	1.998844397923572203e+01
1.988074215456066085e+01	2.044836017991646671e+01	1.993400987854634110e+01	1.974459541305494525e+01	2.025092566128202520e+01	2.073188523250268744e+01	2.042114652532456276e+01	1.957829150445975586e+01	1.933159089244755435e+01	1.989774275524140634e+01	3.078192296159458152e+01	2.033117517746818592e+01	2.063769007901598584e+01	1.974510500310035255e+01	2.002346933415499208e+01	2.040680960037007097e+01	2.000538904424450593e+01	1.993729131684989042e+01	2.074141929236225224e+01	2.038857418515442177e+01	2.028181522934069747e+01	2.021192089942076109e+01	2.054147344783770279e+01	2.106030958774804418e+01	2.064839973826601138e+01	1.993477100578446581e+01	2.066713870029781219e+01	1.965292690587823188e+01	2.088814574534510271e+01	2.051595625337800399e+01	1.990947687481741468e+01	2.062881481115054072e+01	2.077217041749640813e+01	2.091494635929731061e+01	2.117631586440360536e+01	2.030562614901261043e+01	2.024505159863176829e+01	2.000236011848589612e+01	2.032437331442622863e+01	2.063177512860083596e+01	1.993985206065742943e+01	2.021434543443387355e+01	1.999907786193404746e+01	2.003039156010148147e+01	2.011437191896333587e+01	2.026656945029451506e+01	1.999929574155972745e+01	1.995517162063152128e+01	2.072840590367494329e+01	2.004296549613575706e+01
1.968155217452905958e+01	2.026926933023120370e+01	1.978533686799842783e+01	1.986481217714102243e+01	1.969761302481741794e+01	2.046671937549235309e+01	2.014899220444652528e+01	1.953188020437745820e+01	1.984433953331282297e+01	1.952563372546386233e+01	2.033117517746818592e+01	2.988562229822991512e+01	2.007016799794881834e+01	1.972287735696567523e+01	1.961893945688320784e+01	2.021703192983920161e+01	1.958445110407934919e+01	1.968334363424346733e+01	2.000887387266305595e+01	1.975819861406925426e+01	1.972529400808299371e+01	1.958259024126299508e+01	1.997713353702953043e+01	2.061191035164398855e+01	2.049390348348516966e+01	1.980210050294872914e+01	2.019205318238595837e+01	1.993361104487210156e+01	1.996842946002208663e+01	2.062153295139526321e+01	2.003534226171214883e+01	1.988334223488234542e+01	1.997902690933278080e+01	2.028458206986960732e+01	2.083666366424602145e+01	2.025754530938774067e+01	2.009985227024517940e+01	1.976146547248018948e+01	2.010441395641314344e+01	2.053278273794354902e+01	1.948976544288162671e+01	1.960376347572053035e+01	2.003852889129953496e+01	1.963183706288535646e+01	1.986982908410570658e+01	1.998830865434285897e+01	1.961218160349290685e+01	1.943030976708604030e+01	2.047001188477738154e+01	2.010772201380653712e+01
1.991666629489605711e+01	2.010385325126227229e+01	1.962951678564762759e+01	1.970617655008169677e+01	1.995180868967440091e+01	2.050817167369469374e+01	2.030729451929627771e+01	1.947041993690365302e+01	1.957214120284069736e+01	2.032990971690681192e+01	2.063769007901598584e+01	2.007016799794881834e+01	2.993721856562493500e+01	1.923151796488412657e+01	1.958413011041532314e+01	2.009389820253842629e+01	1.969410561695672968e+01	1.972179385633316784e+01	2.061026131365326819e+01	2.004479574906842743e+01	1.965432174735481397e+01	1.978887850947613103e+01	1.993496911729337029e+01	2.047751593101277834e+01	2.011271242012485061e+01	2.020925034140771714e+01	2.018471216523105483e+01	1.951608255224251209e+01	2.001834907898165739e+01	2.027478455189348594e+01	2.011073032883849621e+01	1.993384219042685146e+01	1.983707147953424865e+01	2.001519724552800028e+01	2.072523891458506640e+01	2.037988197169790183e+01	2.019030429246556224e+01	2.001231217406523299e+01	2.008626549708045061e+01	2.004871126355083533e+01	1.995524896312446828e+01	1.992625039668093834e+01	2.018101295066430367e+01	2.016060356416666366e+01	2.029994987892879266e+01	1.972902735640543170e+01	1.970615918179541737e+01	1.961211717546067135e+01	1.969991999753013445e+01	2.007368690724421967e+01
1.939855357013064108e+01	1.947166016288094426e+01	1.932125265348269494e+01	1.933207125920696612e+01	1.925001357217902864e+01	1.988320196959897146e+01	1.969682397849274835e+01	1.935544481472630451e+01	1.894870158055321596e+01	1.913094467840019774e+01	1.974510500310035255e+01	1.972287735696567523e+01	1.923151796488412657e+01	2.866498892237431662e+01	1.941854727799292846e+01	1.963654353837448596e+01	1.930362491327923991e+01	1.903803834310639687e+01	1.976672802778130134e+01	1.940790099133844748e+01	1.916829997256418494e+01	1.920620410339206074e+01	1.916474466198845761e+01	2.021346488450274137e+01	1.957302815355326686e+01	1.926566692548832904e+01	1.939921059769917733e+01	1.902305434155482899e+01	1.993292190681949805e+01	2.001209309330156927e+01	1.926610745954692661e+01	1.999662437731270614e+01	1.914282038664053687e+01	1.963848172810319781e+01	2.032915917046760867e+01	1.953864977531513247e+01	1.924140925834378990e+01	1.947784872686787239e+01	1.947597787994710217e+01	1.958789154009980749e+01	1.963261958556088516e+01	1.914892366612527042e+01	1.958701900465992196e+01	1.942204589628844502e+01	1.977290584095409542e+01	1.936806628647476103e+01	1.923617089233902888e+01	1.918336368125760316e+01	1.959887377697035404e+01	1.946012630106713814e+01
1.882164540075492809e+01	1.943920379370164753e+01	1.994189107871220656e+01	1.936091331361126677e+01	1.919769172505886345e+01	1.965467725824444756e+01	2.007878819659550729e+01	1.915637154991771496e+01	1.940056757663944964e+01	1.952420598984468469e+01	2.002346933415499208e+01	1.961893945688320784e+01	1.958413011041532314e+01	1.941854727799292846e+01	2.908582879901604201e+01	1.975279531468885352e+01	1.932446366169581964e+01	1.949806204702107237e+01	1.992958252969964406e+01	1.954838754134152623e+01	1.972946345007480673e+01	1.950418532860901522e+01	1.971316317206083468e+01	2.001399163298103545e+01	2.005338336716502923e+01	1.953750833110588658e+01	1.998123234526455505e+01	1.945742696096739976e+01	1.991206843015402939e+01	1.992003944044303410e+01	1.976114098769050997e+01	1.999749941177724466e+01	1.960010748858524465e+01	1.995795566976011415e+01	2.008778959656892837e+01	1.993814460283127232e+01	2.006051547666669777e+01	1.966619929649296594e+01	1.973453967737370363e+01	1.998600646612421983e+01	1.994652631650588148e+01	1.914370835883624622e+01	1.946862140612338621e+01	1.919293896303559066e+01	1.966409288632204166e+01	1.939322585945163624e+01	1.936966753326534985e+01	1.918929441256681301e+01	1.983810231513542632e+01	1.989698746638979188e+01
1.972659995978469638e+01	2.011699466756332555e+01	2.023512347567474734e+01	1.971842898443593839e+01	2.015322375132130972e+01	2.085622388283869810e+01	2.039662090815913942e+01	1.970498328466764448e+01	1.947331981860517303e+01	1.994309985989482925e+01	2.040680960037007097e+01	2.021703192983920161e+01	2.009389820253842629e+01	1.963654353837448596e+01	1.975279531468885352e+01	2.978402152984336837e+01	1.980455559252273190e+01	1.970579285830058325e+01	2.046877339143356522e+01	2.011040018740051849e+01	2.004356335389660160e+01	1.976523797264530558e+01	2.033783147099351751e+01	2.044843528825351697e+01	2.040669062067040329e+01	1.988381040339070793e+01	1.999639031118676158e+01	1.988567125827641746e+01	2.035053710112136471e+01	2.044691155659757698e+01	2.018705868849881924e+01	2.003675558471803697e+01	2.016644568795013726e+01	2.072250654519844915e+01	2.107305503046164574e+01	2.005233295137518468e+01	2.057972692509688528e+01	2.021220202411820566e+01	2.001076222538444682e+01	2.031499894067339795e+01	1.997547200622610220e+01	1.965251004619920394e+01	2.026544770366639270e+01	2.021653668808799509e+01	2.022673312465370543e+01	1.980916782694597345e+01	1.997433696758870880e+01	1.971014530787337904e+01	2.020721566005397918e+01	2.025528209421537795e+01
1.916759993000114903e+01	1.983979680001553803e+01	1.951831037699446014e+01	1.939894892704894147e+01	1.915145243624321481e+01	1.987909500339295121e+01	1.996961644269098812e+01	1.939649384221075934e+01	1.913091256420868902e+01	1.948907918463790523e+01	2.000538904424450593e+01	1.958445110407934919e+01	1.969410561695672968e+01	1.930362491327923991e+01	1.932446366169581964e+01	1.980455559252273190e+01	2.880028302311330535e+01	1.949849820493466268e+01	1.988358070517381293e+01	1.950731226047955502e+01	1.963784444180197397e+01	1.993869879815190416e+01	1.980028374690398962e+01	1.996763742401902064e+01	2.009049843503776955e+01	1.922088797288031259e+01	1.969238069823824233e+01	1.920664023186508373e+01	1.985497048740793602e+01	1.983133209000169828e+01	1.944803885847526104e+01	1.991287975506540064e+01	1.998607645995249982e+01	1.964712740964523263e+01	2.033340227004263667e+01	2.009007757467417576e+01	1.977418002225653737e+01	1.949195661174677952e+01	1.934429135362360341e+01	1.943660498168695483e+01	1.959464215675575716e+01	1.947183392210015285e+01	1.958680388191693211e+01	1.984376460102203410e+01	1.984913222950243039e+01	1.949064413148697383e+01	1.918652557198648978e+01	1.915026343671754105e+01	1.978615527056419410e+01	1.992178420396373184e+01
1.922863675791617766e+01	1.960338997291183105e+01	1.940963569177863945e+01	1.943497353762061053e+01	1.912080040340043396e+01	1.995299019829854714e+01	2.024951934188937130e+01	1.934035874808370181e+01	1.926572271955211946e+01	1.933351932943343954e+01	1.993729131684989042e+01	1.968334363424346733e+01	1.972179385633316784e+01	1.903803834310639687e+01	1.949806204702107237e+01	1.970579285830058325e+01	1.949849820493466268e+01	2.872344655813716585e+01	1.998749818337930506e+01	1.951498352839151096e+01	1.954608093484914377e+01	1.931310968876464784e+01	1.958834093435172719e+01	1.976179095394154928e+01	1.979548583359782654e+01	1.984591247692913285e+01	1.979579564379414691e+01	1.944258676698753519e+01	2.006713126119934287e+01	2.000574408187074482e+01	1.970991368213980977e+01	1.946340083421117484e+01	1.949268985362344608e+01	1.977874625671844200e+01	2.037730770542873060e+01	1.966719014800812815e+01	1.971296509619163828e+01	1.944511674996427075e+01	1.987895123401067465e+01	1.969447818314973375e+01	1.941438299154441083e+01	1.951690850945572464e+01	1.918426100383256738e+01	1.970681126723592769e+01	1.951561424197917916e+01	1.927500152983308368e+01	1.913999589462322248e+01	1.950814099277358338e+01	1.994607908186513967e+01	1.948845921619366806e+01
2.009639996682134822e+01	2.035395262648240688e+01	2.047762205167324367e+01	1.991447911722076114e+01	1.997603377915088529e+01	2.081055460715895933e+01	2.069039454444622450e+01	1.997383135675628907e+01	2.005367576273840058e+01	2.015329962081446880e+01	2.074141929236225224e+01	2.000887387266305595e+01	2.061026131365326819e+01	1.976672802778130134e+01	1.992958252969964406e+01	2.046877339143356522e+01	1.988358070517381293e+01	1.998749818337930506e+01	3.021300709528027184e+01	2.004990249765832999e+01	2.002381349586493542e+01	2.018414628166078373e+01	2.048795767391209566e+01	2.089021984121610487e+01	2.066412535608441914e+01	1.992315707638731581e+01	2.046307864906976448e+01	1.979612157338096523e+01	2.074454793142754028e+01	2.049888321735969043e+01	2.055124550101517755e+01	2.067520257255952387e+01	2.035946082818799141e+01	2.069592429897894448e+01	2.104303219013820225e+01	2.048924895929594570e+01	2.039909470993838170e+01	2.035486286939239164e+01	2.032860958891529535e+01	2.009212124847174508e+01	2.020669436310744516e+01	2.016588745633746171e+01	2.044623986974496788e+01	2.049513328436568926e+01	2.062907526242735301e+01	2.051038238773403322e+01	1.995436471499932551e+01	2.016113253667290550e+01	2.060216769807680492e+01	2.009581371046821729e+01
1.925969134137966776e+01	2.048941756851817075e+01	1.949682013750474496e+01	1.962321071051593790e+01	2.008879103319213399e+01	2.022521677381951477e+01	2.027541455234975842e+01	1.914005938760796255e+01	1.959141181024219591e+01	1.949125473125464936e+01	2.038857418515442177e+01	1.975819861406925426e+01	2.004479574906842743e+01	1.940790099133844748e+01	1.954838754134152623e+01	2.011040018740051849e+01	1.950731226047955502e+01	1.951498352839151096e+01	2.004990249765832999e+01	3.026864741480259724e+01	2.007007009754071092e+01	1.976420626050260765e+01	2.016396481991860767e+01	2.052340097375078187e+01	2.047203104730488121e+01	1.992025399503765115e+01	2.011407627895216166e+01	1.958586784308561235e+01	2.021489817688407342e+01	2.048269942503657859e+01	2.004269428954370724e+01	2.028170349454070376e+01	2.027575023491572637e+01	2.040043087038907288e+01	2.073366400678029464e+01	2.034160501249089137e+01	2.009933050733714310e+01	2.038259872122501193e+01	1.998460805576052479e+01	2.026593710633542500e+01	1.999907499604852390e+01	1.976768005664208516e+01	2.001378013817143753e+01	2.009590121880163238e+01	2.016083707724602903e+01	1.949930415418142005e+01	1.983402875917921548e+01	2.018998970698318374e+01	2.024979194837151297e+01	1.996269204608686465e+01
1.903650614175732159e+01	2.000449405869925457e+01	2.016571058050635301e+01	1.964220058975373817e+01	1.954695488827617922e+01	2.039893820086548359e+01	2.014330789176471370e+01	1.940685972537680470e+01	1.922102602078538780e+01	1.941458552033100560e+01	2.028181522934069747e+01	1.972529400808299371e+01	1.965432174735481397e+01	1.916829997256418494e+01	1.972946345007480673e+01	2.004356335389660160e+01	1.963784444180197397e+01	1.954608093484914377e+01	2.002381349586493542e+01	2.007007009754071092e+01	2.957214543209955693e+01	1.994381258570389903e+01	1.972714399181809597e+01	2.032424468889715641e+01	2.049406094320266902e+01	1.945524062294833811e+01	2.016762181829700751e+01	1.940958344350259779e+01	1.957440916741220249e+01	2.017674291248279417e+01	1.986099317733284764e+01	1.970672812988139100e+01	1.966001687847685275e+01	2.025486712160407521e+01	2.068687394929476753e+01	1.990318779620452005e+01	1.997405633971960626e+01	2.003891240680902186e+01	1.972715816555549750e+01	2.007957591817758569e+01	1.949865730681559839e+01	1.961411910022127358e+01	1.995190588341954907e+01	1.965408852744366541e+01	1.967466110743166041e+01	1.954999733581199806e+01	1.955564694986317420e+01	1.922242066636000857e+01	2.025418574663084570e+01	1.969737981217074108e+01
1.927700496890998849e+01	1.965969724636752147e+01	1.958427547171854144e+01	1.925011724219087128e+01	1.943132418768685810e+01	1.994955675622011881e+01	2.019979941192043782e+01	1.931766496315685444e+01	1.921163748153026418e+01	1.952336974821527349e+01	2.021192089942076109e+01	1.958259024126299508e+01	1.978887850947613103e+01	1.920620410339206074e+01	1.950418532860901522e+01	1.976523797264530558e+01	1.993869879815190416e+01	1.931310968876464784e+01	2.018414628166078373e+01	1.976420626050260765e+01	1.994381258570389903e+01	2.946149445456323690e+01	1.985832034311935246e+01	2.011886400324682356e+01	2.014787215409926091e+01	1.903855228580461301e+01	2.006791628602779198e+01	1.910447907526048539e+01	1.963345360466525591e+01	2.003038700454744614e+01	1.988161221481082208e+01	1.988401983186274080e+01	1.972064701853285129e+01	2.001168004752397778e+01	2.054750437363660254e+01	1.992683653358900386e+01	2.017917811519530247e+01	1.982172234900838248e+01	1.929519571729499816e+01	2.011995983498555418e+01	1.981841585588227872e+01	1.936201233412092293e+01	1.986872910983955265e+01	1.973083654827818378e+01	1.946242449879506253e+01	1.910215801353616172e+01	1.961743185995962335e+01	1.979804064026679811e+01	1.996196681744584822e+01	1.972854495071443637e+01
1.977207135609615918e+01	2.024718871402085085e+01	1.982470624318309049e+01	1.962798343021582070e+01	1.962000532225270177e+01	2.015101655734947173e+01	2.028492246243650854e+01	1.953122029488377720e+01	1.964117414969473430e+01	1.954892265642880744e+01	2.054147344783770279e+01	1.997713353702953043e+01	1.993496911729337029e+01	1.916474466198845761e+01	1.971316317206083468e+01	2.033783147099351751e+01	1.980028374690398962e+01	1.958834093435172719e+01	2.048795767391209566e+01	2.016396481991860767e+01	1.972714399181809597e+01	1.985832034311935246e+01	2.991036458381163143e+01	2.050039228630179622e+01	2.021451307926547614e+01	1.985035956565646842e+01	2.030685549402046419e+01	1.925018501274976401e+01	2.039467784714100773e+01	2.045447430355148910e+01	1.999645410712280480e+01	2.008248963996394565e+01	2.009692410044837629e+01	2.017111335918455595e+01	2.069387207582183308e+01	2.022206102209634437e+01	2.011907422076588503e+01	1.987668023552733132e+01	1.986288995870125618e+01	1.992053649752465105e+01	1.993313479498639751e+01	1.938928485330328044e+01	2.015530395811352804e+01	2.017454875184694529e+01	1.951914320969456540e+01	1.972468195068696772e+01	1.955661178464765726e+01	1.985946522214716481e+01	2.018949657982615520e+01	1.997176857676057438e+01
2.021970692268827818e+01	2.073796570919917315e+01	2.025386945968013563e+01	2.044459759174977975e+01	2.014827908573820991e+01	2.076585538835942302e+01	2.114361446335197314e+01	2.020806494418165400e+01	1.969994177135382074e+01	2.008940163041652482e+01	2.106030958774804418e+01	2.061191035164398855e+01	2.047751593101277834e+01	2.021346488450274137e+01	2.001399163298103545e+01	2.044843528825351697e+01	1.996763742401902064e+01	1.976179095394154928e+01	2.089021984121610487e+01	2.052340097375078187e+01	2.032424468889715641e+01	2.011886400324682356e+01	2.050039228630179622e+01	3.071781227164521155e+01	2.093942012248644602e+01	2.021789597982672859e+01	2.046510177157237464e+01	2.008945734065822109e+01	2.063854328881926392e+01	2.071801347579045327e+01	2.017276653075205317e+01	2.060018214470574094e+01	2.085379225307066875e+01	2.075958728109305085e+01	2.075704910571095851e+01	2.035254227718666087e+01	2.034074586624303294e+01	2.049295672954539427e+01	2.029601196386814621e+01	2.055815301760614133e+01	2.024598724277876372e+01	2.027559601764355790e+01	2.053189287590653578e+01	2.042800422793847304e+01	2.035661658804226093e+01	2.051153952251286583e+01	2.026263975686641672e+01	2.061662520566575552e+01	2.067598807305762065e+01	2.049193481823224872e+01
2.015571565113534547e+01	2.045155123071067038e+01	2.023271259404227962e+01	2.027231194186690288e+01	1.991662433023431333e+01	2.022445028165011749e+01	2.062912769028909210e+01	1.970456712912345409e+01	1.974476893223103602e+01	1.996057849729037414e+01	2.064839973826601138e+01	2.049390348348516966e+01	2.011271242012485061e+01	1.957302815355326686e+01	2.005338336716502923e+01	2.040669062067040329e+01	2.009049843503776955e+01	1.979548583359782654e+01	2.066412535608441914e+01	2.047203104730488121e+01	2.049406094320266902e+01	2.014787215409926091e+01	2.021451307926547614e+01	2.093942012248644602e+01	3.060703108884666435e+01	2.008966967246848512e+01	2.068391159431262238e+01	2.003413568625996177e+01	2.054165691268847738e+01	2.070125154900744846e+01	2.007403514817034917e+01	2.071244571738832008e+01	2.061772597326057976e+01	2.044831007884186747e+01	2.095145659574160391e+01	2.072871249635822366e+01	2.033358718782325525e+01	2.060718070490066367e+01	2.019556695326378204e+01	2.042199009288610156e+01	2.028201842783627029e+01	2.000103789957826095e+01	2.026494841708335670e+01	2.046657212455290775e+01	2.029544174671976720e+01	2.005466660287665803e+01	1.972867314581894860e+01	1.980812191359090946e+01	2.076410888100785357e+01	2.075146385654671022e+01
1.936670272849051599e+01	1.966298074596115697e+01	1.978834432259293408e+01	1.972720828326617237e+01	1.983781032797328692e+01	2.018161490219203813e+01	2.007909066069537474e+01	1.947981403631749586e+01	1.972125646759463535e+01	1.967706402957684730e+01	1.993477100578446581e+01	1.980210050294872914e+01	2.020925034140771714e+01	1.926566692548832904e+01	1.953750833110588658e+01	1.988381040339070793e+01	1.922088797288031259e+01	1.984591247692913285e+01	1.992315707638731581e+01	1.992025399503765115e+01	1.945524062294833811e+01	1.903855228580461301e+01	1.985035956565646842e+01	2.021789597982672859e+01	2.008966967246848512e+01	3.011123714778507576e+01	1.999498517756854099e+01	1.930989284120325422e+01	2.033274128318755558e+01	1.997108058240107198e+01	1.973610222663254277e+01	1.984440947195446370e+01	1.980882715716632703e+01	2.010401531117553375e+01	2.046999090461938664e+01	2.034919599972537441e+01	2.008233057799122179e+01	1.979544129514898643e+01	1.954625015187109938e+01	1.984404957541973147e+01	1.971570927758988390e+01	1.949898660347762913e+01	1.965327804669220413e+01	1.988705104950367897e+01	1.963046834265851359e+01	1.967583164492380021e+01	1.964157845121396306e+01	1.958571091926845398e+01	1.981451659538906185e+01	1.976701839119234450e+01
1.958757680225080122e+01	1.970587409766027776e+01	2.016039599953585792e+01	2.004926053783526996e+01	2.014500305542072311e+01	2.026751645762433185e+01	2.062267790431847558e+01	1.960900296090274608e+01	1.977950204737387097e+01	1.984186736907582471e+01	2.066713870029781219e+01	2.019205318238595837e+01	2.018471216523105483e+01	1.939921059769917733e+01	1.998123234526455505e+01	1.999639031118676158e+01	1.969238069823824233e+01	1.979579564379414691e+01	2.046307864906976448e+01	2.011407627895216166e+01	2.016762181829700751e+01	2.006791628602779198e+01	2.030685549402046419e+01	2.046510177157237464e+01	2.068391159431262238e+01	1.999498517756854099e+01	2.987903887136556591e+01	1.979704617391747234e+01	2.032035064150637282e+01	2.034210526916972839e+01	2.040632372214244938e+01	2.036998221076184379e+01	2.010145046496700516e+01	2.017544634187099817e+01	2.053914669231713575e+01	2.012819728692400290e+01	2.007752497157037652e+01	2.018471601746349720e+01	2.004091759127967975e+01	2.037701858616737383e+01	2.013297576279957113e+01	2.027830700189891999e+01	2.017959547617014948e+01	2.009846262831519681e+01	2.043079716606271390e+01	1.995863106392491559e+01	1.967819003939469269e+01	1.963041866901548715e+01	2.038953678488847032e+01	1.966482780904467731e+01
1.905792367339892479e+01	1.964753390867029381e+01	1.931574382428793868e+01	1.934628112393194499e+01	1.934970170748057328e+01	1.999992674256382585e+01	1.968494413894215711e+01	1.919535052568100042e+01	1.915435739765850798e+01	1.938471507320992160e+01	1.965292690587823188e+01	1.993361104487210156e+01	1.951608255224251209e+01	1.902305434155482899e+01	1.945742696096739976e+01	1.988567125827641746e+01	1.920664023186508373e+01	1.944258676698753519e+01	1.979612157338096523e+01	1.958586784308561235e+01	1.940958344350259779e+01	1.910447907526048539e+01	1.925018501274976401e+01	2.008945734065822109e+01	2.003413568625996177e+01	1.930989284120325422e+01	1.979704617391747234e+01	2.833136027710835947e+01	2.000029448770025553e+01	1.984558267665298459e+01	1.923310586664100441e+01	1.954118945958304110e+01	1.929551972076474442e+01	1.977398215617850852e+01	2.021433929629208137e+01	1.973473683526103528e+01	1.929521382688540498e+01	1.922945237167371246e+01	1.940048586793448138e+01	1.997089960539142695e+01	1.915255032527062795e+01	1.948189454828365896e+01	1.916787091528879827e+01	1.908832020358542536e+01	1.929686029217810628e+01	1.929165540967602865e+01	1.941070719629156471e+01	1.894987398781796628e+01	1.960490430065081213e+01	1.974829977930266622e+01
1.997067295966175493e+01	2.005048436138495305e+01	1.997800109728524021e+01	1.987180303785733315e+01	2.028153304911019461e+01	2.046371549911478027e+01	2.064323132935773941e+01	1.979157946984292948e+01	1.978888648779934911e+01	2.000431385821574892e+01	2.088814574534510271e+01	1.996842946002208663e+01	2.001834907898165739e+01	1.993292190681949805e+01	1.991206843015402939e+01	2.035053710112136471e+01	1.985497048740793602e+01	2.006713126119934287e+01	2.074454793142754028e+01	2.021489817688407342e+01	1.957440916741220249e+01	1.963345360466525591e+01	2.039467784714100773e+01	2.063854328881926392e+01	2.054165691268847738e+01	2.033274128318755558e+01	2.032035064150637282e+01	2.000029448770025553e+01	3.048518475485287027e+01	2.054219867612250638e+01	2.003351111460784040e+01	2.053449286262891604e+01	2.030327450165012237e+01	2.058828641455526309e+01	2.133663914789362437e+01	2.025773823726380485e+01	2.032499284080614288e+01	2.027373005721175403e+01	1.999339782961979850e+01	2.031115213029277555e+01	2.012472781606825833e+01	1.983107607886569923e+01	2.012977702212661413e+01	2.021558602489408685e+01	2.024322908840712643e+01	2.021167723675976546e+01	1.985028220631692264e+01	2.005419447223403040e+01	2.045097150862895319e+01	2.041784653948182537e+01
1.987344047921040513e+01	2.057694980752666680e+01	2.031593824326637687e+01	2.008255417108366458e+01	1.994208656637671240e+01	2.098395994549216681e+01	2.042138880523537381e+01	1.997977171640867766e+01	1.989907815707307392e+01	1.989516775370207924e+01	2.051595625337800399e+01	2.062153295139526321e+01	2.027478455189348594e+01	2.001209309330156927e+01	1.992003944044303410e+01	2.044691155659757698e+01	1.983133209000169828e+01	2.000574408187074482e+01	2.049888321735969043e+01	2.048269942503657859e+01	2.017674291248279417e+01	2.003038700454744614e+01	2.045447430355148910e+01	2.071801347579045327e+01	2.070125154900744846e+01	1.997108058240107198e+01	2.034210526916972839e+01	1.984558267665298459e+01	2.054219867612250638e+01	3.020063135150095945e+01	2.021673543139214857e+01	2.042817460501159488e+01	2.047574783953693611e+01	2.031770182986751294e+01	2.087347935938117516e+01	2.081714888542534680e+01	2.009222087026865822e+01	2.045743635925561676e+01	2.013729936091823092e+01	2.089224066846701433e+01	2.051046525795716846e+01	2.023247896631970377e+01	2.020195467861559990e+01	2.056519882093408569e+01	2.041385283613851698e+01	2.025926774267986019e+01	2.008799002888239471e+01	1.971189290633613567e+01	2.049717749897365238e+01	2.066789075646444118e+01
1.949882765309471822e+01	1.980452514652779783e+01	2.000675030217259120e+01	1.963635170528339202e+01	1.980061268835246580e+01	2.030351636177826080e+01	1.985176869798888788e+01	1.978970310367460783e+01	1.909697703638365596e+01	1.977810089389787152e+01	1.990947687481741468e+01	2.003534226171214883e+01	2.011073032883849621e+01	1.926610745954692661e+01	1.976114098769050997e+01	2.018705868849881924e+01	1.944803885847526104e+01	1.970991368213980977e+01	2.055124550101517755e+01	2.004269428954370724e+01	1.986099317733284764e+01	1.988161221481082208e+01	1.999645410712280480e+01	2.017276653075205317e+01	2.007403514817034917e+01	1.973610222663254277e+01	2.040632372214244938e+01	1.923310586664100441e+01	2.003351111460784040e+01	2.021673543139214857e+01	2.918941082918815866e+01	2.046770576805477404e+01	1.993483569140784439e+01	2.021948492192891322e+01	2.055989821102338411e+01	2.007256148424385955e+01	2.024017239390311573e+01	2.026314624965307232e+01	1.968761085335811600e+01	2.008217947626592448e+01	1.983632650426154598e+01	1.987763447725946264e+01	1.999100067286941496e+01	1.996442172335803278e+01	1.999219854709891919e+01	1.986949766984631083e+01	1.977600134003732180e+01	1.977697139358916090e+01	2.004023067401011460e+01	2.025626609083859719e+01
1.964932980841547305e+01	2.005813835047019822e+01	1.988995980977725608e+01	1.993661553266938924e+01	1.981860973299187023e+01	2.049413640863489405e+01	2.025046887366166715e+01	1.967389671136765728e+01	1.925891119278240282e+01	1.958989318113269107e+01	2.062881481115054072e+01	1.988334223488234542e+01	1.993384219042685146e+01	1.999662437731270614e+01	1.999749941177724466e+01	2.003675558471803697e+01	1.991287975506540064e+01	1.946340083421117484e+01	2.067520257255952387e+01	2.028170349454070376e+01	1.970672812988139100e+01	1.988401983186274080e+01	2.008248963996394565e+01	2.060018214470574094e+01	2.071244571738832008e+01	1.984440947195446370e+01	2.036998221076184379e+01	1.954118945958304110e+01	2.053449286262891604e+01	2.042817460501159488e+01	2.046770576805477404e+01	3.021370821544610052e+01	2.029840891995981167e+01	2.029192050928279301e+01	2.059722676841317224e+01	2.033986490990470841e+01	2.060700102380288357e+01	2.031160385610732177e+01	2.015021979064658098e+01	2.049031301958937590e+01	2.010053863524226614e+01	1.988814100893876002e+01	1.972786470335462283e+01	1.991923365141125402e+01	2.045676698084603728e+01	2.018072423935040050e+01	1.989654592512064113e+01	1.987544161689735489e+01	2.014608976149574460e+01	2.053210404511337472e+01
