2.913012255458644972e+01	2.000669902304022685e+01	1.879307293372491117e+01	1.961120566882307870e+01	1.973575105520859907e+01	2.003628292231033470e+01	2.015993959546643310e+01	1.938357017650540115e+01	1.989186372528366320e+01	1.986292521218088325e+01	1.976005666955008877e+01	2.004166344392043442e+01	1.963236597960183971e+01	1.955401476939091410e+01	1.989383009187088192e+01	1.947347025859518865e+01	2.019761823183208449e+01	1.930318712345479426e+01	1.896542695517596044e+01	1.948497743581785713e+01	1.958341942783261658e+01	1.965504588820571286e+01	2.007485496611561260e+01	1.928423184588762851e+01	1.953470886688069186e+01	2.030377781384616043e+01	1.970334371939117446e+01	1.943850046458787517e+01	1.993796118469325052e+01	2.057417442584949185e+01	1.935861853734325777e+01	2.018173828396996683e+01	1.984599000780490741e+01	1.991074486480239258e+01	1.961382580911529772e+01	1.987648333948918733e+01	1.973175980471443935e+01	2.019752233239297468e+01	2.015857681724494910e+01	1.941925453667150236e+01	1.935245236816562198e+01	1.994170507176999152e+01	1.999532234951698229e+01	2.057137736457063326e+01	1.980535573260031867e+01	1.987446134050330215e+01	1.998852832317206207e+01	1.986881362596879441e+01	1.992051969349795115e+01	1.971651045943600522e+01
2.000669902304022685e+01	2.965511858724203265e+01	1.929636522642116958e+01	2.016453418701661704e+01	1.997789153010327468e+01	2.034553069153452043e+01	2.029570154311202757e+01	1.983463883675144146e+01	2.030870818889634677e+01	2.039026612595887400e+01	2.006636574051018584e+01	2.071033970682498193e+01	1.978041268852806311e+01	2.018231491599787475e+01	2.016434700632567001e+01	2.005270670213311135e+01	2.042652147781492999e+01	2.012692862710187214e+01	1.938661374796308579e+01	1.945036651266396532e+01	1.964398400900291719e+01	1.978089317937888580e+01	2.019458370589840612e+01	1.932668227801273275e+01	1.961882460216472523e+01	2.060526061705583700e+01	2.014569065279670923e+01	1.948925680947017369e+01	2.018994340496438156e+01	2.051724905565555801e+01	1.916777249591590504e+01	2.021913316754199386e+01	1.975120917961357492e+01	2.025960675525037757e+01	2.006463731078344281e+01	2.026665336398756878e+01	1.970132084147512330e+01	1.997493089867621663e+01	2.059747303095383586e+01	2.051613385899459985e+01	2.007890003973495041e+01	2.029950188160162838e+01	1.990825813455862558e+01	2.091279698945557541e+01	2.028143245234400283e+01	1.982927959187711764e+01	1.998513119019921902e+01	1.994795158749356290e+01	1.970519680497162440e+01	1.976590898005349928e+01
1.879307293372491117e+01	1.929636522642116958e+01	2.792726901540239837e+01	1.901926361655063147e+01	1.869981614604724030e+01	1.926046646498858905e+01	1.955712179384337190e+01	1.936308395340369870e+01	1.916480398834045218e+01	1.964937853511088406e+01	1.923633436453230772e+01	1.991863416810346621e+01	1.929081082142948844e+01	1.933543950675450773e+01	1.949235923451121621e+01	1.928127130963313718e+01	1.963795204552152995e+01	1.916326665536372076e+01	1.880976834563086442e+01	1.904552837564258994e+01	1.905024473515480921e+01	1.901563200241393048e+01	1.961262399143933166e+01	1.873075556782111661e+01	1.881813832865261915e+01	1.941144876787275209e+01	1.965735923362452198e+01	1.877835253374037805e+01	1.919647669938980883e+01	2.019455134338895874e+01	1.882949399425941195e+01	1.959871910448871901e+01	1.926087925784656818e+01	1.933936065840680030e+01	1.907884550059431561e+01	1.951409180143647148e+01	1.920043230135195245e+01	1.909413942940403430e+01	1.951049714883498254e+01	1.921450551192254608e+01	1.930748314071655614e+01	1.894510801609919781e+01	1.899559205996385813e+01	1.975213867730037975e+01	1.943666173510269601e+01	1.945085264063507324e+01	1.931435153749535871e+01	1.954194011129566988e+01	1.895678364622422407e+01	1.883422051179292112e+01
1.961120566882307870e+01	2.016453418701661704e+01	1.901926361655063147e+01	2.986857141209668853e+01	1.963338624925966158e+01	2.013424385452087506e+01	2.008127473826506559e+01	2.014741819126941280e+01	2.021021236619109374e+01	2.076775721269562780e+01	2.000226140672154074e+01	2.063729972996693718e+01	1.996338939107193156e+01	1.989249684265960028e+01	1.988895455142107949e+01	2.041560604031834103e+01	2.043090766237079592e+01	2.008507891644324417e+01	1.972911114474305805e+01	2.003998487031123688e+01	1.996079537835591466e+01	2.030704135320357651e+01	2.035658281900915512e+01	1.984072370963518139e+01	1.984612603963078570e+01	2.055763959650856876e+01	2.025333175507052275e+01	1.962338001724609171e+01	2.005566709410878445e+01	2.059002798080362950e+01	1.999646823644908267e+01	2.062936409600299825e+01	1.996481167602411233e+01	1.990198670989313001e+01	1.998457443221768415e+01	2.044292414232996791e+01	2.002538336448811762e+01	1.967107565398212543e+01	2.081322153821133014e+01	2.004367154151741559e+01	1.981225984653759298e+01	2.052620224286039274e+01	1.991890253971016023e+01	2.080352303215475018e+01	2.034206642534525855e+01	2.008162383843147936e+01	2.086057995160025769e+01	2.039127146908478494e+01	2.019537249407235890e+01	2.000341836238356308e+01
1.973575105520859907e+01	1.997789153010327468e+01	1.869981614604724030e+01	1.963338624925966158e+01	2.981158327586717860e+01	2.016789300556377995e+01	1.956682155914726806e+01	2.006153126629683570e+01	2.005152323123982328e+01	2.073408668640190200e+01	1.946086622613341532e+01	2.026381988684562785e+01	1.940266647074137651e+01	1.988924123887885642e+01	1.984640516179212355e+01	1.971094953554777263e+01	2.031121252221757345e+01	1.966019801271339773e+01	1.939915813837559000e+01	1.989411734476112414e+01	1.950855714726561274e+01	1.976574746703216690e+01	2.004108859997984382e+01	1.914244891914976066e+01	1.934724307385635100e+01	2.032295789238560602e+01	1.984844715146703109e+01	1.909235757079250817e+01	2.003494840701949542e+01	2.036043770559936306e+01	1.968311153590069296e+01	2.025733325220134873e+01	2.013327689227272188e+01	1.989115489697650574e+01	1.994390293289712446e+01	1.977961480828625440e+01	2.029438229734619981e+01	2.004130363747972510e+01	2.017340814325013554e+01	1.952841197751831004e+01	1.970795731695610797e+01	2.016534135390603666e+01	1.942271747321709796e+01	2.048682073033707240e+01	2.034787453166741855e+01	2.002423492467395505e+01	2.051748722797302094e+01	1.987925756797056920e+01	2.040368002463810981e+01	1.977851612118478997e+01
2.003628292231033470e+01	2.034553069153452043e+01	1.926046646498858905e+01	2.013424385452087506e+01	2.016789300556377995e+01	3.027543740500980007e+01	2.067611309626856553e+01	2.042620871143019912e+01	2.019254808159490722e+01	2.078416051230682982e+01	2.040593515238288447e+01	2.070736262699114860e+01	2.007252110263845424e+01	2.047530893361735238e+01	2.055893288287528975e+01	2.028586314005508839e+01	2.056538467805448533e+01	2.022030116642189057e+01	2.002025672085982677e+01	2.012606672499236637e+01	2.029429841676231305e+01	2.041400280310078230e+01	2.063091437953704244e+01	2.019253978781269154e+01	2.012957786620699352e+01	2.062475519944760194e+01	2.081879923339379701e+01	2.021405410669225944e+01	2.018057699330427468e+01	2.038067322869838094e+01	2.002618616465761647e+01	2.092166259932085026e+01	2.012390975920041214e+01	2.052764175638142419e+01	2.034077409966217687e+01	2.057539041438145588e+01	2.042478250567706866e+01	2.034502065698864826e+01	2.107630930710564598e+01	2.026223134384561320e+01	1.998540517545302819e+01	2.069483745926827112e+01	2.027405539603979889e+01	2.106088726650363441e+01	2.045758169020938766e+01	2.030418527611110946e+01	2.059810447852443360e+01	2.056379880217627232e+01	2.016247172847299396e+01	2.023711525127953337e+01
2.015993959546643310e+01	2.029570154311202757e+01	1.955712179384337190e+01	2.008127473826506559e+01	1.956682155914726806e+01	2.067611309626856553e+01	3.050787235491993243e+01	2.031642351471936081e+01	2.000973758675318948e+01	2.085709203678465684e+01	2.021535972540051773e+01	2.064679191881084108e+01	2.037190350434858743e+01	1.995144446333211619e+01	2.014794639948383548e+01	1.999799829174599353e+01	2.101078706881976643e+01	2.049052789982153300e+01	1.980255353563385867e+01	2.037097560928720341e+01	2.023662629987226325e+01	2.047798048786481928e+01	2.054103540465549926e+01	2.013315448972661414e+01	2.011525862707986434e+01	2.073064985038425334e+01	2.065089809521958841e+01	1.999978343916072276e+01	2.030659962546178932e+01	2.071489359012050357e+01	2.001384225595169397e+01	2.092133613907760648e+01	2.007252746314418346e+01	2.057730149529725594e+01	2.045404342354614968e+01	2.024029742003786225e+01	2.015157763040070904e+01	2.034327394742637551e+01	2.091151166019841412e+01	2.036367771060244891e+01	2.001749384048837754e+01	2.097106428765790298e+01	2.039616054264887168e+01	2.126003037792538208e+01	2.044019412890722975e+01	2.048313550244827042e+01	2.037066425880118103e+01	2.069481188875791133e+01	2.028716507364976351e+01	2.007209052202532362e+01
1.938357017650540115e+01	1.983463883675144146e+01	1.936308395340369870e+01	2.014741819126941280e+01	2.006153126629683570e+01	2.042620871143019912e+01	2.031642351471936081e+01	2.980084057103218953e+01	1.993559747230421308e+01	2.048476180654140677e+01	1.987556471565952521e+01	2.044741794295518389e+01	1.945500412218216013e+01	2.002737417501524675e+01	1.988968204555245478e+01	1.968789094174196208e+01	2.026924533072190471e+01	2.004120448661683085e+01	1.960932001092293575e+01	2.044238041777479253e+01	1.987508715893433831e+01	1.974616394530104557e+01	2.036449346491882295e+01	1.940831972386780890e+01	1.979140142709239214e+01	2.014369557163488267e+01	2.052022132980425795e+01	1.966372255318871964e+01	1.987768981378836131e+01	2.066825246656057402e+01	1.954196293626023717e+01	2.044382311197022872e+01	1.957461034690217616e+01	2.014963275545728294e+01	2.007889442167768834e+01	2.026053670913499261e+01	1.973002108125959353e+01	2.018626315356462086e+01	2.046424871886687313e+01	2.037625824470194047e+01	1.957006894315709999e+01	2.046281379008107848e+01	2.035431237894561818e+01	2.100148198738818905e+01	1.997474971070494831e+01	2.024930511990516280e+01	2.026872976600782650e+01	2.017447645338086204e+01	1.972795299346866216e+01	1.986965417377671628e+01
1.989186372528366320e+01	2.030870818889634677e+01	1.916480398834045218e+01	2.021021236619109374e+01	2.005152323123982328e+01	2.019254808159490722e+01	2.000973758675318948e+01	1.993559747230421308e+01	3.016825434807406126e+01	2.074258382560733338e+01	1.986603408347790634e+01	2.075208147706285899e+01	2.008027763800279075e+01	2.007356309201583144e+01	1.996707067193326068e+01	2.003391334495110598e+01	2.037562740365211411e+01	1.997377098099313386e+01	1.963137759147416261e+01	2.044934026414721018e+01	2.020062591721028866e+01	2.025167944465083281e+01	2.011875704972433354e+01	1.974128025080990056e+01	2.015747738334799521e+01	2.047099712600228116e+01	2.016077867331195250e+01	1.960166231526493874e+01	2.016676959635769961e+01	2.099022283924539067e+01	1.982293035483266763e+01	2.041412713049163230e+01	2.052390635444119837e+01	2.026684040714003388e+01	2.030392496849555073e+01	2.043346989799438163e+01	2.020626737883446111e+01	2.029872614110294293e+01	2.045465749492164420e+01	2.009994184623408486e+01	2.024342887207046005e+01	2.070990961236227434e+01	2.000920748809107508e+01	2.104848734050644765e+01	2.007907405191397032e+01	2.048367400004675432e+01	2.032675071842550096e+01	2.079194568460117765e+01	2.007812793303193999e+01	1.991343247548036643e+01
1.986292521218088325e+01	2.039026612595887400e+01	1.964937853511088406e+01	2.076775721269562780e+01	2.073408668640190200e+01	2.078416051230682982e+01	2.085709203678465684e+01	2.048476180654140677e+01	2.074258382560733338e+01	3.097122966428100810e+01	2.059198508282442219e+01	2.147833202095559102e+01	2.036550367151653518e+01	2.036655908484710409e+01	2.031392837469159929e+01	2.073534222372207481e+01	2.113238944736880143e+01	2.085746976084104531e+01	2.014990477798317769e+01	2.066458778383338313e+01	2.059687000228451836e+01	2.092519697558766012e+01	2.103056105824188293e+01	2.002301208216905337e+01	2.035122323680644385e+01	2.087395472678113251e+01	2.053837073754527864e+01	2.038479469283851131e+01	2.074331645969125049e+01	2.130989991693192565e+01	2.009816917871791375e+01	2.134880244653641057e+01	2.078532829695283368e+01	2.086680892762248263e+01	2.082049444719597986e+01	2.062879227679692917e+01	2.066698437990643100e+01	2.066427432613810211e+01	2.156708197765598811e+01	2.083104195727506536e+01	2.063967909000412249e+01	2.112634723502200274e+01	2.037113345068716441e+01	2.130821060972778369e+01	2.102317522504958447e+01	2.086016496756838023e+01	2.103172532034755093e+01	2.097405559763260996e+01	2.063094023138895849e+01	2.004755081177309961e+01
1.976005666955008877e+01	2.006636574051018584e+01	1.923633436453230772e+01	2.000226140672154074e+01	1.946086622613341532e+01	2.040593515238288447e+01	2.021535972540051773e+01	1.987556471565952521e+01	1.986603408347790634e+01	2.059198508282442219e+01	3.022958476389855420e+01	2.065900332914901227e+01	1.984611331358310338e+01	1.979850247722334089e+01	1.995503796661873608e+01	1.969225524779530900e+01	2.050763609822028499e+01	2.007873341702207526e+01	1.951570324541390988e+01	1.999752628792653297e+01	1.985263093874713292e+01	2.030900213699739609e+01	2.047172668291260678e+01	1.953812165404031731e+01	1.973217206985612293e+01	2.044476033913335655e+01	2.060064082925461904e+01	1.963160434063929216e+01	2.022278991119689451e+01	2.022650381702365863e+01	1.939757013552315001e+01	2.062353127951684684e+01	1.984967393843759353e+01	2.022413985274737414e+01	2.015059490208681581e+01	2.021635840375636306e+01	1.982529313725895292e+01	2.002879480828205772e+01	2.052864599951695723e+01	2.015717123642901143e+01	1.992251507725332971e+01	2.060584367448314325e+01	2.041635167050866073e+01	2.054044710053885225e+01	2.001166098936030480e+01	1.996243952691624202e+01	2.045348650603405005e+01	2.039048832446880866e+01	2.021191316951163586e+01	2.003436041019278235e+01
2.004166344392043442e+01	2.071033970682498193e+01	1.991863416810346621e+01	2.063729972996693718e+01	2.026381988684562785e+01	2.070736262699114860e+01	2.064679191881084108e+01	2.044741794295518389e+01	2.075208147706285899e+01	2.147833202095559102e+01	2.065900332914901227e+01	3.121767310481368085e+01	2.036761506511283315e+01	2.057063870829953700e+01	2.086470880542924888e+01	2.059267869732735434e+01	2.070796749218022725e+01	2.026069186618038742e+01	2.003975632695999565e+01	2.021345665311897832e+01	2.048360064327791719e+01	2.067413370631982161e+01	2.086977906643848968e+01	2.014837629771741234e+01	2.060907610478167484e+01	2.106507005234393404e+01	2.075677870194904884e+01	2.059088700647875214e+01	2.058511139726932271e+01	2.117269437530232423e+01	2.062817454077920942e+01	2.127026996316367757e+01	2.081998165798874112e+01	2.096352248644987171e+01	2.058461846471369228e+01	2.109725368827342606e+01	2.070385485512886348e+01	2.088795710371186587e+01	2.107167514803906272e+01	2.085820716007835074e+01	2.022065545080941362e+01	2.105046257378365482e+01	2.030937934731306171e+01	2.107703217136168661e+01	2.106332465599717452e+01	2.075618233513564093e+01	2.097222546020165979e+01	2.107578903000235115e+01	2.059720958114336753e+01	2.033848267591424985e+01
1.963236597960183971e+01	1.978041268852806311e+01	1.929081082142948844e+01	1.996338939107193156e+01	1.940266647074137651e+01	2.007252110263845424e+01	2.037190350434858743e+01	1.945500412218216013e+01	2.008027763800279075e+01	2.036550367151653518e+01	1.984611331358310338e+01	2.036761506511283315e+01	2.958493161363834290e+01	1.988787157548726370e+01	1.966812190925575621e+01	1.948112641378353160e+01	2.028824420964021868e+01	2.013772127495135678e+01	1.952246658695061399e+01	1.947122741427837056e+01	1.990731700826539807e+01	1.960489048718405058e+01	2.044982100408139658e+01	1.970459657118886909e+01	1.980127809715452258e+01	2.009333536269125631e+01	1.990243820485783033e+01	1.957747502404552975e+01	1.987922121534345621e+01	2.024666266302828888e+01	1.948986431984436152e+01	2.033574621146913941e+01	1.971268235461170448e+01	2.016034353406611856e+01	2.012299205802103685e+01	2.017094995410051084e+01	2.003225037012683529e+01	2.005032453315958918e+01	2.024477521685021486e+01	2.006940972822997793e+01	1.971461106486384551e+01	2.012286142357748631e+01	1.993785338385952599e+01	2.021950868223136766e+01	2.008151624108509381e+01	2.037450064451298104e+01	2.004534220331292360e+01	2.003625599342558772e+01	1.978912000746100830e+01	1.996230350086117866e+01
1.955401476939091410e+01	2.018231491599787475e+01	1.933543950675450773e+01	1.989249684265960028e+01	1.988924123887885642e+01	2.047530893361735238e+01	1.995144446333211619e+01	2.002737417501524675e+01	2.007356309201583144e+01	2.036655908484710409e+01	1.979850247722334089e+01	2.057063870829953700e+01	1.988787157548726370e+01	2.978405063706794920e+01	1.968199235866596908e+01	1.993532307728272812e+01	2.081584881713223822e+01	1.992031784827609542e+01	1.971304714880904996e+01	1.957800282566143579e+01	1.988502237123145733e+01	1.985623818067192659e+01	2.017132314733656884e+01	1.926894626010951228e+01	1.983032833289665220e+01	2.040791592754179717e+01	1.993101863533541973e+01	1.958195477487599234e+01	2.008257330119032957e+01	2.069672363642203550e+01	1.937465944790973893e+01	2.044482566973555748e+01	2.024739600197748501e+01	2.029696124652972955e+01	2.002948054174137482e+01	2.034886182083246453e+01	1.999117684774101988e+01	2.028139567872287685e+01	2.033185045610940378e+01	2.010182077255597832e+01	1.961204426785983657e+01	2.054719378187715506e+01	1.988542187628316071e+01	2.065986981279713319e+01	2.034835014704145451e+01	2.046552047330421331e+01	1.995150105202763768e+01	2.030819431485292981e+01	1.981374482218767952e+01	1.975083047182805274e+01
1.989383009187088192e+01	2.016434700632567001e+01	1.949235923451121621e+01	1.988895455142107949e+01	1.984640516179212355e+01	2.055893288287528975e+01	2.014794639948383548e+01	1.988968204555245478e+01	1.996707067193326068e+01	2.031392837469159929e+01	1.995503796661873608e+01	2.086470880542924888e+01	1.966812190925575621e+01	1.968199235866596908e+01	2.946152355628390040e+01	1.964575013362690115e+01	2.059548202042871878e+01	2.022120082632201843e+01	1.953230336905019726e+01	2.010433275906413542e+01	2.017230565725321512e+01	1.976472682138373571e+01	2.010976352125837252e+01	1.963835068590402244e+01	1.968265071918526488e+01	2.022476422246058192e+01	2.011534975388873292e+01	1.991581365937724257e+01	1.989344673496873384e+01	2.058875456358997980e+01	1.970624003712933003e+01	2.043854326759325346e+01	1.996185113188845506e+01	1.991187250696846789e+01	1.983453693922272265e+01	2.040714226935310549e+01	2.051559792400007964e+01	1.991128260380626003e+01	2.070333393525744370e+01	1.991193088103271691e+01	1.977555237340289906e+01	2.018443321686303449e+01	2.044733142186076336e+01	2.110917948477582939e+01	2.045603280554009018e+01	2.011807665855918259e+01	2.019413446873032214e+01	2.018605238290835402e+01	2.001090826366539588e+01	1.996120278150833727e+01
1.947347025859518865e+01	2.005270670213311135e+01	1.928127130963313718e+01	2.041560604031834103e+01	1.971094953554777263e+01	2.028586314005508839e+01	1.999799829174599353e+01	1.968789094174196208e+01	2.003391334495110598e+01	2.073534222372207481e+01	1.969225524779530900e+01	2.059267869732735434e+01	1.948112641378353160e+01	1.993532307728272812e+01	1.964575013362690115e+01	2.945124266030334326e+01	2.025708327664794339e+01	1.973871459981315368e+01	1.946797470995934631e+01	1.980935653762827542e+01	1.966545675811553551e+01	2.020294245201826300e+01	2.008249981221844038e+01	1.981448518690385896e+01	1.993476576695523761e+01	2.050284897249512994e+01	2.012066040581903081e+01	1.972438318935639856e+01	1.966494265423789756e+01	2.025610602421244266e+01	1.949381157791226826e+01	1.982795986155726098e+01	1.961794043775211449e+01	1.981410303415326268e+01	2.003490687201058762e+01	2.001875809366740810e+01	2.020353781523236236e+01	1.957520118678143461e+01	2.037336372940161766e+01	1.982516056663592252e+01	1.996002314096016761e+01	2.014090152278259893e+01	1.959014156763139880e+01	2.084781104165056576e+01	2.026433982745860263e+01	2.026528407095194595e+01	2.027127043063816814e+01	2.070566241226389081e+01	1.981973231185573781e+01	1.966054924963046346e+01
2.019761823183208449e+01	2.042652147781492999e+01	1.963795204552152995e+01	2.043090766237079592e+01	2.031121252221757345e+01	2.056538467805448533e+01	2.101078706881976643e+01	2.026924533072190471e+01	2.037562740365211411e+01	2.113238944736880143e+01	2.050763609822028499e+01	2.070796749218022725e+01	2.028824420964021868e+01	2.081584881713223822e+01	2.059548202042871878e+01	2.025708327664794339e+01	3.092296760160854063e+01	2.038978234371375819e+01	2.010717743138812352e+01	2.041580818101298078e+01	2.032672595321301401e+01	2.061558124752400190e+01	2.084610445552748459e+01	2.004728989414901008e+01	1.991416683283373601e+01	2.091548099327346577e+01	2.081830125205220838e+01	2.002612905097629792e+01	2.059559848777803381e+01	2.116960122098832642e+01	2.038334161123794885e+01	2.079245025178594730e+01	2.021314432483949730e+01	2.063384435799534344e+01	2.049532579884165173e+01	2.071783314400164855e+01	2.039941578889048657e+01	2.029606407180804339e+01	2.097838538264109332e+01	2.020270027268635005e+01	2.040399196802632531e+01	2.105124782729781430e+01	2.035791509079755102e+01	2.151182760957007289e+01	2.087761988332781016e+01	2.016453040638345939e+01	2.025542632099629614e+01	2.035928784757158638e+01	2.059226203497653174e+01	2.033434833598582614e+01
1.930318712345479426e+01	2.012692862710187214e+01	1.916326665536372076e+01	2.008507891644324417e+01	1.966019801271339773e+01	2.022030116642189057e+01	2.049052789982153300e+01	2.004120448661683085e+01	1.997377098099313386e+01	2.085746976084104531e+01	2.007873341702207526e+01	2.026069186618038742e+01	2.013772127495135678e+01	1.992031784827609542e+01	2.022120082632201843e+01	1.973871459981315368e+01	2.038978234371375819e+01	2.944077878039058405e+01	1.957937700230360178e+01	1.980974470237872964e+01	2.015561437907588882e+01	1.986795404927716646e+01	2.013424406459037286e+01	1.970052783250752526e+01	2.003813555090490084e+01	2.026556677351704749e+01	2.024431220446094315e+01	1.980370107550068326e+01	1.987129920214025347e+01	2.061147039507423528e+01	1.976567077503417025e+01	2.027048789563094644e+01	2.009918475436865393e+01	2.012413023860301919e+01	2.021636736137107349e+01	2.003613692523301992e+01	1.972716549275301290e+01	2.034569359741449190e+01	2.048744086269548248e+01	2.006145219443590122e+01	2.049002237920148417e+01	2.030000235024436606e+01	2.012444979635463937e+01	2.065651708129153619e+01	2.030330556714955392e+01	2.038136198644690467e+01	1.995663374512582422e+01	2.038864650963349234e+01	2.006014916803706427e+01	1.967825899733948702e+01
1.896542695517596044e+01	1.938661374796308579e+01	1.880976834563086442e+01	1.972911114474305805e+01	1.939915813837559000e+01	2.002025672085982677e+01	1.980255353563385867e+01	1.960932001092293575e+01	1.963137759147416261e+01	2.014990477798317769e+01	1.951570324541390988e+01	2.003975632695999565e+01	1.952246658695061399e+01	1.971304714880904996e+01	1.953230336905019726e+01	1.946797470995934631e+01	2.010717743138812352e+01	1.957937700230360178e+01	2.937973261061596375e+01	1.932425359958794076e+01	1.932431697181616670e+01	1.987194195124193996e+01	2.006123845574137476e+01	1.915866266182208122e+01	1.940897634284161555e+01	2.000386834281353998e+01	1.997631253350878211e+01	1.928546651734968975e+01	1.950664978978194952e+01	2.021578988050456260e+01	1.951322585202202831e+01	2.027925662724886280e+01	1.929693096042895561e+01	2.014926793539592609e+01	1.963682779418955349e+01	1.988849273093612524e+01	1.965413520884445830e+01	1.975234082954328230e+01	2.006026454956301563e+01	1.960665727107479483e+01	1.956916185035970912e+01	1.968060974774673255e+01	1.957284380871868024e+01	2.023873209980779819e+01	1.979998412143713082e+01	1.956173615986431358e+01	1.970766418514745411e+01	1.985075438079937982e+01	1.944100648157117917e+01	1.979237301986221098e+01
1.948497743581785713e+01	1.945036651266396532e+01	1.904552837564258994e+01	2.003998487031123688e+01	1.989411734476112414e+01	2.012606672499236637e+01	2.037097560928720341e+01	2.044238041777479253e+01	2.044934026414721018e+01	2.066458778383338313e+01	1.999752628792653297e+01	2.021345665311897832e+01	1.947122741427837056e+01	1.957800282566143579e+01	2.010433275906413542e+01	1.980935653762827542e+01	2.041580818101298078e+01	1.980974470237872964e+01	1.932425359958794076e+01	3.000434563606468075e+01	1.980882776567802850e+01	2.003410013828570513e+01	2.031268747279886000e+01	1.952190822638650403e+01	1.970694303552389215e+01	2.023604911379349502e+01	1.973631824597844542e+01	1.969620401739151561e+01	1.977871283932528357e+01	2.070910323532195463e+01	1.936631545781557762e+01	2.024803848338664025e+01	1.989025843246373171e+01	2.024653410181146640e+01	2.003789606336244944e+01	1.983659062277580531e+01	2.003372976218649981e+01	2.014320010066163036e+01	1.988237784154406285e+01	1.998784604759336503e+01	1.982358717909918511e+01	2.041233215188410099e+01	1.966522470217734764e+01	2.071765529024486341e+01	1.982467330889394930e+01	2.014988208073820886e+01	2.006555142314208595e+01	2.022008628809633279e+01	1.965894764485067725e+01	1.992098135706253004e+01
1.958341942783261658e+01	1.964398400900291719e+01	1.905024473515480921e+01	1.996079537835591466e+01	1.950855714726561274e+01	2.029429841676231305e+01	2.023662629987226325e+01	1.987508715893433831e+01	2.020062591721028866e+01	2.059687000228451836e+01	1.985263093874713292e+01	2.048360064327791719e+01	1.990731700826539807e+01	1.988502237123145733e+01	2.017230565725321512e+01	1.966545675811553551e+01	2.032672595321301401e+01	2.015561437907588882e+01	1.932431697181616670e+01	1.980882776567802850e+01	2.927821915946080367e+01	1.991792339514607946e+01	2.001530178390988723e+01	1.910459543459199594e+01	1.938669864506973184e+01	2.056166289393797086e+01	2.008551233665868807e+01	1.971012345605317506e+01	1.987966665562845492e+01	2.066985121925715418e+01	1.939695504443202623e+01	1.998576704300261397e+01	1.985890474730686606e+01	2.011681702327418719e+01	1.980154064174912065e+01	2.009777560421418485e+01	1.959393903211975996e+01	2.003198908511487986e+01	2.064958048382900557e+01	2.027600239575441066e+01	1.954877804220730297e+01	2.018066458670661234e+01	1.980355030218072798e+01	2.053581551710050945e+01	2.017849802680123261e+01	2.011521643872806564e+01	1.997054478734768779e+01	1.991664255708166920e+01	1.998323460233931570e+01	1.999587021509834273e+01
1.965504588820571286e+01	1.978089317937888580e+01	1.901563200241393048e+01	2.030704135320357651e+01	1.976574746703216690e+01	2.041400280310078230e+01	2.047798048786481928e+01	1.974616394530104557e+01	2.025167944465083281e+01	2.092519697558766012e+01	2.030900213699739609e+01	2.067413370631982161e+01	1.960489048718405058e+01	1.985623818067192659e+01	1.976472682138373571e+01	2.020294245201826300e+01	2.061558124752400190e+01	1.986795404927716646e+01	1.987194195124193996e+01	2.003410013828570513e+01	1.991792339514607946e+01	2.985725619874736481e+01	2.021705698761556036e+01	1.951597341228739424e+01	1.969570335545561335e+01	2.036214998859914616e+01	1.985885112733483027e+01	1.975126878668575259e+01	2.024523466847603714e+01	2.071454428451896135e+01	1.992094304874122557e+01	2.064406560738628826e+01	2.038674616757809233e+01	2.044769431792062164e+01	2.035772987443670701e+01	2.033211913919787150e+01	2.035904783607568547e+01	2.005616680456232004e+01	2.058236185766883253e+01	2.032875751841019252e+01	1.983173122655368914e+01	2.035510890495703151e+01	1.987073817511796747e+01	2.061864624545459179e+01	2.012416223667594295e+01	2.034346468848288936e+01	2.014771731122832321e+01	2.045344024320907295e+01	2.025237686482917354e+01	2.010731537559219007e+01
2.007485496611561260e+01	2.019458370589840612e+01	1.961262399143933166e+01	2.035658281900915512e+01	2.004108859997984382e+01	2.063091437953704244e+01	2.054103540465549926e+01	2.036449346491882295e+01	2.011875704972433354e+01	2.103056105824188293e+01	2.047172668291260678e+01	2.086977906643848968e+01	2.044982100408139658e+01	2.017132314733656884e+01	2.010976352125837252e+01	2.008249981221844038e+01	2.084610445552748459e+01	2.013424406459037286e+01	2.006123845574137476e+01	2.031268747279886000e+01	2.001530178390988723e+01	2.021705698761556036e+01	3.008853598264390783e+01	1.961648900067764956e+01	1.959577378044174978e+01	2.057680724777240755e+01	2.048494646203501901e+01	1.997948766829070877e+01	1.999153432699415944e+01	2.066326523719174091e+01	2.009409734880832588e+01	2.036249035471915647e+01	2.026622074062130707e+01	2.048963718431160075e+01	2.009133786848061831e+01	2.035862877954479444e+01	2.015438024116696170e+01	2.033240206925777116e+01	2.098501702070774044e+01	2.052225688694320738e+01	2.023577877295443628e+01	2.074298963357554015e+01	2.021020294915154025e+01	2.111511903925257982e+01	2.047653007955066329e+01	2.002668063573767654e+01	2.060113815807523352e+01	2.050814834619557203e+01	2.062049987964051923e+01	2.014902136423253509e+01
1.928423184588762851e+01	1.932668227801273275e+01	1.873075556782111661e+01	1.984072370963518139e+01	1.914244891914976066e+01	2.019253978781269154e+01	2.013315448972661414e+01	1.940831972386780890e+01	1.974128025080990056e+01	2.002301208216905337e+01	1.953812165404031731e+01	2.014837629771741234e+01	1.970459657118886909e+01	1.926894626010951228e+01	1.963835068590402244e+01	1.981448518690385896e+01	2.004728989414901008e+01	1.970052783250752526e+01	1.915866266182208122e+01	1.952190822638650403e+01	1.910459543459199594e+01	1.951597341228739424e+01	1.961648900067764956e+01	2.850125008792720749e+01	1.916561869179942335e+01	1.981468412757887876e+01	1.974616373229699562e+01	1.980423604698642492e+01	1.975333383469565263e+01	2.049445131725190095e+01	1.907068419762949674e+01	1.997344311388436466e+01	1.959686537165158171e+01	1.972190085743539001e+01	1.942853090048608777e+01	1.964361352571271269e+01	1.966346253091749219e+01	1.918051819211814646e+01	1.996647523818799641e+01	1.934625704808795987e+01	1.936508753954502637e+01	1.993695510902286827e+01	1.968650753204655501e+01	2.032452987961501378e+01	2.007760105359356473e+01	1.960718336367967041e+01	1.988656580926012296e+01	1.958094622698829212e+01	1.965095490186868687e+01	1.956306393793657250e+01
1.953470886688069186e+01	1.961882460216472523e+01	1.881813832865261915e+01	1.984612603963078570e+01	1.934724307385635100e+01	2.012957786620699352e+01	2.011525862707986434e+01	1.979140142709239214e+01	2.015747738334799521e+01	2.035122323680644385e+01	1.973217206985612293e+01	2.060907610478167484e+01	1.980127809715452258e+01	1.983032833289665220e+01	1.968265071918526488e+01	1.993476576695523761e+01	1.991416683283373601e+01	2.003813555090490084e+01	1.940897634284161555e+01	1.970694303552389215e+01	1.938669864506973184e+01	1.969570335545561335e+01	1.959577378044174978e+01	1.916561869179942335e+01	2.946191610145847406e+01	2.010223499923863244e+01	1.989051471576136265e+01	1.937491181917419425e+01	1.973109946436042961e+01	2.037397199213412335e+01	1.950221876736750559e+01	2.018400414848509783e+01	1.987706108232494984e+01	1.975918467450873095e+01	2.023113642290184444e+01	1.989532348706503839e+01	1.952423516535031922e+01	1.975631874850414960e+01	2.026353075663240233e+01	1.995519816698924132e+01	1.972835659456979229e+01	2.037667083881613550e+01	1.951072008419640724e+01	2.088886068147048292e+01	1.983764169154292389e+01	1.997305087302614268e+01	1.991947488923627674e+01	2.014208524326571137e+01	2.000435892356241041e+01	1.916159103160431698e+01
2.030377781384616043e+01	2.060526061705583700e+01	1.941144876787275209e+01	2.055763959650856876e+01	2.032295789238560602e+01	2.062475519944760194e+01	2.073064985038425334e+01	2.014369557163488267e+01	2.047099712600228116e+01	2.087395472678113251e+01	2.044476033913335655e+01	2.106507005234393404e+01	2.009333536269125631e+01	2.040791592754179717e+01	2.022476422246058192e+01	2.050284897249512994e+01	2.091548099327346577e+01	2.026556677351704749e+01	2.000386834281353998e+01	2.023604911379349502e+01	2.056166289393797086e+01	2.036214998859914616e+01	2.057680724777240755e+01	1.981468412757887876e+01	2.010223499923863244e+01	3.033626628771837375e+01	2.095058680115453953e+01	2.006848500143591707e+01	2.039804841842173388e+01	2.121293507745415852e+01	2.013024214203031192e+01	2.070301199887668986e+01	2.019565420669075095e+01	2.047987961060223938e+01	2.068356498500587648e+01	2.037842758474639382e+01	2.032585924816345724e+01	2.051669422740813076e+01	2.112888737350543167e+01	2.048238539192850638e+01	2.004354122237609204e+01	2.047767535645875014e+01	2.009710862517489005e+01	2.119533528547368917e+01	2.041484394960802717e+01	2.047295340133949892e+01	2.096073564383089405e+01	2.079714929465174933e+01	2.060814074025126175e+01	2.031912071969185263e+01
1.970334371939117446e+01	2.014569065279670923e+01	1.965735923362452198e+01	2.025333175507052275e+01	1.984844715146703109e+01	2.081879923339379701e+01	2.065089809521958841e+01	2.052022132980425795e+01	2.016077867331195250e+01	2.053837073754527864e+01	2.060064082925461904e+01	2.075677870194904884e+01	1.990243820485783033e+01	1.993101863533541973e+01	2.011534975388873292e+01	2.012066040581903081e+01	2.081830125205220838e+01	2.024431220446094315e+01	1.997631253350878211e+01	1.973631824597844542e+01	2.008551233665868807e+01	1.985885112733483027e+01	2.048494646203501901e+01	1.974616373229699562e+01	1.989051471576136265e+01	2.095058680115453953e+01	2.973040680208175957e+01	1.979395289867354535e+01	2.004675289111353464e+01	2.066718850512843630e+01	1.978121417803452786e+01	2.068845234236109221e+01	2.045994428894464789e+01	2.010757061661301393e+01	2.053704071080949234e+01	1.967914249498114998e+01	2.053745867234854217e+01	1.989658071234186565e+01	2.097742760485838787e+01	2.020446134092167512e+01	1.998259942806807032e+01	2.043702989637542089e+01	2.020932994500125091e+01	2.105099194816252961e+01	2.000745424854359200e+01	2.037951565487380989e+01	2.051869836175774608e+01	2.025529467837645115e+01	2.026241230808742699e+01	1.999562734937487463e+01
1.943850046458787517e+01	1.948925680947017369e+01	1.877835253374037805e+01	1.962338001724609171e+01	1.909235757079250817e+01	2.021405410669225944e+01	1.999978343916072276e+01	1.966372255318871964e+01	1.960166231526493874e+01	2.038479469283851131e+01	1.963160434063929216e+01	2.059088700647875214e+01	1.957747502404552975e+01	1.958195477487599234e+01	1.991581365937724257e+01	1.972438318935639856e+01	2.002612905097629792e+01	1.980370107550068326e+01	1.928546651734968975e+01	1.969620401739151561e+01	1.971012345605317506e+01	1.975126878668575259e+01	1.997948766829070877e+01	1.980423604698642492e+01	1.937491181917419425e+01	2.006848500143591707e+01	1.979395289867354535e+01	2.927439268943468065e+01	1.966136099243199098e+01	2.061488488092704330e+01	1.950298370845848694e+01	1.994070932365090698e+01	1.952874870107095617e+01	1.993459807610236467e+01	1.987250810230252895e+01	2.019385333811265326e+01	1.964485695726192205e+01	1.965004332008732035e+01	2.006790865628123655e+01	1.982446593486051611e+01	1.941693637222136104e+01	2.001539527177298439e+01	1.975465088026677662e+01	2.056354624580225732e+01	2.020547609662574828e+01	1.988503067507221900e+01	2.016075371710974551e+01	2.001366857118916442e+01	1.967331258664306404e+01	1.950870260171002002e+01
1.993796118469325052e+01	2.018994340496438156e+01	1.919647669938980883e+01	2.005566709410878445e+01	2.003494840701949542e+01	2.018057699330427468e+01	2.030659962546178932e+01	1.987768981378836131e+01	2.016676959635769961e+01	2.074331645969125049e+01	2.022278991119689451e+01	2.058511139726932271e+01	1.987922121534345621e+01	2.008257330119032957e+01	1.989344673496873384e+01	1.966494265423789756e+01	2.059559848777803381e+01	1.987129920214025347e+01	1.950664978978194952e+01	1.977871283932528357e+01	1.987966665562845492e+01	2.024523466847603714e+01	1.999153432699415944e+01	1.975333383469565263e+01	1.973109946436042961e+01	2.039804841842173388e+01	2.004675289111353464e+01	1.966136099243199098e+01	2.929123210460504723e+01	2.074189802209929212e+01	1.940668317190739955e+01	2.025635505689477256e+01	2.013740392612099228e+01	2.011814273459452806e+01	2.004445011578508939e+01	2.010337847100575459e+01	2.027229399378457231e+01	2.012778648604620457e+01	2.027942756292208415e+01	2.027230925712854059e+01	2.039430250449207449e+01	2.033753743364731292e+01	1.989653726661091326e+01	2.051644380577225846e+01	2.028875950843607967e+01	2.012906643182541089e+01	2.023841192771787689e+01	2.016071443958615106e+01	1.996309553769821221e+01	1.983308023279680299e+01
2.057417442584949185e+01	2.051724905565555801e+01	2.019455134338895874e+01	2.059002798080362950e+01	2.036043770559936306e+01	2.038067322869838094e+01	2.071489359012050357e+01	2.066825246656057402e+01	2.099022283924539067e+01	2.130989991693192565e+01	2.022650381702365863e+01	2.117269437530232423e+01	2.024666266302828888e+01	2.069672363642203550e+01	2.058875456358997980e+01	2.025610602421244266e+01	2.116960122098832642e+01	2.061147039507423528e+01	2.021578988050456260e+01	2.070910323532195463e+01	2.066985121925715418e+01	2.071454428451896135e+01	2.066326523719174091e+01	2.049445131725190095e+01	2.037397199213412335e+01	2.121293507745415852e+01	2.066718850512843630e+01	2.061488488092704330e+01	2.074189802209929212e+01	3.112828131551989230e+01	2.023821103626556805e+01	2.104037988137674020e+01	2.067175275586542327e+01	2.075058760185401852e+01	2.091322959365896139e+01	2.079829693073856589e+01	2.043338069343527508e+01	2.048722176227775904e+01	2.120162168515495793e+01	2.072676891917464914e+01	2.037904569900907248e+01	2.108024690373724397e+01	2.066221513454339487e+01	2.127242075964307944e+01	2.097265826980848402e+01	2.074498876733640174e+01	2.101369627549066266e+01	2.104129523979805327e+01	2.066725906157629922e+01	2.028724976630501686e+01
1.935861853734325777e+01	1.916777249591590504e+01	1.882949399425941195e+01	1.999646823644908267e+01	1.968311153590069296e+01	2.002618616465761647e+01	2.001384225595169397e+01	1.954196293626023717e+01	1.982293035483266763e+01	2.009816917871791375e+01	1.939757013552315001e+01	2.062817454077920942e+01	1.948986431984436152e+01	1.937465944790973893e+01	1.970624003712933003e+01	1.949381157791226826e+01	2.038334161123794885e+01	1.976567077503417025e+01	1.951322585202202831e+01	1.936631545781557762e+01	1.939695504443202623e+01	1.992094304874122557e+01	2.009409734880832588e+01	1.907068419762949674e+01	1.950221876736750559e+01	2.013024214203031192e+01	1.978121417803452786e+01	1.950298370845848694e+01	1.940668317190739955e+01	2.023821103626556805e+01	2.931551100657661735e+01	2.006509897568961165e+01	1.979234560592269432e+01	1.995039407830842393e+01	1.989245387318777958e+01	1.981023294922220401e+01	1.950811522299954603e+01	1.951408237508239907e+01	2.034938565708723246e+01	1.983473536500823187e+01	1.929366768016564393e+01	2.002483801704187272e+01	1.967926229339586897e+01	2.073590761125983661e+01	2.036893745260997690e+01	1.976282862195484569e+01	2.035680482939365632e+01	1.993682759442709340e+01	1.949935923255702974e+01	2.022462197045253518e+01
2.018173828396996683e+01	2.021913316754199386e+01	1.959871910448871901e+01	2.062936409600299825e+01	2.025733325220134873e+01	2.092166259932085026e+01	2.092133613907760648e+01	2.044382311197022872e+01	2.041412713049163230e+01	2.134880244653641057e+01	2.062353127951684684e+01	2.127026996316367757e+01	2.033574621146913941e+01	2.044482566973555748e+01	2.043854326759325346e+01	1.982795986155726098e+01	2.079245025178594730e+01	2.027048789563094644e+01	2.027925662724886280e+01	2.024803848338664025e+01	1.998576704300261397e+01	2.064406560738628826e+01	2.036249035471915647e+01	1.997344311388436466e+01	2.018400414848509783e+01	2.070301199887668986e+01	2.068845234236109221e+01	1.994070932365090698e+01	2.025635505689477256e+01	2.104037988137674020e+01	2.006509897568961165e+01	3.049212024633834872e+01	2.035326046348114915e+01	2.067679186471628583e+01	2.059256409155563361e+01	2.076139210719981776e+01	2.028230985960454547e+01	2.036906619618562786e+01	2.081700115606595247e+01	2.028024917445480924e+01	2.040432217300954321e+01	2.060103450257267710e+01	2.029486835295073632e+01	2.136662475381608317e+01	2.066546161408093241e+01	2.022515274544822717e+01	2.022896165239467337e+01	2.079997750011974489e+01	2.030329205904813605e+01	2.004006814488258570e+01
