2.910645817943311187e+01	2.001934893618494726e+01	1.935771035902810766e+01	1.973356537647172004e+01	1.999717311571510692e+01	1.918374700715305181e+01	1.976112854539455554e+01	1.958921261018033277e+01	1.928441123099500487e+01	1.950984084934638929e+01	1.969646698609627933e+01	2.010808438595894643e+01	1.976974393669039642e+01	1.949493467483603837e+01	1.946131740064410565e+01	1.912620225626254467e+01	1.915669585045328205e+01	1.990224286878046200e+01	1.977095947735061188e+01	1.955060062549668487e+01	1.948241209745607350e+01	1.932521334456711770e+01	1.901346982796873419e+01	2.028896422568763569e+01	1.971201556510347075e+01	1.918957156351075000e+01	1.993957314174323869e+01	1.907418143050212933e+01	1.983030030208900740e+01	1.947815028770971679e+01	1.974764228376060160e+01	1.993050463612949486e+01	1.965710748340309877e+01	1.921126876965728059e+01	1.987671636589474033e+01	1.945229548824719856e+01	1.968049179641626978e+01	1.960193529729502160e+01	2.036741691691799971e+01	1.940690532464884299e+01	1.989364872730471490e+01	1.939745263702807421e+01	1.994365369711184854e+01	2.009936781128480732e+01	2.030560294046365044e+01	1.906026925062286992e+01	1.989228988219690919e+01	1.952799583628150870e+01	1.977086087515204937e+01	1.986398576443857777e+01
2.001934893618494726e+01	3.007858702462905498e+01	2.004819465990126659e+01	2.018639087804659482e+01	2.078538738283267762e+01	2.054587850100860891e+01	2.062316654333304200e+01	1.988742335659678773e+01	2.027092551677980836e+01	1.994981845005016652e+01	2.033771740655470239e+01	2.089734579023327399e+01	2.041390081783880461e+01	2.004927391337423970e+01	2.011302140911464420e+01	2.010044827987403693e+01	1.988148825116629936e+01	2.058346040248737197e+01	2.004907948066766110e+01	2.044753294595124515e+01	2.039831266145998256e+01	2.025218909948139867e+01	2.011738551348547333e+01	2.073140039767547194e+01	2.040184768531816673e+01	2.008115906768798453e+01	2.059748613364875425e+01	2.024425746917670210e+01	2.008009191188782694e+01	2.012588375627732873e+01	2.017426210905199113e+01	2.068635712963293116e+01	2.009114651285594988e+01	2.008186483918633058e+01	2.076880170620099264e+01	2.012825696000357212e+01	2.032792165662647932e+01	1.999075446043503845e+01	2.094436261089160567e+01	1.967014881071595056e+01	2.060904299596488798e+01	2.043488914934258815e+01	2.104253315609544117e+01	2.098357422278792583e+01	2.040918197985872951e+01	1.964256130005212952e+01	2.025864355209654732e+01	2.006999411025367053e+01	2.004469378942945923e+01	2.058378739536962598e+01
1.935771035902810766e+01	2.004819465990126659e+01	2.989608159060349024e+01	1.987775243312202633e+01	2.021823114995598658e+01	1.986941033806626322e+01	2.042080954454127806e+01	1.967900854857655801e+01	1.991708287719727011e+01	1.985254139752127855e+01	1.987419550183342309e+01	2.059987758480923858e+01	2.015146347317683961e+01	2.008475510648001006e+01	1.988484369103078109e+01	1.980370670464982652e+01	1.964638763054309223e+01	2.027982925987215879e+01	1.971452944293536902e+01	1.950701539742857449e+01	1.996799166067181019e+01	2.005693812512575747e+01	1.920655313269651288e+01	2.015776985446735026e+01	1.962056703146175352e+01	2.003233378285620248e+01	2.023690130442246371e+01	1.935645476677746757e+01	2.028257513537420209e+01	1.992981079233953778e+01	1.951519027891732705e+01	2.106154176401656741e+01	1.993990904282810206e+01	1.959187972532308919e+01	1.996125443909471642e+01	1.996385335519868676e+01	2.006918758409879899e+01	1.985989227666247814e+01	2.040322145745415128e+01	1.960093035562277564e+01	2.011810005456215222e+01	2.049345221514486681e+01	2.058018171994951828e+01	2.061382045009209207e+01	2.010243691161584678e+01	1.941293452208617509e+01	2.004278853414276185e+01	1.988036807595676336e+01	2.006309741481247499e+01	2.006497365160782564e+01
1.973356537647172004e+01	2.018639087804659482e+01	1.987775243312202633e+01	2.987844966497943489e+01	2.049843747779098280e+01	2.010881665886144631e+01	2.011713726373287159e+01	1.949708136454320240e+01	2.020894287487908159e+01	2.013319319834776167e+01	2.008317515411128795e+01	2.085342257068638361e+01	1.994320611218527617e+01	1.953438802757874626e+01	2.005460333031768272e+01	1.997887300121888288e+01	2.003300153345801249e+01	2.046275621835540548e+01	1.976924013845741257e+01	1.946483175764252849e+01	2.007950994307439885e+01	1.995048938716447040e+01	1.947670905405120223e+01	2.004980952198900468e+01	1.999907253493173442e+01	1.977029828811516410e+01	2.022265757223379268e+01	1.932828922454644172e+01	2.014543531525762532e+01	2.025672007857082235e+01	1.992546887445615766e+01	2.055129239453109236e+01	2.001613528081329108e+01	1.974740492287644855e+01	1.997049678882172685e+01	2.021889506993993990e+01	2.022458599828872750e+01	1.986117319653750002e+01	2.090834478486944548e+01	1.960790410498597325e+01	2.027964127767353020e+01	1.993204821670453342e+01	2.051423142865286664e+01	2.065968883067912998e+01	2.006137694911355140e+01	1.940465938395828260e+01	1.988181483408738259e+01	1.999867218217969622e+01	1.999864223061011614e+01	2.020123752421821450e+01
1.999717311571510692e+01	2.078538738283267762e+01	2.021823114995598658e+01	2.049843747779098280e+01	3.054117479313294581e+01	2.019123093678404146e+01	2.060333279334291845e+01	2.022589722716813299e+01	2.034652364193003038e+01	2.022228508839524252e+01	2.045837674896008451e+01	2.090678749316386131e+01	2.017578410577876724e+01	2.013608422274014487e+01	2.057559665086555256e+01	2.042545120884874876e+01	2.019053021928657543e+01	2.026677056185545567e+01	2.044030675639461236e+01	2.043222410017501289e+01	2.055448472316164299e+01	2.036828283498583048e+01	1.998679996906718515e+01	2.076870830902891285e+01	2.053433713167205710e+01	2.001654987361533955e+01	2.039626485482089535e+01	1.977873757692659140e+01	2.055394353344782488e+01	2.026866565022776356e+01	2.026830717861686537e+01	2.095009556990767052e+01	2.064327172765853646e+01	2.027192489240173856e+01	2.022942935157929512e+01	2.009025590621519797e+01	2.078574579060662941e+01	2.022639813000616726e+01	2.082460595255203728e+01	2.005995947886285080e+01	2.053934458123378803e+01	2.056753182557379134e+01	2.093747289110510579e+01	2.123632879126920869e+01	2.044429687247889049e+01	1.932334591945609503e+01	2.033402616645815542e+01	2.049978865659680238e+01	2.010611531756375570e+01	2.072952909038190228e+01
1.918374700715305181e+01	2.054587850100860891e+01	1.986941033806626322e+01	2.010881665886144631e+01	2.019123093678404146e+01	3.008244560800046230e+01	2.000651777036098977e+01	1.930319746257811886e+01	1.990479715500489988e+01	1.959091645044302865e+01	1.987152264032757998e+01	2.039660496750982688e+01	1.997052489895087035e+01	1.986605224275594139e+01	1.997747866068577594e+01	1.977276217198523156e+01	1.933840530169105776e+01	2.013868378336886877e+01	1.957360309533217801e+01	1.975110314453938898e+01	1.991414816007024768e+01	1.985193597646807007e+01	1.953564299376607494e+01	2.023413387235997263e+01	1.996550126596070740e+01	2.006806858856985087e+01	2.005122528067440868e+01	1.938458534264233180e+01	2.009086858600146996e+01	2.005503047857444798e+01	1.996997083026877462e+01	2.042852179253151235e+01	1.964044094993885281e+01	1.948054911825182955e+01	1.988471501224373839e+01	1.988700682378203055e+01	2.032616042072560703e+01	1.980285898092742869e+01	2.048395773472386594e+01	1.965256844421819693e+01	2.013398736523721411e+01	2.007789116123293383e+01	2.050629779576775391e+01	2.046334385677649337e+01	2.019914689881854741e+01	1.965665845762530139e+01	2.000277628168181110e+01	1.970323616145761392e+01	2.007114688295741800e+01	2.026222015963879741e+01
1.976112854539455554e+01	2.062316654333304200e+01	2.042080954454127806e+01	2.011713726373287159e+01	2.060333279334291845e+01	2.000651777036098977e+01	3.002017724173263247e+01	1.992759294591488128e+01	2.029411937414108280e+01	1.990423779454180320e+01	2.050241146103053680e+01	2.111419110775502261e+01	2.061345894833599246e+01	2.005204825831954807e+01	2.042531564501586416e+01	2.014742093026189806e+01	1.978770560199537343e+01	2.031240039127440866e+01	2.028806690342795704e+01	2.037127508912775298e+01	2.041050170872953018e+01	1.994547072681584865e+01	1.981454029225297475e+01	2.063431456547004572e+01	2.050172562270820364e+01	2.006293747352047063e+01	2.016742573164938435e+01	1.990618322424912989e+01	2.035167378356458556e+01	2.040386676325826443e+01	2.046684155050385812e+01	2.104433053510566864e+01	2.012599671767575060e+01	1.962704307843415563e+01	2.052860457042428166e+01	2.033008708685392207e+01	2.030465487819935078e+01	2.043173974676123450e+01	2.070647290633638704e+01	1.962143127505049378e+01	2.053473708757987382e+01	2.063568133874941779e+01	2.109850310330725520e+01	2.048821503316892390e+01	2.066937625199789963e+01	1.977087718746122746e+01	2.008315395934128489e+01	2.049932896004500549e+01	2.008947896189868132e+01	2.018977127299099905e+01
1.958921261018033277e+01	1.988742335659678773e+01	1.967900854857655801e+01	1.949708136454320240e+01	2.022589722716813299e+01	1.930319746257811886e+01	1.992759294591488128e+01	2.949550180482784967e+01	1.975849031727172189e+01	1.992073695507121656e+01	1.990384481621284252e+01	2.023758269703732182e+01	1.982903949763312212e+01	2.003855337381680357e+01	1.961482895606977905e+01	1.975762054250103361e+01	1.946350043443864308e+01	1.958093560659982657e+01	1.975297367089842737e+01	1.957679350866656875e+01	2.012787973000008535e+01	1.988299378534726713e+01	1.917832561019387683e+01	2.018926122937793366e+01	1.966361832165671331e+01	1.961933337843047553e+01	1.987861576195449587e+01	1.944883954861937170e+01	2.000391105674630410e+01	1.992657810292396547e+01	1.963208849933301892e+01	2.028225909340742206e+01	1.995153924732748507e+01	1.945443454742146372e+01	1.977254722692093836e+01	1.951570494181604687e+01	2.005861707938624505e+01	1.957215612159259877e+01	2.045861671012696448e+01	1.916431042756611447e+01	2.007435676245962597e+01	2.029541377422442139e+01	2.031138415079509585e+01	2.035244270383852339e+01	2.012497355169291069e+01	1.896259834729195148e+01	2.005542274406180070e+01	1.968205779245852227e+01	1.948236911803236993e+01	2.006140730088134205e+01
1.928441123099500487e+01	2.027092551677980836e+01	1.991708287719727011e+01	2.020894287487908159e+01	2.034652364193003038e+01	1.990479715500489988e+01	2.029411937414108280e+01	1.975849031727172189e+01	2.963521835759859613e+01	2.000575024990527595e+01	1.926666481506616790e+01	2.056244518617892680e+01	1.967783945002649304e+01	1.983269117904248446e+01	1.941189525024712026e+01	1.974294632898144286e+01	1.942859556859729153e+01	2.008243982406972350e+01	1.968511282400709916e+01	2.006971214638441481e+01	1.973417792233978929e+01	1.918182038834564196e+01	1.913049958138597972e+01	2.026480196470882689e+01	1.977760419179461238e+01	1.956588660085485998e+01	2.001556796286905993e+01	1.928302919177138364e+01	2.014880396047503552e+01	1.999305979744944750e+01	1.986315329133984875e+01	1.986801641627585013e+01	2.002792336408061402e+01	1.946368027168532322e+01	1.990139908655572754e+01	1.947699944115151638e+01	1.990374365412415258e+01	1.957084638593259029e+01	2.031464259547266238e+01	1.969176266086696003e+01	2.015587213078165973e+01	2.022439076528944923e+01	2.053955053433628208e+01	2.016631416631020102e+01	2.024974315014175730e+01	1.904955438288171976e+01	1.977914547608410345e+01	1.958225616194190621e+01	1.962175231710994439e+01	2.021561519988832600e+01
1.950984084934638929e+01	1.994981845005016652e+01	1.985254139752127855e+01	2.013319319834776167e+01	2.022228508839524252e+01	1.959091645044302865e+01	1.990423779454180320e+01	1.992073695507121656e+01	2.000575024990527595e+01	2.956850266502346614e+01	1.987087609622991380e+01	2.049544616371264638e+01	1.984222838853510140e+01	1.939076043703913754e+01	1.987461267216417582e+01	1.989810228879943210e+01	1.979663535019415477e+01	2.020052587858114279e+01	1.983800569878476239e+01	1.970964240312552462e+01	2.015921269280388728e+01	1.987313171064350215e+01	1.934184303572851960e+01	2.032297834706608342e+01	1.966089153334956663e+01	1.954862295986646714e+01	2.004667663650847587e+01	1.911371249684178153e+01	2.013816339342120187e+01	1.986577441038230774e+01	1.963201065738133266e+01	2.039507252304133189e+01	1.985129756384904809e+01	1.925616414126978526e+01	2.011266693845735887e+01	1.958129871398653066e+01	2.064725310099335331e+01	1.977524116021360001e+01	2.053430689772494944e+01	1.927102818091566050e+01	2.007359282958920943e+01	2.044431500468603957e+01	2.042862066969766488e+01	2.064869323120599276e+01	2.050744327513649523e+01	1.911059783287804592e+01	1.989951822706546380e+01	2.008359203224367207e+01	1.944958987333308542e+01	2.012848274195873444e+01
1.969646698609627933e+01	2.033771740655470239e+01	1.987419550183342309e+01	2.008317515411128795e+01	2.045837674896008451e+01	1.987152264032757998e+01	2.050241146103053680e+01	1.990384481621284252e+01	1.926666481506616790e+01	1.987087609622991380e+01	2.969696417148931644e+01	2.075365203547977444e+01	2.023467936496611586e+01	1.957006469808846560e+01	1.996637552259221593e+01	1.985184332735826018e+01	1.980435514704447897e+01	1.965326344983467877e+01	1.986584439551207026e+01	1.995330539020404714e+01	2.013437276618036975e+01	1.985479535554645381e+01	1.970307079290313013e+01	2.027928286632023713e+01	1.988363397428156887e+01	1.986616000136739046e+01	2.045560836553983819e+01	1.975988866840577174e+01	1.987607309829644819e+01	1.994403831237382718e+01	1.984169646218705196e+01	2.083112980827554495e+01	1.993531798644457353e+01	1.950743004397951452e+01	1.980334443486848173e+01	1.996846942272447478e+01	2.028137351631157870e+01	2.001932173397031534e+01	2.057331889955739967e+01	1.921742661019257170e+01	2.024556994829908874e+01	1.990420105785504035e+01	2.034800680503457926e+01	2.070247065111123419e+01	2.035612019679605922e+01	1.923342071945184273e+01	1.998726492957653633e+01	1.991902325415862762e+01	2.013641225184076333e+01	2.001099997775834893e+01
2.010808438595894643e+01	2.089734579023327399e+01	2.059987758480923858e+01	2.085342257068638361e+01	2.090678749316386131e+01	2.039660496750982688e+01	2.111419110775502261e+01	2.023758269703732182e+01	2.056244518617892680e+01	2.049544616371264638e+01	2.075365203547977444e+01	3.056245963538686894e+01	2.014435915121660159e+01	2.039883359538587726e+01	2.059535641931677574e+01	2.002383690070998057e+01	1.993922254410574624e+01	2.049247740657532546e+01	2.011847460282432465e+01	2.016703630018861659e+01	2.083108295689754996e+01	2.040978893632416558e+01	2.000895182540611827e+01	2.044717073196132873e+01	2.057473994684175977e+01	2.009850281092302282e+01	2.051326961744354449e+01	1.968900293743296004e+01	2.072805641416342937e+01	2.037888523045372580e+01	2.022405472168483698e+01	2.116193273493270155e+01	2.062003051752155258e+01	2.001609528899877688e+01	2.059934353465009949e+01	2.029870319642259346e+01	2.047342543136281279e+01	2.014182386650440648e+01	2.119019303079619476e+01	1.998028751577014006e+01	2.096349511338572214e+01	2.076642505142794448e+01	2.095032725638768056e+01	2.106798630759242741e+01	2.099605500668178948e+01	2.005461262191246163e+01	2.058740653197581949e+01	2.040325115228066721e+01	2.031521688774947876e+01	2.097912260042275889e+01
1.976974393669039642e+01	2.041390081783880461e+01	2.015146347317683961e+01	1.994320611218527617e+01	2.017578410577876724e+01	1.997052489895087035e+01	2.061345894833599246e+01	1.982903949763312212e+01	1.967783945002649304e+01	1.984222838853510140e+01	2.023467936496611586e+01	2.014435915121660159e+01	2.992784490284617505e+01	1.985778491185176975e+01	2.009492605027057976e+01	2.015316961406130503e+01	1.969372487675791561e+01	2.014342583750309501e+01	2.004657685649523202e+01	1.971867083183479963e+01	2.026291468620292235e+01	1.986902314992271457e+01	1.988595180108385918e+01	2.061706991344294337e+01	2.030800117438267449e+01	1.966475097861770394e+01	1.982124791486534221e+01	1.976431075662744163e+01	2.003003082885602737e+01	2.018533505694090380e+01	1.998402487484940337e+01	2.041233520531186230e+01	1.982422496616821306e+01	1.957810809663816798e+01	2.006260054188621922e+01	2.023313769667307582e+01	2.005490373704989793e+01	1.995672483825838484e+01	2.033685199844200042e+01	1.935278009508822095e+01	2.022975479247176267e+01	2.028735328141458538e+01	2.036455843495025775e+01	2.074576507804920666e+01	2.015052011451935599e+01	1.926172671697507255e+01	2.009989402151732207e+01	1.983403850582459427e+01	2.008595009903082484e+01	2.036047172455580778e+01
1.949493467483603837e+01	2.004927391337423970e+01	2.008475510648001006e+01	1.953438802757874626e+01	2.013608422274014487e+01	1.986605224275594139e+01	2.005204825831954807e+01	2.003855337381680357e+01	1.983269117904248446e+01	1.939076043703913754e+01	1.957006469808846560e+01	2.039883359538587726e+01	1.985778491185176975e+01	2.940793575896252321e+01	2.002385693412476186e+01	1.967605103868783090e+01	1.960556094743959576e+01	1.995884919056684836e+01	1.937153548320821628e+01	1.973495188184489990e+01	2.004194653316572783e+01	1.945867258854118376e+01	1.925553284142391419e+01	1.966277902954847079e+01	1.958354494162379211e+01	1.941619977379114914e+01	2.041193751008040991e+01	1.949694063509634745e+01	2.015507364514690636e+01	1.964720926078064522e+01	1.952600379598398916e+01	2.043288332798542228e+01	1.976843463234715870e+01	1.962406319415305589e+01	1.968516534109589955e+01	1.957590177551234234e+01	2.001433915038603573e+01	1.973461867528544289e+01	2.036829395031625722e+01	1.931146402216246116e+01	1.972141951646674940e+01	2.010026336074649578e+01	2.043829091179486213e+01	2.020494019662296736e+01	2.054037087505551895e+01	1.895605942974515656e+01	1.996908774222237426e+01	1.989381888224215089e+01	1.967187548053236412e+01	2.017278531349918325e+01
1.946131740064410565e+01	2.011302140911464420e+01	1.988484369103078109e+01	2.005460333031768272e+01	2.057559665086555256e+01	1.997747866068577594e+01	2.042531564501586416e+01	1.961482895606977905e+01	1.941189525024712026e+01	1.987461267216417582e+01	1.996637552259221593e+01	2.059535641931677574e+01	2.009492605027057976e+01	2.002385693412476186e+01	2.947874580343645334e+01	1.991977713902949532e+01	1.927704100123166953e+01	2.007887823157754781e+01	1.969489051898776921e+01	2.008161992099165616e+01	2.026262918141473079e+01	1.999663306030040033e+01	1.907166834420813473e+01	2.011026379406689912e+01	2.009177784762098895e+01	1.955696046112734976e+01	1.991295361817303800e+01	1.932705806968101214e+01	2.011863928515460742e+01	1.958900398944143717e+01	1.977670116376670251e+01	2.047426875836116977e+01	1.992707002949496342e+01	1.931733974170120760e+01	2.012982115615192669e+01	1.999600884776647547e+01	2.030855585264500363e+01	1.984353052356065561e+01	2.040520295875725409e+01	1.941299334404090260e+01	2.013666805675031313e+01	2.012924216668448807e+01	2.040834186511974835e+01	2.051024022468924457e+01	2.030180800512560779e+01	1.948923171557954959e+01	1.993342053737192288e+01	2.036465021267280306e+01	2.002192475719641962e+01	2.014829990095350354e+01
1.912620225626254467e+01	2.010044827987403693e+01	1.980370670464982652e+01	1.997887300121888288e+01	2.042545120884874876e+01	1.977276217198523156e+01	2.014742093026189806e+01	1.975762054250103361e+01	1.974294632898144286e+01	1.989810228879943210e+01	1.985184332735826018e+01	2.002383690070998057e+01	2.015316961406130503e+01	1.967605103868783090e+01	1.991977713902949532e+01	2.937968483087145444e+01	1.955113816639037339e+01	2.024721971439399226e+01	1.941051144806806406e+01	1.945074165514688502e+01	1.959901192365303757e+01	1.980426544384020104e+01	1.920206813851037708e+01	2.019132719298602296e+01	2.001632662020898579e+01	1.958572883297367540e+01	1.978718472875056023e+01	1.904537614340016916e+01	1.983205203963811059e+01	1.985672476441007817e+01	1.991764982347158153e+01	2.023949990068314264e+01	1.933547314462184019e+01	1.963064005463593631e+01	1.962581997063916717e+01	1.950479584925535548e+01	1.956847270195182986e+01	1.986293135529212606e+01	2.026282790509437604e+01	1.919108822731192632e+01	1.995111353065819060e+01	2.004892117474309998e+01	2.030766877490977151e+01	2.013894404116212300e+01	2.022815935426094924e+01	1.928528468278213737e+01	1.956168502408969800e+01	2.003777405137928369e+01	1.958377520257983662e+01	1.984059128651763615e+01
1.915669585045328205e+01	1.988148825116629936e+01	1.964638763054309223e+01	2.003300153345801249e+01	2.019053021928657543e+01	1.933840530169105776e+01	1.978770560199537343e+01	1.946350043443864308e+01	1.942859556859729153e+01	1.979663535019415477e+01	1.980435514704447897e+01	1.993922254410574624e+01	1.969372487675791561e+01	1.960556094743959576e+01	1.927704100123166953e+01	1.955113816639037339e+01	2.875260487427592793e+01	1.966348625023990593e+01	1.948864398010404031e+01	1.961726948320745834e+01	1.973343530895446207e+01	1.954397406720056196e+01	1.926852707745467796e+01	1.990514871799310725e+01	1.952843408045214346e+01	1.924013752379459419e+01	1.977994860881380390e+01	1.933793157927854622e+01	1.964811081222957512e+01	1.982597345828285995e+01	1.977926680729027353e+01	2.021899102756245270e+01	1.963483735709750277e+01	1.914278567280529231e+01	1.939589636275512063e+01	1.926916544437987255e+01	1.991898430013718269e+01	1.964626401424910540e+01	2.035232005133589794e+01	1.896885740680862042e+01	2.019875779906261570e+01	1.990224775014565495e+01	2.002716603374335591e+01	2.029670912763028667e+01	1.972628080592626176e+01	1.933989606497689095e+01	1.939369474252687198e+01	1.977504691270333126e+01	1.940663574430141125e+01	1.982379154992768377e+01
1.990224286878046200e+01	2.058346040248737197e+01	2.027982925987215879e+01	2.046275621835540548e+01	2.026677056185545567e+01	2.013868378336886877e+01	2.031240039127440866e+01	1.958093560659982657e+01	2.008243982406972350e+01	2.020052587858114279e+01	1.965326344983467877e+01	2.049247740657532546e+01	2.014342583750309501e+01	1.995884919056684836e+01	2.007887823157754781e+01	2.024721971439399226e+01	1.966348625023990593e+01	2.994368996565059149e+01	1.955956314952367237e+01	1.986508348134368518e+01	2.007270668977967532e+01	2.019829266369444198e+01	1.931666207432994042e+01	2.016876322727573623e+01	2.006323118993543986e+01	1.986306216233461086e+01	2.037114153173488162e+01	1.938418910010214802e+01	2.024222307646434516e+01	2.032411670801766945e+01	1.976850646492426478e+01	2.084917480077705321e+01	1.997848724226325956e+01	1.990583241419798100e+01	2.015278598254549181e+01	2.009063344560049913e+01	2.040878922273744323e+01	1.994044265397320714e+01	2.055037352015246910e+01	1.959388736715314394e+01	2.052588431461999008e+01	2.012142885837463524e+01	2.064440829247629949e+01	2.045440387582146968e+01	2.049967582771918018e+01	1.917636937412926201e+01	1.995102995943219426e+01	1.989229620466191406e+01	1.984871159097018989e+01	2.003826018714460488e+01
1.977095947735061188e+01	2.004907948066766110e+01	1.971452944293536902e+01	1.976924013845741257e+01	2.044030675639461236e+01	1.957360309533217801e+01	2.028806690342795704e+01	1.975297367089842737e+01	1.968511282400709916e+01	1.983800569878476239e+01	1.986584439551207026e+01	2.011847460282432465e+01	2.004657685649523202e+01	1.937153548320821628e+01	1.969489051898776921e+01	1.941051144806806406e+01	1.948864398010404031e+01	1.955956314952367237e+01	2.913917801614407921e+01	1.945958185574215449e+01	1.960518720106639279e+01	1.948820386730546161e+01	1.915954497497796893e+01	2.015294252805858122e+01	1.978342325950605485e+01	1.971627265204186230e+01	2.012673047780576496e+01	1.908323887315414424e+01	1.988891637180913463e+01	1.976352741473312946e+01	1.920605980355909992e+01	2.019674440979099472e+01	2.002235685522028419e+01	1.947294770423155086e+01	1.964158555901073200e+01	1.991557016283352510e+01	1.945777085362223602e+01	1.978608855856727189e+01	2.051311805395076249e+01	1.928254566513290413e+01	2.030284876043372222e+01	1.969569903659787968e+01	2.054164736651988932e+01	2.042138175106737208e+01	2.009302093093744190e+01	1.915936192584898023e+01	1.966348233726394668e+01	2.000810535819635660e+01	1.949161418608774810e+01	1.972645101170311577e+01
1.955060062549668487e+01	2.044753294595124515e+01	1.950701539742857449e+01	1.946483175764252849e+01	2.043222410017501289e+01	1.975110314453938898e+01	2.037127508912775298e+01	1.957679350866656875e+01	2.006971214638441481e+01	1.970964240312552462e+01	1.995330539020404714e+01	2.016703630018861659e+01	1.971867083183479963e+01	1.973495188184489990e+01	2.008161992099165616e+01	1.945074165514688502e+01	1.961726948320745834e+01	1.986508348134368518e+01	1.945958185574215449e+01	2.955963170405738083e+01	2.005659976297955538e+01	1.985934311527973151e+01	1.923953415390257149e+01	1.991863844812284867e+01	1.940466359530124052e+01	1.942661724869680739e+01	2.038741535358468226e+01	1.932018999050962904e+01	1.970774124605417654e+01	1.987993034622589761e+01	1.953911651226209756e+01	2.026760274381557636e+01	1.951505269683971733e+01	1.954376425208444701e+01	1.948840261420793496e+01	1.963777936268923341e+01	2.000019900447243870e+01	1.993422356382675886e+01	2.040776632629864196e+01	1.920295642798728153e+01	1.978983292456586796e+01	1.996963168788960985e+01	2.044379358348401610e+01	2.075069205237443626e+01	2.000349736223116182e+01	1.896141654666137200e+01	1.991866491667156680e+01	1.956262161727989835e+01	1.992494083758168699e+01	2.004793605786678867e+01
1.948241209745607350e+01	2.039831266145998256e+01	1.996799166067181019e+01	2.007950994307439885e+01	2.055448472316164299e+01	1.991414816007024768e+01	2.041050170872953018e+01	2.012787973000008535e+01	1.973417792233978929e+01	2.015921269280388728e+01	2.013437276618036975e+01	2.083108295689754996e+01	2.026291468620292235e+01	2.004194653316572783e+01	2.026262918141473079e+01	1.959901192365303757e+01	1.973343530895446207e+01	2.007270668977967532e+01	1.960518720106639279e+01	2.005659976297955538e+01	3.023259423748741170e+01	2.001982181436473596e+01	1.957107473978609846e+01	2.040728973582195138e+01	1.988237491315451422e+01	1.990353887695534851e+01	2.036386022722098232e+01	1.989259242477082523e+01	2.040078525665400733e+01	1.998598871757181783e+01	2.004098048291257328e+01	2.103680763545483501e+01	1.977532549645491500e+01	1.937106633468291506e+01	2.007443432178763842e+01	1.977665327268417172e+01	2.040690412868625003e+01	2.035147988264078123e+01	2.052296051593680204e+01	1.957440607385202824e+01	2.070442752895788985e+01	2.058116147578486732e+01	2.057668218740791133e+01	2.085968502684417203e+01	2.039996834296185924e+01	1.928622938006478194e+01	2.062151364467231573e+01	2.011821268386263739e+01	1.982330373720085603e+01	2.037550214373681001e+01
1.932521334456711770e+01	2.025218909948139867e+01	2.005693812512575747e+01	1.995048938716447040e+01	2.036828283498583048e+01	1.985193597646807007e+01	1.994547072681584865e+01	1.988299378534726713e+01	1.918182038834564196e+01	1.987313171064350215e+01	1.985479535554645381e+01	2.040978893632416558e+01	1.986902314992271457e+01	1.945867258854118376e+01	1.999663306030040033e+01	1.980426544384020104e+01	1.954397406720056196e+01	2.019829266369444198e+01	1.948820386730546161e+01	1.985934311527973151e+01	2.001982181436473596e+01	2.981674848438690972e+01	1.974091914580828444e+01	2.029654455184583384e+01	1.991022876645806861e+01	1.955601978794052442e+01	2.020061472369930655e+01	1.948350554724137851e+01	1.982949970409130103e+01	2.026492681034084242e+01	1.960848172304918080e+01	2.087414430530635201e+01	1.992265210370753792e+01	1.955472438479991126e+01	1.967690326647116805e+01	1.964374096435934547e+01	1.993785008857177843e+01	1.969993101396374513e+01	2.016795488263473857e+01	1.954408766797114794e+01	2.056924011015124520e+01	2.034392268486551814e+01	2.028120577781431777e+01	2.031313405029814589e+01	2.012591468994459731e+01	1.869555891681962478e+01	1.971582334490368993e+01	1.916030801223671531e+01	1.967274754292643735e+01	1.983653951813677807e+01
1.901346982796873419e+01	2.011738551348547333e+01	1.920655313269651288e+01	1.947670905405120223e+01	1.998679996906718515e+01	1.953564299376607494e+01	1.981454029225297475e+01	1.917832561019387683e+01	1.913049958138597972e+01	1.934184303572851960e+01	1.970307079290313013e+01	2.000895182540611827e+01	1.988595180108385918e+01	1.925553284142391419e+01	1.907166834420813473e+01	1.920206813851037708e+01	1.926852707745467796e+01	1.931666207432994042e+01	1.915954497497796893e+01	1.923953415390257149e+01	1.957107473978609846e+01	1.974091914580828444e+01	2.835213144137037133e+01	2.003353814151963164e+01	1.951529690914948389e+01	1.928010080251567615e+01	1.960455995869935819e+01	1.882609942644113232e+01	1.930425902106289371e+01	1.945546792447816031e+01	1.936949322331294354e+01	1.986202766693547161e+01	1.937057297121987531e+01	1.934973221819522848e+01	1.949439941940462262e+01	1.947024859343466829e+01	1.965967924959691615e+01	1.963641440628608237e+01	2.022454689210950107e+01	1.909203858119974484e+01	1.990154060898460386e+01	1.937102180056086809e+01	1.984320342556142336e+01	2.031690844004265273e+01	1.965305050510815832e+01	1.890550250545552657e+01	1.947300277788615119e+01	1.928511754530516953e+01	1.926471099936369313e+01	1.975395873544914238e+01
2.028896422568763569e+01	2.073140039767547194e+01	2.015776985446735026e+01	2.004980952198900468e+01	2.076870830902891285e+01	2.023413387235997263e+01	2.063431456547004572e+01	2.018926122937793366e+01	2.026480196470882689e+01	2.032297834706608342e+01	2.027928286632023713e+01	2.044717073196132873e+01	2.061706991344294337e+01	1.966277902954847079e+01	2.011026379406689912e+01	2.019132719298602296e+01	1.990514871799310725e+01	2.016876322727573623e+01	2.015294252805858122e+01	1.991863844812284867e+01	2.040728973582195138e+01	2.029654455184583384e+01	2.003353814151963164e+01	3.050819184727850342e+01	2.026636137302603302e+01	2.002934753247475186e+01	2.032882134497047844e+01	1.958484465252083240e+01	2.061875003448649224e+01	2.021983973421921021e+01	1.997838755086727502e+01	2.072271680668744054e+01	2.046080426211524284e+01	1.968141224887246565e+01	2.029685381163990243e+01	2.018125158728899038e+01	2.070390987757788537e+01	2.017984167123480077e+01	2.068154510701810267e+01	1.954992010730426699e+01	2.092301347978404280e+01	2.015334419974827185e+01	2.051241073450506747e+01	2.067245403932375325e+01	2.099112118572963581e+01	1.949374511996631298e+01	2.013110613760300538e+01	2.026037652709937475e+01	2.018103526105589296e+01	2.012732147355309920e+01
1.971201556510347075e+01	2.040184768531816673e+01	1.962056703146175352e+01	1.999907253493173442e+01	2.053433713167205710e+01	1.996550126596070740e+01	2.050172562270820364e+01	1.966361832165671331e+01	1.977760419179461238e+01	1.966089153334956663e+01	1.988363397428156887e+01	2.057473994684175977e+01	2.030800117438267449e+01	1.958354494162379211e+01	2.009177784762098895e+01	2.001632662020898579e+01	1.952843408045214346e+01	2.006323118993543986e+01	1.978342325950605485e+01	1.940466359530124052e+01	1.988237491315451422e+01	1.991022876645806861e+01	1.951529690914948389e+01	2.026636137302603302e+01	3.019890401440220273e+01	1.956720128055792784e+01	2.029673473653173943e+01	1.965096251948060058e+01	2.019839296405109508e+01	2.011114773602801264e+01	1.965289799509848478e+01	2.064821346821426573e+01	1.981290513749896576e+01	1.945485588062274473e+01	2.009155038621815592e+01	1.994570491401523782e+01	2.022539047991124761e+01	1.955366803809984688e+01	2.042694419519907001e+01	1.923491788848799544e+01	2.006650832999225287e+01	1.986370696656090473e+01	2.031612783546131595e+01	2.071666045751583241e+01	2.051911671041137097e+01	1.931838495167302483e+01	2.039820246870971232e+01	1.985151693753432767e+01	1.993133049502278453e+01	2.031942894134183319e+01
1.918957156351075000e+01	2.008115906768798453e+01	2.003233378285620248e+01	1.977029828811516410e+01	2.001654987361533955e+01	2.006806858856985087e+01	2.006293747352047063e+01	1.961933337843047553e+01	1.956588660085485998e+01	1.954862295986646714e+01	1.986616000136739046e+01	2.009850281092302282e+01	1.966475097861770394e+01	1.941619977379114914e+01	1.955696046112734976e+01	1.958572883297367540e+01	1.924013752379459419e+01	1.986306216233461086e+01	1.971627265204186230e+01	1.942661724869680739e+01	1.990353887695534851e+01	1.955601978794052442e+01	1.928010080251567615e+01	2.002934753247475186e+01	1.956720128055792784e+01	2.942510780980443386e+01	2.046397632513909315e+01	1.957306444396715861e+01	1.981927066559152095e+01	1.951884670715134007e+01	1.979219706676523316e+01	2.046289418434471230e+01	2.002593186275478843e+01	1.925016221813289974e+01	1.996345619435600938e+01	1.984007078032656679e+01	2.015609956918352452e+01	1.952813014592643626e+01	2.038629956668391685e+01	1.934914351410124311e+01	2.002621291487071176e+01	2.029734182017730859e+01	2.031242286800794972e+01	2.035770786639365681e+01	2.040581092858457524e+01	1.934292935934852764e+01	1.963352965287149132e+01	1.957704498684202576e+01	1.954810841219219597e+01	2.012416766027762804e+01
1.993957314174323869e+01	2.059748613364875425e+01	2.023690130442246371e+01	2.022265757223379268e+01	2.039626485482089535e+01	2.005122528067440868e+01	2.016742573164938435e+01	1.987861576195449587e+01	2.001556796286905993e+01	2.004667663650847587e+01	2.045560836553983819e+01	2.051326961744354449e+01	1.982124791486534221e+01	2.041193751008040991e+01	1.991295361817303800e+01	1.978718472875056023e+01	1.977994860881380390e+01	2.037114153173488162e+01	2.012673047780576496e+01	2.038741535358468226e+01	2.036386022722098232e+01	2.020061472369930655e+01	1.960455995869935819e+01	2.032882134497047844e+01	2.029673473653173943e+01	2.046397632513909315e+01	3.029142794429061070e+01	1.973930246182518999e+01	2.007927088028884199e+01	2.061276769498366335e+01	1.990591450246299488e+01	2.067990828105824974e+01	1.996859418955959953e+01	2.004475041379298617e+01	2.008787546659781498e+01	1.975629478162898067e+01	2.041482403501495213e+01	2.006596236702221603e+01	2.098773335946827245e+01	1.989476211098608971e+01	2.028641608730714907e+01	2.036028789209089140e+01	2.097330734340994951e+01	2.062080742004886602e+01	2.046809572417257783e+01	1.952853873793754858e+01	2.014749902863471931e+01	2.048848560316413625e+01	1.990963112813404123e+01	2.013913345990023629e+01
1.907418143050212933e+01	2.024425746917670210e+01	1.935645476677746757e+01	1.932828922454644172e+01	1.977873757692659140e+01	1.938458534264233180e+01	1.990618322424912989e+01	1.944883954861937170e+01	1.928302919177138364e+01	1.911371249684178153e+01	1.975988866840577174e+01	1.968900293743296004e+01	1.976431075662744163e+01	1.949694063509634745e+01	1.932705806968101214e+01	1.904537614340016916e+01	1.933793157927854622e+01	1.938418910010214802e+01	1.908323887315414424e+01	1.932018999050962904e+01	1.989259242477082523e+01	1.948350554724137851e+01	1.882609942644113232e+01	1.958484465252083240e+01	1.965096251948060058e+01	1.957306444396715861e+01	1.973930246182518999e+01	2.858920789700976783e+01	1.982502495661602637e+01	1.945318198516730135e+01	1.883539434521778588e+01	2.000643051326528266e+01	1.918495602106428777e+01	1.876076159849651859e+01	1.960113403748986372e+01	1.939869459281609920e+01	1.942626223195216539e+01	1.947708928575251974e+01	2.019386780228333222e+01	1.897743285371170074e+01	2.009463588232437203e+01	1.975533142277821241e+01	2.037921613509395513e+01	1.995090566712644531e+01	2.015545866987609003e+01	1.872790872726762501e+01	1.976987573801989839e+01	1.960829598328772150e+01	1.927582435145669493e+01	1.957146539796048401e+01
1.983030030208900740e+01	2.008009191188782694e+01	2.028257513537420209e+01	2.014543531525762532e+01	2.055394353344782488e+01	2.009086858600146996e+01	2.035167378356458556e+01	2.000391105674630410e+01	2.014880396047503552e+01	2.013816339342120187e+01	1.987607309829644819e+01	2.072805641416342937e+01	2.003003082885602737e+01	2.015507364514690636e+01	2.011863928515460742e+01	1.983205203963811059e+01	1.964811081222957512e+01	2.024222307646434516e+01	1.988891637180913463e+01	1.970774124605417654e+01	2.040078525665400733e+01	1.982949970409130103e+01	1.930425902106289371e+01	2.061875003448649224e+01	2.019839296405109508e+01	1.981927066559152095e+01	2.007927088028884199e+01	1.982502495661602637e+01	2.998415195342304074e+01	1.998725218483664179e+01	1.987172990033397113e+01	2.057845851034823781e+01	2.016328281554696744e+01	1.976487600696790636e+01	1.994863623331827540e+01	2.003013116962340590e+01	2.023169605425458428e+01	1.980427693221161078e+01	2.064222889437628083e+01	1.984487620977186850e+01	2.027120321693031002e+01	2.020935670961820563e+01	2.066391819819253328e+01	2.049226724088891061e+01	2.043740450136428066e+01	1.923835449191333780e+01	2.016534990742755085e+01	2.018300818820868514e+01	2.006512386408940785e+01	2.019770657318291640e+01
1.947815028770971679e+01	2.012588375627732873e+01	1.992981079233953778e+01	2.025672007857082235e+01	2.026866565022776356e+01	2.005503047857444798e+01	2.040386676325826443e+01	1.992657810292396547e+01	1.999305979744944750e+01	1.986577441038230774e+01	1.994403831237382718e+01	2.037888523045372580e+01	2.018533505694090380e+01	1.964720926078064522e+01	1.958900398944143717e+01	1.985672476441007817e+01	1.982597345828285995e+01	2.032411670801766945e+01	1.976352741473312946e+01	1.987993034622589761e+01	1.998598871757181783e+01	2.026492681034084242e+01	1.945546792447816031e+01	2.021983973421921021e+01	2.011114773602801264e+01	1.951884670715134007e+01	2.061276769498366335e+01	1.945318198516730135e+01	1.998725218483664179e+01	3.008615222002269007e+01	2.021684951539682373e+01	2.081682404045575296e+01	2.030439996450096274e+01	1.948282775073678863e+01	2.048913409475897396e+01	1.981713568607896292e+01	2.008207532726971678e+01	2.004432750940295449e+01	2.020741080243263355e+01	1.964576259981174644e+01	2.043964196942619083e+01	2.025166214431524025e+01	2.039261710427082264e+01	2.039002119808150937e+01	2.027255775832878371e+01	1.935968776909064104e+01	1.994931460801404555e+01	1.994256102312099443e+01	1.997413632867512234e+01	1.992964778731904474e+01
1.974764228376060160e+01	2.017426210905199113e+01	1.951519027891732705e+01	1.992546887445615766e+01	2.026830717861686537e+01	1.996997083026877462e+01	2.046684155050385812e+01	1.963208849933301892e+01	1.986315329133984875e+01	1.963201065738133266e+01	1.984169646218705196e+01	2.022405472168483698e+01	1.998402487484940337e+01	1.952600379598398916e+01	1.977670116376670251e+01	1.991764982347158153e+01	1.977926680729027353e+01	1.976850646492426478e+01	1.920605980355909992e+01	1.953911651226209756e+01	2.004098048291257328e+01	1.960848172304918080e+01	1.936949322331294354e+01	1.997838755086727502e+01	1.965289799509848478e+01	1.979219706676523316e+01	1.990591450246299488e+01	1.883539434521778588e+01	1.987172990033397113e+01	2.021684951539682373e+01	2.929142365927264535e+01	2.018415149048755453e+01	1.969674336957203664e+01	1.940299383782948794e+01	1.985599589768851558e+01	1.964635083874759758e+01	1.958464108613906873e+01	1.954602996054322972e+01	2.050673290135105375e+01	1.937229461083639137e+01	1.994824956383326864e+01	2.008821403272686013e+01	2.045344041406457691e+01	2.039474229002169992e+01	2.007165227241787164e+01	1.902756653885140636e+01	1.969240998491590844e+01	1.982833592324599792e+01	1.979398943511211684e+01	2.023871943893584913e+01
1.993050463612949486e+01	2.068635712963293116e+01	2.106154176401656741e+01	2.055129239453109236e+01	2.095009556990767052e+01	2.042852179253151235e+01	2.104433053510566864e+01	2.028225909340742206e+01	1.986801641627585013e+01	2.039507252304133189e+01	2.083112980827554495e+01	2.116193273493270155e+01	2.041233520531186230e+01	2.043288332798542228e+01	2.047426875836116977e+01	2.023949990068314264e+01	2.021899102756245270e+01	2.084917480077705321e+01	2.019674440979099472e+01	2.026760274381557636e+01	2.103680763545483501e+01	2.087414430530635201e+01	1.986202766693547161e+01	2.072271680668744054e+01	2.064821346821426573e+01	2.046289418434471230e+01	2.067990828105824974e+01	2.000643051326528266e+01	2.057845851034823781e+01	2.081682404045575296e+01	2.018415149048755453e+01	3.085177639785606019e+01	2.034377001759804671e+01	2.039156778725465458e+01	2.086605088390483687e+01	2.051167533963704059e+01	2.035428386281363444e+01	2.056346470490921874e+01	2.109332841787166757e+01	1.997243747463584995e+01	2.086755116143860178e+01	2.079127514508402541e+01	2.140436338700151708e+01	2.110845288522004282e+01	2.067108332258187886e+01	1.984447184607470405e+01	2.061477101747193075e+01	2.046894570681362069e+01	2.018443791827517231e+01	2.045743551961761852e+01
