2.918638200476076960e+01	2.015616907028548610e+01	1.987794325529406692e+01	2.013202687606404950e+01	1.973783841500433667e+01	2.007332311755570586e+01	1.974192678278697599e+01	2.049837835832335742e+01	1.940116301540077970e+01	1.980126935810437061e+01	1.995299953321673669e+01	1.968485851901910877e+01	2.045528071306851459e+01	1.975779229874358123e+01	1.956388263249746018e+01	1.967954655476376047e+01	2.053669610383981237e+01	2.058084931936664930e+01	2.003108710390750957e+01	2.003009735984172934e+01	2.065399707336607449e+01	2.013397247296620662e+01	2.000050892578908091e+01	2.010086700966590811e+01	1.994007434812542812e+01	2.014148238450325934e+01	1.984132888959253904e+01	1.992531451702515355e+01	1.959720787357142413e+01	2.022765385195417309e+01	2.001648045458426850e+01	2.035303549327004191e+01	2.001035561162401066e+01	2.004198082594232844e+01	2.018220786239681530e+01	2.007529897518762496e+01	2.008838902248826486e+01	2.013858759017502820e+01	2.081255809910609500e+01	1.949660898995161773e+01	2.008467315589507862e+01	1.988533724778836032e+01	2.011625151551070090e+01	2.004345643939370447e+01	2.031681070450324000e+01	2.049213740568072240e+01	2.011172524924363358e+01	2.014097630067714562e+01	2.017777259953666302e+01	1.956186148985215922e+01
2.015616907028548610e+01	3.009217557898012174e+01	2.014129096098713845e+01	2.037309495945221371e+01	1.997951483244110094e+01	2.006927671674954894e+01	1.985906021674121646e+01	2.029615160942477914e+01	1.983720281953329234e+01	1.995875729073865301e+01	2.058102282249156190e+01	1.995817333567042340e+01	2.021280166053929861e+01	1.957919365100321230e+01	1.969070303965391844e+01	1.979273726857915250e+01	2.091497836884702366e+01	2.061780351069449679e+01	2.040649925964498124e+01	2.036461387915428034e+01	2.081114244074226605e+01	1.976553760989497022e+01	2.040922617818863216e+01	2.010034582259036640e+01	2.017433713898265069e+01	2.064661721025397512e+01	2.024108036150193257e+01	1.955166307298075878e+01	1.983023807745929545e+01	2.046059028139261216e+01	1.986283127347566335e+01	2.037780228594089138e+01	2.043500135439735033e+01	2.027626405284223665e+01	2.033599684135913321e+01	2.021222245430723419e+01	1.995846607280127571e+01	2.011597492887004890e+01	2.061260924361173963e+01	1.938639560031948861e+01	2.047509321139057548e+01	2.009332234213448132e+01	2.027414621628953029e+01	2.034562670290320341e+01	2.033944654278304398e+01	2.050254250669024358e+01	2.016881126589343154e+01	2.001176123781773342e+01	2.030088405150035413e+01	1.984036312296155558e+01
1.987794325529406692e+01	2.014129096098713845e+01	2.979564549579740174e+01	1.980735556896586402e+01	1.958959118069269678e+01	2.021851575553968772e+01	1.967260610051269509e+01	1.972830989297611026e+01	1.990133006803202065e+01	1.996418558194164916e+01	2.025213333828460094e+01	1.955149953253241435e+01	1.966899391046823098e+01	1.970364204197903035e+01	1.964995264074588377e+01	1.993230862904917444e+01	2.024963993810747453e+01	2.034022404365153136e+01	2.017149189109867891e+01	1.989103567560605867e+01	2.050455221349997004e+01	1.963033691830306182e+01	2.007569575096984238e+01	2.014442500311874795e+01	2.032091586514694370e+01	2.016861526162622908e+01	1.995884899838516091e+01	1.957403815674048175e+01	1.936967205382742918e+01	2.006484196988257196e+01	1.949151311711590751e+01	2.053645636418822917e+01	2.023745634329311116e+01	1.970282743899862510e+01	2.037768575829537099e+01	1.985473748545243922e+01	1.981678132476157117e+01	2.003151308770262418e+01	2.031446366223789823e+01	1.923716463603337345e+01	2.027080644983000823e+01	2.019251562948322487e+01	1.979523791900598795e+01	1.997504073140294878e+01	1.988477894432735837e+01	2.049967854319305616e+01	1.997309196206444426e+01	1.997808069160550914e+01	2.003293261384144586e+01	1.930230718282869162e+01
2.013202687606404950e+01	2.037309495945221371e+01	1.980735556896586402e+01	2.976232469076719767e+01	1.975938805069520043e+01	1.965849259605191435e+01	1.985903075368966242e+01	2.025905436655826719e+01	1.975831523969419479e+01	1.996961289062717171e+01	2.009100023653938649e+01	1.944708712042783816e+01	1.995799424066540340e+01	1.904779223459046378e+01	1.970644561247783955e+01	1.989652492008936946e+01	2.043868354247533858e+01	2.065921735308235796e+01	2.056180864742462688e+01	2.006041747132393382e+01	2.070139394086654150e+01	1.963468418905688395e+01	2.014865536541230995e+01	2.007695116975325078e+01	2.016324777650146771e+01	2.029192575645506835e+01	1.977883389456524910e+01	1.988514535726560695e+01	1.960874583874240784e+01	1.992561771609419807e+01	1.984969595209806670e+01	2.094651212070329649e+01	2.045394963933969024e+01	1.989676965965210442e+01	2.023523684759016206e+01	2.000838655164421453e+01	2.010279628880090286e+01	2.048622407150424607e+01	2.026556853549488579e+01	1.950326318887296040e+01	2.010182255648154737e+01	1.987247129766780063e+01	2.018184546773623822e+01	2.008710907717750160e+01	2.034002170705337775e+01	2.038064266369075739e+01	2.002997791361393354e+01	1.971698842007512198e+01	2.011735053111781113e+01	1.987454618704953191e+01
1.973783841500433667e+01	1.997951483244110094e+01	1.958959118069269678e+01	1.975938805069520043e+01	2.954435754322718921e+01	1.937586460665065502e+01	1.904098843365035520e+01	1.964894512887134326e+01	1.933079317867720093e+01	1.939850288161775538e+01	2.000609852561644786e+01	1.935262449457290401e+01	1.939682276221378743e+01	1.890806295491433531e+01	1.958485118030900907e+01	1.913499471728192347e+01	2.013925842170511160e+01	2.003163058242554584e+01	1.967924578650295331e+01	1.941649158920596108e+01	1.988945126512823691e+01	1.947699784904952480e+01	1.951418114693910155e+01	1.980651974829182294e+01	1.925873031493195953e+01	2.002788775179675795e+01	1.952797825052301306e+01	1.914639353157444290e+01	1.930776852300049384e+01	1.983489909522507233e+01	1.939779175819599999e+01	2.012525646026879045e+01	1.976285061569060630e+01	1.924226081021892298e+01	1.969137733036820137e+01	1.986416681313219357e+01	1.963793095727909943e+01	1.961759237536622180e+01	1.994253253462329667e+01	1.927534101820575430e+01	1.978221776089229778e+01	1.935257807989269452e+01	1.966788525557560874e+01	1.985140351692158589e+01	1.970006691027473877e+01	1.997549824062036805e+01	1.974083674194771731e+01	1.951893786300355416e+01	1.987223936981744643e+01	1.959596476896545170e+01
2.007332311755570586e+01	2.006927671674954894e+01	2.021851575553968772e+01	1.965849259605191435e+01	1.937586460665065502e+01	2.941454240008513565e+01	1.977709933223424699e+01	2.002341020227193980e+01	1.958635517401368986e+01	1.978834213251696283e+01	1.997355337604311387e+01	1.940952644344586631e+01	1.968116481166718401e+01	1.947232297500114839e+01	1.989113590239005092e+01	2.006131787526917876e+01	2.008637379102956189e+01	2.025838467671382759e+01	2.022694029007114125e+01	1.994608047308321730e+01	2.080934097792455972e+01	1.957414172696413246e+01	2.004046867158584178e+01	2.008249345112102091e+01	2.013368532823533386e+01	2.024357078766345097e+01	1.981404536530848048e+01	1.987425936283799643e+01	2.003619236088333722e+01	2.041842515435213201e+01	2.020699151165983309e+01	2.052343487932422761e+01	2.069522379081530872e+01	1.961866817235668847e+01	1.995387376980147920e+01	2.069366865212699835e+01	1.988693119627154360e+01	2.040286690619313958e+01	2.056343884643605335e+01	1.959132908108076165e+01	1.999115632787352226e+01	1.992380736137486252e+01	1.985304186388581726e+01	2.008442545518228783e+01	2.005352387298938766e+01	2.052206352599820960e+01	2.003441447092611227e+01	1.991167988007918055e+01	2.018491342388254495e+01	1.918750070080341530e+01
1.974192678278697599e+01	1.985906021674121646e+01	1.967260610051269509e+01	1.985903075368966242e+01	1.904098843365035520e+01	1.977709933223424699e+01	2.922697490881962423e+01	1.985013359788384335e+01	1.894960771449882841e+01	1.966445393851814671e+01	1.985024141044263146e+01	1.941662498050785501e+01	1.947225611845069793e+01	1.920392241429947688e+01	1.974651783491211887e+01	1.957935434518961060e+01	2.021561609229410550e+01	1.993268293836902316e+01	2.028314082941007968e+01	1.995798400082122726e+01	2.043261726958509783e+01	1.954030090543983533e+01	1.969337702504170196e+01	2.021774809701892650e+01	1.968678812381220311e+01	2.034386899969009832e+01	1.970815587357223109e+01	1.945273534542052474e+01	1.948122125101800606e+01	1.965443346275506897e+01	1.935022063002913839e+01	2.034963310198974185e+01	2.000586170685666332e+01	1.972839270467728312e+01	1.995099209301857002e+01	1.970076910939742376e+01	1.938613450099074242e+01	1.959654323472900828e+01	2.005465878150235426e+01	1.945640368912197360e+01	1.941257554973445210e+01	1.983684578708877666e+01	1.958473390791131408e+01	1.961004655204192559e+01	1.982560517803871392e+01	2.012947250664903009e+01	1.961401242093889508e+01	1.985446056655110780e+01	1.982749482221977289e+01	1.882395865317781158e+01
2.049837835832335742e+01	2.029615160942477914e+01	1.972830989297611026e+01	2.025905436655826719e+01	1.964894512887134326e+01	2.002341020227193980e+01	1.985013359788384335e+01	3.021794931201201351e+01	1.945883145831299643e+01	1.986528161968815809e+01	2.041388325717671393e+01	2.002967205096722125e+01	2.030839427709173606e+01	1.987782360706829365e+01	1.925380454043709122e+01	2.013108920780031141e+01	2.072970186225451528e+01	2.024217828842593647e+01	1.993953435084203463e+01	2.037497092810747290e+01	2.049546116359550041e+01	2.001460939758354129e+01	2.022052949350752371e+01	2.067556844271779681e+01	1.992137393829723635e+01	2.045957091839077435e+01	2.006132651722274929e+01	1.977290197294098562e+01	2.004248210014753084e+01	2.013793728778232861e+01	2.036134462903210363e+01	2.058156801318101614e+01	2.027067767582785862e+01	2.030534548892582336e+01	2.009937818064501514e+01	2.001470746247353816e+01	1.991667728064835785e+01	2.045280234580051015e+01	2.064351330450383770e+01	1.958001589302144296e+01	2.026094125671949797e+01	1.982976297521826581e+01	2.004274830992815737e+01	2.012209018652406201e+01	2.029979954020923927e+01	2.044509221152918954e+01	2.010438198743522165e+01	2.005800608411820463e+01	2.002730496174561026e+01	1.975403649748525936e+01
1.940116301540077970e+01	1.983720281953329234e+01	1.990133006803202065e+01	1.975831523969419479e+01	1.933079317867720093e+01	1.958635517401368986e+01	1.894960771449882841e+01	1.945883145831299643e+01	2.906786118123013551e+01	1.943461259044008216e+01	2.013793533490404997e+01	1.924696565419598215e+01	1.974115791563026789e+01	1.936684921153467798e+01	1.946832559566786358e+01	1.967178739017112576e+01	2.019780415824365960e+01	2.007383867974562364e+01	1.985630490343778831e+01	1.984985827821114057e+01	2.038219812918970675e+01	1.892315950136374880e+01	1.980310418905789760e+01	1.970949167860385032e+01	1.968993295788363440e+01	2.020450275748597235e+01	1.954237485920420880e+01	1.912675753431200221e+01	1.957663199039710733e+01	1.981216053132754240e+01	1.950849648934167391e+01	2.015257248322472705e+01	1.992504365584107617e+01	1.979668281086385306e+01	1.975106526737667423e+01	2.013316750655500087e+01	1.978198499467105975e+01	1.987391058963781632e+01	2.038455673084109421e+01	1.949667836092043771e+01	1.992049405564745612e+01	1.937572812438899916e+01	1.975797741087529857e+01	1.983715219764765791e+01	1.950838993683887779e+01	2.030267097377891972e+01	1.977624264142839294e+01	1.959879081061458805e+01	1.986643157643893076e+01	1.931634646801030897e+01
1.980126935810437061e+01	1.995875729073865301e+01	1.996418558194164916e+01	1.996961289062717171e+01	1.939850288161775538e+01	1.978834213251696283e+01	1.966445393851814671e+01	1.986528161968815809e+01	1.943461259044008216e+01	2.971061612004542951e+01	2.011260445856958512e+01	1.951246332140497586e+01	2.006145191804071004e+01	1.966537042403917468e+01	1.970160706928058403e+01	1.984569766823433667e+01	2.030779612059635397e+01	2.015709844426116604e+01	2.076435554331382605e+01	1.991622948005393567e+01	2.056168382195964384e+01	1.965300778298989925e+01	2.006852235162830667e+01	1.988401157415420073e+01	2.000184109301518731e+01	2.023846730264375893e+01	1.980462316719642857e+01	1.974629370765621061e+01	1.942490134575925254e+01	2.008688959232042492e+01	2.000491318857935852e+01	2.023027217303418368e+01	2.011467558193112382e+01	1.995083167540929381e+01	2.038683702147396914e+01	2.025206258383143876e+01	1.955296984390651360e+01	2.002047740331859060e+01	2.089063925231797114e+01	1.951472334732299885e+01	2.007288906070700918e+01	1.995672815660504895e+01	1.993007503743593034e+01	2.022022807767579877e+01	2.018803078253282735e+01	2.011484780107527470e+01	1.969085057115739801e+01	1.979436453376017369e+01	1.974072798244763760e+01	1.958151526267267073e+01
1.995299953321673669e+01	2.058102282249156190e+01	2.025213333828460094e+01	2.009100023653938649e+01	2.000609852561644786e+01	1.997355337604311387e+01	1.985024141044263146e+01	2.041388325717671393e+01	2.013793533490404997e+01	2.011260445856958512e+01	3.043575791179353018e+01	2.008507809154712476e+01	2.008043750089658985e+01	1.989395736639693268e+01	1.978246539600809584e+01	1.993382187752303025e+01	2.065628062680256249e+01	2.049135946042923351e+01	2.047614081724168855e+01	2.042036657274855216e+01	2.106729252770732330e+01	1.991004393510371173e+01	2.031327556783527655e+01	2.034455393217582042e+01	2.056218730118028049e+01	2.048356003178987805e+01	1.985238590595083608e+01	2.007955710335713917e+01	1.990103643493558039e+01	2.083815595762525774e+01	2.067652293736228586e+01	2.099678977205871888e+01	2.080112331155461547e+01	2.036963532758721840e+01	2.029195238721812444e+01	2.012696675158372628e+01	2.024610142369132859e+01	2.037520782603156988e+01	2.040994970112386753e+01	1.956741101020021745e+01	2.035925904369959483e+01	2.045578929654937284e+01	2.032515156355849939e+01	1.986829723139413773e+01	2.028745559802532483e+01	2.084144837531446726e+01	2.000262284673796742e+01	2.031969518880680425e+01	2.040786866500579677e+01	1.951553539729786024e+01
1.968485851901910877e+01	1.995817333567042340e+01	1.955149953253241435e+01	1.944708712042783816e+01	1.935262449457290401e+01	1.940952644344586631e+01	1.941662498050785501e+01	2.002967205096722125e+01	1.924696565419598215e+01	1.951246332140497586e+01	2.008507809154712476e+01	2.918633819502494831e+01	1.994558200182692431e+01	1.925939790735349888e+01	1.930720476300416522e+01	1.996992557788913558e+01	1.992801071664399970e+01	1.999743037541098545e+01	2.001390891592256693e+01	1.983599571052482702e+01	2.044151952927307647e+01	1.957619740995429325e+01	1.989547748861236443e+01	2.009068511037139260e+01	2.000595235849708686e+01	2.030684113305018457e+01	1.963217836353375034e+01	1.962633298781588209e+01	1.926168741183037270e+01	1.985208886738764633e+01	1.953075026783887935e+01	2.042351370677174671e+01	2.013703001030863149e+01	1.944906367354192511e+01	1.998428433774253676e+01	1.988031796498551174e+01	1.965675735769359989e+01	1.975303201742964276e+01	2.025625015070921719e+01	1.952882948598886870e+01	1.995187394614483267e+01	1.979425319525440585e+01	1.975910336212337626e+01	1.986156552594667346e+01	1.979467695893596257e+01	2.024299520057047985e+01	1.946549528359830106e+01	1.912550754173100387e+01	2.002139339121213624e+01	1.922691454644377984e+01
2.045528071306851459e+01	2.021280166053929861e+01	1.966899391046823098e+01	1.995799424066540340e+01	1.939682276221378743e+01	1.968116481166718401e+01	1.947225611845069793e+01	2.030839427709173606e+01	1.974115791563026789e+01	2.006145191804071004e+01	2.008043750089658985e+01	1.994558200182692431e+01	3.000244474838401132e+01	1.962552137792001972e+01	1.985751502999183060e+01	1.987756495671211709e+01	2.063369282507762748e+01	2.041272245175164812e+01	2.044967936373000228e+01	1.998563857651081221e+01	2.049706326814067125e+01	1.994712284702796268e+01	2.003763791322209187e+01	2.020504733341795500e+01	1.987309346506946994e+01	2.064092739146371613e+01	1.963004786701583626e+01	1.963103695008365790e+01	1.973997941142192758e+01	2.027751373796260026e+01	1.991631196938492110e+01	2.064802575342471869e+01	2.045631525612706980e+01	1.998682889024633624e+01	2.010525802328317369e+01	2.011988462419692070e+01	2.020835187242664688e+01	2.035194103321931891e+01	2.045811175634380419e+01	1.962982346644806597e+01	2.010765643495721022e+01	2.033810557949284004e+01	2.016977022288286037e+01	1.984191674617299128e+01	2.030733037892323978e+01	2.049992255916622241e+01	1.980009821319205443e+01	1.990966416740098310e+01	2.021368370634171896e+01	1.992418355962455934e+01
1.975779229874358123e+01	1.957919365100321230e+01	1.970364204197903035e+01	1.904779223459046378e+01	1.890806295491433531e+01	1.947232297500114839e+01	1.920392241429947688e+01	1.987782360706829365e+01	1.936684921153467798e+01	1.966537042403917468e+01	1.989395736639693268e+01	1.925939790735349888e+01	1.962552137792001972e+01	2.807761292933026454e+01	1.935706232272226757e+01	1.951541362600667640e+01	2.000277076133141918e+01	1.993193233288628008e+01	1.983801559244232493e+01	1.890005758226059385e+01	2.004043485504497468e+01	1.896506117038390471e+01	1.952844154021974887e+01	1.975517035868852744e+01	1.925389179395159900e+01	1.979517602794548026e+01	1.955397587401130721e+01	1.961070326268716713e+01	1.900485254700127058e+01	1.968662064242588272e+01	1.946773260239805481e+01	1.980774891781883085e+01	1.996447861685117076e+01	1.948699065451823031e+01	1.966723590512301101e+01	1.935207742710224110e+01	1.985504210020107863e+01	1.956884081685570109e+01	1.977399399492027499e+01	1.867590947305601290e+01	1.956942530936228763e+01	1.935057263131025351e+01	1.960127073203045356e+01	1.956018814826016339e+01	1.951446769516720892e+01	1.979341522704354617e+01	1.924409181662717927e+01	1.917454245358031883e+01	1.981925775559115976e+01	1.900448817044240712e+01
1.956388263249746018e+01	1.969070303965391844e+01	1.964995264074588377e+01	1.970644561247783955e+01	1.958485118030900907e+01	1.989113590239005092e+01	1.974651783491211887e+01	1.925380454043709122e+01	1.946832559566786358e+01	1.970160706928058403e+01	1.978246539600809584e+01	1.930720476300416522e+01	1.985751502999183060e+01	1.935706232272226757e+01	2.929904740808659369e+01	1.937655799832386450e+01	2.032286308004755426e+01	1.994012532214993882e+01	2.006017903430692684e+01	1.964004429867861035e+01	2.060250353696046943e+01	1.947933861689215007e+01	1.968178724929081724e+01	1.968718545022618471e+01	1.969444783232474450e+01	1.986759553157542868e+01	1.930536825861808836e+01	1.918468013607992617e+01	1.925727785081451060e+01	1.979085764962484362e+01	1.974391114636354061e+01	2.051262011050803480e+01	2.014707618211614815e+01	1.956566467633322404e+01	1.962214993363002691e+01	2.013760238235045819e+01	1.931656270094524075e+01	1.980432646597614266e+01	1.954923635412769301e+01	1.902437662954514508e+01	1.970628040591543595e+01	1.985392225783604303e+01	1.979510301954032059e+01	1.989747836468946574e+01	2.001740035835160114e+01	2.058297521105722439e+01	2.003472874811031090e+01	1.927121637302620272e+01	1.988941663487605283e+01	1.929369840609393805e+01
1.967954655476376047e+01	1.979273726857915250e+01	1.993230862904917444e+01	1.989652492008936946e+01	1.913499471728192347e+01	2.006131787526917876e+01	1.957935434518961060e+01	2.013108920780031141e+01	1.967178739017112576e+01	1.984569766823433667e+01	1.993382187752303025e+01	1.996992557788913558e+01	1.987756495671211709e+01	1.951541362600667640e+01	1.937655799832386450e+01	2.926012294123082924e+01	2.027399815098667446e+01	2.015973405121799189e+01	1.997614851179653073e+01	1.987932146218873442e+01	2.031225254081980580e+01	1.954042136535979424e+01	2.003984224532720049e+01	2.002893198420933274e+01	2.010579429224817716e+01	1.984559589016817682e+01	1.970370841282592878e+01	1.947235513499994397e+01	1.939607710633276128e+01	1.999973226054842357e+01	1.984992953570998608e+01	2.044762716971267125e+01	2.057943735522244211e+01	1.979700989252264520e+01	1.980919270056501702e+01	2.023594853540692284e+01	1.988387962623885485e+01	2.002622524318294595e+01	2.041289164111450916e+01	1.961529553574965945e+01	1.967662983124119336e+01	2.015861926005977978e+01	2.020491156663088717e+01	1.981451323701778477e+01	2.009203970313343035e+01	2.044605499825390282e+01	1.978962215608263620e+01	1.985316718690164706e+01	2.011621920793708540e+01	1.925489226035911017e+01
2.053669610383981237e+01	2.091497836884702366e+01	2.024963993810747453e+01	2.043868354247533858e+01	2.013925842170511160e+01	2.008637379102956189e+01	2.021561609229410550e+01	2.072970186225451528e+01	2.019780415824365960e+01	2.030779612059635397e+01	2.065628062680256249e+01	1.992801071664399970e+01	2.063369282507762748e+01	2.000277076133141918e+01	2.032286308004755426e+01	2.027399815098667446e+01	3.064498867182417285e+01	2.069762825465618050e+01	2.089806799535721993e+01	2.044210444479051603e+01	2.125582540349921601e+01	2.021015840870801838e+01	2.038327640505402272e+01	2.064050106156354403e+01	2.071035145448375303e+01	2.099014048284767853e+01	2.032661768960500126e+01	1.990998570601859896e+01	1.990631932902447687e+01	2.086131890292724833e+01	2.049062617286699250e+01	2.112338358439094321e+01	2.091733404846389277e+01	2.064529125180400726e+01	2.049886546438427004e+01	2.041578945300114256e+01	2.071832810677553027e+01	2.040691691523106854e+01	2.110800279434837634e+01	2.018185173558634204e+01	2.025798782007324306e+01	2.046874481498235099e+01	2.017751096319961590e+01	2.064302900818636743e+01	2.062892134154215640e+01	2.107943891274002723e+01	2.090533414605527440e+01	2.081110362329596342e+01	2.089307241853258645e+01	2.041437879890012042e+01
2.058084931936664930e+01	2.061780351069449679e+01	2.034022404365153136e+01	2.065921735308235796e+01	2.003163058242554584e+01	2.025838467671382759e+01	1.993268293836902316e+01	2.024217828842593647e+01	2.007383867974562364e+01	2.015709844426116604e+01	2.049135946042923351e+01	1.999743037541098545e+01	2.041272245175164812e+01	1.993193233288628008e+01	1.994012532214993882e+01	2.015973405121799189e+01	2.069762825465618050e+01	2.990899725370043072e+01	2.047719034532632776e+01	2.043150169674170513e+01	2.080851682479124420e+01	1.943755871763484322e+01	2.059065067880191435e+01	2.068043881604565115e+01	2.023283778280363521e+01	2.054131447332606442e+01	2.002041587031065362e+01	1.999845559597831723e+01	1.994015570983870589e+01	2.012708100363401797e+01	2.031137623499532197e+01	2.054373277512731377e+01	2.027359366593414336e+01	2.016062699593857843e+01	2.057482628892815057e+01	2.024799113762849601e+01	2.032067500092702872e+01	2.041638492373833813e+01	2.050645393689239526e+01	1.975447384994778233e+01	2.027763977931255113e+01	2.001729942887768132e+01	2.014545555398727572e+01	2.025580054510332673e+01	2.029794817268071228e+01	2.063676224729316289e+01	1.985200776911792531e+01	2.047635781429146107e+01	2.043132030128446175e+01	1.970416007500374889e+01
2.003108710390750957e+01	2.040649925964498124e+01	2.017149189109867891e+01	2.056180864742462688e+01	1.967924578650295331e+01	2.022694029007114125e+01	2.028314082941007968e+01	1.993953435084203463e+01	1.985630490343778831e+01	2.076435554331382605e+01	2.047614081724168855e+01	2.001390891592256693e+01	2.044967936373000228e+01	1.983801559244232493e+01	2.006017903430692684e+01	1.997614851179653073e+01	2.089806799535721993e+01	2.047719034532632776e+01	3.048097428104689754e+01	2.046065182924244752e+01	2.114909728152888135e+01	2.024391336837287980e+01	1.994465535905969134e+01	2.021237748943755008e+01	2.054404367804922060e+01	2.051908561601653957e+01	2.022656081773514813e+01	2.038339510369365470e+01	2.010794568097158930e+01	2.071137778271267393e+01	2.021297162257380364e+01	2.020910362552633543e+01	2.065376385515541102e+01	2.014151850857773596e+01	2.040881753208677196e+01	2.016131865912937826e+01	2.051248863756753948e+01	2.034555436452081523e+01	2.099370857705494942e+01	1.955048225888908675e+01	2.075954177023861646e+01	2.022650843191042824e+01	2.023089487385234975e+01	2.052199816251037134e+01	2.041742431877938913e+01	2.072552055960063555e+01	2.044226529371164247e+01	2.008484488235593446e+01	2.071359247855927777e+01	1.968220695296723122e+01
2.003009735984172934e+01	2.036461387915428034e+01	1.989103567560605867e+01	2.006041747132393382e+01	1.941649158920596108e+01	1.994608047308321730e+01	1.995798400082122726e+01	2.037497092810747290e+01	1.984985827821114057e+01	1.991622948005393567e+01	2.042036657274855216e+01	1.983599571052482702e+01	1.998563857651081221e+01	1.890005758226059385e+01	1.964004429867861035e+01	1.987932146218873442e+01	2.044210444479051603e+01	2.043150169674170513e+01	2.046065182924244752e+01	2.906546536433705796e+01	2.073390829547811975e+01	1.980021233401600256e+01	1.981144563595727703e+01	2.052315672935542068e+01	1.987272822614465184e+01	2.059281951145652201e+01	2.001790583001358215e+01	1.961754108628706206e+01	1.966052338100139352e+01	2.013016308489537565e+01	2.013532663564034664e+01	2.029167422528617593e+01	2.013744906031377013e+01	1.971006346575935098e+01	2.001280624577776734e+01	2.005891767820291705e+01	2.017414482890307070e+01	2.031126768932718463e+01	2.050837418143013124e+01	1.965771135925962909e+01	1.970595549113257761e+01	2.001904130993878894e+01	2.020308844593838771e+01	2.029066784661543466e+01	1.970597886080212291e+01	2.104630011437968307e+01	1.999820118576401384e+01	1.984018577177336340e+01	2.038315068368535776e+01	1.912518308946878420e+01
2.065399707336607449e+01	2.081114244074226605e+01	2.050455221349997004e+01	2.070139394086654150e+01	1.988945126512823691e+01	2.080934097792455972e+01	2.043261726958509783e+01	2.049546116359550041e+01	2.038219812918970675e+01	2.056168382195964384e+01	2.106729252770732330e+01	2.044151952927307647e+01	2.049706326814067125e+01	2.004043485504497468e+01	2.060250353696046943e+01	2.031225254081980580e+01	2.125582540349921601e+01	2.080851682479124420e+01	2.114909728152888135e+01	2.073390829547811975e+01	3.148726795383854338e+01	2.038986961872789649e+01	2.105106231739821609e+01	2.064534393594638928e+01	2.076328918149232194e+01	2.116425935494601518e+01	2.060137083064360297e+01	2.035914903560824740e+01	2.038226876258943676e+01	2.129876915711724550e+01	2.036763547375205974e+01	2.105142632928600577e+01	2.080265559302842604e+01	2.058476703385380091e+01	2.075133761977070534e+01	2.078578986155179464e+01	2.056034515106391680e+01	2.048319569822375286e+01	2.111481291154027318e+01	2.007046320459436117e+01	2.059520320126132731e+01	2.068527424642154600e+01	2.055570269944258044e+01	2.085582301862121213e+01	2.055740893635299926e+01	2.102982956776032353e+01	2.090345043212589005e+01	2.068576687358528687e+01	2.067946742449102260e+01	2.018019992532149587e+01
2.013397247296620662e+01	1.976553760989497022e+01	1.963033691830306182e+01	1.963468418905688395e+01	1.947699784904952480e+01	1.957414172696413246e+01	1.954030090543983533e+01	2.001460939758354129e+01	1.892315950136374880e+01	1.965300778298989925e+01	1.991004393510371173e+01	1.957619740995429325e+01	1.994712284702796268e+01	1.896506117038390471e+01	1.947933861689215007e+01	1.954042136535979424e+01	2.021015840870801838e+01	1.943755871763484322e+01	2.024391336837287980e+01	1.980021233401600256e+01	2.038986961872789649e+01	2.977900227220017015e+01	1.987041459430630752e+01	2.023958469426602491e+01	1.971411314509913026e+01	1.980600263474467937e+01	1.951588885876307344e+01	1.914445029102567730e+01	1.932034168852415945e+01	1.981949017357625209e+01	1.983393096684235601e+01	2.016077690975715342e+01	2.000890972288598846e+01	1.920573780795069041e+01	1.992277153375492205e+01	1.950747185468229361e+01	1.958541700091850046e+01	1.960559435867840605e+01	2.018859940866563107e+01	1.924519664247296902e+01	1.989171754265186465e+01	1.958581167754092078e+01	1.995901179060963671e+01	1.986128747832173858e+01	1.984814107218857870e+01	2.014476460357689902e+01	1.988043060170537046e+01	1.944133955095996313e+01	2.001783320942159250e+01	1.915123778810550803e+01
2.000050892578908091e+01	2.040922617818863216e+01	2.007569575096984238e+01	2.014865536541230995e+01	1.951418114693910155e+01	2.004046867158584178e+01	1.969337702504170196e+01	2.022052949350752371e+01	1.980310418905789760e+01	2.006852235162830667e+01	2.031327556783527655e+01	1.989547748861236443e+01	2.003763791322209187e+01	1.952844154021974887e+01	1.968178724929081724e+01	2.003984224532720049e+01	2.038327640505402272e+01	2.059065067880191435e+01	1.994465535905969134e+01	1.981144563595727703e+01	2.105106231739821609e+01	1.987041459430630752e+01	2.996514038132066204e+01	2.033612830762427492e+01	2.000818097362643400e+01	2.051122905705828003e+01	1.969292795731078272e+01	1.942799026127126183e+01	1.985551825248164448e+01	2.013473732464390409e+01	1.985979836476484550e+01	2.071804523214589722e+01	2.068626850480793067e+01	2.003535317993416243e+01	2.013735577353316941e+01	2.030716258409034580e+01	2.011747915399222464e+01	2.016697427432620060e+01	2.048585011450705196e+01	1.966248563725518039e+01	1.997509939563352788e+01	1.986724448947569854e+01	2.001551923806907496e+01	2.004926939851499057e+01	2.037177958583727388e+01	2.002686058799082147e+01	2.004493980697881739e+01	1.988727132780443085e+01	1.964950680394968785e+01	1.912360978713608262e+01
2.010086700966590811e+01	2.010034582259036640e+01	2.014442500311874795e+01	2.007695116975325078e+01	1.980651974829182294e+01	2.008249345112102091e+01	2.021774809701892650e+01	2.067556844271779681e+01	1.970949167860385032e+01	1.988401157415420073e+01	2.034455393217582042e+01	2.009068511037139260e+01	2.020504733341795500e+01	1.975517035868852744e+01	1.968718545022618471e+01	2.002893198420933274e+01	2.064050106156354403e+01	2.068043881604565115e+01	2.021237748943755008e+01	2.052315672935542068e+01	2.064534393594638928e+01	2.023958469426602491e+01	2.033612830762427492e+01	3.014188626744390120e+01	2.039395258872556127e+01	2.043276845478491310e+01	2.001559265796846887e+01	2.001394264026769321e+01	1.988035014027661518e+01	2.050564985485363678e+01	1.973835924996311419e+01	2.112165318021520477e+01	2.033382991675399865e+01	2.011780122156208961e+01	2.042455151931368462e+01	2.006891230901271683e+01	2.037787488478241471e+01	2.041048592576517606e+01	2.030140603832098023e+01	1.948917211887966516e+01	2.016721461638304902e+01	2.018288925475269480e+01	1.998307488697720302e+01	2.015804260404296500e+01	2.035535216396253944e+01	2.045731898738753074e+01	2.018523098129402982e+01	2.003886090240231965e+01	2.026617090377902741e+01	1.959853761087657276e+01
1.994007434812542812e+01	2.017433713898265069e+01	2.032091586514694370e+01	2.016324777650146771e+01	1.925873031493195953e+01	2.013368532823533386e+01	1.968678812381220311e+01	1.992137393829723635e+01	1.968993295788363440e+01	2.000184109301518731e+01	2.056218730118028049e+01	2.000595235849708686e+01	1.987309346506946994e+01	1.925389179395159900e+01	1.969444783232474450e+01	2.010579429224817716e+01	2.071035145448375303e+01	2.023283778280363521e+01	2.054404367804922060e+01	1.987272822614465184e+01	2.076328918149232194e+01	1.971411314509913026e+01	2.000818097362643400e+01	2.039395258872556127e+01	3.000348686370227824e+01	2.027350857740450962e+01	2.022220054769041653e+01	1.997920234934659334e+01	1.944233358681281842e+01	2.048636187030787781e+01	2.039627261370689482e+01	2.038484545977559748e+01	2.080362680945648535e+01	2.004066312481934986e+01	2.011269353387597292e+01	2.000737079566938093e+01	2.013976201134381583e+01	2.015009782956920503e+01	2.020991688586982349e+01	1.970983289274021644e+01	2.027910862426937655e+01	2.033606008256279196e+01	1.982134992416855113e+01	1.960248888128680633e+01	2.036418609206214470e+01	2.048856496140043859e+01	2.011699983349410914e+01	2.037403538055479757e+01	2.024641820214538512e+01	1.981305318829117113e+01
2.014148238450325934e+01	2.064661721025397512e+01	2.016861526162622908e+01	2.029192575645506835e+01	2.002788775179675795e+01	2.024357078766345097e+01	2.034386899969009832e+01	2.045957091839077435e+01	2.020450275748597235e+01	2.023846730264375893e+01	2.048356003178987805e+01	2.030684113305018457e+01	2.064092739146371613e+01	1.979517602794548026e+01	1.986759553157542868e+01	1.984559589016817682e+01	2.099014048284767853e+01	2.054131447332606442e+01	2.051908561601653957e+01	2.059281951145652201e+01	2.116425935494601518e+01	1.980600263474467937e+01	2.051122905705828003e+01	2.043276845478491310e+01	2.027350857740450962e+01	3.049392456533131224e+01	2.010996356835792298e+01	1.977457638413138952e+01	2.010387627201779992e+01	2.067229240878770469e+01	2.008919313814081065e+01	2.065785440041810972e+01	2.041532136465242431e+01	2.013247062784339647e+01	2.017296513431080385e+01	2.029650537859087223e+01	2.038557226349369955e+01	2.062875615910018823e+01	2.080272356264806888e+01	1.997826291544463828e+01	2.056934058148340227e+01	2.058487280116310103e+01	2.030483088073246378e+01	2.057006994933474786e+01	1.992501375568541633e+01	2.073928112350272812e+01	2.032854461863295725e+01	2.028435365213441344e+01	2.045987619024313631e+01	2.001130975421043345e+01
1.984132888959253904e+01	2.024108036150193257e+01	1.995884899838516091e+01	1.977883389456524910e+01	1.952797825052301306e+01	1.981404536530848048e+01	1.970815587357223109e+01	2.006132651722274929e+01	1.954237485920420880e+01	1.980462316719642857e+01	1.985238590595083608e+01	1.963217836353375034e+01	1.963004786701583626e+01	1.955397587401130721e+01	1.930536825861808836e+01	1.970370841282592878e+01	2.032661768960500126e+01	2.002041587031065362e+01	2.022656081773514813e+01	2.001790583001358215e+01	2.060137083064360297e+01	1.951588885876307344e+01	1.969292795731078272e+01	2.001559265796846887e+01	2.022220054769041653e+01	2.010996356835792298e+01	2.948568729655959686e+01	1.960567678254593815e+01	1.951783607508116347e+01	1.983045149600101098e+01	1.962576476737985587e+01	2.022231768562275533e+01	2.013678223716000559e+01	1.966544434067049352e+01	2.014082003616433170e+01	2.006907818196921411e+01	1.994244421026943570e+01	1.997227702534209470e+01	2.063809092786099697e+01	1.939984043589859297e+01	2.001467279425162005e+01	1.955759177510161706e+01	2.016768190370324376e+01	1.972104460600721865e+01	1.993941989397078274e+01	2.024095161771171902e+01	1.955759615847355093e+01	1.953261952332642082e+01	2.022120786441304929e+01	1.916383208257562032e+01
1.992531451702515355e+01	1.955166307298075878e+01	1.957403815674048175e+01	1.988514535726560695e+01	1.914639353157444290e+01	1.987425936283799643e+01	1.945273534542052474e+01	1.977290197294098562e+01	1.912675753431200221e+01	1.974629370765621061e+01	2.007955710335713917e+01	1.962633298781588209e+01	1.963103695008365790e+01	1.961070326268716713e+01	1.918468013607992617e+01	1.947235513499994397e+01	1.990998570601859896e+01	1.999845559597831723e+01	2.038339510369365470e+01	1.961754108628706206e+01	2.035914903560824740e+01	1.914445029102567730e+01	1.942799026127126183e+01	2.001394264026769321e+01	1.997920234934659334e+01	1.977457638413138952e+01	1.960567678254593815e+01	2.927833278725523414e+01	1.927780179960474172e+01	1.964789237535861588e+01	1.983715900015476308e+01	1.970221916317848709e+01	2.014575761796459830e+01	1.956014799508365698e+01	1.996057348765546635e+01	1.952841574041548611e+01	1.960592602818911701e+01	2.008611703613109967e+01	2.007547347102646995e+01	1.930555944953085756e+01	1.962771334871533213e+01	1.976043926141635154e+01	1.971616304128888686e+01	1.956839911460098591e+01	2.006625562884807223e+01	2.026711878257337673e+01	1.935284445618295734e+01	1.993724355209856114e+01	2.011612236187450264e+01	1.923637123751287703e+01
1.959720787357142413e+01	1.983023807745929545e+01	1.936967205382742918e+01	1.960874583874240784e+01	1.930776852300049384e+01	2.003619236088333722e+01	1.948122125101800606e+01	2.004248210014753084e+01	1.957663199039710733e+01	1.942490134575925254e+01	1.990103643493558039e+01	1.926168741183037270e+01	1.973997941142192758e+01	1.900485254700127058e+01	1.925727785081451060e+01	1.939607710633276128e+01	1.990631932902447687e+01	1.994015570983870589e+01	2.010794568097158930e+01	1.966052338100139352e+01	2.038226876258943676e+01	1.932034168852415945e+01	1.985551825248164448e+01	1.988035014027661518e+01	1.944233358681281842e+01	2.010387627201779992e+01	1.951783607508116347e+01	1.927780179960474172e+01	2.882754137955689089e+01	1.965284296177537726e+01	1.968911584025983075e+01	1.998841946079856413e+01	2.006415677682064924e+01	1.943261913029530064e+01	2.017375583739553591e+01	1.966887016679537581e+01	1.943607585992552345e+01	1.964827026907838814e+01	1.981044742188090169e+01	1.890888061647955709e+01	1.997248602615683666e+01	1.967795279932456864e+01	1.969480580489281252e+01	1.955205993468579706e+01	1.974007935847709660e+01	1.996713354606307078e+01	1.924698450408437012e+01	1.950670037934258971e+01	1.951958547748893835e+01	1.932823182308881016e+01
2.022765385195417309e+01	2.046059028139261216e+01	2.006484196988257196e+01	1.992561771609419807e+01	1.983489909522507233e+01	2.041842515435213201e+01	1.965443346275506897e+01	2.013793728778232861e+01	1.981216053132754240e+01	2.008688959232042492e+01	2.083815595762525774e+01	1.985208886738764633e+01	2.027751373796260026e+01	1.968662064242588272e+01	1.979085764962484362e+01	1.999973226054842357e+01	2.086131890292724833e+01	2.012708100363401797e+01	2.071137778271267393e+01	2.013016308489537565e+01	2.129876915711724550e+01	1.981949017357625209e+01	2.013473732464390409e+01	2.050564985485363678e+01	2.048636187030787781e+01	2.067229240878770469e+01	1.983045149600101098e+01	1.964789237535861588e+01	1.965284296177537726e+01	2.998490198492607206e+01	2.043432015556710724e+01	2.038722131629562995e+01	2.033309387754815134e+01	2.023711412079961036e+01	2.032007066008530671e+01	2.018388296098951784e+01	2.004223127516135960e+01	2.019607586868398741e+01	2.094160732914231815e+01	2.018351912274588855e+01	2.026728442439544153e+01	2.057162569765774052e+01	2.028945171181130291e+01	2.001057527894149857e+01	2.065590489266428875e+01	2.068987630195816507e+01	2.018782159185285252e+01	2.025872363191226100e+01	2.046932370920256261e+01	1.964265897647469572e+01
2.001648045458426850e+01	1.986283127347566335e+01	1.949151311711590751e+01	1.984969595209806670e+01	1.939779175819599999e+01	2.020699151165983309e+01	1.935022063002913839e+01	2.036134462903210363e+01	1.950849648934167391e+01	2.000491318857935852e+01	2.067652293736228586e+01	1.953075026783887935e+01	1.991631196938492110e+01	1.946773260239805481e+01	1.974391114636354061e+01	1.984992953570998608e+01	2.049062617286699250e+01	2.031137623499532197e+01	2.021297162257380364e+01	2.013532663564034664e+01	2.036763547375205974e+01	1.983393096684235601e+01	1.985979836476484550e+01	1.973835924996311419e+01	2.039627261370689482e+01	2.008919313814081065e+01	1.962576476737985587e+01	1.983715900015476308e+01	1.968911584025983075e+01	2.043432015556710724e+01	2.983185538745328813e+01	2.021011404603455119e+01	2.027277416164937662e+01	1.966610206522978999e+01	2.001253008389456056e+01	1.987476055774316919e+01	1.998532097028940413e+01	2.040850916052448127e+01	2.038337596874720958e+01	1.939405347966307147e+01	1.975609348223681039e+01	2.003982360199746537e+01	2.029287337943782177e+01	2.005330918068159818e+01	2.046142436564569067e+01	2.031611808708913358e+01	2.006612998957913874e+01	1.977047990998337212e+01	2.010125837517837866e+01	1.970154786908163658e+01
2.035303549327004191e+01	2.037780228594089138e+01	2.053645636418822917e+01	2.094651212070329649e+01	2.012525646026879045e+01	2.052343487932422761e+01	2.034963310198974185e+01	2.058156801318101614e+01	2.015257248322472705e+01	2.023027217303418368e+01	2.099678977205871888e+01	2.042351370677174671e+01	2.064802575342471869e+01	1.980774891781883085e+01	2.051262011050803480e+01	2.044762716971267125e+01	2.112338358439094321e+01	2.054373277512731377e+01	2.020910362552633543e+01	2.029167422528617593e+01	2.105142632928600577e+01	2.016077690975715342e+01	2.071804523214589722e+01	2.112165318021520477e+01	2.038484545977559748e+01	2.065785440041810972e+01	2.022231768562275533e+01	1.970221916317848709e+01	1.998841946079856413e+01	2.038722131629562995e+01	2.021011404603455119e+01	3.041166699166799603e+01	2.073103857798073335e+01	2.023331064381844513e+01	2.032141152500402370e+01	2.082460692084648812e+01	2.008297951926091685e+01	2.090531832731213413e+01	2.058724418823489444e+01	2.003737925893037897e+01	2.071829547194182197e+01	2.032386039144912715e+01	2.014236932479654740e+01	2.093353960329005758e+01	2.052823216060504308e+01	2.084554293621900101e+01	2.064865372747391348e+01	2.024106820647621774e+01	2.030407429432893096e+01	1.961238408192046734e+01
