2.927668247044272931e+01	2.005005876568633738e+01	1.933002068725225087e+01	1.932814192203840520e+01	1.953476210993096274e+01	1.999739454080411605e+01	2.017657826205688565e+01	2.017072424503878025e+01	1.939994928603068658e+01	2.005097944958836109e+01	1.971566134165431095e+01	1.942835585268685961e+01	1.942668924658030249e+01	1.960645584879127767e+01	1.989388922829038364e+01	1.967876826956828751e+01	1.946979774280011455e+01	2.023412112689014464e+01	1.953857717146362205e+01	1.965614460084449888e+01	2.032278016564803380e+01	2.008297265575846779e+01	1.963555317580166815e+01	1.998033100171790721e+01	1.993977922919037127e+01	1.949626680405006596e+01	1.930804249692678454e+01	1.994747583585564144e+01	2.018856048889438881e+01	1.949071486804976416e+01	1.900784869368659002e+01	1.980512077469639820e+01	1.968524359313916960e+01	1.963570459913748678e+01	2.015543145854928753e+01	1.966626944416460887e+01	1.983814728985479192e+01	2.025274364156632956e+01	1.962965215820975473e+01	1.957116549053058208e+01	1.992033656261318697e+01	1.981215080931853478e+01	2.000626486506603285e+01	1.983289677981413845e+01	1.912662881900713430e+01	1.993783402822885265e+01	1.972209735118264362e+01	1.953949510098052400e+01	1.951948292149453223e+01	1.948703429243199636e+01
2.005005876568633738e+01	2.995234536392168323e+01	1.955247509065987899e+01	1.959435821437800129e+01	1.985213075915697800e+01	2.024777141416793924e+01	2.009292294792795275e+01	2.025710530670412979e+01	1.986871128470754755e+01	2.011699883609556494e+01	2.042357358486631824e+01	1.981305724227993537e+01	2.027227959329728080e+01	2.022091823205202843e+01	1.971621367571673389e+01	2.003247357781863158e+01	1.982346492545070049e+01	2.029585572861857301e+01	2.000141413495821752e+01	1.954248598433059314e+01	2.026420719372663015e+01	2.012678830219024206e+01	2.049895167573944832e+01	2.015704381088461616e+01	2.040297088847312423e+01	1.959965533801591064e+01	1.996591646817313048e+01	2.061771047310298499e+01	2.036083031549425115e+01	1.995269757554641998e+01	1.971586969985263949e+01	1.968093296991492736e+01	2.050869876948889825e+01	2.011093925859919196e+01	2.042632271789235077e+01	1.989355840143215204e+01	2.000309631422013723e+01	2.011058092862497304e+01	2.009569912211971854e+01	1.999227290987275296e+01	2.020944049691502897e+01	2.020058844616437099e+01	2.033484234713152361e+01	2.032496875744057263e+01	1.959931527530985562e+01	2.048978845532511173e+01	1.993749288081518145e+01	2.025486877222871129e+01	2.019134512683066163e+01	2.009284561806162017e+01
1.933002068725225087e+01	1.955247509065987899e+01	2.914173861950626332e+01	1.957274248850904286e+01	1.954338702708779607e+01	1.955962979248850786e+01	1.986848514788826137e+01	1.982686520146901543e+01	1.919224374562439195e+01	1.940830131531474834e+01	1.963309583879462750e+01	1.914095101908232621e+01	1.911719676789213906e+01	1.918630961361036924e+01	1.952094148551782027e+01	1.993413897449497796e+01	1.907950877966640491e+01	2.004326141213144297e+01	1.980399357499628721e+01	1.923843713049073401e+01	1.978959644368958948e+01	1.922758751079645023e+01	1.968553400916784568e+01	1.952275665108296465e+01	1.964390237923872462e+01	1.891600543014144264e+01	1.916146085461141979e+01	2.029557495839656056e+01	1.952447212609660809e+01	1.896156711769294390e+01	1.917544929707747769e+01	1.912833054242545572e+01	1.993442766193129501e+01	1.937915511229986265e+01	1.951592548072660449e+01	1.963218300955019302e+01	1.972334186070153805e+01	1.974449005213190489e+01	1.945993419605308716e+01	1.921374429799115546e+01	1.962040127598273642e+01	1.973771788232333435e+01	1.986441368426994813e+01	1.942919118270446077e+01	1.923631307813712610e+01	1.974614354232487656e+01	1.928141242850502479e+01	1.943080173865543259e+01	1.959495287285595211e+01	1.977401029619513650e+01
1.932814192203840520e+01	1.959435821437800129e+01	1.957274248850904286e+01	2.927849448121522968e+01	1.925188334842163584e+01	2.004404710283797542e+01	1.970379436590592093e+01	2.000290629041314006e+01	1.948529941696398282e+01	1.960034853663132637e+01	1.973860519971759331e+01	1.929952124034714700e+01	1.954021065335706808e+01	1.976053758570947139e+01	1.957024841071482513e+01	1.952255491842529267e+01	1.955965457094974269e+01	1.976630668696394366e+01	1.974906875770075132e+01	1.920786758153314366e+01	2.016345816502833799e+01	1.981841823977240935e+01	1.960334792986677854e+01	1.983524613763492539e+01	1.948752953622566508e+01	1.904355372699842874e+01	1.950145454995111294e+01	2.001607744019262469e+01	2.003318432266480897e+01	1.940866381535064278e+01	1.942829169777644083e+01	1.944064078910562543e+01	1.984728994835075255e+01	1.942653374862230109e+01	1.991153887516285081e+01	1.904296186154546788e+01	1.934098980531720002e+01	1.952741521518021628e+01	1.960394167741819516e+01	1.956578921605741783e+01	1.945707918833411654e+01	1.986090113678092450e+01	1.967422018166790210e+01	2.013699802288281404e+01	1.938110383898617073e+01	1.984658224862483777e+01	1.946184253875726000e+01	1.966000118139277575e+01	1.932852307332648678e+01	1.930292914281589489e+01
1.953476210993096274e+01	1.985213075915697800e+01	1.954338702708779607e+01	1.925188334842163584e+01	2.923657071496727156e+01	2.001549501494923788e+01	2.014211878169309600e+01	2.019845181774616449e+01	1.922332704590091623e+01	2.006834919236730741e+01	1.979668270387420392e+01	1.931978513724437363e+01	1.986555268726034740e+01	1.960925398141359821e+01	1.946690051430089952e+01	1.948346943006652054e+01	1.988581815901666161e+01	2.020885886319854663e+01	1.987628325655957795e+01	1.938310497293250023e+01	2.011861233843586305e+01	1.988740867686898284e+01	1.954025043661365757e+01	2.003170319279833222e+01	1.930564212306562411e+01	1.936913552782094072e+01	1.936674078526544562e+01	2.030033923540946361e+01	2.014679699716388228e+01	1.943196123134493902e+01	1.926624481575218439e+01	1.957199973792171477e+01	2.001369983966972299e+01	1.942259983343224405e+01	1.999666485841993691e+01	1.981397828885542722e+01	1.979182992026506938e+01	1.997498805083374762e+01	1.995441112360837366e+01	1.926296476376014510e+01	1.997373572392936580e+01	2.022046356878792750e+01	1.972855982053986068e+01	1.986757005163325118e+01	1.895944988267065057e+01	1.996514497646792208e+01	1.944543567340712542e+01	1.972987536805094422e+01	1.971363325497123498e+01	1.961585939581012994e+01
1.999739454080411605e+01	2.024777141416793924e+01	1.955962979248850786e+01	2.004404710283797542e+01	2.001549501494923788e+01	3.011719261122673785e+01	2.058028749752085318e+01	1.986443661127571048e+01	2.030563625288680285e+01	2.046855782490338882e+01	1.971705139818698171e+01	2.026297632888576317e+01	1.996223199838087226e+01	1.975408177369665808e+01	1.977239895112993295e+01	2.023610072053052633e+01	2.037637275090627753e+01	2.038538579892272651e+01	2.009010064242556481e+01	2.019917208040060785e+01	2.056412704368277744e+01	2.015292453360905256e+01	2.038274370987798179e+01	2.005923295970947962e+01	2.022420158316445438e+01	1.937549273720216902e+01	2.001727366997399216e+01	2.084074160593914371e+01	1.993234288193414372e+01	1.967829867122580367e+01	1.976056694159432681e+01	1.949813006489728195e+01	2.065476851453786011e+01	2.001592371861284647e+01	2.023564139207765322e+01	1.986437615434531523e+01	1.988829281799004534e+01	2.022717543358975334e+01	2.053098589718419120e+01	1.968691623741948504e+01	2.035973336707042947e+01	2.021647321146473786e+01	2.006575641069785121e+01	2.011837431693714606e+01	1.976796014102005117e+01	2.013914512092121711e+01	1.992381686705071786e+01	2.015782141878816702e+01	1.983180506050059577e+01	2.005264703079775046e+01
2.017657826205688565e+01	2.009292294792795275e+01	1.986848514788826137e+01	1.970379436590592093e+01	2.014211878169309600e+01	2.058028749752085318e+01	3.001292681446826194e+01	2.041872017776125858e+01	1.994755320171299928e+01	2.039195042317676965e+01	2.010562470821711045e+01	1.970739597084578065e+01	1.980890106213108126e+01	1.990706302144407758e+01	2.006242742994663431e+01	2.030942689792773237e+01	2.017016171412272740e+01	2.038687907795718601e+01	1.997611031733893228e+01	1.975481607774126047e+01	2.065840306244476920e+01	1.987896297816005742e+01	2.002947743897891186e+01	2.018861976250438062e+01	2.038729910821076885e+01	1.957978972865178235e+01	1.983133547299770783e+01	2.096168578859425224e+01	2.032392842673922928e+01	1.990634078259963502e+01	1.975662342556235274e+01	1.992651821187127936e+01	2.030420536583964619e+01	1.986280335309899314e+01	2.036290845059911092e+01	2.019060826633340966e+01	2.036950963242880519e+01	1.999108265349495284e+01	2.035773772306307450e+01	1.991279825658031299e+01	2.044737908905072032e+01	2.013869374372834642e+01	2.049653602987148204e+01	2.018910806344578290e+01	1.962653577688434225e+01	2.046627939501914284e+01	2.014122013970189684e+01	2.014490430427291656e+01	1.982986341384671292e+01	1.994472293906419935e+01
2.017072424503878025e+01	2.025710530670412979e+01	1.982686520146901543e+01	2.000290629041314006e+01	2.019845181774616449e+01	1.986443661127571048e+01	2.041872017776125858e+01	3.008797248923297118e+01	1.995502399685299721e+01	2.046111176503351103e+01	2.005018473364261666e+01	1.987122392285353456e+01	1.970430260291927382e+01	1.963918044021248832e+01	1.988713980566744866e+01	1.967942145563385381e+01	1.989099858481242222e+01	2.047483661458579718e+01	2.001710930815620060e+01	1.943344196830688375e+01	2.090526238651227331e+01	2.002698487650867065e+01	2.032413577367385571e+01	2.005473380037869191e+01	2.009560245154325742e+01	1.974069303389647700e+01	1.953826976050147124e+01	2.093683156971094661e+01	2.023351823145882378e+01	1.988400456296891150e+01	1.948194508847151951e+01	1.976364138214181310e+01	2.042903514454866354e+01	1.957653090641753479e+01	2.055758555027188805e+01	2.017105030539400090e+01	1.969286008208371541e+01	1.996408588768726489e+01	2.048109787183077302e+01	1.954538726733595055e+01	2.018922542352802552e+01	2.036354038560792290e+01	2.006851728383839983e+01	2.009653249826051180e+01	1.965469213857809905e+01	2.041991211881158108e+01	1.945569549592760339e+01	2.043424142239447150e+01	2.022342756218419879e+01	1.952027611583402944e+01
1.939994928603068658e+01	1.986871128470754755e+01	1.919224374562439195e+01	1.948529941696398282e+01	1.922332704590091623e+01	2.030563625288680285e+01	1.994755320171299928e+01	1.995502399685299721e+01	2.939201352172926107e+01	1.951856839766365326e+01	1.992582473572598190e+01	1.935326719898021608e+01	1.959282385335300702e+01	1.954873008683214763e+01	1.976503052228681057e+01	1.925241440429286044e+01	1.953663770012316547e+01	1.972215588619434712e+01	1.996295954199020173e+01	1.919532112166402271e+01	1.976314210171983277e+01	1.955355020692262258e+01	1.998053666716870325e+01	1.929429362589230124e+01	1.977910334399036785e+01	1.890967480063567763e+01	1.934640513234316472e+01	1.991214739203934769e+01	1.996175617758013487e+01	1.968858523163061136e+01	1.944426547926284599e+01	1.938354588685215063e+01	1.989916264891956388e+01	1.981755565298424315e+01	2.018255287842888634e+01	1.931980954374148141e+01	1.960204040060961006e+01	2.022314833435119752e+01	1.957709599299161241e+01	1.947328659928246353e+01	1.964317261370620571e+01	1.971559252944734197e+01	1.948322914709204667e+01	1.965588647630264063e+01	1.959640322556374414e+01	1.975189642101872067e+01	1.951746981034669659e+01	1.972142073687123442e+01	1.929131822279853736e+01	1.950003497781681716e+01
2.005097944958836109e+01	2.011699883609556494e+01	1.940830131531474834e+01	1.960034853663132637e+01	2.006834919236730741e+01	2.046855782490338882e+01	2.039195042317676965e+01	2.046111176503351103e+01	1.951856839766365326e+01	2.958241150432662181e+01	2.027970170398496208e+01	1.992732700769399656e+01	1.957035059532933019e+01	1.960618662595427608e+01	1.978123813612286597e+01	1.968505756082333136e+01	2.010515776393551945e+01	2.049407919928335531e+01	1.998585847965513551e+01	1.948358818780662105e+01	2.007871365159911647e+01	1.990388579525868806e+01	1.991641415002633408e+01	2.023536116899220616e+01	1.956100293149865976e+01	1.934062055634869282e+01	1.959995346677847294e+01	2.063784210638114658e+01	2.029213577599179175e+01	1.955493398848317099e+01	1.934091594109047207e+01	1.956864200544576704e+01	2.004195062960064533e+01	1.951569856077132670e+01	2.014892927803172640e+01	1.968711697248162551e+01	1.964809101654159562e+01	1.990971847925903404e+01	1.993374335323658286e+01	1.979433151822240333e+01	1.970929315221588851e+01	2.001312813799042445e+01	2.020041590262199094e+01	2.003138426161353891e+01	1.936984471732385771e+01	1.984294520551511809e+01	1.975456686892797009e+01	2.024694585133346436e+01	1.990786079334332115e+01	1.966872600274238891e+01
1.971566134165431095e+01	2.042357358486631824e+01	1.963309583879462750e+01	1.973860519971759331e+01	1.979668270387420392e+01	1.971705139818698171e+01	2.010562470821711045e+01	2.005018473364261666e+01	1.992582473572598190e+01	2.027970170398496208e+01	2.950853301904076176e+01	1.942422706653264797e+01	1.972713692900238058e+01	1.985853029353537025e+01	1.997897161489400020e+01	1.990465710484932771e+01	1.963178181418474821e+01	2.021124518741293485e+01	1.997456356556235946e+01	1.971512739982977891e+01	2.034406076297638677e+01	1.959070140230274149e+01	1.976904530609648347e+01	2.015873495330916398e+01	2.012072994674891291e+01	1.944765176460203904e+01	1.944105997234266070e+01	2.043089112948101871e+01	2.040518824461929626e+01	1.964084863146965532e+01	1.948814156449114776e+01	1.906537551804507657e+01	2.014412546752214439e+01	1.974663143331722637e+01	2.045791762543137793e+01	2.025423473004875063e+01	1.957389596321078429e+01	1.984286285851027287e+01	1.992800949476756500e+01	1.950531614166436967e+01	1.953471719761374814e+01	1.987522018373352140e+01	1.989373149245877670e+01	2.011937514389182269e+01	1.952727548564370252e+01	2.015573644135445974e+01	1.939219651250752818e+01	1.994859099834737393e+01	1.965399000950107222e+01	1.964708744972048393e+01
1.942835585268685961e+01	1.981305724227993537e+01	1.914095101908232621e+01	1.929952124034714700e+01	1.931978513724437363e+01	2.026297632888576317e+01	1.970739597084578065e+01	1.987122392285353456e+01	1.935326719898021608e+01	1.992732700769399656e+01	1.942422706653264797e+01	2.863919487165815170e+01	1.934733062236354684e+01	1.899663521010943512e+01	1.938352305178390367e+01	1.960856594452108581e+01	1.991671022219542664e+01	2.026424988992022591e+01	1.928249289461755112e+01	1.944250435476059025e+01	1.994029351083072754e+01	1.974976934237246340e+01	1.968269212630712062e+01	1.963459763999965446e+01	1.952554174308375323e+01	1.935185725687837532e+01	1.939321739962030833e+01	1.996498599787904382e+01	1.984330263773290426e+01	1.914778375247528430e+01	1.906872667057808357e+01	1.925021116992448711e+01	1.977194086669369710e+01	1.936840615721832393e+01	1.989281104697561275e+01	1.929941949306636673e+01	1.951067051225604132e+01	2.003244299356903468e+01	1.982350194680209299e+01	1.916050040838291579e+01	1.954223601542704003e+01	1.975443426486614129e+01	1.996890179961013345e+01	1.959944341340925433e+01	1.931654920041204093e+01	1.950433122979472955e+01	1.954826316492730953e+01	1.952445972397962137e+01	1.948479269387014057e+01	1.981174815224103014e+01
1.942668924658030249e+01	2.027227959329728080e+01	1.911719676789213906e+01	1.954021065335706808e+01	1.986555268726034740e+01	1.996223199838087226e+01	1.980890106213108126e+01	1.970430260291927382e+01	1.959282385335300702e+01	1.957035059532933019e+01	1.972713692900238058e+01	1.934733062236354684e+01	2.945304166441922789e+01	1.940712991435592372e+01	1.991617282987044746e+01	1.976086892061458755e+01	1.956562396057674746e+01	2.017917190877777855e+01	1.967426667989391476e+01	1.971457806741211272e+01	2.025824288719958943e+01	1.974996782398081763e+01	2.006474332683049866e+01	1.987934100259706582e+01	1.978459476491334001e+01	1.952431886420052365e+01	1.969993134130333345e+01	2.032652307499467170e+01	2.034308277638972484e+01	1.919236833529511088e+01	1.977395222693392185e+01	1.943148889088647024e+01	2.013453894522178800e+01	1.953809566095822348e+01	1.998546667676632183e+01	1.940401439506718262e+01	1.963299498506997409e+01	2.052070557474790746e+01	1.996623910725552165e+01	1.945593554009216319e+01	1.959388532055136167e+01	1.980448327439654932e+01	1.966440242401072425e+01	1.965185975102995997e+01	1.927400886581204986e+01	2.007504693138699281e+01	1.948811402268535531e+01	2.000852062489438410e+01	1.964683248682548466e+01	1.961446817524727138e+01
1.960645584879127767e+01	2.022091823205202843e+01	1.918630961361036924e+01	1.976053758570947139e+01	1.960925398141359821e+01	1.975408177369665808e+01	1.990706302144407758e+01	1.963918044021248832e+01	1.954873008683214763e+01	1.960618662595427608e+01	1.985853029353537025e+01	1.899663521010943512e+01	1.940712991435592372e+01	2.909772708802564978e+01	1.951357975951684764e+01	1.971181969681828505e+01	1.958019518614961285e+01	1.986359593680033697e+01	1.957684692871589149e+01	1.957053204767832355e+01	2.045843251568426879e+01	1.967124694208225932e+01	1.991052255258115622e+01	1.969422467001673027e+01	2.025755810499320475e+01	1.948983016214921093e+01	1.912260866388569269e+01	2.028412464482967081e+01	2.033479262780037189e+01	1.941883936414329170e+01	1.955121578630523871e+01	1.933040617548316575e+01	1.990855787412132116e+01	1.973383148142766785e+01	1.987635907951914049e+01	1.924930936650554969e+01	1.971469564681446229e+01	2.008378406200973032e+01	1.978618635788476965e+01	1.922702113229709298e+01	1.957189236695586487e+01	1.976884574776152093e+01	1.964049378623231235e+01	1.973598153076649808e+01	1.956796499630691244e+01	1.985509518007401297e+01	1.963962783895048858e+01	1.978564231564259401e+01	1.943056181945517125e+01	1.978622777445901093e+01
1.989388922829038364e+01	1.971621367571673389e+01	1.952094148551782027e+01	1.957024841071482513e+01	1.946690051430089952e+01	1.977239895112993295e+01	2.006242742994663431e+01	1.988713980566744866e+01	1.976503052228681057e+01	1.978123813612286597e+01	1.997897161489400020e+01	1.938352305178390367e+01	1.991617282987044746e+01	1.951357975951684764e+01	2.973580448342227811e+01	1.978261202148472719e+01	1.944598492127121503e+01	1.980398943074312612e+01	2.017985015848732999e+01	1.964399092370708644e+01	2.026085374958770657e+01	1.958315969021020564e+01	1.998526101665607868e+01	1.962754331332504876e+01	1.952179723958660773e+01	1.939755565737797482e+01	1.952496631657212589e+01	2.029805503930487731e+01	2.006523100948808391e+01	1.918363541971194763e+01	1.961224043900403302e+01	1.948893141341331869e+01	2.006567599991450379e+01	1.960563316481343676e+01	1.983497210363357510e+01	1.987195852520729034e+01	1.997374499664865510e+01	1.988091896238839595e+01	1.970839149712909588e+01	1.935059495374923344e+01	2.002382678848681863e+01	1.996229491041101767e+01	1.960717744567832455e+01	2.017511550461194503e+01	1.928293090232525486e+01	2.014335082030551405e+01	1.983908560108043062e+01	2.010934482258839751e+01	1.994221230212378515e+01	1.968059519717170502e+01
1.967876826956828751e+01	2.003247357781863158e+01	1.993413897449497796e+01	1.952255491842529267e+01	1.948346943006652054e+01	2.023610072053052633e+01	2.030942689792773237e+01	1.967942145563385381e+01	1.925241440429286044e+01	1.968505756082333136e+01	1.990465710484932771e+01	1.960856594452108581e+01	1.976086892061458755e+01	1.971181969681828505e+01	1.978261202148472719e+01	2.997189954885155316e+01	1.956732253465984073e+01	2.012808334709919222e+01	1.993381417538468270e+01	1.945780865374345225e+01	2.005296095393897104e+01	2.006287034775972700e+01	1.983964185993265517e+01	1.994219177681810606e+01	2.038824611252592689e+01	1.945005850150192472e+01	1.958457407993447319e+01	2.060958986173116614e+01	1.997345786133701750e+01	1.934107224894712118e+01	1.949189864315728116e+01	1.903811284353421129e+01	2.019239766185146578e+01	1.984217219559688061e+01	1.988865659031680977e+01	1.927395380571590877e+01	2.000627714540548041e+01	1.973135773648120050e+01	1.998831112883007322e+01	1.963386305301722246e+01	1.982579268562635022e+01	1.951730267459894463e+01	1.969512633357847875e+01	1.973689169076926220e+01	1.959473263936376952e+01	2.007379528975152994e+01	1.964538137119535222e+01	2.001754721744170240e+01	1.996215191921410081e+01	1.978763853603262035e+01
1.946979774280011455e+01	1.982346492545070049e+01	1.907950877966640491e+01	1.955965457094974269e+01	1.988581815901666161e+01	2.037637275090627753e+01	2.017016171412272740e+01	1.989099858481242222e+01	1.953663770012316547e+01	2.010515776393551945e+01	1.963178181418474821e+01	1.991671022219542664e+01	1.956562396057674746e+01	1.958019518614961285e+01	1.944598492127121503e+01	1.956732253465984073e+01	3.034590957977911785e+01	2.046990466251642715e+01	1.983514070099486304e+01	1.972700353961391784e+01	2.020335913496376534e+01	1.981056637526889475e+01	1.991890523740174146e+01	1.982044645737027011e+01	2.012960428648003486e+01	1.940908106333428762e+01	1.929610943415521618e+01	2.033341588692004009e+01	2.041059794283578199e+01	1.954529914759418929e+01	1.939809037708957007e+01	1.948758658528823062e+01	2.005005725172584619e+01	1.949935623002315310e+01	2.025323130807413108e+01	1.941852615962748629e+01	1.987261393476128646e+01	2.017965958507894442e+01	2.002547610688886692e+01	1.959706155331441124e+01	1.968452504564077543e+01	2.046958553847689544e+01	1.985284280815591984e+01	2.026470239338224388e+01	1.957713459261389843e+01	2.011856710288889616e+01	1.955470820982668201e+01	1.976334331331456795e+01	2.009682072894356963e+01	1.984821417671184918e+01
2.023412112689014464e+01	2.029585572861857301e+01	2.004326141213144297e+01	1.976630668696394366e+01	2.020885886319854663e+01	2.038538579892272651e+01	2.038687907795718601e+01	2.047483661458579718e+01	1.972215588619434712e+01	2.049407919928335531e+01	2.021124518741293485e+01	2.026424988992022591e+01	2.017917190877777855e+01	1.986359593680033697e+01	1.980398943074312612e+01	2.012808334709919222e+01	2.046990466251642715e+01	3.042733266089049948e+01	1.998957610241139804e+01	2.013028509478475669e+01	2.072076581377517357e+01	2.015657997404571944e+01	2.084324904016517621e+01	2.041352915984680649e+01	2.066572164384401944e+01	1.952936675755417539e+01	2.001761869892177614e+01	2.071883180093800192e+01	2.093647537058614461e+01	1.999025665837264398e+01	1.948495969862214494e+01	2.018217801626981611e+01	2.065608534269681584e+01	1.977898192379445064e+01	2.018528640169287769e+01	2.012464692924938703e+01	2.038948916597960803e+01	2.082150613672877171e+01	2.068152845289841935e+01	1.999759903680923756e+01	2.038020656232657402e+01	2.027379499269879659e+01	2.052115510550689592e+01	2.051951743789919291e+01	2.017000722185487049e+01	2.027481162072246335e+01	2.008067479165350022e+01	2.043307267731201904e+01	2.011034033339554128e+01	2.020069318127215752e+01
1.953857717146362205e+01	2.000141413495821752e+01	1.980399357499628721e+01	1.974906875770075132e+01	1.987628325655957795e+01	2.009010064242556481e+01	1.997611031733893228e+01	2.001710930815620060e+01	1.996295954199020173e+01	1.998585847965513551e+01	1.997456356556235946e+01	1.928249289461755112e+01	1.967426667989391476e+01	1.957684692871589149e+01	2.017985015848732999e+01	1.993381417538468270e+01	1.983514070099486304e+01	1.998957610241139804e+01	2.963772464775904680e+01	1.963939502975259188e+01	2.048570277140657936e+01	1.997677656288506043e+01	2.006130113088081757e+01	1.995957983271410896e+01	1.994386368964176270e+01	1.913790806285201285e+01	1.965465777893725630e+01	2.041465065193483142e+01	1.993709334189036397e+01	1.972180725054191797e+01	1.982719697860864017e+01	1.984880787433082006e+01	2.036915565889592727e+01	1.969855234291224377e+01	2.019557737019428956e+01	1.964892244085162076e+01	1.973451787265534918e+01	2.050290161457584404e+01	2.012383481509657912e+01	1.977285601226521194e+01	1.979104718448627764e+01	1.991096581252534037e+01	1.979420052114287998e+01	2.005798785838331355e+01	1.930003237179167641e+01	2.015595234842437833e+01	1.966930785376776925e+01	2.010705974080243053e+01	1.971964619852348832e+01	1.927432585288202915e+01
1.965614460084449888e+01	1.954248598433059314e+01	1.923843713049073401e+01	1.920786758153314366e+01	1.938310497293250023e+01	2.019917208040060785e+01	1.975481607774126047e+01	1.943344196830688375e+01	1.919532112166402271e+01	1.948358818780662105e+01	1.971512739982977891e+01	1.944250435476059025e+01	1.971457806741211272e+01	1.957053204767832355e+01	1.964399092370708644e+01	1.945780865374345225e+01	1.972700353961391784e+01	2.013028509478475669e+01	1.963939502975259188e+01	2.946655609577402402e+01	2.036014041613447034e+01	1.984501237938373208e+01	1.977298400302231585e+01	1.978463235242344709e+01	1.977582196357388611e+01	1.882740664220815319e+01	1.928776022098251985e+01	1.996737549425137459e+01	1.970964697480467720e+01	1.898628952203510778e+01	1.936983786157042786e+01	1.910462116265980725e+01	1.964408518815739413e+01	1.928828387770843378e+01	2.021861676008201059e+01	1.966639951549040077e+01	1.943650330088367895e+01	1.973824230296201776e+01	1.985100326261183667e+01	1.917479881497671101e+01	1.935706514402556166e+01	1.972631556405696074e+01	1.979150145703232866e+01	1.992030932760099660e+01	1.927810482004459658e+01	1.924548383898923731e+01	1.927456071725504927e+01	1.996730534974831173e+01	1.912496460663904330e+01	1.982962738322289908e+01
2.032278016564803380e+01	2.026420719372663015e+01	1.978959644368958948e+01	2.016345816502833799e+01	2.011861233843586305e+01	2.056412704368277744e+01	2.065840306244476920e+01	2.090526238651227331e+01	1.976314210171983277e+01	2.007871365159911647e+01	2.034406076297638677e+01	1.994029351083072754e+01	2.025824288719958943e+01	2.045843251568426879e+01	2.026085374958770657e+01	2.005296095393897104e+01	2.020335913496376534e+01	2.072076581377517357e+01	2.048570277140657936e+01	2.036014041613447034e+01	3.067546460158292376e+01	2.025117229948281050e+01	2.025406596350143218e+01	2.023642019279207815e+01	2.032567556353140503e+01	1.967546310272686227e+01	1.993160962055513252e+01	2.119999025973398687e+01	2.060288391678607312e+01	2.002749275952032448e+01	2.032771233673473432e+01	2.039041077467211593e+01	2.068054811529617254e+01	1.957542770415613020e+01	2.051320520691114879e+01	2.006867803564207264e+01	2.077629435796435331e+01	2.048635711007781168e+01	2.082613285127697011e+01	2.000911843496292164e+01	2.014217892000968391e+01	2.052198087148054739e+01	2.007290011378508154e+01	2.021243982999739330e+01	2.011831967472197746e+01	2.051592754763753845e+01	1.998186305497090487e+01	2.035753929226143555e+01	2.028535966310218086e+01	2.043134371126438964e+01
2.008297265575846779e+01	2.012678830219024206e+01	1.922758751079645023e+01	1.981841823977240935e+01	1.988740867686898284e+01	2.015292453360905256e+01	1.987896297816005742e+01	2.002698487650867065e+01	1.955355020692262258e+01	1.990388579525868806e+01	1.959070140230274149e+01	1.974976934237246340e+01	1.974996782398081763e+01	1.967124694208225932e+01	1.958315969021020564e+01	2.006287034775972700e+01	1.981056637526889475e+01	2.015657997404571944e+01	1.997677656288506043e+01	1.984501237938373208e+01	2.025117229948281050e+01	2.945718038696475105e+01	2.015855098986652649e+01	1.943009684981517182e+01	2.003437475547964652e+01	1.947845030021402479e+01	1.988339073634420018e+01	1.986004763389908589e+01	2.059787504178091311e+01	1.950442327249901098e+01	1.942799256425545096e+01	1.958293428918158696e+01	2.002114463192173943e+01	1.986084765162309296e+01	2.008192797687961573e+01	1.972715060754337912e+01	1.970578733510610547e+01	2.029382072154049865e+01	1.991274622595225452e+01	1.962204593050349644e+01	1.990081591630900348e+01	2.007949136730152873e+01	2.014653454764947682e+01	2.012929216909483543e+01	1.931658925159276663e+01	1.998729367566553350e+01	1.976866270007498727e+01	2.023234918577107777e+01	1.980974371283146240e+01	1.954820777164027135e+01
1.963555317580166815e+01	2.049895167573944832e+01	1.968553400916784568e+01	1.960334792986677854e+01	1.954025043661365757e+01	2.038274370987798179e+01	2.002947743897891186e+01	2.032413577367385571e+01	1.998053666716870325e+01	1.991641415002633408e+01	1.976904530609648347e+01	1.968269212630712062e+01	2.006474332683049866e+01	1.991052255258115622e+01	1.998526101665607868e+01	1.983964185993265517e+01	1.991890523740174146e+01	2.084324904016517621e+01	2.006130113088081757e+01	1.977298400302231585e+01	2.025406596350143218e+01	2.015855098986652649e+01	2.974443453113173774e+01	1.996759792246128384e+01	2.027702438435761678e+01	1.953227437763298724e+01	1.987323769487159808e+01	2.042523738545318324e+01	1.952290317585116952e+01	2.019272922836626094e+01	1.959887906080354725e+01	1.961909179118101676e+01	2.052346062728220133e+01	1.973411472954517976e+01	2.011186241032219968e+01	2.010131785607567068e+01	1.987432341153247961e+01	2.018780365004371191e+01	2.024727750603587140e+01	1.968428006662693264e+01	1.974529513333399677e+01	1.999202417029798085e+01	2.027565877168648711e+01	2.036000157540633282e+01	1.960026618897804340e+01	2.032369959433317064e+01	1.972606682295536018e+01	2.026713285974468448e+01	1.962424335829920707e+01	1.981326561781082418e+01
1.998033100171790721e+01	2.015704381088461616e+01	1.952275665108296465e+01	1.983524613763492539e+01	2.003170319279833222e+01	2.005923295970947962e+01	2.018861976250438062e+01	2.005473380037869191e+01	1.929429362589230124e+01	2.023536116899220616e+01	2.015873495330916398e+01	1.963459763999965446e+01	1.987934100259706582e+01	1.969422467001673027e+01	1.962754331332504876e+01	1.994219177681810606e+01	1.982044645737027011e+01	2.041352915984680649e+01	1.995957983271410896e+01	1.978463235242344709e+01	2.023642019279207815e+01	1.943009684981517182e+01	1.996759792246128384e+01	2.973705940453321617e+01	1.981271663829852514e+01	1.941720665898689901e+01	1.969073582454510074e+01	2.077625451226978726e+01	1.997178455732518998e+01	2.004613230337297480e+01	1.969018235625770075e+01	1.963435129008531277e+01	2.042863452164909788e+01	1.978627198076558358e+01	2.015091342717209599e+01	1.994024432970795857e+01	1.986890839768625128e+01	2.027782578212722342e+01	2.004352313018294396e+01	1.979993233490618820e+01	1.967821405421193504e+01	2.014099957007083930e+01	2.029095751554521954e+01	1.996896691488430164e+01	1.909498919322321342e+01	1.999556306568037556e+01	1.961358182440750753e+01	2.012534571468301792e+01	2.018703565047286830e+01	1.985932988254246823e+01
1.993977922919037127e+01	2.040297088847312423e+01	1.964390237923872462e+01	1.948752953622566508e+01	1.930564212306562411e+01	2.022420158316445438e+01	2.038729910821076885e+01	2.009560245154325742e+01	1.977910334399036785e+01	1.956100293149865976e+01	2.012072994674891291e+01	1.952554174308375323e+01	1.978459476491334001e+01	2.025755810499320475e+01	1.952179723958660773e+01	2.038824611252592689e+01	2.012960428648003486e+01	2.066572164384401944e+01	1.994386368964176270e+01	1.977582196357388611e+01	2.032567556353140503e+01	2.003437475547964652e+01	2.027702438435761678e+01	1.981271663829852514e+01	2.971899744013278166e+01	1.951232258403022257e+01	1.962257856651699583e+01	2.020500013518447702e+01	2.021208060164094178e+01	1.958599311711674673e+01	1.981190080708583068e+01	1.972523334644996140e+01	2.035095418756712249e+01	1.981633818535442160e+01	2.038037274687409095e+01	1.974143056839347565e+01	1.977300192573040505e+01	1.979202887867290173e+01	1.970243526875491469e+01	1.972789455222720179e+01	1.949327119817439780e+01	2.014688313803791786e+01	2.020905252473500369e+01	2.010063431278842927e+01	1.978827403467906976e+01	2.000943955799014518e+01	1.959296590391973325e+01	1.979818372366574053e+01	1.970949935348318505e+01	2.006871793590540065e+01
1.949626680405006596e+01	1.959965533801591064e+01	1.891600543014144264e+01	1.904355372699842874e+01	1.936913552782094072e+01	1.937549273720216902e+01	1.957978972865178235e+01	1.974069303389647700e+01	1.890967480063567763e+01	1.934062055634869282e+01	1.944765176460203904e+01	1.935185725687837532e+01	1.952431886420052365e+01	1.948983016214921093e+01	1.939755565737797482e+01	1.945005850150192472e+01	1.940908106333428762e+01	1.952936675755417539e+01	1.913790806285201285e+01	1.882740664220815319e+01	1.967546310272686227e+01	1.947845030021402479e+01	1.953227437763298724e+01	1.941720665898689901e+01	1.951232258403022257e+01	2.840338189544059588e+01	1.907478346422662341e+01	1.962220197478304584e+01	1.983894948468189767e+01	1.932489376427799854e+01	1.881485447986120363e+01	1.905306837516366869e+01	1.967681078545935236e+01	1.923365425434141329e+01	2.008750979863263098e+01	1.954150329624921056e+01	1.935241623734098226e+01	1.965511910444789478e+01	1.944327215134530462e+01	1.915411333205015509e+01	1.941614100191905123e+01	1.958782839492068462e+01	1.904870210787563067e+01	1.930941793801408224e+01	1.915311351065868806e+01	1.941712379093031160e+01	1.920495127458552176e+01	1.941046381601903548e+01	1.985609840622067068e+01	1.928417570250785218e+01
1.930804249692678454e+01	1.996591646817313048e+01	1.916146085461141979e+01	1.950145454995111294e+01	1.936674078526544562e+01	2.001727366997399216e+01	1.983133547299770783e+01	1.953826976050147124e+01	1.934640513234316472e+01	1.959995346677847294e+01	1.944105997234266070e+01	1.939321739962030833e+01	1.969993134130333345e+01	1.912260866388569269e+01	1.952496631657212589e+01	1.958457407993447319e+01	1.929610943415521618e+01	2.001761869892177614e+01	1.965465777893725630e+01	1.928776022098251985e+01	1.993160962055513252e+01	1.988339073634420018e+01	1.987323769487159808e+01	1.969073582454510074e+01	1.962257856651699583e+01	1.907478346422662341e+01	2.872007254046325997e+01	2.008685062024510870e+01	1.985458812954543006e+01	1.947195399189721243e+01	1.948896098021903001e+01	1.920717605145919293e+01	1.978694999005364608e+01	1.937405968996288408e+01	2.005558270965570600e+01	1.947917663640062003e+01	1.958890745767149966e+01	1.979432393014562308e+01	2.001760332530270503e+01	1.932078769514927785e+01	1.923376254868486512e+01	1.987810286667896165e+01	1.947714138355457791e+01	1.954441150660421656e+01	1.936268983807577726e+01	2.006024235981767845e+01	1.938514880553541531e+01	2.007245570342693597e+01	1.948274437094853795e+01	1.902134861492353224e+01
1.994747583585564144e+01	2.061771047310298499e+01	2.029557495839656056e+01	2.001607744019262469e+01	2.030033923540946361e+01	2.084074160593914371e+01	2.096168578859425224e+01	2.093683156971094661e+01	1.991214739203934769e+01	2.063784210638114658e+01	2.043089112948101871e+01	1.996498599787904382e+01	2.032652307499467170e+01	2.028412464482967081e+01	2.029805503930487731e+01	2.060958986173116614e+01	2.033341588692004009e+01	2.071883180093800192e+01	2.041465065193483142e+01	1.996737549425137459e+01	2.119999025973398687e+01	1.986004763389908589e+01	2.042523738545318324e+01	2.077625451226978726e+01	2.020500013518447702e+01	1.962220197478304584e+01	2.008685062024510870e+01	3.080166856983313295e+01	2.034168273835391361e+01	2.028045475826846555e+01	2.008262762604590890e+01	1.958507953874120133e+01	2.067944481928559242e+01	1.988815328157518891e+01	2.033207454436120187e+01	2.039972468144418372e+01	2.048287041082081217e+01	2.057023070663037601e+01	2.051008001488621701e+01	1.986168217456980400e+01	2.031342955351578539e+01	2.046797600849822985e+01	2.050823782873039036e+01	2.051050607109650414e+01	2.009569237048987489e+01	2.072435639696453791e+01	2.032883578117222001e+01	2.073255842048090614e+01	2.012058677151277664e+01	2.055250425680442206e+01
2.018856048889438881e+01	2.036083031549425115e+01	1.952447212609660809e+01	2.003318432266480897e+01	2.014679699716388228e+01	1.993234288193414372e+01	2.032392842673922928e+01	2.023351823145882378e+01	1.996175617758013487e+01	2.029213577599179175e+01	2.040518824461929626e+01	1.984330263773290426e+01	2.034308277638972484e+01	2.033479262780037189e+01	2.006523100948808391e+01	1.997345786133701750e+01	2.041059794283578199e+01	2.093647537058614461e+01	1.993709334189036397e+01	1.970964697480467720e+01	2.060288391678607312e+01	2.059787504178091311e+01	1.952290317585116952e+01	1.997178455732518998e+01	2.021208060164094178e+01	1.983894948468189767e+01	1.985458812954543006e+01	2.034168273835391361e+01	3.032463431619356697e+01	1.986022182602594910e+01	1.981538777051394717e+01	1.959852108827388406e+01	2.040734538520498020e+01	2.042372817675546770e+01	2.032490632175993639e+01	1.991104583852526133e+01	1.998677581618585108e+01	2.052905608827238737e+01	2.010943751436206028e+01	2.001148772593733227e+01	2.012239474835808650e+01	2.063196573437320680e+01	1.989611475804434448e+01	2.032240989945331577e+01	1.963461338689440439e+01	2.061118604132497012e+01	2.014590409080024003e+01	2.039479421369833290e+01	2.004812218645401245e+01	2.020361043450124328e+01
1.949071486804976416e+01	1.995269757554641998e+01	1.896156711769294390e+01	1.940866381535064278e+01	1.943196123134493902e+01	1.967829867122580367e+01	1.990634078259963502e+01	1.988400456296891150e+01	1.968858523163061136e+01	1.955493398848317099e+01	1.964084863146965532e+01	1.914778375247528430e+01	1.919236833529511088e+01	1.941883936414329170e+01	1.918363541971194763e+01	1.934107224894712118e+01	1.954529914759418929e+01	1.999025665837264398e+01	1.972180725054191797e+01	1.898628952203510778e+01	2.002749275952032448e+01	1.950442327249901098e+01	2.019272922836626094e+01	2.004613230337297480e+01	1.958599311711674673e+01	1.932489376427799854e+01	1.947195399189721243e+01	2.028045475826846555e+01	1.986022182602594910e+01	2.877107329785495793e+01	1.926220621743782857e+01	1.935926154658967135e+01	1.976450729552867003e+01	1.952236377929404298e+01	2.005915995711471211e+01	1.939476453908866915e+01	1.970546462069692240e+01	2.031416557857071226e+01	1.996440437342021568e+01	1.950994270533691832e+01	1.939158707541937687e+01	1.994657205127676036e+01	1.943496528992270100e+01	1.970670255659327097e+01	1.935758053567494841e+01	1.976242115791100673e+01	1.926825794864086205e+01	1.964109432547370560e+01	1.944990498162526293e+01	1.922173769878804350e+01
1.900784869368659002e+01	1.971586969985263949e+01	1.917544929707747769e+01	1.942829169777644083e+01	1.926624481575218439e+01	1.976056694159432681e+01	1.975662342556235274e+01	1.948194508847151951e+01	1.944426547926284599e+01	1.934091594109047207e+01	1.948814156449114776e+01	1.906872667057808357e+01	1.977395222693392185e+01	1.955121578630523871e+01	1.961224043900403302e+01	1.949189864315728116e+01	1.939809037708957007e+01	1.948495969862214494e+01	1.982719697860864017e+01	1.936983786157042786e+01	2.032771233673473432e+01	1.942799256425545096e+01	1.959887906080354725e+01	1.969018235625770075e+01	1.981190080708583068e+01	1.881485447986120363e+01	1.948896098021903001e+01	2.008262762604590890e+01	1.981538777051394717e+01	1.926220621743782857e+01	2.865055021548661429e+01	1.902508427742787944e+01	1.981422435152915895e+01	1.940544983580345928e+01	1.962559902622910357e+01	1.942752045231271296e+01	1.959029815913990191e+01	1.948807216591742630e+01	1.934380860929867652e+01	1.924890329987508153e+01	1.938407562124085004e+01	1.993354845344659765e+01	1.978284101817557428e+01	1.962637009599745497e+01	1.916941328081960449e+01	1.992866069700790277e+01	1.951867731454779431e+01	1.951275558300399382e+01	1.946627301003435662e+01	1.949898462063821114e+01
1.980512077469639820e+01	1.968093296991492736e+01	1.912833054242545572e+01	1.944064078910562543e+01	1.957199973792171477e+01	1.949813006489728195e+01	1.992651821187127936e+01	1.976364138214181310e+01	1.938354588685215063e+01	1.956864200544576704e+01	1.906537551804507657e+01	1.925021116992448711e+01	1.943148889088647024e+01	1.933040617548316575e+01	1.948893141341331869e+01	1.903811284353421129e+01	1.948758658528823062e+01	2.018217801626981611e+01	1.984880787433082006e+01	1.910462116265980725e+01	2.039041077467211593e+01	1.958293428918158696e+01	1.961909179118101676e+01	1.963435129008531277e+01	1.972523334644996140e+01	1.905306837516366869e+01	1.920717605145919293e+01	1.958507953874120133e+01	1.959852108827388406e+01	1.935926154658967135e+01	1.902508427742787944e+01	2.879994885065875110e+01	1.963378691122033715e+01	1.974020402554305775e+01	1.955215661472050570e+01	1.943604136536969307e+01	1.936332164176583959e+01	1.970077126977465909e+01	1.968985404468392275e+01	1.937870436210176095e+01	1.929291232178661275e+01	1.994167642507164118e+01	1.938050902388768648e+01	1.973301710164474443e+01	1.934493886116021599e+01	1.948446148900909947e+01	1.932532565947253289e+01	1.976472247602069743e+01	1.944446355680901206e+01	1.920996963748598318e+01
