3.078754848721502668e+01	2.011790419422382570e+01	1.996571191682662416e+01	2.054416412010330717e+01	2.043191557802993330e+01	2.064693770438035969e+01	1.995571344965003391e+01	1.966360371264391915e+01	2.008028324130992104e+01	1.942934126954740037e+01	2.054513623152998392e+01	2.078936631113792188e+01	1.992203734437455154e+01	2.029045442641839969e+01	2.025978988433330130e+01	2.047170693470942027e+01	2.067536619295263378e+01	2.042303946691356131e+01	2.028374728499005641e+01	2.098146866437054570e+01	2.022676617466797921e+01	2.040568928833973672e+01	2.019071608213371505e+01	1.992161321367532523e+01	2.019862528069338836e+01	2.001102858200505707e+01	2.019521814186744635e+01	2.093394714941280554e+01	1.996633216100094543e+01	1.996299024884844542e+01	1.978790626106832562e+01	1.985619557803469348e+01	1.980770254251540408e+01	1.980570850675646355e+01	2.044197225893114478e+01	2.022119613088501566e+01	2.032531305174361336e+01	2.002317989464324555e+01	1.978291552391871022e+01	2.009230832967627123e+01	2.011713585993429021e+01	1.991035067290974681e+01	1.958621594539671662e+01	1.995228193806883255e+01	2.037872772285700762e+01	1.992655961502715556e+01	2.056627961424923257e+01	2.092604802947592191e+01	2.009497876552184437e+01	2.068171149620056681e+01
2.011790419422382570e+01	3.019684156479594250e+01	2.009563501806877994e+01	2.023284877268726234e+01	2.081585960995510121e+01	2.061260784107818367e+01	1.957037848021033355e+01	1.946106172358463837e+01	2.001571637215492672e+01	1.981917557702457344e+01	2.078852324729683332e+01	2.029163925170340477e+01	2.007246999061516490e+01	2.034635971543977462e+01	1.980982732653832556e+01	2.052898965301070078e+01	2.056291430807638321e+01	2.040131916570020110e+01	2.000996261428468515e+01	2.050891720554430364e+01	2.027752103306026044e+01	1.988909522722633483e+01	2.013179118903019571e+01	1.971692293695018705e+01	1.996342337187447313e+01	2.034354992149572894e+01	2.014282164792965091e+01	2.034181573552285727e+01	1.989878395411867018e+01	2.003885267608925957e+01	1.945398471761067327e+01	2.021709585045517343e+01	1.999891854642036648e+01	2.014677256929080329e+01	2.038489482722067692e+01	2.010270765695615935e+01	2.042404995191208528e+01	1.994712511905729357e+01	1.975132934123560702e+01	1.969744943834898265e+01	2.023477908205075337e+01	1.968508877474567598e+01	1.940139595318983012e+01	1.967674557350914455e+01	2.019490575091520768e+01	2.060800000294324974e+01	2.022089509651617689e+01	2.070774250537587591e+01	1.973246811094344011e+01	2.022210963006996920e+01
1.996571191682662416e+01	2.009563501806877994e+01	2.963726378809052164e+01	2.049869320051691801e+01	2.011029709293936207e+01	2.039666281644569779e+01	1.953903361315603249e+01	1.976952978247866000e+01	1.960418423331509885e+01	1.950031233727085933e+01	2.065908495107121823e+01	2.052482345939454689e+01	1.978312933936699025e+01	2.034787664804384733e+01	1.997438705057200536e+01	2.052460199984037814e+01	2.059290520168026006e+01	2.048218509818839905e+01	1.993892248416034363e+01	2.033659239694338439e+01	2.009004271898775684e+01	2.031231058258003941e+01	2.016491886395512267e+01	1.952738186533009568e+01	2.046464274771727432e+01	1.985432030140441739e+01	1.985471504114455854e+01	2.059240036777975646e+01	1.959178229444216868e+01	1.982413787953929685e+01	1.973536618180010649e+01	2.016494567987997044e+01	1.986043516547360355e+01	2.001247215602388962e+01	2.019608415429431858e+01	1.980549204321713219e+01	2.035769053757975300e+01	2.013012669132821486e+01	1.965959681232475731e+01	1.979439154591731409e+01	1.982371639091287108e+01	1.968983546319597622e+01	1.998674359434597392e+01	2.008954366582561590e+01	2.023823127874236505e+01	2.005091437899852735e+01	2.015180898271376364e+01	2.030676622031468526e+01	1.986753142120846150e+01	1.979754637010296747e+01
2.054416412010330717e+01	2.023284877268726234e+01	2.049869320051691801e+01	3.005015002998909068e+01	2.079218083297633513e+01	2.062761745915859990e+01	1.989971193387134463e+01	1.952038828089206746e+01	2.021877951762778025e+01	1.966513042205087558e+01	2.098939048517073047e+01	2.063471870990974466e+01	1.993747082589083419e+01	2.034557053537344018e+01	2.045196377225935080e+01	2.071346448492847259e+01	2.090918440729676320e+01	2.073353421912322858e+01	2.028152582633316570e+01	2.044047128958939652e+01	2.035218567010272039e+01	2.025982289061589015e+01	2.054222913427972941e+01	2.002548901967318429e+01	2.052630988127545564e+01	2.008136257400123625e+01	2.036990444095209796e+01	2.080396919745662387e+01	2.017285981246142157e+01	2.005009559399478292e+01	1.972181140337146843e+01	2.037951102727032549e+01	1.987920458691102965e+01	2.004235554059897240e+01	2.045196052971892797e+01	2.025832574264844155e+01	2.070244804454358345e+01	2.048726523353645490e+01	1.955177599660313348e+01	2.029533224923430623e+01	2.024200337852754217e+01	2.005484835253086473e+01	1.965650289386100624e+01	2.002526739343639761e+01	1.967938958019749407e+01	2.040710000645494304e+01	2.037366633189096277e+01	2.099832294607918115e+01	1.971115609991491979e+01	2.048450257428914512e+01
2.043191557802993330e+01	2.081585960995510121e+01	2.011029709293936207e+01	2.079218083297633513e+01	3.045044831027417231e+01	2.067013457806259424e+01	2.012222162616752996e+01	1.979334973873078596e+01	2.005820346931889731e+01	1.976728403192834804e+01	2.077432099664690313e+01	2.090615313435175793e+01	1.973202126311042548e+01	2.065499279715562508e+01	1.998002015875472281e+01	2.075345512578199347e+01	2.078295077340377972e+01	2.056838346431756293e+01	2.038211006752107224e+01	2.050665330234919281e+01	1.998747745068816783e+01	2.024698175157891455e+01	2.058058332522785605e+01	2.013860337142933332e+01	2.032061383799338117e+01	2.016071361179355748e+01	2.065112546868598287e+01	2.050073628273800352e+01	2.031455213486071543e+01	1.975716290797446817e+01	1.994705998960671067e+01	1.993777045997924446e+01	1.988521844725505616e+01	2.004532206004488870e+01	2.016980803607907546e+01	2.059390044201090220e+01	2.062587356905483205e+01	2.015469419698412423e+01	1.998125890214627631e+01	2.018073412642443998e+01	2.027560290817887534e+01	2.032219213587530859e+01	1.988709958746854412e+01	1.984815445619640428e+01	2.037372261284865971e+01	2.026495809438574724e+01	2.033506170440753280e+01	2.071316434658201899e+01	1.982125078776546800e+01	2.020790616068585521e+01
2.064693770438035969e+01	2.061260784107818367e+01	2.039666281644569779e+01	2.062761745915859990e+01	2.067013457806259424e+01	3.056323184979002150e+01	1.991948057239195435e+01	2.007185770483935627e+01	2.074087538044074464e+01	1.978820833134757962e+01	2.105669458224640067e+01	2.106049860942346186e+01	2.028668916804379307e+01	2.120433933899577283e+01	2.037113457735127753e+01	2.117076015848398995e+01	2.102308060122167177e+01	2.083842392270452137e+01	2.023476466378223648e+01	2.100142862362282159e+01	2.049356639397278457e+01	2.122136868707120883e+01	2.021200578615106735e+01	2.038425506503291018e+01	1.988262938164701765e+01	1.993678642595250849e+01	2.031434449274691545e+01	2.076948562732960823e+01	2.022145598663836452e+01	2.014649610267266766e+01	2.032841458242548072e+01	2.059737180103897813e+01	1.969593793166792750e+01	2.033336909338504839e+01	2.042475168677705355e+01	2.052795901230023290e+01	2.046265856651447024e+01	2.036538364103018495e+01	1.969869054929559837e+01	1.996836714692409132e+01	2.051525545690973473e+01	2.016594623535880615e+01	1.998086658310534247e+01	2.013890002383262967e+01	2.013110167929544758e+01	2.045001328649152939e+01	2.035097071061506924e+01	2.113956241032791183e+01	1.997405904682587519e+01	2.050476159249234342e+01
1.995571344965003391e+01	1.957037848021033355e+01	1.953903361315603249e+01	1.989971193387134463e+01	2.012222162616752996e+01	1.991948057239195435e+01	2.904894314331778205e+01	1.882756820838156386e+01	1.963744908442186343e+01	1.944612462102675110e+01	1.991924716608663104e+01	1.986397232425787962e+01	1.918867830384493445e+01	1.973474495121070404e+01	1.955725707916671041e+01	1.985609643366299792e+01	1.991332781219524151e+01	2.014837246576207619e+01	1.977520434339426458e+01	2.004879014935556114e+01	1.953717347884389355e+01	1.967731298961760089e+01	1.988883421637580184e+01	1.927760054926238098e+01	1.924230550132405781e+01	1.911522320825427457e+01	1.965170351334403875e+01	1.994397968341621308e+01	1.945255458422004224e+01	1.949640491222692873e+01	1.939096129150834358e+01	1.951830687557682253e+01	1.945797718297433931e+01	1.956952894856145875e+01	1.965625062320554406e+01	1.949137835988864254e+01	1.998353070986632929e+01	2.012370981270456838e+01	1.893182736317118042e+01	1.966657074565814511e+01	1.947570416712178698e+01	1.942152758705742599e+01	1.953707007107503557e+01	1.959753999387874401e+01	1.896038654710891080e+01	1.933464990482949730e+01	1.965529821188034987e+01	2.008664855852397579e+01	1.956089475815000256e+01	1.975456498609201361e+01
1.966360371264391915e+01	1.946106172358463837e+01	1.976952978247866000e+01	1.952038828089206746e+01	1.979334973873078596e+01	2.007185770483935627e+01	1.882756820838156386e+01	2.815395259826996011e+01	1.937601027308790336e+01	1.869403385397216866e+01	1.986508616809782879e+01	2.008099926924664302e+01	1.881289743424192906e+01	1.946375577242631394e+01	1.908685788397519900e+01	1.973110702446466647e+01	1.971502666268261095e+01	1.945252238981469617e+01	1.927489856641693322e+01	1.955593355775639708e+01	1.938996884166447288e+01	2.008201703269853056e+01	1.963196345247662933e+01	1.879178040188259047e+01	1.925672468491113065e+01	1.893564081810470867e+01	1.910461360456368851e+01	1.927420393149089151e+01	1.895070351725292923e+01	1.913851941711976323e+01	1.928647437838348111e+01	1.929880223691546703e+01	1.906664723769472403e+01	1.948561979942504152e+01	1.930208922764992607e+01	1.937392197691548290e+01	1.952340618155674434e+01	1.917471719879047143e+01	1.890912162599478918e+01	1.947403302258750202e+01	1.887545585088302147e+01	1.913836943946589386e+01	1.905976983268836022e+01	1.916024900398048203e+01	1.921041075082759519e+01	1.950523187298336580e+01	1.912532511832847959e+01	1.982916004803979604e+01	1.883626601304271020e+01	1.935036599421046688e+01
2.008028324130992104e+01	2.001571637215492672e+01	1.960418423331509885e+01	2.021877951762778025e+01	2.005820346931889731e+01	2.074087538044074464e+01	1.963744908442186343e+01	1.937601027308790336e+01	2.979026712264019139e+01	1.944987114267720330e+01	2.014654235210540634e+01	2.011774829387294972e+01	1.947594905443408209e+01	2.003617034872543812e+01	1.983433525397720132e+01	2.027871599403199454e+01	2.021264489727357727e+01	1.998059334796245423e+01	2.010540215662729224e+01	2.038472058993095359e+01	1.957158436197056517e+01	2.033412445647018529e+01	2.024450353319445384e+01	2.002356461914526164e+01	1.976448871370888938e+01	1.951155340573881247e+01	2.018217163779924661e+01	2.009762518155028488e+01	2.010070522937122206e+01	1.994209396769485565e+01	1.976672396064266124e+01	2.000665382745294352e+01	1.978505072246678509e+01	1.980123372486528410e+01	2.000173800883759867e+01	2.001142285741721949e+01	2.021847551601749160e+01	2.004062128312799373e+01	1.930640603115440612e+01	1.973893230220415518e+01	1.980475036682242873e+01	1.976219511490955938e+01	1.910331169593368017e+01	1.965262670749812557e+01	1.947110661373432805e+01	2.008877533080276478e+01	2.002637285583224269e+01	2.045607680703326636e+01	1.952507172493501386e+01	2.025517459961357147e+01
1.942934126954740037e+01	1.981917557702457344e+01	1.950031233727085933e+01	1.966513042205087558e+01	1.976728403192834804e+01	1.978820833134757962e+01	1.944612462102675110e+01	1.869403385397216866e+01	1.944987114267720330e+01	2.869928625939176570e+01	1.991667723209655705e+01	1.984312064894772831e+01	1.878652812518710746e+01	1.944578165977323891e+01	1.965983442310729146e+01	1.960000979398706633e+01	1.971989525112122266e+01	1.985068570356816409e+01	1.962367981880732870e+01	1.989503922055069651e+01	1.959428285112749535e+01	1.974198894784244018e+01	1.969737130755616050e+01	1.913795926842893635e+01	1.977622863441851564e+01	1.902311511586012571e+01	1.964314503328969153e+01	1.988485952319985373e+01	1.951923449229014906e+01	1.929626433385143258e+01	1.938337882994601813e+01	1.931021985867272406e+01	1.921099011878142804e+01	1.936615314724043557e+01	1.943124585563390738e+01	1.940303726358259695e+01	1.942110673734665127e+01	1.993674040725193208e+01	1.866159924891036681e+01	1.984093044902741454e+01	1.943039567720328620e+01	1.912758010823752386e+01	1.900717183239027008e+01	1.923845385870525604e+01	1.886766780530064125e+01	1.960733963800338131e+01	1.954953743700635016e+01	1.972886606574030566e+01	1.917146628773072337e+01	1.958127731431187257e+01
2.054513623152998392e+01	2.078852324729683332e+01	2.065908495107121823e+01	2.098939048517073047e+01	2.077432099664690313e+01	2.105669458224640067e+01	1.991924716608663104e+01	1.986508616809782879e+01	2.014654235210540634e+01	1.991667723209655705e+01	3.073010649881851464e+01	2.088770655374103313e+01	2.028070557853087763e+01	2.076985089604763601e+01	2.024453686693813736e+01	2.087418385134256837e+01	2.089129356489403477e+01	2.072567930507772260e+01	2.021757996478390851e+01	2.086476670941615197e+01	2.057917695743612185e+01	2.073963104523484446e+01	2.041506248390452427e+01	2.006855171899757906e+01	2.049854399601417043e+01	2.016090098722465740e+01	2.074384669415665172e+01	2.074673613310856979e+01	2.052804123314056994e+01	2.006067838716645468e+01	2.044428373552797140e+01	2.029341579586487399e+01	2.049463872643857698e+01	2.023607674808867074e+01	2.062751350835241837e+01	2.002760334365794037e+01	2.075626893854465749e+01	2.032312360670177043e+01	1.980988779201310024e+01	2.031242822318264274e+01	2.066699920060919027e+01	2.035267482232348613e+01	2.044954613515974984e+01	1.993578849297926325e+01	2.044344794312946689e+01	2.073306241666717398e+01	2.068377487566645456e+01	2.087146093393149471e+01	2.007008829774509806e+01	2.095657376799649896e+01
2.078936631113792188e+01	2.029163925170340477e+01	2.052482345939454689e+01	2.063471870990974466e+01	2.090615313435175793e+01	2.106049860942346186e+01	1.986397232425787962e+01	2.008099926924664302e+01	2.011774829387294972e+01	1.984312064894772831e+01	2.088770655374103313e+01	3.122562407633913395e+01	2.021186251325072547e+01	2.014088698278174761e+01	1.952734437385202426e+01	2.058465776865553920e+01	2.059200503961584516e+01	2.084287701695022221e+01	2.055418288748579414e+01	2.056234033460090416e+01	2.051514443338554017e+01	2.049733870960817583e+01	2.061765943898220144e+01	2.029802768795494217e+01	2.040626192127561467e+01	2.007730271978532599e+01	2.049292510741869933e+01	2.077769139680110655e+01	2.039915823886565605e+01	1.999083810683637452e+01	1.999003944630244689e+01	2.003768666292941347e+01	2.038534163755655726e+01	2.017575757548289772e+01	2.015690261884582313e+01	2.027172330110173348e+01	2.069814372243420664e+01	2.019213383709815091e+01	1.986526987227838248e+01	2.019284286229660452e+01	2.042523140690910566e+01	2.007515584075430937e+01	1.951021392598910609e+01	2.008734049200570482e+01	2.042896005643139290e+01	2.015471929584878197e+01	2.036479441739367502e+01	2.106254410310759084e+01	1.991958155545274778e+01	2.066275052358286857e+01
1.992203734437455154e+01	2.007246999061516490e+01	1.978312933936699025e+01	1.993747082589083419e+01	1.973202126311042548e+01	2.028668916804379307e+01	1.918867830384493445e+01	1.881289743424192906e+01	1.947594905443408209e+01	1.878652812518710746e+01	2.028070557853087763e+01	2.021186251325072547e+01	2.873588290627004227e+01	1.960200675476909993e+01	1.964994505147926063e+01	1.971383261440248802e+01	2.009181417067170017e+01	1.990707294954493634e+01	1.976994765916683505e+01	1.980903923104595066e+01	1.949173594712549473e+01	1.975614060312947018e+01	1.977530878223801025e+01	1.954521911691384517e+01	1.967056995146272413e+01	1.930138706659997894e+01	1.982710041098522069e+01	1.981369747575427809e+01	1.966562218757701785e+01	1.977125520757314447e+01	1.941939846787089508e+01	1.981532755351895503e+01	1.939476448630801997e+01	1.945432951586854031e+01	1.958771658248174319e+01	1.937485004003843514e+01	1.994688991504838071e+01	1.987850160942610955e+01	1.915007210401891768e+01	1.964076689613512627e+01	1.956193469692058073e+01	1.930572263954150714e+01	1.951290676355815634e+01	1.960592900622695467e+01	1.948601738052678201e+01	2.025176344684196650e+01	1.961624626780905700e+01	1.990799573474118489e+01	1.916911017198810541e+01	1.957946398518560471e+01
2.029045442641839969e+01	2.034635971543977462e+01	2.034787664804384733e+01	2.034557053537344018e+01	2.065499279715562508e+01	2.120433933899577283e+01	1.973474495121070404e+01	1.946375577242631394e+01	2.003617034872543812e+01	1.944578165977323891e+01	2.076985089604763601e+01	2.014088698278174761e+01	1.960200675476909993e+01	2.967966285389407233e+01	2.019490018867842096e+01	2.070517731114938087e+01	2.039854380896676744e+01	2.032806185998855852e+01	2.029025530576685199e+01	2.047396829581882116e+01	2.016149770801946772e+01	2.058919690716020057e+01	2.007765012376741964e+01	1.988518323645439878e+01	2.028367920483298192e+01	1.983523797264678024e+01	1.994475469675222357e+01	2.016063589164822289e+01	2.006082969909375535e+01	1.994455309901588080e+01	1.993719227038787167e+01	2.019737754704508603e+01	1.971903122213370096e+01	2.033942578470290385e+01	1.992943518381900248e+01	1.989522896691038767e+01	2.034223188667145976e+01	2.005783367560157515e+01	1.951539669073680017e+01	1.978502065212032690e+01	1.988910016583797358e+01	1.989429467519049055e+01	1.965884213665939484e+01	1.999990385004432980e+01	1.953991879190798286e+01	2.001095130246482512e+01	2.033241405614040431e+01	2.057578360064374934e+01	1.973843164865129651e+01	2.029792935079046146e+01
2.025978988433330130e+01	1.980982732653832556e+01	1.997438705057200536e+01	2.045196377225935080e+01	1.998002015875472281e+01	2.037113457735127753e+01	1.955725707916671041e+01	1.908685788397519900e+01	1.983433525397720132e+01	1.965983442310729146e+01	2.024453686693813736e+01	1.952734437385202426e+01	1.964994505147926063e+01	2.019490018867842096e+01	3.017555884732508531e+01	2.029354986845235587e+01	2.032428617983605079e+01	1.996644681383300934e+01	1.985579070799017742e+01	2.021293998340733467e+01	1.963720866632137430e+01	1.996809843315320876e+01	1.974494742788816382e+01	1.923516227143529633e+01	2.017734076364089191e+01	1.947069265633258794e+01	2.007406978038498835e+01	2.023762394924072794e+01	1.968966940856692815e+01	1.954688092068808203e+01	1.961553873174078433e+01	1.991623761761078626e+01	1.972692287721451621e+01	1.956709860944469526e+01	1.943720256775653965e+01	1.990117911892936675e+01	1.989149730029641816e+01	1.979049266720984335e+01	1.925457808840953078e+01	1.974664786498886215e+01	2.008187553996136998e+01	1.963109620938246280e+01	1.969631251083690771e+01	1.989271918282068441e+01	2.009280188414236790e+01	2.010922324455632193e+01	2.023363025187184761e+01	2.080476054279192155e+01	1.953939851178777332e+01	1.979498535202728249e+01
2.047170693470942027e+01	2.052898965301070078e+01	2.052460199984037814e+01	2.071346448492847259e+01	2.075345512578199347e+01	2.117076015848398995e+01	1.985609643366299792e+01	1.973110702446466647e+01	2.027871599403199454e+01	1.960000979398706633e+01	2.087418385134256837e+01	2.058465776865553920e+01	1.971383261440248802e+01	2.070517731114938087e+01	2.029354986845235587e+01	3.028051136498076801e+01	2.038304212691934580e+01	2.061807064376777987e+01	2.035073078908531130e+01	2.061828997368346350e+01	2.027274429460160832e+01	2.034678353277669416e+01	2.046342547494978703e+01	1.978533957853128911e+01	2.030213347478574093e+01	1.995041977646424058e+01	2.038100129007698769e+01	2.042761576018122582e+01	2.023279451530056505e+01	2.007053585193770573e+01	1.996168914648503545e+01	2.037962442995060286e+01	2.001520371714778435e+01	1.988895133349406663e+01	2.012155985726397489e+01	2.019718622965937627e+01	2.049838952701363937e+01	2.039895635896617776e+01	1.946952498308462154e+01	1.983381295912734998e+01	2.012273094435851206e+01	2.010448083900467964e+01	1.993260495898759643e+01	1.992305262918085162e+01	2.022434912211516433e+01	2.045245047866097110e+01	2.049583665763628559e+01	2.067544746293129521e+01	2.012228051829578490e+01	2.017273739134874333e+01
2.067536619295263378e+01	2.056291430807638321e+01	2.059290520168026006e+01	2.090918440729676320e+01	2.078295077340377972e+01	2.102308060122167177e+01	1.991332781219524151e+01	1.971502666268261095e+01	2.021264489727357727e+01	1.971989525112122266e+01	2.089129356489403477e+01	2.059200503961584516e+01	2.009181417067170017e+01	2.039854380896676744e+01	2.032428617983605079e+01	2.038304212691934580e+01	3.022487602738879175e+01	2.064259801615744294e+01	2.036398701002937628e+01	2.072446091847077909e+01	2.022005822454178059e+01	2.053196442986707382e+01	2.042144181332105646e+01	2.050896746507775603e+01	2.024364432431081084e+01	2.051886444071335447e+01	2.036653779540663933e+01	2.077688687252232924e+01	2.002663808198666118e+01	1.965750638428934849e+01	1.992335536256084794e+01	2.036787014509976856e+01	2.023742419255544078e+01	1.975285264970798238e+01	2.028331067135021826e+01	2.037160852922263032e+01	2.099618135804125529e+01	2.089034958233323280e+01	1.982370707159271817e+01	2.052074948871925386e+01	2.017458153323928371e+01	2.030251124676431473e+01	1.988629632643386458e+01	2.023306230124851268e+01	2.026421883994988704e+01	2.068628790385937677e+01	2.070484089166589925e+01	2.081555234253965025e+01	2.008259573404790643e+01	2.036598407158713897e+01
2.042303946691356131e+01	2.040131916570020110e+01	2.048218509818839905e+01	2.073353421912322858e+01	2.056838346431756293e+01	2.083842392270452137e+01	2.014837246576207619e+01	1.945252238981469617e+01	1.998059334796245423e+01	1.985068570356816409e+01	2.072567930507772260e+01	2.084287701695022221e+01	1.990707294954493634e+01	2.032806185998855852e+01	1.996644681383300934e+01	2.061807064376777987e+01	2.064259801615744294e+01	3.015919534341754726e+01	2.017737089753649471e+01	2.091486980983507138e+01	2.004184733149496012e+01	2.061122404458445700e+01	2.025267061332833052e+01	1.995247549857067426e+01	2.035473511657566092e+01	1.989628939500107307e+01	2.047856269220894632e+01	2.064211327745558222e+01	1.990423890382575678e+01	2.008038074113760274e+01	2.002362367570218638e+01	1.990009888396838633e+01	2.024126306493979754e+01	2.036492587777264873e+01	2.027375833536217442e+01	2.010290196324097423e+01	2.106626898680222126e+01	2.059330138996299908e+01	1.935902350462685817e+01	1.995025775071635010e+01	1.988685645251270984e+01	1.992569239751778198e+01	1.962787728037398693e+01	2.005461696221315293e+01	1.980866379338613825e+01	2.001724176339174477e+01	2.033837784560578399e+01	2.048427976717183441e+01	1.958189939183923300e+01	2.025410726860663857e+01
2.028374728499005641e+01	2.000996261428468515e+01	1.993892248416034363e+01	2.028152582633316570e+01	2.038211006752107224e+01	2.023476466378223648e+01	1.977520434339426458e+01	1.927489856641693322e+01	2.010540215662729224e+01	1.962367981880732870e+01	2.021757996478390851e+01	2.055418288748579414e+01	1.976994765916683505e+01	2.029025530576685199e+01	1.985579070799017742e+01	2.035073078908531130e+01	2.036398701002937628e+01	2.017737089753649471e+01	3.042982701095156983e+01	2.108667983088513154e+01	2.007624913538025879e+01	2.026311112092618316e+01	2.009049457329405541e+01	1.968582517771603690e+01	1.983219517224128481e+01	1.949533745964018649e+01	2.030679077910692243e+01	2.056698175133530526e+01	1.982933218620849658e+01	2.002864028991834644e+01	1.978165983741541822e+01	2.001527221956112612e+01	1.970398009817659712e+01	2.018485529935617961e+01	1.981713127283374476e+01	1.978273773165557969e+01	2.056167380124306021e+01	1.997435411214426892e+01	1.983148814351450184e+01	1.989062934507532887e+01	1.992984671825627530e+01	1.951864736638609088e+01	1.946252229741066131e+01	1.989064405002714153e+01	2.011409353842026349e+01	2.045091205922429722e+01	2.027419889779930173e+01	2.081498441557310386e+01	1.973371735314767150e+01	2.041322955160900321e+01
2.098146866437054570e+01	2.050891720554430364e+01	2.033659239694338439e+01	2.044047128958939652e+01	2.050665330234919281e+01	2.100142862362282159e+01	2.004879014935556114e+01	1.955593355775639708e+01	2.038472058993095359e+01	1.989503922055069651e+01	2.086476670941615197e+01	2.056234033460090416e+01	1.980903923104595066e+01	2.047396829581882116e+01	2.021293998340733467e+01	2.061828997368346350e+01	2.072446091847077909e+01	2.091486980983507138e+01	2.108667983088513154e+01	3.049349167403545735e+01	2.064179061523115521e+01	2.046190700606938151e+01	2.046647034536020726e+01	2.013074080944361199e+01	2.072310458665955935e+01	1.967031981853392963e+01	2.019937000354646628e+01	2.077373257638769388e+01	2.053845953124460877e+01	1.985105789489439942e+01	2.008886142525658514e+01	2.022529110165681132e+01	1.982989404085418883e+01	2.022685287232872753e+01	2.039370268609692260e+01	2.055684950601641248e+01	2.055638133852487570e+01	2.023522743944380764e+01	1.998451590321344540e+01	2.040029343528606276e+01	2.044899079906925721e+01	1.998820238618379008e+01	1.966879844501309549e+01	1.977541512310174454e+01	1.967899552636142957e+01	2.022249005347475403e+01	2.046245779543441046e+01	2.068581127333501257e+01	1.997469307682310102e+01	2.055363619270810105e+01
2.022676617466797921e+01	2.027752103306026044e+01	2.009004271898775684e+01	2.035218567010272039e+01	1.998747745068816783e+01	2.049356639397278457e+01	1.953717347884389355e+01	1.938996884166447288e+01	1.957158436197056517e+01	1.959428285112749535e+01	2.057917695743612185e+01	2.051514443338554017e+01	1.949173594712549473e+01	2.016149770801946772e+01	1.963720866632137430e+01	2.027274429460160832e+01	2.022005822454178059e+01	2.004184733149496012e+01	2.007624913538025879e+01	2.064179061523115521e+01	2.941730499195591975e+01	2.025193485197908672e+01	1.996483928221190141e+01	1.979712902380377670e+01	1.984577017264381738e+01	1.994512714404396192e+01	1.979646162144009125e+01	1.994892346018725959e+01	2.011327451047861814e+01	1.957649814444480185e+01	1.966382102909442153e+01	1.968709687270741071e+01	1.963801585415277984e+01	1.998281912260676307e+01	1.984164909509066987e+01	1.976599609219694642e+01	2.029563606287744548e+01	1.969543187689588493e+01	1.966726398627363537e+01	1.990345564622066377e+01	1.974359518653186996e+01	1.985198925825784144e+01	1.952920647051188752e+01	1.981851094840858707e+01	1.992091983580156267e+01	2.011220885258119750e+01	1.998534321576425654e+01	2.061425663712163825e+01	1.955047265614358309e+01	1.991290416311210976e+01
2.040568928833973672e+01	1.988909522722633483e+01	2.031231058258003941e+01	2.025982289061589015e+01	2.024698175157891455e+01	2.122136868707120883e+01	1.967731298961760089e+01	2.008201703269853056e+01	2.033412445647018529e+01	1.974198894784244018e+01	2.073963104523484446e+01	2.049733870960817583e+01	1.975614060312947018e+01	2.058919690716020057e+01	1.996809843315320876e+01	2.034678353277669416e+01	2.053196442986707382e+01	2.061122404458445700e+01	2.026311112092618316e+01	2.046190700606938151e+01	2.025193485197908672e+01	3.030200771868176801e+01	2.033189095107755406e+01	2.019360630168804605e+01	2.034929030803578698e+01	2.002534821784767516e+01	2.020456932018711527e+01	2.061158884105502764e+01	2.007366868975625351e+01	1.974809531907610349e+01	2.012966579470199946e+01	2.001642220719271137e+01	2.013854999512730615e+01	1.992515060386236669e+01	1.986636847627541869e+01	2.007705057731994813e+01	2.027512939630024391e+01	2.047739553849152117e+01	1.965842794480915146e+01	2.010614361309609066e+01	2.002835598591997623e+01	1.982948159818349509e+01	1.976189313627931199e+01	1.974229831070531915e+01	1.987918912892170553e+01	2.019386233141059961e+01	2.034588464970285671e+01	2.067467803005613192e+01	1.956759138541582743e+01	2.003690249775851839e+01
2.019071608213371505e+01	2.013179118903019571e+01	2.016491886395512267e+01	2.054222913427972941e+01	2.058058332522785605e+01	2.021200578615106735e+01	1.988883421637580184e+01	1.963196345247662933e+01	2.024450353319445384e+01	1.969737130755616050e+01	2.041506248390452427e+01	2.061765943898220144e+01	1.977530878223801025e+01	2.007765012376741964e+01	1.974494742788816382e+01	2.046342547494978703e+01	2.042144181332105646e+01	2.025267061332833052e+01	2.009049457329405541e+01	2.046647034536020726e+01	1.996483928221190141e+01	2.033189095107755406e+01	2.987131281582253806e+01	2.001251339439155785e+01	2.018067950315379377e+01	1.967593174316037974e+01	2.002128910382580784e+01	2.051503914095246373e+01	2.002392749351830048e+01	1.987907412818342223e+01	1.993991022613156971e+01	2.041204257285541246e+01	1.947327866313715106e+01	2.003717410382740383e+01	1.995289349765912235e+01	2.024004972902357480e+01	2.071179414610613989e+01	2.011334656703969159e+01	1.984195760513449613e+01	2.042936812758166809e+01	1.993046534025068084e+01	2.012332982059496445e+01	1.976148510315758955e+01	1.971342175713994749e+01	1.988633343886052529e+01	2.020820616500412825e+01	2.019423155710542872e+01	2.043590756513951945e+01	2.004715448739522188e+01	2.015035984735332875e+01
1.992161321367532523e+01	1.971692293695018705e+01	1.952738186533009568e+01	2.002548901967318429e+01	2.013860337142933332e+01	2.038425506503291018e+01	1.927760054926238098e+01	1.879178040188259047e+01	2.002356461914526164e+01	1.913795926842893635e+01	2.006855171899757906e+01	2.029802768795494217e+01	1.954521911691384517e+01	1.988518323645439878e+01	1.923516227143529633e+01	1.978533957853128911e+01	2.050896746507775603e+01	1.995247549857067426e+01	1.968582517771603690e+01	2.013074080944361199e+01	1.979712902380377670e+01	2.019360630168804605e+01	2.001251339439155785e+01	2.872639838036403503e+01	1.955589284211026779e+01	1.885727282340842947e+01	2.004958220172923689e+01	2.017527517704625950e+01	1.987111998003676305e+01	1.928856935105335069e+01	1.925956397080342342e+01	1.982218948377885326e+01	1.951338386039456552e+01	1.957770527795342375e+01	1.968612900685111455e+01	1.957828444751834240e+01	2.007398226340488989e+01	1.955478296750118972e+01	1.908322084350505676e+01	1.986402501676296950e+01	1.963082156929220190e+01	1.969657391236652089e+01	1.958125451340812262e+01	1.965804219386902574e+01	2.002636309217116661e+01	1.959212370868808151e+01	1.992800076912298124e+01	1.993666159130865978e+01	1.931128662343229152e+01	1.989610082444451677e+01
2.019862528069338836e+01	1.996342337187447313e+01	2.046464274771727432e+01	2.052630988127545564e+01	2.032061383799338117e+01	1.988262938164701765e+01	1.924230550132405781e+01	1.925672468491113065e+01	1.976448871370888938e+01	1.977622863441851564e+01	2.049854399601417043e+01	2.040626192127561467e+01	1.967056995146272413e+01	2.028367920483298192e+01	2.017734076364089191e+01	2.030213347478574093e+01	2.024364432431081084e+01	2.035473511657566092e+01	1.983219517224128481e+01	2.072310458665955935e+01	1.984577017264381738e+01	2.034929030803578698e+01	2.018067950315379377e+01	1.955589284211026779e+01	2.949252509188338323e+01	1.941362471899413933e+01	1.987563792446404065e+01	2.037831428739250228e+01	1.998466657567403360e+01	1.993315610032085416e+01	1.988099340504565760e+01	1.989531357568142766e+01	1.947459579116711126e+01	2.015028074910690492e+01	1.972783877662422825e+01	1.975216701593740254e+01	2.017039463589405557e+01	1.998220431197858105e+01	1.941736316810441210e+01	2.015119791838275987e+01	1.984664993781547082e+01	1.968298600320968461e+01	1.953796615024698013e+01	1.994029568448421585e+01	1.973301783294749256e+01	2.002742434655896275e+01	1.992597014153687240e+01	2.032144077657521919e+01	1.942123751483419269e+01	1.993391658376386744e+01
2.001102858200505707e+01	2.034354992149572894e+01	1.985432030140441739e+01	2.008136257400123625e+01	2.016071361179355748e+01	1.993678642595250849e+01	1.911522320825427457e+01	1.893564081810470867e+01	1.951155340573881247e+01	1.902311511586012571e+01	2.016090098722465740e+01	2.007730271978532599e+01	1.930138706659997894e+01	1.983523797264678024e+01	1.947069265633258794e+01	1.995041977646424058e+01	2.051886444071335447e+01	1.989628939500107307e+01	1.949533745964018649e+01	1.967031981853392963e+01	1.994512714404396192e+01	2.002534821784767516e+01	1.967593174316037974e+01	1.885727282340842947e+01	1.941362471899413933e+01	2.907441526226806161e+01	1.963908954766706572e+01	1.995873183174627030e+01	1.969583237078292370e+01	1.946079964539410412e+01	1.985926227615203743e+01	1.955742741324660372e+01	1.959616969008273912e+01	1.961112901183680179e+01	1.956764082333742039e+01	1.973699831700457352e+01	2.018862913919758029e+01	1.935723828171904515e+01	1.920648755254503826e+01	1.942183971412461219e+01	1.947161332535277367e+01	1.928225921164177947e+01	1.931367676313082882e+01	1.948948674598896602e+01	1.923072226435724730e+01	1.989239539513236110e+01	1.980847132391955867e+01	2.000599347537846029e+01	1.914198215818493409e+01	1.969810914171786820e+01
2.019521814186744635e+01	2.014282164792965091e+01	1.985471504114455854e+01	2.036990444095209796e+01	2.065112546868598287e+01	2.031434449274691545e+01	1.965170351334403875e+01	1.910461360456368851e+01	2.018217163779924661e+01	1.964314503328969153e+01	2.074384669415665172e+01	2.049292510741869933e+01	1.982710041098522069e+01	1.994475469675222357e+01	2.007406978038498835e+01	2.038100129007698769e+01	2.036653779540663933e+01	2.047856269220894632e+01	2.030679077910692243e+01	2.019937000354646628e+01	1.979646162144009125e+01	2.020456932018711527e+01	2.002128910382580784e+01	2.004958220172923689e+01	1.987563792446404065e+01	1.963908954766706572e+01	2.938309328215908067e+01	2.026293022326630222e+01	2.007953870012340758e+01	1.972778090469566337e+01	1.980200540279862764e+01	2.026642501796205309e+01	1.972069074609265371e+01	1.960892793148997626e+01	1.962737920681023596e+01	2.014874855597403425e+01	2.037109381585861456e+01	2.001259201422625722e+01	1.943399721300237459e+01	1.974135219061413693e+01	1.969045277869386013e+01	1.989059561249958819e+01	1.970490863564964101e+01	1.973176949471274710e+01	2.022607642815450291e+01	1.994499233298877172e+01	2.043773249646729084e+01	2.052066146862648566e+01	2.010692424864409844e+01	2.004920011222419873e+01
2.093394714941280554e+01	2.034181573552285727e+01	2.059240036777975646e+01	2.080396919745662387e+01	2.050073628273800352e+01	2.076948562732960823e+01	1.994397968341621308e+01	1.927420393149089151e+01	2.009762518155028488e+01	1.988485952319985373e+01	2.074673613310856979e+01	2.077769139680110655e+01	1.981369747575427809e+01	2.016063589164822289e+01	2.023762394924072794e+01	2.042761576018122582e+01	2.077688687252232924e+01	2.064211327745558222e+01	2.056698175133530526e+01	2.077373257638769388e+01	1.994892346018725959e+01	2.061158884105502764e+01	2.051503914095246373e+01	2.017527517704625950e+01	2.037831428739250228e+01	1.995873183174627030e+01	2.026293022326630222e+01	3.038192939010438565e+01	2.020120074853231529e+01	1.993460523206939428e+01	2.013372284086825559e+01	1.974482408602513317e+01	1.982535072454392022e+01	2.042770420162224809e+01	2.023313656605195376e+01	2.021862484526521797e+01	2.092801441657864814e+01	2.070516863996705581e+01	1.977210597892081267e+01	2.018954210671989813e+01	2.027561300681035661e+01	2.002476542607939791e+01	1.986857461485787013e+01	2.022309360195022165e+01	2.001999755676133574e+01	2.044479181603731988e+01	2.056064077665332235e+01	2.062708535860521764e+01	1.968525389860493391e+01	2.026370829721172129e+01
1.996633216100094543e+01	1.989878395411867018e+01	1.959178229444216868e+01	2.017285981246142157e+01	2.031455213486071543e+01	2.022145598663836452e+01	1.945255458422004224e+01	1.895070351725292923e+01	2.010070522937122206e+01	1.951923449229014906e+01	2.052804123314056994e+01	2.039915823886565605e+01	1.966562218757701785e+01	2.006082969909375535e+01	1.968966940856692815e+01	2.023279451530056505e+01	2.002663808198666118e+01	1.990423890382575678e+01	1.982933218620849658e+01	2.053845953124460877e+01	2.011327451047861814e+01	2.007366868975625351e+01	2.002392749351830048e+01	1.987111998003676305e+01	1.998466657567403360e+01	1.969583237078292370e+01	2.007953870012340758e+01	2.020120074853231529e+01	2.946679255479804738e+01	1.986029238064882207e+01	1.978999396418799961e+01	2.003996477469788928e+01	1.970456257405688660e+01	1.930986859521226151e+01	2.017348855814270436e+01	1.974582380043899121e+01	2.032342684871868244e+01	1.995932638236118706e+01	1.941637062191070839e+01	1.971451408814248296e+01	2.000363381748903890e+01	1.972098448224286216e+01	1.968857970658967815e+01	1.938433852219326781e+01	1.960822493183266957e+01	2.006004434221565447e+01	1.991851154251857281e+01	2.042274963375007246e+01	1.934659584119111031e+01	1.987458089366029412e+01
1.996299024884844542e+01	2.003885267608925957e+01	1.982413787953929685e+01	2.005009559399478292e+01	1.975716290797446817e+01	2.014649610267266766e+01	1.949640491222692873e+01	1.913851941711976323e+01	1.994209396769485565e+01	1.929626433385143258e+01	2.006067838716645468e+01	1.999083810683637452e+01	1.977125520757314447e+01	1.994455309901588080e+01	1.954688092068808203e+01	2.007053585193770573e+01	1.965750638428934849e+01	2.008038074113760274e+01	2.002864028991834644e+01	1.985105789489439942e+01	1.957649814444480185e+01	1.974809531907610349e+01	1.987907412818342223e+01	1.928856935105335069e+01	1.993315610032085416e+01	1.946079964539410412e+01	1.972778090469566337e+01	1.993460523206939428e+01	1.986029238064882207e+01	2.890390763644152017e+01	1.973850032395434795e+01	1.968322213202672799e+01	1.978627533007533401e+01	1.949831830931215748e+01	1.959690145704110265e+01	1.978134484461311615e+01	2.021773696152516564e+01	2.014317536456803381e+01	1.896775981903038399e+01	1.955687663099035234e+01	1.990820432124070294e+01	1.948836620860433300e+01	1.944970140263767888e+01	1.961911503457187322e+01	1.981089158124720484e+01	1.990157793104063089e+01	2.005843821463768606e+01	2.000950072001628754e+01	1.976028327510011806e+01	1.994711067370055702e+01
1.978790626106832562e+01	1.945398471761067327e+01	1.973536618180010649e+01	1.972181140337146843e+01	1.994705998960671067e+01	2.032841458242548072e+01	1.939096129150834358e+01	1.928647437838348111e+01	1.976672396064266124e+01	1.938337882994601813e+01	2.044428373552797140e+01	1.999003944630244689e+01	1.941939846787089508e+01	1.993719227038787167e+01	1.961553873174078433e+01	1.996168914648503545e+01	1.992335536256084794e+01	2.002362367570218638e+01	1.978165983741541822e+01	2.008886142525658514e+01	1.966382102909442153e+01	2.012966579470199946e+01	1.993991022613156971e+01	1.925956397080342342e+01	1.988099340504565760e+01	1.985926227615203743e+01	1.980200540279862764e+01	2.013372284086825559e+01	1.978999396418799961e+01	1.973850032395434795e+01	2.940585588428045938e+01	1.971032083185282957e+01	1.933989283927174796e+01	1.954533247646811134e+01	1.964439689495629082e+01	1.998081988782798391e+01	2.011034616830190203e+01	2.018992279026437942e+01	1.912547142824966073e+01	1.968240344486589066e+01	1.972224400438294367e+01	1.969640037809694633e+01	1.956457071745917276e+01	1.944318403824254560e+01	1.958210699005492827e+01	1.982542471329974632e+01	1.983724764796933471e+01	2.014427943421212674e+01	1.935322599285210288e+01	1.969039632545899110e+01
1.985619557803469348e+01	2.021709585045517343e+01	2.016494567987997044e+01	2.037951102727032549e+01	1.993777045997924446e+01	2.059737180103897813e+01	1.951830687557682253e+01	1.929880223691546703e+01	2.000665382745294352e+01	1.931021985867272406e+01	2.029341579586487399e+01	2.003768666292941347e+01	1.981532755351895503e+01	2.019737754704508603e+01	1.991623761761078626e+01	2.037962442995060286e+01	2.036787014509976856e+01	1.990009888396838633e+01	2.001527221956112612e+01	2.022529110165681132e+01	1.968709687270741071e+01	2.001642220719271137e+01	2.041204257285541246e+01	1.982218948377885326e+01	1.989531357568142766e+01	1.955742741324660372e+01	2.026642501796205309e+01	1.974482408602513317e+01	2.003996477469788928e+01	1.968322213202672799e+01	1.971032083185282957e+01	2.996354423433343328e+01	1.964533089254178222e+01	1.971961252995549785e+01	1.968919727078313642e+01	2.000597303486999934e+01	2.017485097522320103e+01	2.006878469118974095e+01	1.941843888614774727e+01	1.969706797475559767e+01	1.985332331008565276e+01	1.979476458675569717e+01	1.953499600763539945e+01	1.988708914911939729e+01	1.974627831458249005e+01	2.015030284781767733e+01	2.012115011866801950e+01	2.033140529424975895e+01	1.931693412830493273e+01	1.987076361115858347e+01
