3.121546373023323540e+01	2.055027676477794429e+01	2.047067210498762080e+01	2.083036569515408587e+01	2.022468072243187009e+01	2.028562390768948731e+01	2.083195283837878975e+01	2.039069182095689214e+01	2.026038289117049018e+01	2.117472159875125826e+01	1.951264300458310075e+01	2.062911063045377347e+01	2.035474841429764226e+01	2.073373675592551280e+01	2.071231199714983617e+01	2.091704315970416417e+01	2.068400567708436100e+01	2.078196766393265804e+01	2.093556451151339104e+01	2.058657968989965781e+01	2.101343628853666345e+01	2.065860698105268156e+01	2.074156635805595528e+01	2.042369535568150241e+01	2.015102539759531552e+01	2.082154717665362753e+01	2.079898156772447138e+01	2.056261583006368099e+01	2.058613675021978295e+01	2.094272576932714003e+01	2.037066206953903347e+01	2.106266257997333824e+01	2.089030785047021865e+01	2.091798241523339996e+01	2.035220470240541601e+01	2.081658303220164541e+01	2.062555527492671814e+01	2.098523430101282372e+01	1.990989944591491323e+01	2.056945490774716134e+01	1.966893452441376766e+01	2.033831718835591573e+01	2.040180084545903227e+01	1.990512944026391295e+01	2.107063718970827537e+01	2.072057127949015509e+01	2.057554150053002928e+01	2.066432297763776305e+01	2.030626462055960246e+01	2.075133364178032735e+01
2.055027676477794429e+01	2.932043513453697869e+01	1.955151277909809693e+01	2.014965762704279939e+01	1.962074124234980133e+01	1.945257873279427585e+01	1.971761897440095979e+01	1.961787875700293071e+01	1.915916192750509239e+01	2.034201277705806632e+01	1.925647637578126847e+01	1.980225803865895173e+01	2.003100210537800052e+01	1.982361432742893825e+01	1.979209300580932407e+01	1.989398483167279608e+01	1.981652568792610936e+01	1.949584832924406186e+01	1.996390981556510269e+01	1.997446382234290496e+01	1.988499487456886428e+01	2.023215991108831702e+01	2.028356431406400162e+01	1.984417269001331263e+01	1.975619577556723172e+01	1.986792331475633588e+01	2.010284542991177759e+01	2.043095641201113821e+01	2.014176017648418693e+01	2.017973884800345630e+01	1.988319806902247677e+01	1.999960694690096830e+01	1.952899424820995478e+01	2.020974034715563761e+01	1.926093865458284782e+01	2.036249942071207286e+01	1.992305417920682231e+01	2.004531121600241050e+01	1.897993083815717696e+01	1.995837424396547988e+01	1.902387268851417446e+01	1.954199192119410000e+01	1.972286874360907660e+01	1.949693720909074912e+01	2.020864822697254226e+01	2.009729114919716153e+01	2.002710358383062328e+01	1.975325142793787592e+01	2.007661134256602509e+01	2.014664530559783273e+01
2.047067210498762080e+01	1.955151277909809693e+01	2.960642805936009481e+01	2.003846718332398424e+01	1.969189956637310601e+01	1.962502732714470355e+01	1.997494706526002517e+01	1.982178067087766138e+01	1.900140110895036116e+01	2.021845623263466152e+01	1.934975028425424881e+01	1.973390623566451652e+01	1.979979212533802979e+01	2.019766865379539666e+01	1.945381113335485068e+01	1.996274240714274129e+01	2.010438932066265139e+01	1.982738588964597071e+01	1.991233662015186567e+01	2.019889676064402906e+01	2.002412410605324666e+01	1.976754804869581505e+01	2.026967469738563210e+01	1.962542693310522424e+01	1.948827269649784810e+01	2.038712060271001647e+01	1.956423205960398448e+01	1.967971501828473890e+01	1.979534185920456935e+01	2.011573824566094970e+01	2.019958278751158431e+01	2.046830306737586369e+01	2.024347813413761799e+01	2.012997212210994746e+01	1.932617585516779357e+01	2.032533246941872918e+01	2.009997127031372344e+01	2.023777745471408451e+01	1.957918421942571996e+01	1.971787073723627159e+01	1.916199793359945502e+01	1.955495909969683765e+01	2.008503240538354362e+01	1.922129045712507889e+01	1.997784720654813739e+01	1.965334573839124488e+01	1.983541857653751350e+01	2.003443586118110531e+01	1.967152657143246230e+01	2.008686103293598535e+01
2.083036569515408587e+01	2.014965762704279939e+01	2.003846718332398424e+01	2.993145853761418707e+01	1.977215201632343167e+01	1.959411896778197004e+01	2.025674315697011352e+01	2.031839437903244772e+01	1.959532654519473382e+01	2.099661272402996559e+01	1.967436744062069565e+01	1.965338957179502799e+01	2.019342866488184640e+01	2.043016099393223683e+01	1.993346055418957263e+01	2.042037962118106265e+01	2.010911830265928657e+01	1.976651975453881960e+01	1.998189405179215328e+01	2.041078330888398185e+01	2.084803342572644524e+01	1.999186343140970834e+01	2.041935467112938696e+01	2.033848907819058027e+01	1.965749008331314585e+01	2.037023914628811738e+01	1.999708454404078850e+01	2.033208494775535513e+01	2.028597020088486147e+01	2.072901739711727842e+01	2.044164219790764392e+01	2.057310072262142953e+01	2.024522193248796853e+01	2.064097109370526795e+01	1.972625922856748204e+01	2.039225496033184015e+01	2.029129763276478826e+01	2.053771131427964747e+01	1.965217781316962586e+01	2.024077658289852621e+01	1.946283387424052691e+01	1.971074885972798185e+01	2.028888053671563085e+01	1.975155440966546294e+01	2.078102205092943677e+01	2.007573786297609786e+01	2.008619788658882754e+01	1.989627848126418286e+01	2.016757410233049086e+01	1.994133787905576938e+01
2.022468072243187009e+01	1.962074124234980133e+01	1.969189956637310601e+01	1.977215201632343167e+01	2.909965004798721822e+01	1.917982671289358620e+01	1.931113143784291353e+01	1.923927354727524630e+01	1.895003283563176666e+01	2.015793628817769800e+01	1.865810657132386297e+01	1.938967343742894300e+01	1.920776322382083734e+01	1.972649176369700896e+01	1.984608019827569336e+01	1.986208184866053728e+01	1.958401815109698418e+01	1.967011503891723834e+01	1.969036196071997580e+01	2.004436400480833314e+01	1.959136404408553034e+01	1.989929118642373851e+01	1.956545996514441299e+01	1.921864380492148783e+01	1.941542531747623812e+01	1.993998887283020949e+01	1.962343937389408310e+01	1.973591512665277747e+01	1.981522255628775753e+01	1.985415456885604968e+01	1.993055860921410627e+01	2.012826418033978726e+01	1.972061201368298455e+01	1.998911126914878622e+01	1.949903140246532374e+01	2.020138432001308360e+01	1.975674208182859459e+01	1.995483352604987815e+01	1.930149540600352509e+01	1.957170602320130115e+01	1.905188315325139214e+01	1.931558535389059728e+01	1.985885059543987552e+01	1.927604903653899981e+01	2.040510231660090312e+01	1.996379472119501841e+01	1.968068045464143268e+01	1.970092093127959387e+01	1.993397935670781251e+01	2.006667455426763169e+01
2.028562390768948731e+01	1.945257873279427585e+01	1.962502732714470355e+01	1.959411896778197004e+01	1.917982671289358620e+01	2.897272951671840602e+01	1.947706639323438083e+01	1.940845874651699532e+01	1.902105744014025035e+01	1.994699496432080821e+01	1.859854242089443943e+01	1.881728852110056849e+01	1.932205456826351764e+01	1.978232281830717554e+01	1.944870906755026496e+01	1.927638114766220667e+01	1.914356837414555557e+01	1.939142274717731951e+01	1.946854560620746355e+01	1.956820243874618015e+01	1.984115464990591704e+01	1.966749811276214999e+01	2.000762841483689414e+01	1.951529487358887494e+01	1.931165396829251790e+01	1.970498835417578221e+01	1.938909615234518213e+01	1.999233214866674047e+01	1.938336633644429341e+01	1.950586141724189204e+01	1.947826366919795404e+01	1.983442865898905794e+01	1.937157229507468514e+01	1.973906541683526683e+01	1.896528341752231128e+01	1.989181388003389728e+01	1.943843213417645899e+01	1.980512694490923309e+01	1.934926389056957063e+01	1.973243881709313641e+01	1.867760936615550804e+01	1.902762507887552701e+01	1.924793744300928466e+01	1.886588832923492731e+01	1.962908479718580423e+01	1.949919426075220841e+01	1.934821467370414538e+01	1.961542874401031256e+01	1.927957375733168632e+01	1.909123820910706470e+01
2.083195283837878975e+01	1.971761897440095979e+01	1.997494706526002517e+01	2.025674315697011352e+01	1.931113143784291353e+01	1.947706639323438083e+01	2.996427686543586333e+01	1.999458566643037472e+01	1.949411880958398413e+01	2.018276706662812003e+01	1.931347183379013543e+01	1.979111170846853085e+01	2.001002239269423555e+01	1.986944663316075577e+01	1.991124797252674838e+01	2.024185766654977314e+01	2.010508791119551475e+01	1.981045301989861329e+01	2.057203387106591919e+01	1.993450822519534071e+01	2.002562437471554091e+01	2.016478323210243673e+01	2.040598201877390494e+01	1.993127305853323605e+01	1.889986819091691217e+01	2.042806722246215045e+01	1.991819839959911320e+01	2.007798914081771002e+01	1.976006663439430611e+01	2.026008005217436292e+01	1.952525434265849924e+01	2.080364630168671169e+01	1.999218957804571417e+01	2.039209053757190659e+01	1.944274624333235479e+01	2.021070581268421051e+01	1.997626156662970587e+01	2.006989775785643104e+01	1.958163169056086517e+01	2.004091035918331087e+01	1.909957308915967644e+01	1.945184061637768025e+01	1.986977517225017920e+01	1.946451554261624040e+01	2.077650743390911714e+01	1.969491575375204206e+01	2.020834763109730758e+01	2.007114021491784328e+01	2.000363229991388891e+01	1.990240893328039817e+01
2.039069182095689214e+01	1.961787875700293071e+01	1.982178067087766138e+01	2.031839437903244772e+01	1.923927354727524630e+01	1.940845874651699532e+01	1.999458566643037472e+01	2.978922937022721129e+01	1.888886097432312994e+01	2.051694416565385382e+01	1.975121948994431520e+01	1.978424331535325109e+01	1.993598619836096475e+01	2.035394837986275363e+01	1.990357710768559230e+01	2.009037934618664067e+01	1.982268515846561385e+01	1.991120519436728387e+01	1.975812912799056065e+01	2.006714555151384616e+01	2.033965709832041213e+01	1.994144212563400842e+01	2.044539794720033044e+01	1.960153613568581576e+01	1.931295940290595325e+01	2.018070894977079632e+01	1.986084867453571690e+01	1.965668481234375520e+01	1.974394159919780378e+01	2.014352071032463698e+01	1.987882877386933700e+01	1.999811994793967429e+01	2.008550106702558224e+01	2.057054127805328747e+01	1.979897274382353345e+01	2.037946324357320904e+01	1.956501964250784553e+01	2.033346863989532949e+01	1.938866463185630806e+01	1.969184312789585434e+01	1.905572553492337207e+01	1.975254079312049882e+01	1.963811105184194616e+01	1.996636783417975991e+01	2.026012095924959766e+01	1.987673349130506395e+01	2.000949694627850661e+01	1.982742236384014234e+01	1.956977233185938303e+01	1.952845266212998965e+01
2.026038289117049018e+01	1.915916192750509239e+01	1.900140110895036116e+01	1.959532654519473382e+01	1.895003283563176666e+01	1.902105744014025035e+01	1.949411880958398413e+01	1.888886097432312994e+01	2.864836070601607076e+01	1.999068790551163843e+01	1.879356749378960956e+01	1.863366789737366602e+01	1.943928811576324378e+01	1.938447781319139196e+01	1.961628765505251337e+01	1.944359671750840235e+01	1.931865866528380593e+01	1.923756587028666942e+01	1.952411108436919562e+01	1.950043676864405384e+01	1.984716438202632105e+01	1.958022166703037925e+01	1.956758059390141113e+01	1.914716896912749178e+01	1.901806641847157309e+01	1.998697009641703914e+01	1.909957415571341244e+01	1.956501922110269120e+01	1.955249033895141508e+01	1.973647927348032027e+01	1.920766215165413371e+01	1.983744649924319603e+01	1.941030164990880280e+01	1.950965479350196574e+01	1.896304938884334845e+01	1.951847511456778150e+01	1.948148608549406902e+01	1.958362697518052897e+01	1.888533688889009454e+01	1.952497469598018043e+01	1.882953482412374413e+01	1.907716096716266563e+01	1.968157203129054267e+01	1.905925400799330660e+01	1.984726330745614931e+01	1.926278917175827132e+01	1.934339058051305216e+01	1.920955973867449984e+01	1.919457443196675328e+01	1.933237138358078511e+01
2.117472159875125826e+01	2.034201277705806632e+01	2.021845623263466152e+01	2.099661272402996559e+01	2.015793628817769800e+01	1.994699496432080821e+01	2.018276706662812003e+01	2.051694416565385382e+01	1.999068790551163843e+01	3.051119671646052112e+01	1.974409224828868048e+01	1.994514454432738049e+01	2.057550589763933857e+01	2.059509887541121387e+01	2.061353247227449614e+01	2.033940056239595151e+01	2.006500523742854725e+01	2.059040813775563095e+01	2.079316804504084359e+01	2.032777645597177596e+01	2.069824756612175776e+01	2.060226711679842282e+01	2.099587069001268347e+01	2.023814572105916909e+01	2.007064058832590092e+01	2.084301760057947206e+01	2.038520724385955063e+01	2.046413997211522684e+01	2.038783520151380912e+01	2.112561156481372748e+01	2.036815552752901937e+01	2.126033294565601395e+01	2.061411047181144340e+01	2.088697619642001513e+01	2.050564473716632818e+01	2.061081868907150749e+01	2.064833717610994768e+01	2.100251277541616446e+01	2.033222395934758353e+01	2.016501627360263171e+01	1.982292048605688706e+01	2.007646396956911872e+01	2.013131041622235529e+01	2.009236655778049752e+01	2.107909655889712752e+01	2.027141767013041118e+01	2.066689296078521210e+01	2.076003623900894723e+01	2.035637010561318760e+01	2.049717850473061986e+01
1.951264300458310075e+01	1.925647637578126847e+01	1.934975028425424881e+01	1.967436744062069565e+01	1.865810657132386297e+01	1.859854242089443943e+01	1.931347183379013543e+01	1.975121948994431520e+01	1.879356749378960956e+01	1.974409224828868048e+01	2.878901880767828203e+01	1.904769203977231129e+01	1.935481564825948197e+01	1.943070375574070141e+01	1.906899409080394392e+01	1.952369441496203706e+01	1.924339697875247879e+01	1.917830748042933564e+01	1.973582800627811196e+01	1.967806649018215737e+01	1.981032517097139589e+01	1.927152336464616766e+01	1.964678851736125154e+01	1.904069732940922322e+01	1.920764265295111883e+01	1.965028149548203018e+01	1.888818460915330988e+01	1.937787674295280382e+01	1.905341708752082397e+01	1.941637712885266254e+01	1.974353086418425107e+01	1.953315062651435952e+01	1.929600018207432655e+01	1.997438920178477773e+01	1.913400434104327275e+01	1.937509216976962634e+01	1.904948314901082540e+01	1.996681159794458083e+01	1.902099221513642036e+01	1.938187198697894686e+01	1.846287784367522278e+01	1.905868741113104647e+01	1.890942282537855945e+01	1.860953051591009455e+01	1.981195326916859756e+01	1.918879732227679114e+01	1.947041192439057866e+01	1.889612855941955871e+01	1.896526562541149730e+01	1.937068166891960885e+01
2.062911063045377347e+01	1.980225803865895173e+01	1.973390623566451652e+01	1.965338957179502799e+01	1.938967343742894300e+01	1.881728852110056849e+01	1.979111170846853085e+01	1.978424331535325109e+01	1.863366789737366602e+01	1.994514454432738049e+01	1.904769203977231129e+01	2.933286759156378309e+01	1.979854016949725093e+01	1.994739247192124054e+01	1.966785442430233388e+01	2.002630849611012920e+01	1.955485385678633392e+01	1.977609121403894576e+01	2.035527840467319649e+01	1.992719492004646753e+01	2.030325899491285213e+01	1.995973042585961110e+01	2.015991832911389281e+01	1.959929797385473904e+01	1.972935412290955171e+01	1.987883740943842170e+01	1.977527273713296552e+01	2.007578824241512905e+01	1.960995088892607896e+01	2.008233243429187809e+01	2.010500215215795095e+01	1.998636785991967812e+01	1.981990898936637535e+01	2.007774929570969036e+01	1.960408510031741613e+01	1.977204035528395920e+01	1.982989236952962031e+01	2.008640976173317583e+01	1.931101843675973484e+01	1.950162541977848463e+01	1.897803054836883874e+01	1.912102125484926063e+01	1.945722161050206012e+01	1.962408888233840187e+01	2.030455114571138608e+01	1.962612735167734002e+01	1.950903546200533611e+01	1.975285859661947185e+01	1.952676989877674174e+01	2.011880997253286552e+01
2.035474841429764226e+01	2.003100210537800052e+01	1.979979212533802979e+01	2.019342866488184640e+01	1.920776322382083734e+01	1.932205456826351764e+01	2.001002239269423555e+01	1.993598619836096475e+01	1.943928811576324378e+01	2.057550589763933857e+01	1.935481564825948197e+01	1.979854016949725093e+01	2.997242265310706344e+01	1.997654473284426047e+01	1.969988445102152497e+01	1.983566817734206111e+01	2.015026165073549436e+01	1.962349456645254264e+01	1.999772155366497373e+01	2.007300235165840974e+01	2.034141383814608162e+01	2.016708590035465676e+01	2.031788291854153172e+01	1.994022420975550247e+01	1.959756727170075763e+01	1.983553643060893634e+01	1.983013848828354853e+01	1.969526092589216049e+01	2.007085483785845170e+01	2.043373956181216400e+01	2.005147485373178284e+01	2.046175449912878008e+01	1.979660814929437862e+01	2.013660392229421348e+01	1.931188876901953577e+01	1.994804661955138414e+01	1.985005353698316810e+01	2.037024226219852352e+01	1.938712825322979683e+01	1.973189965276900537e+01	1.900273116650473071e+01	1.971135014240044114e+01	2.016341940217920126e+01	1.981172813453164849e+01	2.029866746215981266e+01	1.982284892854842084e+01	1.964803194997917046e+01	1.960769605570338570e+01	1.965558320583860663e+01	2.000007510202305028e+01
2.073373675592551280e+01	1.982361432742893825e+01	2.019766865379539666e+01	2.043016099393223683e+01	1.972649176369700896e+01	1.978232281830717554e+01	1.986944663316075577e+01	2.035394837986275363e+01	1.938447781319139196e+01	2.059509887541121387e+01	1.943070375574070141e+01	1.994739247192124054e+01	1.997654473284426047e+01	2.976708205840327182e+01	2.013432025642156376e+01	1.996795448224021641e+01	2.032120834412419086e+01	2.002474478673138947e+01	2.011997801058260293e+01	1.993590710859206538e+01	2.032891998493848718e+01	2.018256560695053992e+01	2.016233412741080855e+01	1.975182848594135621e+01	1.990188784204839934e+01	2.001258797782844567e+01	1.965766709458215900e+01	2.015597563199400355e+01	2.036853765496949720e+01	2.091210573046606314e+01	1.960959279954654377e+01	2.074391991697714488e+01	2.024387074120193830e+01	2.022452799864888817e+01	2.014290979878791532e+01	2.065354050129773711e+01	2.034252509598998770e+01	2.024293000159210365e+01	2.004675610547353770e+01	1.999000861513194138e+01	1.919027156365673648e+01	1.996709414546091210e+01	2.013683447876214316e+01	1.964235052048952923e+01	2.051277562640650132e+01	1.978132535595101160e+01	2.028058827372566242e+01	2.011168798498329480e+01	2.005641025239852127e+01	1.986047323001680454e+01
2.071231199714983617e+01	1.979209300580932407e+01	1.945381113335485068e+01	1.993346055418957263e+01	1.984608019827569336e+01	1.944870906755026496e+01	1.991124797252674838e+01	1.990357710768559230e+01	1.961628765505251337e+01	2.061353247227449614e+01	1.906899409080394392e+01	1.966785442430233388e+01	1.969988445102152497e+01	2.013432025642156376e+01	2.953670881522312897e+01	2.001448512016341041e+01	2.030928076934786830e+01	2.016740588405377821e+01	2.037943957787596005e+01	1.998253001382344607e+01	2.006584809310992767e+01	2.019396020738628650e+01	2.021691098515388063e+01	1.962059849588644056e+01	1.975095941683268208e+01	2.004594051325925008e+01	1.981278058618262961e+01	2.048642258866766852e+01	1.978716706902039135e+01	2.027757433995513736e+01	1.997771904862986858e+01	2.053889319443470640e+01	2.025687777752992247e+01	2.043765669434278465e+01	1.947359548089002601e+01	2.030205997762217507e+01	2.018230002653454846e+01	2.065294031986730872e+01	1.933218581132364733e+01	1.996537896665714484e+01	1.904203310103741842e+01	1.949436354554425321e+01	1.982417929801107093e+01	2.020475836917070822e+01	2.012463339616365232e+01	1.980426559110797058e+01	1.971074312029373132e+01	1.961600845211332000e+01	1.987623630146739373e+01	2.018946750916471444e+01
2.091704315970416417e+01	1.989398483167279608e+01	1.996274240714274129e+01	2.042037962118106265e+01	1.986208184866053728e+01	1.927638114766220667e+01	2.024185766654977314e+01	2.009037934618664067e+01	1.944359671750840235e+01	2.033940056239595151e+01	1.952369441496203706e+01	2.002630849611012920e+01	1.983566817734206111e+01	1.996795448224021641e+01	2.001448512016341041e+01	2.993498803165758915e+01	1.998097859435019075e+01	1.982445060098274681e+01	2.014972167345698395e+01	2.018027846332988062e+01	2.035184556091279262e+01	2.019237954461274143e+01	2.042757396250604884e+01	1.993114665719093281e+01	1.965297560462934001e+01	1.991853234032903686e+01	1.969149045613302818e+01	1.996149369317394218e+01	1.938260097332359777e+01	2.048493262150212857e+01	2.002496877429849675e+01	2.082585895225633266e+01	2.005398395796257205e+01	2.057454980135095113e+01	1.970258857272831321e+01	1.994909470438112109e+01	1.994194384577333423e+01	2.027969600974648046e+01	1.940653324950118019e+01	1.999072815729033437e+01	1.920792186680436586e+01	1.952616937474858361e+01	1.982457707128809332e+01	1.978134529047676082e+01	2.058959771382235004e+01	1.991572279397756873e+01	1.985962336940270490e+01	1.961658378615216236e+01	1.978123102773815489e+01	1.986917736080873809e+01
2.068400567708436100e+01	1.981652568792610936e+01	2.010438932066265139e+01	2.010911830265928657e+01	1.958401815109698418e+01	1.914356837414555557e+01	2.010508791119551475e+01	1.982268515846561385e+01	1.931865866528380593e+01	2.006500523742854725e+01	1.924339697875247879e+01	1.955485385678633392e+01	2.015026165073549436e+01	2.032120834412419086e+01	2.030928076934786830e+01	1.998097859435019075e+01	2.987467474915184340e+01	1.998407028942257213e+01	1.993734360859696864e+01	1.999034147047517962e+01	2.029946164360819694e+01	1.963740027010693723e+01	2.047671063933965740e+01	1.950169665595808866e+01	1.963400253651444061e+01	2.006732043402571364e+01	1.994887279126804813e+01	2.055422928530292026e+01	1.994276758775796665e+01	2.028164163323102187e+01	2.005159262960085087e+01	2.019788395746930831e+01	2.015044298033357251e+01	2.048756231529830174e+01	1.941071506558096971e+01	2.030552851034263639e+01	1.983014887751567912e+01	2.008901427155937469e+01	1.958185912155339992e+01	1.992383327582561137e+01	1.881872470487623872e+01	1.949524886181038852e+01	2.002799228100487738e+01	1.934643082169799655e+01	2.042443505274745519e+01	1.966443663281009080e+01	1.992808378895360022e+01	2.017015176199323889e+01	1.982489330498926705e+01	1.990676005191156506e+01
2.078196766393265804e+01	1.949584832924406186e+01	1.982738588964597071e+01	1.976651975453881960e+01	1.967011503891723834e+01	1.939142274717731951e+01	1.981045301989861329e+01	1.991120519436728387e+01	1.923756587028666942e+01	2.059040813775563095e+01	1.917830748042933564e+01	1.977609121403894576e+01	1.962349456645254264e+01	2.002474478673138947e+01	2.016740588405377821e+01	1.982445060098274681e+01	1.998407028942257213e+01	2.960669827416049671e+01	1.990577924254230879e+01	2.014512713673635957e+01	2.020094895628721687e+01	2.038617460646765878e+01	1.974864919219301029e+01	1.947333759069113768e+01	1.927460902293749356e+01	1.969858608380262055e+01	1.930587955172348558e+01	1.968632202149992594e+01	1.949163843618191549e+01	2.031547498688737363e+01	1.960833023932189079e+01	1.998808506749879399e+01	2.003065756198471803e+01	1.994655015585636804e+01	1.973982750987475399e+01	2.016166823515087358e+01	1.970043346413869756e+01	2.043984896504805704e+01	1.933768474641258450e+01	1.955497365224344364e+01	1.899245757607350527e+01	1.941284311274393914e+01	1.972762443776745300e+01	1.949153629420871781e+01	2.013198631845857633e+01	1.986046121469480852e+01	1.976472261707079525e+01	1.995895814405603019e+01	1.963195059571749468e+01	1.989548035827242956e+01
2.093556451151339104e+01	1.996390981556510269e+01	1.991233662015186567e+01	1.998189405179215328e+01	1.969036196071997580e+01	1.946854560620746355e+01	2.057203387106591919e+01	1.975812912799056065e+01	1.952411108436919562e+01	2.079316804504084359e+01	1.973582800627811196e+01	2.035527840467319649e+01	1.999772155366497373e+01	2.011997801058260293e+01	2.037943957787596005e+01	2.014972167345698395e+01	1.993734360859696864e+01	1.990577924254230879e+01	2.989524610978114794e+01	1.991305726890976402e+01	2.062836407723959553e+01	2.016997825208004258e+01	2.043723453065411633e+01	1.995682710668711479e+01	1.967443004172255883e+01	2.026687201968348262e+01	1.983469983961532890e+01	2.025552898901592513e+01	2.001588134293965737e+01	2.055331347852371238e+01	2.022119903281074826e+01	2.069956883633234668e+01	2.013527542643257817e+01	2.059499347878414710e+01	1.976616587073147358e+01	2.054694756461314853e+01	2.017205896600184900e+01	2.068214547126132530e+01	1.971945678120430756e+01	2.057061674470956447e+01	1.928433193843421378e+01	1.964818107459430507e+01	2.030760506281994893e+01	1.998492843025130838e+01	2.062989287931680593e+01	2.010675242554848552e+01	2.036942693174712105e+01	2.023894898079360161e+01	2.029905107156495703e+01	2.053818866086002970e+01
2.058657968989965781e+01	1.997446382234290496e+01	2.019889676064402906e+01	2.041078330888398185e+01	2.004436400480833314e+01	1.956820243874618015e+01	1.993450822519534071e+01	2.006714555151384616e+01	1.950043676864405384e+01	2.032777645597177596e+01	1.967806649018215737e+01	1.992719492004646753e+01	2.007300235165840974e+01	1.993590710859206538e+01	1.998253001382344607e+01	2.018027846332988062e+01	1.999034147047517962e+01	2.014512713673635957e+01	1.991305726890976402e+01	2.964548922622664406e+01	2.071017758991355251e+01	2.004593154771700370e+01	2.046521166301662120e+01	1.963366676322986493e+01	1.989629822090092759e+01	2.031832784220199528e+01	1.986216032948139798e+01	1.986527778145967460e+01	2.006241707276347341e+01	2.065698437625509953e+01	1.991151737993803295e+01	2.038198112027031783e+01	2.004613839081222082e+01	2.041226993250329258e+01	1.947619133013548876e+01	2.028040473093173190e+01	2.011363647113623188e+01	2.050240594969139707e+01	1.978012529851731571e+01	2.009793175719408964e+01	1.937808215164594827e+01	1.981675268335742857e+01	2.027713754077398889e+01	1.948657789496831327e+01	2.035959317608898900e+01	1.966368393106720447e+01	1.984135524346634583e+01	1.979225476632708336e+01	1.996382838840402130e+01	2.022434217430162917e+01
2.101343628853666345e+01	1.988499487456886428e+01	2.002412410605324666e+01	2.084803342572644524e+01	1.959136404408553034e+01	1.984115464990591704e+01	2.002562437471554091e+01	2.033965709832041213e+01	1.984716438202632105e+01	2.069824756612175776e+01	1.981032517097139589e+01	2.030325899491285213e+01	2.034141383814608162e+01	2.032891998493848718e+01	2.006584809310992767e+01	2.035184556091279262e+01	2.029946164360819694e+01	2.020094895628721687e+01	2.062836407723959553e+01	2.071017758991355251e+01	3.053597907755209562e+01	1.997060870612596162e+01	2.078618119036704215e+01	2.010702310281416771e+01	1.976927739008732487e+01	2.053258931597529724e+01	2.022638043980071387e+01	2.037664608395862231e+01	2.011902916528440954e+01	2.062999277963747247e+01	2.042397832157680071e+01	2.050693894937564821e+01	2.048602545180353118e+01	2.064286654864476844e+01	1.990688753233339980e+01	2.051301457699721453e+01	2.005987418788129872e+01	2.091071052661929386e+01	1.982792088811708453e+01	2.031579133387602454e+01	1.945884737137226139e+01	1.993952413385149214e+01	1.991915529221706649e+01	2.037295109206595711e+01	2.043534751128455440e+01	2.063677086630316992e+01	2.001426952269274295e+01	2.013805044328061911e+01	2.020971088081832789e+01	2.026004080305570909e+01
2.065860698105268156e+01	2.023215991108831702e+01	1.976754804869581505e+01	1.999186343140970834e+01	1.989929118642373851e+01	1.966749811276214999e+01	2.016478323210243673e+01	1.994144212563400842e+01	1.958022166703037925e+01	2.060226711679842282e+01	1.927152336464616766e+01	1.995973042585961110e+01	2.016708590035465676e+01	2.018256560695053992e+01	2.019396020738628650e+01	2.019237954461274143e+01	1.963740027010693723e+01	2.038617460646765878e+01	2.016997825208004258e+01	2.004593154771700370e+01	1.997060870612596162e+01	2.986018148122127513e+01	2.034301056184717638e+01	1.995621211324581168e+01	1.977612383110811578e+01	2.023906730655886577e+01	1.991170684347739339e+01	2.034336633764482016e+01	1.983272782080736363e+01	2.050425048286541951e+01	1.999395146398012812e+01	2.041796941630065021e+01	2.017727274729586284e+01	2.066332140732458456e+01	1.976618251903294876e+01	2.037710311205864855e+01	1.977593013883013384e+01	2.031520054743138104e+01	1.986362276624316436e+01	1.997730529711328273e+01	1.931143554358072478e+01	2.006168980294263804e+01	1.961328696680554984e+01	1.963204853581769527e+01	2.037612252736577290e+01	2.005631703811826583e+01	1.992422400557312656e+01	1.995066022651559123e+01	1.983171660360090982e+01	2.020709152153268562e+01
2.074156635805595528e+01	2.028356431406400162e+01	2.026967469738563210e+01	2.041935467112938696e+01	1.956545996514441299e+01	2.000762841483689414e+01	2.040598201877390494e+01	2.044539794720033044e+01	1.956758059390141113e+01	2.099587069001268347e+01	1.964678851736125154e+01	2.015991832911389281e+01	2.031788291854153172e+01	2.016233412741080855e+01	2.021691098515388063e+01	2.042757396250604884e+01	2.047671063933965740e+01	1.974864919219301029e+01	2.043723453065411633e+01	2.046521166301662120e+01	2.078618119036704215e+01	2.034301056184717638e+01	3.072198028084611465e+01	1.982076745636573634e+01	1.981993195279131470e+01	2.084655598960147316e+01	2.038444675621990854e+01	2.032340781699683774e+01	2.027457648460556072e+01	2.069805035169782670e+01	2.004896295975505893e+01	2.093541894709713702e+01	2.041748115122690521e+01	2.087113915963107402e+01	1.969019139773783422e+01	2.054957398685175463e+01	2.030343265352304627e+01	2.078799986074167805e+01	1.974200965155098686e+01	2.027376749290090530e+01	1.963748572729269526e+01	1.988231858103524630e+01	2.023362331684917237e+01	2.034020086263188531e+01	2.065358253053411275e+01	1.999600541620752736e+01	2.065079865549327565e+01	2.053497054101122643e+01	2.063754272693786973e+01	2.041377046818784535e+01
2.042369535568150241e+01	1.984417269001331263e+01	1.962542693310522424e+01	2.033848907819058027e+01	1.921864380492148783e+01	1.951529487358887494e+01	1.993127305853323605e+01	1.960153613568581576e+01	1.914716896912749178e+01	2.023814572105916909e+01	1.904069732940922322e+01	1.959929797385473904e+01	1.994022420975550247e+01	1.975182848594135621e+01	1.962059849588644056e+01	1.993114665719093281e+01	1.950169665595808866e+01	1.947333759069113768e+01	1.995682710668711479e+01	1.963366676322986493e+01	2.010702310281416771e+01	1.995621211324581168e+01	1.982076745636573634e+01	2.945968069285946811e+01	1.923538843143741417e+01	1.981260136927735971e+01	1.943500071502868209e+01	1.981827287625486278e+01	1.974225240662506309e+01	2.010403637946439659e+01	1.996479096198207515e+01	2.015522393933714440e+01	1.978838013779296290e+01	2.014456320487531826e+01	1.953253112200860286e+01	1.974072351066981668e+01	1.976020051701898339e+01	1.997954558813363235e+01	1.919030958091048689e+01	1.961080833989531058e+01	1.891091363985694684e+01	1.911847882762016226e+01	1.932698877454491893e+01	1.926679587175527431e+01	2.002722910533022471e+01	1.952050615333218886e+01	1.947631996976369706e+01	1.988253156290654999e+01	1.984600862626590256e+01	1.966662009476016948e+01
2.015102539759531552e+01	1.975619577556723172e+01	1.948827269649784810e+01	1.965749008331314585e+01	1.941542531747623812e+01	1.931165396829251790e+01	1.889986819091691217e+01	1.931295940290595325e+01	1.901806641847157309e+01	2.007064058832590092e+01	1.920764265295111883e+01	1.972935412290955171e+01	1.959756727170075763e+01	1.990188784204839934e+01	1.975095941683268208e+01	1.965297560462934001e+01	1.963400253651444061e+01	1.927460902293749356e+01	1.967443004172255883e+01	1.989629822090092759e+01	1.976927739008732487e+01	1.977612383110811578e+01	1.981993195279131470e+01	1.923538843143741417e+01	2.923149668029937942e+01	1.969309019613947953e+01	1.931150327899121422e+01	1.988145940486417373e+01	1.958634499781565452e+01	1.983799385071225885e+01	1.908987396454523022e+01	2.016152769772024200e+01	1.938215501226666504e+01	1.948617422640182539e+01	1.937622479234117279e+01	1.984906244582584023e+01	1.975603124362882923e+01	2.005357807670711878e+01	1.957762224148370933e+01	1.953455148625252491e+01	1.883898115934487194e+01	1.907140486244383837e+01	1.944711800270854241e+01	1.966183551310405875e+01	2.002450503829108541e+01	1.992539375377551281e+01	1.921384467969048160e+01	1.973597212750825847e+01	1.989167759857094353e+01	1.960945567490525576e+01
2.082154717665362753e+01	1.986792331475633588e+01	2.038712060271001647e+01	2.037023914628811738e+01	1.993998887283020949e+01	1.970498835417578221e+01	2.042806722246215045e+01	2.018070894977079632e+01	1.998697009641703914e+01	2.084301760057947206e+01	1.965028149548203018e+01	1.987883740943842170e+01	1.983553643060893634e+01	2.001258797782844567e+01	2.004594051325925008e+01	1.991853234032903686e+01	2.006732043402571364e+01	1.969858608380262055e+01	2.026687201968348262e+01	2.031832784220199528e+01	2.053258931597529724e+01	2.023906730655886577e+01	2.084655598960147316e+01	1.981260136927735971e+01	1.969309019613947953e+01	2.951991577077281548e+01	2.017869809235395806e+01	2.025580467331431223e+01	2.011654972715886913e+01	2.051529041389147778e+01	2.017479266947996663e+01	2.068711778294428782e+01	2.017804930513176842e+01	2.057254933187098445e+01	1.950292707277004567e+01	2.049899864386435411e+01	1.993120226046082877e+01	2.048371977675970612e+01	1.937302007855356223e+01	2.017725375077390737e+01	1.952648923688981952e+01	1.969309979552924972e+01	2.006858641438686774e+01	1.982643092509322003e+01	2.068844076268622700e+01	2.007523085348750769e+01	2.018063715479055986e+01	2.010488489221238240e+01	2.028845987902181847e+01	2.038088181416369338e+01
2.079898156772447138e+01	2.010284542991177759e+01	1.956423205960398448e+01	1.999708454404078850e+01	1.962343937389408310e+01	1.938909615234518213e+01	1.991819839959911320e+01	1.986084867453571690e+01	1.909957415571341244e+01	2.038520724385955063e+01	1.888818460915330988e+01	1.977527273713296552e+01	1.983013848828354853e+01	1.965766709458215900e+01	1.981278058618262961e+01	1.969149045613302818e+01	1.994887279126804813e+01	1.930587955172348558e+01	1.983469983961532890e+01	1.986216032948139798e+01	2.022638043980071387e+01	1.991170684347739339e+01	2.038444675621990854e+01	1.943500071502868209e+01	1.931150327899121422e+01	2.017869809235395806e+01	2.940199769059136869e+01	2.029698986066985711e+01	2.013965866384594250e+01	2.013975349564669060e+01	1.970826556389151918e+01	2.029194915250727860e+01	2.011178370629982126e+01	2.037193875416458511e+01	1.911936536787320406e+01	2.035046345314099625e+01	2.007270306970065832e+01	1.973718314318737299e+01	1.950124202934548734e+01	1.976473827953339324e+01	1.906664290652019744e+01	1.924175220145365728e+01	1.937905716915912180e+01	1.950625850903848857e+01	2.006966636233930856e+01	1.969646137180803436e+01	2.004498473219353016e+01	2.004216115669524712e+01	1.988556894966765398e+01	2.017764887688429454e+01
2.056261583006368099e+01	2.043095641201113821e+01	1.967971501828473890e+01	2.033208494775535513e+01	1.973591512665277747e+01	1.999233214866674047e+01	2.007798914081771002e+01	1.965668481234375520e+01	1.956501922110269120e+01	2.046413997211522684e+01	1.937787674295280382e+01	2.007578824241512905e+01	1.969526092589216049e+01	2.015597563199400355e+01	2.048642258866766852e+01	1.996149369317394218e+01	2.055422928530292026e+01	1.968632202149992594e+01	2.025552898901592513e+01	1.986527778145967460e+01	2.037664608395862231e+01	2.034336633764482016e+01	2.032340781699683774e+01	1.981827287625486278e+01	1.988145940486417373e+01	2.025580467331431223e+01	2.029698986066985711e+01	2.999083151366977873e+01	2.052454233908020598e+01	2.023533488481258047e+01	2.039370193026212519e+01	2.012805676570205904e+01	2.030037491864009880e+01	2.036659604619303110e+01	1.945970432646765147e+01	2.034449832049195095e+01	2.028984923307898214e+01	2.006943514978012644e+01	2.004397143739691245e+01	2.048495793360819661e+01	1.936880005400546523e+01	1.936575646733301426e+01	1.984099275262582651e+01	2.021215889490688866e+01	2.050336496818789200e+01	2.013285118444139954e+01	1.969340192163264547e+01	2.012521279730707846e+01	2.004623489788404456e+01	1.984496189359666474e+01
2.058613675021978295e+01	2.014176017648418693e+01	1.979534185920456935e+01	2.028597020088486147e+01	1.981522255628775753e+01	1.938336633644429341e+01	1.976006663439430611e+01	1.974394159919780378e+01	1.955249033895141508e+01	2.038783520151380912e+01	1.905341708752082397e+01	1.960995088892607896e+01	2.007085483785845170e+01	2.036853765496949720e+01	1.978716706902039135e+01	1.938260097332359777e+01	1.994276758775796665e+01	1.949163843618191549e+01	2.001588134293965737e+01	2.006241707276347341e+01	2.011902916528440954e+01	1.983272782080736363e+01	2.027457648460556072e+01	1.974225240662506309e+01	1.958634499781565452e+01	2.011654972715886913e+01	2.013965866384594250e+01	2.052454233908020598e+01	3.009686034240316488e+01	2.015095537383944446e+01	2.003363288832585098e+01	2.002252938625946044e+01	1.994176515183513843e+01	2.060921157054335850e+01	1.965066639691834638e+01	2.059810188712764756e+01	2.001716985582117658e+01	2.045412698165572962e+01	1.974569339991121808e+01	2.007260172891822236e+01	1.922131452007496932e+01	1.979179429800325707e+01	2.020155350040836240e+01	1.986029041374713699e+01	2.030262341077188637e+01	1.946779084844169105e+01	1.950906407882299476e+01	1.978613170017299439e+01	2.034754874862361973e+01	1.994411669186147762e+01
2.094272576932714003e+01	2.017973884800345630e+01	2.011573824566094970e+01	2.072901739711727842e+01	1.985415456885604968e+01	1.950586141724189204e+01	2.026008005217436292e+01	2.014352071032463698e+01	1.973647927348032027e+01	2.112561156481372748e+01	1.941637712885266254e+01	2.008233243429187809e+01	2.043373956181216400e+01	2.091210573046606314e+01	2.027757433995513736e+01	2.048493262150212857e+01	2.028164163323102187e+01	2.031547498688737363e+01	2.055331347852371238e+01	2.065698437625509953e+01	2.062999277963747247e+01	2.050425048286541951e+01	2.069805035169782670e+01	2.010403637946439659e+01	1.983799385071225885e+01	2.051529041389147778e+01	2.013975349564669060e+01	2.023533488481258047e+01	2.015095537383944446e+01	3.043561875048482079e+01	2.057417075670088025e+01	2.073484773667308190e+01	2.006252491144858396e+01	2.052191821870852451e+01	2.001191829212791617e+01	2.089834937990945107e+01	2.045005898801858280e+01	2.076136350358976657e+01	1.989568942741951929e+01	2.033378359630832577e+01	1.960087201571135296e+01	1.993885249765204648e+01	2.056265670953026969e+01	2.032749811269004425e+01	2.083827041562216209e+01	2.021384221099079426e+01	2.041995957716373766e+01	2.023682596551348922e+01	2.027341945815308222e+01	2.053549166864302933e+01
2.037066206953903347e+01	1.988319806902247677e+01	2.019958278751158431e+01	2.044164219790764392e+01	1.993055860921410627e+01	1.947826366919795404e+01	1.952525434265849924e+01	1.987882877386933700e+01	1.920766215165413371e+01	2.036815552752901937e+01	1.974353086418425107e+01	2.010500215215795095e+01	2.005147485373178284e+01	1.960959279954654377e+01	1.997771904862986858e+01	2.002496877429849675e+01	2.005159262960085087e+01	1.960833023932189079e+01	2.022119903281074826e+01	1.991151737993803295e+01	2.042397832157680071e+01	1.999395146398012812e+01	2.004896295975505893e+01	1.996479096198207515e+01	1.908987396454523022e+01	2.017479266947996663e+01	1.970826556389151918e+01	2.039370193026212519e+01	2.003363288832585098e+01	2.057417075670088025e+01	2.982771158516917964e+01	2.032850180909337112e+01	2.050743474827614676e+01	2.035681910178489673e+01	1.933127615242601038e+01	2.000043011227334588e+01	1.998587587020226763e+01	2.043504229932744920e+01	1.946653624453973919e+01	2.024006797408787861e+01	1.927829323102024262e+01	1.935145501674124802e+01	2.009696668327802271e+01	2.017758128520675243e+01	2.039701613580228923e+01	1.967719589105755773e+01	1.968717579337689116e+01	1.958309375855803935e+01	1.947549892411113248e+01	2.016390924201487422e+01
2.106266257997333824e+01	1.999960694690096830e+01	2.046830306737586369e+01	2.057310072262142953e+01	2.012826418033978726e+01	1.983442865898905794e+01	2.080364630168671169e+01	1.999811994793967429e+01	1.983744649924319603e+01	2.126033294565601395e+01	1.953315062651435952e+01	1.998636785991967812e+01	2.046175449912878008e+01	2.074391991697714488e+01	2.053889319443470640e+01	2.082585895225633266e+01	2.019788395746930831e+01	1.998808506749879399e+01	2.069956883633234668e+01	2.038198112027031783e+01	2.050693894937564821e+01	2.041796941630065021e+01	2.093541894709713702e+01	2.015522393933714440e+01	2.016152769772024200e+01	2.068711778294428782e+01	2.029194915250727860e+01	2.012805676570205904e+01	2.002252938625946044e+01	2.073484773667308190e+01	2.032850180909337112e+01	3.076777314847008782e+01	2.044189911779360003e+01	2.100471234827644906e+01	2.018739172596703568e+01	2.044794814259644511e+01	2.059263294597879934e+01	2.058037525726853190e+01	2.001824735682306766e+01	2.066843222571936067e+01	1.976172934206755727e+01	2.016205069957841545e+01	2.060260370526263785e+01	2.015702468808117587e+01	2.085844261115567377e+01	2.053953687735758038e+01	2.050490257149069606e+01	2.027620803326001564e+01	2.065275931540886489e+01	2.010604109590987321e+01
