2.925306557169116672e+01	1.930927036705864452e+01	2.021873406572595044e+01	1.994005269924217671e+01	1.998193909366247212e+01	2.007065602421420536e+01	2.014383813800024470e+01	1.975848755764159392e+01	2.038472354456765245e+01	2.024324726152120846e+01	2.046069321615992109e+01	1.992606884035044601e+01	1.927289349014420949e+01	1.941996717173480747e+01	2.031128044078849015e+01	1.964332517149655999e+01	1.946426603938705568e+01	1.950589134425397475e+01	2.022407469480599218e+01	2.017192681424138101e+01	1.985790473391562827e+01	1.949290456524340343e+01	1.947660181823211190e+01	1.961697130876618189e+01	1.980261770983772962e+01	2.020100678960202956e+01	1.963199994687473549e+01	2.043836687471944913e+01	1.922408650329839119e+01	2.019387141356891391e+01	2.031248807620984209e+01	1.982399905507816840e+01	2.010025964924842157e+01	1.955045143299911459e+01	1.988524093011956850e+01	1.945638397398551689e+01	2.049857812547826796e+01	2.013298831673040112e+01	1.981682332351881115e+01	1.977715366563180410e+01	1.973984830550952196e+01	1.950279015016580431e+01	1.985420439800237702e+01	2.028624675676130806e+01	1.894667975705195673e+01	2.025330300772063552e+01	1.973606796200590097e+01	2.013302715648756092e+01	1.961161374546676939e+01	1.970168571443170435e+01
1.930927036705864452e+01	2.953252830322138323e+01	1.989936988469046497e+01	1.943796274115275224e+01	1.987852648774004294e+01	1.956995595492143991e+01	1.999632179339856819e+01	1.970609394951361537e+01	2.002974626391164392e+01	1.993377594997388869e+01	2.076583775472506943e+01	2.009070880774978818e+01	1.896493815969973440e+01	1.971280511885289144e+01	1.994706296341044194e+01	1.953511786273241313e+01	1.995221940618220557e+01	1.931692195620574992e+01	2.023767474496512619e+01	2.000102239518540870e+01	1.976988528317464144e+01	1.953539856067434144e+01	1.946741275619974232e+01	1.960127725056852199e+01	1.979786894460364266e+01	2.007121906395077104e+01	1.994131315428973750e+01	2.039116316362578729e+01	1.931182005503709220e+01	1.993353822355693339e+01	2.018220198523915343e+01	1.944426323404001522e+01	1.984497122860018692e+01	1.987181185868966793e+01	1.995179280780161690e+01	1.943861956232919752e+01	2.033320956456527995e+01	2.027966835579424654e+01	1.987116272592943744e+01	1.933987050922129569e+01	1.936507875321437666e+01	1.980560719777767531e+01	2.000514135302018914e+01	2.008575862001442758e+01	1.905128391486609374e+01	2.042650203278760657e+01	1.952896056685283099e+01	1.983563507958398375e+01	1.955332157578999031e+01	2.004254572232942166e+01
2.021873406572595044e+01	1.989936988469046497e+01	2.975254320314430956e+01	1.993764702572259040e+01	2.019275500634697096e+01	1.985885382186976145e+01	2.008968292799558242e+01	2.028603367935263790e+01	2.049143042274388549e+01	2.057107953560721825e+01	2.098606693889460573e+01	1.942822628328099555e+01	1.960314447812350380e+01	1.940835761929432479e+01	2.038644881071128268e+01	1.948966398552457235e+01	2.010589954367091536e+01	1.960313124377227112e+01	2.032021155081629971e+01	2.012723493053847079e+01	2.016053742870511911e+01	1.971077417865021175e+01	1.982749437487717614e+01	1.950262523943604620e+01	1.970456607383218284e+01	2.011927471612996143e+01	2.006233572882730343e+01	2.047189089197177481e+01	1.951255419021883952e+01	1.999520674581407675e+01	2.060692053219711184e+01	1.999748245272109060e+01	2.013346119157065672e+01	1.998883079400032159e+01	1.994666556344676067e+01	1.976352872935799709e+01	2.014605400487993592e+01	2.046898990880946911e+01	1.990145348845140205e+01	2.003929929315383163e+01	1.982950986132055249e+01	1.941374836843009533e+01	2.021689175961257945e+01	2.030574465018757735e+01	1.945251131073537110e+01	2.024414948024450922e+01	1.968937278795860735e+01	2.008795007094377993e+01	1.967560918107503198e+01	2.018950248719009721e+01
1.994005269924217671e+01	1.943796274115275224e+01	1.993764702572259040e+01	2.980615057671710133e+01	1.961872259704973231e+01	1.990244097728341544e+01	1.997148867869874778e+01	1.954051962558721911e+01	2.011255456359274874e+01	2.004584986951647707e+01	2.035199826388942768e+01	2.018293015511515520e+01	1.891034190690404770e+01	1.962466954746316361e+01	2.008821762496324936e+01	2.003850077132966234e+01	1.959603082115224737e+01	1.949944053911017861e+01	1.984395981804251008e+01	2.024824796478363353e+01	2.017376683979747298e+01	1.946505572625787650e+01	1.953269287272572541e+01	1.965069391693650047e+01	1.972214463049787625e+01	2.003983542821745445e+01	1.964055954636414825e+01	2.002857206776453936e+01	1.956923461384597829e+01	1.975300038510820144e+01	2.053352279041668282e+01	2.009414246728595543e+01	1.985650897011660376e+01	1.960164860936984965e+01	1.962276651408159012e+01	1.974559509401075275e+01	2.012582808047976712e+01	1.986411535723158650e+01	2.001500257412193307e+01	1.992376816958585550e+01	1.982081608192324040e+01	1.929356117362339518e+01	2.001994388272959924e+01	2.047633757671929544e+01	1.940054593412612149e+01	2.013902171828873833e+01	1.979430453228351183e+01	2.015280554208421648e+01	1.925338740761253931e+01	1.996553797944781294e+01
1.998193909366247212e+01	1.987852648774004294e+01	2.019275500634697096e+01	1.961872259704973231e+01	2.945699494180352929e+01	1.995231435084076566e+01	2.009219997975105443e+01	1.978678250174486664e+01	2.021063421867803811e+01	2.029004559776702621e+01	2.095690399454986874e+01	1.983192843778985548e+01	1.907597068697509357e+01	1.966006640638731895e+01	1.997754742610267442e+01	1.977433330470072548e+01	1.970725093990239785e+01	1.962718857612436452e+01	1.975322149423795537e+01	2.014639635413806218e+01	2.017439915355205926e+01	1.932103977943944528e+01	1.983939749763298721e+01	1.962288669677710473e+01	1.955712274397725992e+01	1.993239123061667684e+01	1.966223085360552147e+01	2.042299768885348143e+01	1.958115504157462539e+01	1.978228246738445861e+01	2.043334598664261392e+01	1.987392565857910043e+01	1.971109313724821277e+01	2.010803225471787314e+01	1.982156201531572393e+01	1.954078009411960082e+01	2.017297062765831939e+01	2.030645786707543010e+01	1.979115390814779119e+01	2.008956895950799648e+01	1.997633957010086192e+01	1.965469408651104644e+01	2.016960900919122679e+01	2.052240814165469018e+01	1.909704825689027174e+01	2.015137235466644938e+01	1.971726692496784850e+01	1.966210854862815438e+01	1.984087438888447963e+01	1.984314316631383335e+01
2.007065602421420536e+01	1.956995595492143991e+01	1.985885382186976145e+01	1.990244097728341544e+01	1.995231435084076566e+01	2.926850063573537142e+01	1.995070696186812853e+01	1.995210584023240941e+01	1.974068087825155260e+01	2.026822232029812909e+01	2.072190820869332484e+01	1.990555496157682569e+01	1.873883478215040199e+01	1.902667893590219705e+01	1.988415944253988599e+01	1.975856425922550486e+01	1.998319878221954582e+01	1.915975319549430722e+01	1.972779007686929376e+01	2.044783037456475938e+01	1.982230030295892220e+01	1.957323741792543714e+01	1.938247076432444160e+01	1.947078022767272643e+01	1.935703468653328230e+01	1.978952276143769851e+01	1.957749701834384126e+01	1.984501510484054521e+01	1.928535407536089252e+01	1.956531899141085873e+01	2.039339067852462506e+01	1.952035174408562668e+01	1.996677964870345434e+01	1.937927707578484871e+01	1.963032874218179558e+01	1.948936593554124030e+01	2.037877612356118462e+01	2.014962513824621482e+01	1.958743434859345811e+01	1.921011909895589298e+01	1.976276453521338539e+01	1.948463116178518462e+01	2.022411595306876819e+01	1.990905183209476448e+01	1.926012269643451447e+01	2.025195489952436034e+01	1.980141305300475452e+01	1.947108911995016811e+01	1.913290595734985189e+01	1.974200007678161839e+01
2.014383813800024470e+01	1.999632179339856819e+01	2.008968292799558242e+01	1.997148867869874778e+01	2.009219997975105443e+01	1.995070696186812853e+01	3.038433998531180436e+01	2.045666208642572670e+01	2.001224659873139089e+01	2.085343017894057738e+01	2.082482241288137814e+01	2.018627664491563678e+01	1.961717007039559135e+01	1.964478202076329083e+01	2.035391045918919772e+01	1.974493475577549617e+01	2.000878440183382168e+01	1.997866825926224976e+01	2.010224605713866808e+01	2.070304224213303712e+01	2.037910741373008250e+01	1.973223396366854487e+01	2.005344619012109675e+01	1.986507940533955008e+01	1.961526231041177937e+01	1.998900213230696465e+01	2.007235624615767833e+01	2.074686402209120217e+01	1.972403784645800684e+01	2.034004592881967000e+01	2.071194126289353221e+01	1.979923725742257545e+01	2.003435696057864135e+01	2.015687440761428562e+01	2.014402197560826480e+01	1.951344382059020433e+01	2.071140581291193072e+01	2.071375418831220117e+01	2.032738796429298844e+01	1.988822350348432622e+01	2.035009169601171308e+01	2.011592056117747873e+01	2.013480726501166274e+01	2.076455548769970960e+01	1.991765087616731833e+01	2.054890080749630954e+01	2.028980922071710324e+01	2.027889749663513186e+01	1.992344200569312918e+01	2.008664690058015623e+01
1.975848755764159392e+01	1.970609394951361537e+01	2.028603367935263790e+01	1.954051962558721911e+01	1.978678250174486664e+01	1.995210584023240941e+01	2.045666208642572670e+01	2.940603022344555129e+01	2.045819193079211118e+01	2.042434345088547687e+01	2.089551316453892937e+01	2.020104831103631682e+01	1.926003072534126304e+01	2.011431044830956694e+01	2.039465573933707532e+01	1.992940247603185711e+01	1.999519137600141860e+01	1.968005200741950134e+01	2.028425431526527589e+01	2.036632007278339529e+01	2.001891781844285489e+01	1.956404888249187835e+01	1.974121888940517167e+01	1.983977207403109944e+01	1.961426136245090746e+01	2.000593931389700941e+01	1.967806323706091476e+01	2.049000682218875724e+01	1.960296832835598480e+01	2.006773138668627610e+01	2.038673475489289899e+01	1.996592947772605697e+01	2.034249338056114453e+01	2.021373321199191153e+01	1.999116040211919909e+01	1.961323694253865568e+01	2.056979432609561798e+01	2.039250287247447346e+01	2.014188552223874495e+01	2.033236613772713497e+01	1.976113952672123730e+01	2.008844293131847536e+01	1.981969646920455119e+01	2.062529026789357545e+01	1.943478014198118942e+01	2.062533036081972426e+01	1.972702611403348882e+01	2.031217783552188649e+01	1.976390624238734262e+01	1.996397321840689898e+01
2.038472354456765245e+01	2.002974626391164392e+01	2.049143042274388549e+01	2.011255456359274874e+01	2.021063421867803811e+01	1.974068087825155260e+01	2.001224659873139089e+01	2.045819193079211118e+01	3.045478079004936234e+01	2.037233539383571213e+01	2.082331403195676245e+01	2.008228901124429910e+01	1.959060365956368344e+01	1.999742788939273908e+01	2.057967008557141497e+01	2.033904464292337622e+01	2.011262118942558175e+01	1.978681288476465738e+01	2.045753132948880904e+01	2.076926565265362967e+01	2.039493445008520212e+01	1.986867570262968030e+01	2.032027133803387287e+01	2.021270771326620164e+01	2.041321151892841357e+01	2.045091661458240750e+01	2.033194451865626817e+01	2.045529794970862625e+01	1.981465396180669813e+01	2.034738527715486356e+01	2.079066525418401667e+01	2.065343545104091660e+01	2.012586410591989861e+01	2.015951188708403663e+01	1.998106028320448502e+01	1.990662654527412201e+01	2.082357137096903088e+01	2.069894318261080812e+01	2.066725527665357731e+01	2.000747124792950871e+01	2.031314731066792945e+01	2.005085175408683540e+01	2.032687143959412879e+01	2.099132316825164324e+01	1.975312198916914141e+01	2.049100993358182521e+01	2.024335339955988289e+01	2.040242305894443575e+01	1.984661795242629978e+01	1.996371690492847151e+01
2.024324726152120846e+01	1.993377594997388869e+01	2.057107953560721825e+01	2.004584986951647707e+01	2.029004559776702621e+01	2.026822232029812909e+01	2.085343017894057738e+01	2.042434345088547687e+01	2.037233539383571213e+01	3.021810755635014445e+01	2.122277766572457125e+01	2.015422959267813141e+01	1.971648127382342963e+01	2.009666434231045429e+01	2.071190064122331975e+01	2.029937272574017015e+01	2.004207754462154156e+01	2.035185626891575339e+01	2.042238630761717033e+01	2.075839647447626390e+01	2.082080391646356432e+01	1.989451277288785747e+01	2.005322018202126699e+01	2.026094094961799996e+01	2.044399184631317823e+01	2.020324162506323873e+01	2.064736522430535715e+01	2.063450669368683066e+01	1.962686689206523383e+01	2.026085586646140513e+01	2.080078538413494371e+01	2.036707485830971365e+01	2.000284506539933105e+01	2.023173052864151344e+01	1.998839012065572263e+01	2.005084678296741174e+01	2.077022074509479665e+01	2.071210723074428728e+01	2.022434996542949293e+01	2.044048781362941369e+01	2.014157971366896405e+01	2.057482918865191479e+01	2.075669335038448793e+01	2.079421506129130037e+01	2.009890463445357511e+01	2.107905500903879314e+01	2.033488604616686146e+01	2.037837867382129531e+01	2.002806398475511784e+01	2.045503357355408980e+01
2.046069321615992109e+01	2.076583775472506943e+01	2.098606693889460573e+01	2.035199826388942768e+01	2.095690399454986874e+01	2.072190820869332484e+01	2.082482241288137814e+01	2.089551316453892937e+01	2.082331403195676245e+01	2.122277766572457125e+01	3.150525112704577069e+01	2.091665141320680377e+01	1.984718351812015769e+01	2.030724615260626820e+01	2.120046580590602758e+01	2.033352824812415705e+01	2.064596805585668449e+01	2.028946260275410296e+01	2.070074588016377248e+01	2.120182740945555722e+01	2.071116448794851905e+01	2.036283189135327021e+01	2.056324129152418934e+01	2.015109780671363993e+01	2.058955438870992083e+01	2.077686008466490719e+01	2.082978601650917838e+01	2.150597243444379814e+01	2.021651852161323148e+01	2.049331391109506484e+01	2.123964692279414734e+01	2.073226790270522812e+01	2.081208390763772087e+01	2.015644487651901429e+01	2.059362630999220656e+01	2.053091410634946712e+01	2.138344848394368114e+01	2.124135608630127336e+01	2.072922019763753454e+01	2.051164769420156375e+01	2.042446184425560674e+01	2.112336605251558908e+01	2.061693027143269319e+01	2.130215768939798693e+01	2.041893267408518753e+01	2.082939899892657465e+01	2.071842991880274809e+01	2.108130933107809568e+01	2.054153731765349633e+01	2.100136914757676010e+01
1.992606884035044601e+01	2.009070880774978818e+01	1.942822628328099555e+01	2.018293015511515520e+01	1.983192843778985548e+01	1.990555496157682569e+01	2.018627664491563678e+01	2.020104831103631682e+01	2.008228901124429910e+01	2.015422959267813141e+01	2.091665141320680377e+01	3.016142333602637393e+01	1.926152916045422359e+01	2.008587198844789512e+01	2.016631025174807235e+01	1.987043250575569786e+01	1.983714536220126234e+01	1.975974879173060117e+01	2.014951962393287843e+01	2.059357571988975621e+01	2.023121539818609094e+01	1.992481541565391367e+01	1.955410927804842913e+01	2.000637266259539615e+01	1.969095686968645609e+01	1.995609276926489173e+01	1.997260576834667489e+01	2.077833807757198059e+01	2.007279721748734502e+01	2.020657003870699242e+01	2.062420508596791890e+01	2.024407417216903937e+01	1.983818493566230146e+01	2.010227729433066912e+01	2.022303338964279362e+01	1.972628540198614644e+01	2.071014674845488557e+01	2.071206336570525153e+01	2.055115216090318242e+01	1.960431900078715017e+01	2.001297767006272821e+01	2.036271570738901815e+01	2.036615878657314482e+01	2.024526039146612888e+01	1.926725989428484809e+01	2.088673624771008974e+01	1.976457789285871414e+01	2.013920018648357413e+01	1.988845140590436955e+01	2.030399123413224416e+01
1.927289349014420949e+01	1.896493815969973440e+01	1.960314447812350380e+01	1.891034190690404770e+01	1.907597068697509357e+01	1.873883478215040199e+01	1.961717007039559135e+01	1.926003072534126304e+01	1.959060365956368344e+01	1.971648127382342963e+01	1.984718351812015769e+01	1.926152916045422359e+01	2.830691952707919867e+01	1.930577584457652307e+01	1.932792330796956648e+01	1.921309618458954915e+01	1.952293716119410050e+01	1.896220250401516338e+01	1.903064262474356738e+01	1.957393395987591234e+01	1.917942206922548110e+01	1.904757109367581336e+01	1.889570069945226649e+01	1.933475551033857087e+01	1.909045974024098058e+01	1.913179166565908318e+01	1.969714769100940899e+01	1.972635299831130595e+01	1.898854060025230339e+01	1.935665259910962632e+01	1.979713571160846541e+01	1.925118159611704982e+01	1.905458474637500288e+01	1.916958820355066351e+01	1.922016388600636105e+01	1.902553729704293772e+01	1.930634566780240391e+01	1.950999798241009131e+01	1.925373225869545735e+01	1.932173658857878351e+01	1.913033439102026279e+01	1.942991352290322737e+01	1.928708090980494561e+01	1.942655537755515027e+01	1.849886038543661115e+01	1.996460768671595787e+01	1.913689915846533296e+01	1.916811517026609479e+01	1.889521880283527366e+01	1.923957523061524810e+01
1.941996717173480747e+01	1.971280511885289144e+01	1.940835761929432479e+01	1.962466954746316361e+01	1.966006640638731895e+01	1.902667893590219705e+01	1.964478202076329083e+01	2.011431044830956694e+01	1.999742788939273908e+01	2.009666434231045429e+01	2.030724615260626820e+01	2.008587198844789512e+01	1.930577584457652307e+01	2.941547169031328579e+01	1.996774396420544306e+01	1.944079732386345327e+01	1.990280611056667581e+01	1.951038961147953188e+01	1.981408815197083939e+01	2.018461152798431613e+01	1.995964092824149105e+01	1.947389823429938360e+01	1.944639133773538830e+01	1.923388645814907960e+01	1.930224815364341850e+01	1.974551129153965334e+01	1.972145228296033892e+01	1.996813877038890794e+01	1.964486987936358986e+01	1.958091291512848642e+01	2.004460522480682272e+01	1.956654748181943404e+01	1.970032234256308712e+01	1.970847837595358953e+01	1.937614730299463162e+01	1.929136019414859504e+01	2.031239100144313525e+01	2.011179056686226829e+01	1.985824359933780414e+01	1.949790179231586507e+01	1.939893824936699929e+01	2.004511400981574099e+01	1.983741292227844966e+01	1.984949512162909357e+01	1.938876694290178193e+01	2.049802021319268164e+01	1.949748626162586973e+01	1.967276132299793900e+01	1.934323171973413480e+01	1.992115577015866634e+01
2.031128044078849015e+01	1.994706296341044194e+01	2.038644881071128268e+01	2.008821762496324936e+01	1.997754742610267442e+01	1.988415944253988599e+01	2.035391045918919772e+01	2.039465573933707532e+01	2.057967008557141497e+01	2.071190064122331975e+01	2.120046580590602758e+01	2.016631025174807235e+01	1.932792330796956648e+01	1.996774396420544306e+01	3.027102776084183233e+01	2.032379343475295741e+01	2.023057796244368944e+01	2.033479547387181796e+01	2.005274260329696645e+01	2.032564401288980349e+01	2.046710759559333326e+01	1.977354849108696655e+01	2.014606413262002249e+01	2.001971043543468198e+01	2.026921949854312999e+01	2.050558423161328037e+01	1.986881719842482852e+01	2.026363583063201190e+01	1.974191675390412115e+01	2.022508758765393111e+01	2.062592900980487087e+01	2.038118352304778469e+01	2.024962421605472329e+01	1.980181526438821749e+01	2.002598267503957175e+01	1.981039130913564250e+01	2.068258513754139116e+01	2.038835564688638158e+01	2.043519783719718674e+01	2.019094989289489561e+01	1.985410356249815322e+01	2.005648163347326474e+01	2.025752234622928327e+01	2.061663027730258335e+01	1.945159474594190741e+01	2.085500107590777930e+01	2.037176782016669918e+01	2.059602095005468669e+01	1.999423704740145169e+01	2.044257766500763651e+01
1.964332517149655999e+01	1.953511786273241313e+01	1.948966398552457235e+01	2.003850077132966234e+01	1.977433330470072548e+01	1.975856425922550486e+01	1.974493475577549617e+01	1.992940247603185711e+01	2.033904464292337622e+01	2.029937272574017015e+01	2.033352824812415705e+01	1.987043250575569786e+01	1.921309618458954915e+01	1.944079732386345327e+01	2.032379343475295741e+01	2.967077897525829044e+01	1.971458110872494629e+01	1.924332803858719032e+01	1.978873485992314940e+01	2.024584447355555739e+01	1.987483093103835330e+01	1.940413584098731192e+01	1.936981070663409454e+01	1.968351026706429252e+01	1.967188635287443077e+01	1.995308292264942907e+01	1.942724787970110967e+01	2.015709975238234364e+01	1.968172659051479911e+01	1.994335034939451745e+01	2.018279663225541398e+01	1.981828043459626087e+01	1.992700518046160951e+01	1.962043629746053242e+01	2.007489700721793469e+01	1.974884790864522088e+01	2.013050146988251043e+01	1.996476971665265410e+01	1.996276863240701260e+01	1.981650233522284310e+01	1.972591407575011146e+01	1.964653949103362152e+01	1.984914785855979247e+01	2.021223543815935386e+01	1.923092964532268212e+01	2.039469885303154939e+01	1.945212005027397595e+01	1.966007030624743734e+01	1.928649953373760795e+01	1.973570959092368327e+01
1.946426603938705568e+01	1.995221940618220557e+01	2.010589954367091536e+01	1.959603082115224737e+01	1.970725093990239785e+01	1.998319878221954582e+01	2.000878440183382168e+01	1.999519137600141860e+01	2.011262118942558175e+01	2.004207754462154156e+01	2.064596805585668449e+01	1.983714536220126234e+01	1.952293716119410050e+01	1.990280611056667581e+01	2.023057796244368944e+01	1.971458110872494629e+01	2.934736889935132353e+01	1.969750055715728010e+01	1.985186050325332374e+01	2.000031368168629342e+01	1.973081934149423233e+01	1.999904215669729624e+01	1.988921931057972614e+01	1.987831513573296860e+01	1.951923636102101156e+01	2.004340673251487814e+01	1.993687549502372036e+01	2.058741015218287274e+01	1.947702434012360584e+01	1.994650651805003960e+01	2.051798474294766805e+01	1.975247871671588484e+01	2.012814830306846048e+01	2.011152491497641037e+01	1.987165354832992747e+01	1.968285975429962775e+01	2.040296923800776696e+01	1.989858785988957379e+01	1.962077210568322627e+01	1.943524464215130720e+01	1.972797372234718694e+01	1.989643144322785062e+01	2.006493291077446983e+01	2.027298879317207536e+01	1.959436643927346466e+01	2.009324743279074355e+01	1.979598785970812713e+01	2.011338866389064250e+01	1.954916035715306677e+01	2.029871959941998938e+01
1.950589134425397475e+01	1.931692195620574992e+01	1.960313124377227112e+01	1.949944053911017861e+01	1.962718857612436452e+01	1.915975319549430722e+01	1.997866825926224976e+01	1.968005200741950134e+01	1.978681288476465738e+01	2.035185626891575339e+01	2.028946260275410296e+01	1.975974879173060117e+01	1.896220250401516338e+01	1.951038961147953188e+01	2.033479547387181796e+01	1.924332803858719032e+01	1.969750055715728010e+01	2.892418840210892128e+01	1.955815503512655340e+01	2.013248195194183410e+01	1.959877633424702026e+01	1.911243754560408803e+01	1.953868048059207396e+01	1.971925580538779954e+01	1.921617686198722907e+01	1.974564397273969973e+01	1.917491714923820467e+01	1.981758561351739445e+01	1.903885086547921901e+01	1.927687154581866835e+01	1.979745773764291883e+01	1.981870186657318200e+01	1.928260593298788095e+01	1.918819003208162144e+01	1.976220711431033905e+01	1.924755282187257421e+01	1.998528531460526381e+01	2.021044597066369164e+01	1.969155997736429242e+01	1.921619810866057776e+01	1.959703520614555572e+01	1.951129255608978852e+01	1.994080221141922138e+01	2.028128752864770945e+01	1.896978355541728689e+01	1.980535214490717522e+01	1.994140670394995141e+01	1.968870332624857156e+01	1.907885488176237843e+01	1.995585819855013199e+01
2.022407469480599218e+01	2.023767474496512619e+01	2.032021155081629971e+01	1.984395981804251008e+01	1.975322149423795537e+01	1.972779007686929376e+01	2.010224605713866808e+01	2.028425431526527589e+01	2.045753132948880904e+01	2.042238630761717033e+01	2.070074588016377248e+01	2.014951962393287843e+01	1.903064262474356738e+01	1.981408815197083939e+01	2.005274260329696645e+01	1.978873485992314940e+01	1.985186050325332374e+01	1.955815503512655340e+01	2.977987342548455274e+01	2.061596829102387929e+01	1.981231887511414058e+01	1.954702935874250613e+01	1.946394379073217706e+01	2.005799084000681276e+01	1.986988387259400923e+01	2.025671124889029429e+01	1.983923424591297291e+01	2.042916827012076197e+01	1.956267976844865686e+01	1.980725978740874282e+01	2.051001475047216971e+01	1.984955989624538475e+01	1.978960074049049922e+01	1.996677214279023715e+01	1.983445431285599980e+01	1.951274431947314980e+01	2.065245632557866884e+01	2.023897259588519759e+01	2.000905851017224890e+01	1.996997121767297045e+01	1.937099759694564582e+01	2.004652215996581788e+01	1.974112792189069765e+01	2.035814978088775007e+01	1.925880108949075620e+01	2.071458546478057627e+01	1.976928832356384547e+01	2.029381173169147701e+01	1.995348032342768363e+01	2.027222953147117934e+01
2.017192681424138101e+01	2.000102239518540870e+01	2.012723493053847079e+01	2.024824796478363353e+01	2.014639635413806218e+01	2.044783037456475938e+01	2.070304224213303712e+01	2.036632007278339529e+01	2.076926565265362967e+01	2.075839647447626390e+01	2.120182740945555722e+01	2.059357571988975621e+01	1.957393395987591234e+01	2.018461152798431613e+01	2.032564401288980349e+01	2.024584447355555739e+01	2.000031368168629342e+01	2.013248195194183410e+01	2.061596829102387929e+01	3.061498962583533512e+01	2.029267132404449825e+01	1.996930165997751772e+01	2.005376060076999067e+01	1.974240944451680946e+01	2.057263600458653841e+01	2.069957424383494526e+01	2.047275317825116048e+01	2.100257111395109533e+01	2.027065955945221276e+01	2.037415561962870214e+01	2.094180468162727138e+01	2.033147928607994359e+01	2.055270432064115838e+01	2.044629516389284163e+01	2.050501445910342824e+01	2.012629440445861206e+01	2.115920677530766625e+01	2.063937837382263041e+01	2.078071980296147458e+01	1.991153513552148624e+01	2.070898948793577077e+01	2.066765586245700703e+01	2.073622235386959645e+01	2.097425021438036552e+01	1.983477799002455200e+01	2.081217338582278487e+01	2.030877742634655903e+01	2.064094102887341009e+01	1.989695286906388105e+01	2.042654058726088806e+01
1.985790473391562827e+01	1.976988528317464144e+01	2.016053742870511911e+01	2.017376683979747298e+01	2.017439915355205926e+01	1.982230030295892220e+01	2.037910741373008250e+01	2.001891781844285489e+01	2.039493445008520212e+01	2.082080391646356432e+01	2.071116448794851905e+01	2.023121539818609094e+01	1.917942206922548110e+01	1.995964092824149105e+01	2.046710759559333326e+01	1.987483093103835330e+01	1.973081934149423233e+01	1.959877633424702026e+01	1.981231887511414058e+01	2.029267132404449825e+01	2.981792184246138078e+01	1.972849241755837468e+01	1.990096198158159524e+01	1.969351135625764471e+01	1.980033461898599256e+01	1.999186811887952686e+01	2.013517106103001808e+01	2.043420866682916071e+01	1.949609543917135923e+01	2.008014013991288849e+01	2.034926427825255146e+01	1.985268109755408972e+01	1.945839533101948149e+01	1.999368682459958890e+01	2.010630906262158391e+01	1.983668316440415680e+01	2.018238194720385437e+01	2.053471520826106556e+01	2.034096368835494673e+01	1.993589821877269941e+01	1.987504241368128888e+01	1.981208940495104542e+01	2.028360707116888406e+01	2.045491089011412100e+01	1.945481374338279679e+01	2.025959134064329703e+01	1.996560726668983321e+01	1.997083881478225109e+01	1.954481809008541404e+01	2.032068377465411047e+01
1.949290456524340343e+01	1.953539856067434144e+01	1.971077417865021175e+01	1.946505572625787650e+01	1.932103977943944528e+01	1.957323741792543714e+01	1.973223396366854487e+01	1.956404888249187835e+01	1.986867570262968030e+01	1.989451277288785747e+01	2.036283189135327021e+01	1.992481541565391367e+01	1.904757109367581336e+01	1.947389823429938360e+01	1.977354849108696655e+01	1.940413584098731192e+01	1.999904215669729624e+01	1.911243754560408803e+01	1.954702935874250613e+01	1.996930165997751772e+01	1.972849241755837468e+01	2.885688344457119214e+01	1.940341743423250165e+01	1.953238678250752969e+01	1.933771907266976697e+01	1.964496755432379160e+01	1.942825044361991260e+01	2.005222540836510703e+01	1.949017490255230456e+01	1.971194092625730221e+01	1.999717626374738799e+01	1.975082837310825212e+01	1.969450505718260303e+01	1.962054242716746799e+01	1.934903086744357026e+01	1.905432535449612885e+01	2.030726159391002028e+01	1.992735621348225195e+01	2.007896321189022260e+01	1.942447040335327912e+01	1.953784021264198500e+01	1.982155908270745215e+01	1.988281886440560342e+01	2.002429992346926824e+01	1.917343412747911202e+01	1.983252785591175638e+01	1.967034842852549659e+01	1.939075554042067395e+01	1.958518061491696471e+01	1.967673420201973400e+01
1.947660181823211190e+01	1.946741275619974232e+01	1.982749437487717614e+01	1.953269287272572541e+01	1.983939749763298721e+01	1.938247076432444160e+01	2.005344619012109675e+01	1.974121888940517167e+01	2.032027133803387287e+01	2.005322018202126699e+01	2.056324129152418934e+01	1.955410927804842913e+01	1.889570069945226649e+01	1.944639133773538830e+01	2.014606413262002249e+01	1.936981070663409454e+01	1.988921931057972614e+01	1.953868048059207396e+01	1.946394379073217706e+01	2.005376060076999067e+01	1.990096198158159524e+01	1.940341743423250165e+01	2.901712271073040483e+01	1.946838640622733152e+01	1.944274847780619453e+01	1.970497739603617404e+01	2.037254611061833742e+01	1.979460117218338766e+01	1.955875536801562120e+01	1.956116522949983150e+01	2.014908170888053363e+01	1.965555494547376014e+01	1.981324173939395550e+01	1.955992636120279116e+01	1.969916221873425499e+01	1.971758235951471505e+01	2.041652811486978791e+01	1.983213354993115729e+01	1.971216668973973896e+01	1.962018038568301748e+01	1.977441524058894373e+01	1.966006846537273134e+01	2.004126891760963147e+01	2.009813058196842661e+01	1.904765585742370959e+01	1.995104538094332369e+01	1.971955387541221327e+01	1.999374354158645062e+01	1.975682236547333304e+01	1.971663733063492785e+01
1.961697130876618189e+01	1.960127725056852199e+01	1.950262523943604620e+01	1.965069391693650047e+01	1.962288669677710473e+01	1.947078022767272643e+01	1.986507940533955008e+01	1.983977207403109944e+01	2.021270771326620164e+01	2.026094094961799996e+01	2.015109780671363993e+01	2.000637266259539615e+01	1.933475551033857087e+01	1.923388645814907960e+01	2.001971043543468198e+01	1.968351026706429252e+01	1.987831513573296860e+01	1.971925580538779954e+01	2.005799084000681276e+01	1.974240944451680946e+01	1.969351135625764471e+01	1.953238678250752969e+01	1.946838640622733152e+01	2.921719985111935358e+01	1.955879525547501174e+01	1.960056578822279860e+01	1.977088005509654423e+01	2.000570569799484488e+01	1.939848031708499221e+01	1.974165423080426507e+01	2.010830955039742918e+01	1.991153765636128270e+01	1.969757689397619771e+01	1.985494887310838052e+01	1.960273180092396572e+01	1.908017681407818245e+01	2.019324792478875352e+01	2.016082447697921154e+01	2.003075310012508581e+01	1.968006818716178685e+01	1.944129240537078473e+01	1.949349235090940979e+01	1.952056159815894176e+01	2.026148858098212102e+01	1.932689777964054656e+01	2.010595843130478144e+01	1.935358296270573319e+01	1.967082451241618202e+01	1.923680103450849543e+01	1.997497069561947214e+01
1.980261770983772962e+01	1.979786894460364266e+01	1.970456607383218284e+01	1.972214463049787625e+01	1.955712274397725992e+01	1.935703468653328230e+01	1.961526231041177937e+01	1.961426136245090746e+01	2.041321151892841357e+01	2.044399184631317823e+01	2.058955438870992083e+01	1.969095686968645609e+01	1.909045974024098058e+01	1.930224815364341850e+01	2.026921949854312999e+01	1.967188635287443077e+01	1.951923636102101156e+01	1.921617686198722907e+01	1.986988387259400923e+01	2.057263600458653841e+01	1.980033461898599256e+01	1.933771907266976697e+01	1.944274847780619453e+01	1.955879525547501174e+01	2.961768170781840581e+01	1.971671073188816337e+01	1.936999690183994716e+01	1.999398886394207153e+01	1.931793354724294431e+01	2.019260294539820677e+01	2.067501576076579539e+01	1.983233378256992552e+01	1.987682120460149093e+01	1.980296312938061121e+01	1.966673696851454878e+01	1.958514329462726877e+01	2.034216534844449953e+01	1.984419563660111763e+01	1.990763482026615350e+01	1.989044300007460464e+01	1.988171723934277324e+01	1.991116823287129378e+01	1.986432031927191488e+01	2.011198709304065702e+01	1.908221607125690156e+01	2.054698517035485494e+01	1.950663606427597685e+01	1.965683892861245496e+01	1.959689574268917411e+01	2.010465838342670963e+01
2.020100678960202956e+01	2.007121906395077104e+01	2.011927471612996143e+01	2.003983542821745445e+01	1.993239123061667684e+01	1.978952276143769851e+01	1.998900213230696465e+01	2.000593931389700941e+01	2.045091661458240750e+01	2.020324162506323873e+01	2.077686008466490719e+01	1.995609276926489173e+01	1.913179166565908318e+01	1.974551129153965334e+01	2.050558423161328037e+01	1.995308292264942907e+01	2.004340673251487814e+01	1.974564397273969973e+01	2.025671124889029429e+01	2.069957424383494526e+01	1.999186811887952686e+01	1.964496755432379160e+01	1.970497739603617404e+01	1.960056578822279860e+01	1.971671073188816337e+01	2.977952684410189121e+01	1.955345849385602364e+01	2.015697263020445007e+01	1.949156979548846991e+01	1.971482705258407719e+01	2.060099139015779457e+01	1.983808731607329534e+01	2.025919277658093165e+01	2.002890744250451149e+01	1.990317470534255051e+01	1.955907913835192247e+01	2.027017676664714685e+01	2.020184571520267980e+01	1.993585019250193469e+01	1.971050769257773183e+01	2.004616610746302285e+01	1.997245184145501895e+01	1.993133240793856586e+01	2.025897023000822728e+01	1.981100189987827065e+01	2.016069058863922692e+01	1.970981133362124282e+01	2.049055935229477043e+01	1.952387787882901549e+01	1.997662664796488130e+01
1.963199994687473549e+01	1.994131315428973750e+01	2.006233572882730343e+01	1.964055954636414825e+01	1.966223085360552147e+01	1.957749701834384126e+01	2.007235624615767833e+01	1.967806323706091476e+01	2.033194451865626817e+01	2.064736522430535715e+01	2.082978601650917838e+01	1.997260576834667489e+01	1.969714769100940899e+01	1.972145228296033892e+01	1.986881719842482852e+01	1.942724787970110967e+01	1.993687549502372036e+01	1.917491714923820467e+01	1.983923424591297291e+01	2.047275317825116048e+01	2.013517106103001808e+01	1.942825044361991260e+01	2.037254611061833742e+01	1.977088005509654423e+01	1.936999690183994716e+01	1.955345849385602364e+01	3.024232111758303887e+01	2.040422621542813886e+01	1.945889032057961288e+01	2.027952343028104565e+01	2.034422480708751735e+01	1.969969001960441446e+01	1.991766708770980543e+01	1.965851310584544720e+01	2.019840622348156245e+01	1.967693965328831140e+01	2.044312338394178141e+01	2.033194324255296692e+01	1.980181829682820549e+01	1.975841440259120319e+01	1.974924134093283712e+01	2.027155211391592715e+01	2.022752674716601362e+01	2.066025579839290671e+01	1.972306341373918670e+01	2.050748577005809992e+01	1.974231420264560555e+01	2.019542123879460505e+01	1.965803856476157208e+01	2.002601032231196498e+01
2.043836687471944913e+01	2.039116316362578729e+01	2.047189089197177481e+01	2.002857206776453936e+01	2.042299768885348143e+01	1.984501510484054521e+01	2.074686402209120217e+01	2.049000682218875724e+01	2.045529794970862625e+01	2.063450669368683066e+01	2.150597243444379814e+01	2.077833807757198059e+01	1.972635299831130595e+01	1.996813877038890794e+01	2.026363583063201190e+01	2.015709975238234364e+01	2.058741015218287274e+01	1.981758561351739445e+01	2.042916827012076197e+01	2.100257111395109533e+01	2.043420866682916071e+01	2.005222540836510703e+01	1.979460117218338766e+01	2.000570569799484488e+01	1.999398886394207153e+01	2.015697263020445007e+01	2.040422621542813886e+01	3.049192740445231919e+01	2.022472170625057331e+01	2.040144794467275702e+01	2.081938563423868160e+01	2.020209783228952105e+01	2.022728915543117267e+01	2.033347032876948290e+01	2.023774931881541406e+01	2.012006974957767369e+01	2.113035658022741359e+01	2.073324843350716762e+01	2.027381100931937752e+01	2.027945731760540937e+01	2.043009575436868275e+01	2.049775942988893362e+01	2.036691377487168353e+01	2.096732731625761303e+01	1.964485239563313002e+01	2.037201972775478964e+01	2.024084329935789128e+01	2.097756367977554603e+01	2.004267655882519250e+01	2.051044999689102610e+01
1.922408650329839119e+01	1.931182005503709220e+01	1.951255419021883952e+01	1.956923461384597829e+01	1.958115504157462539e+01	1.928535407536089252e+01	1.972403784645800684e+01	1.960296832835598480e+01	1.981465396180669813e+01	1.962686689206523383e+01	2.021651852161323148e+01	2.007279721748734502e+01	1.898854060025230339e+01	1.964486987936358986e+01	1.974191675390412115e+01	1.968172659051479911e+01	1.947702434012360584e+01	1.903885086547921901e+01	1.956267976844865686e+01	2.027065955945221276e+01	1.949609543917135923e+01	1.949017490255230456e+01	1.955875536801562120e+01	1.939848031708499221e+01	1.931793354724294431e+01	1.949156979548846991e+01	1.945889032057961288e+01	2.022472170625057331e+01	2.913343709598525422e+01	1.953514107601926142e+01	2.018816441717839183e+01	1.928945246074078668e+01	1.943106664822734686e+01	1.933199272146926262e+01	1.947426291872843507e+01	1.957854486875486444e+01	2.019754498947045462e+01	1.968587876601095488e+01	1.959695431473175731e+01	1.970213492325033400e+01	1.919748188372495790e+01	1.929725800479635112e+01	1.971309556558253817e+01	1.989420906925237631e+01	1.896115415420747041e+01	1.981479200294334575e+01	1.924589254129812943e+01	1.963018463233273891e+01	1.918903869474236501e+01	1.986403881794906567e+01
2.019387141356891391e+01	1.993353822355693339e+01	1.999520674581407675e+01	1.975300038510820144e+01	1.978228246738445861e+01	1.956531899141085873e+01	2.034004592881967000e+01	2.006773138668627610e+01	2.034738527715486356e+01	2.026085586646140513e+01	2.049331391109506484e+01	2.020657003870699242e+01	1.935665259910962632e+01	1.958091291512848642e+01	2.022508758765393111e+01	1.994335034939451745e+01	1.994650651805003960e+01	1.927687154581866835e+01	1.980725978740874282e+01	2.037415561962870214e+01	2.008014013991288849e+01	1.971194092625730221e+01	1.956116522949983150e+01	1.974165423080426507e+01	2.019260294539820677e+01	1.971482705258407719e+01	2.027952343028104565e+01	2.040144794467275702e+01	1.953514107601926142e+01	2.973445790320974069e+01	2.050502496915231276e+01	2.017816834715802088e+01	1.944268320405180006e+01	2.015612537137437243e+01	2.015900300333403194e+01	1.928446066698712968e+01	2.048668452239762061e+01	2.027049689943822841e+01	1.982052531100492487e+01	1.996817897296648070e+01	1.994949344393569746e+01	2.015460817864459742e+01	2.037108914334636012e+01	2.110662595298752109e+01	1.943805892650909328e+01	2.035131235853481257e+01	1.979071426820904023e+01	1.972136117823944446e+01	2.008888081658118807e+01	2.003388042783795697e+01
2.031248807620984209e+01	2.018220198523915343e+01	2.060692053219711184e+01	2.053352279041668282e+01	2.043334598664261392e+01	2.039339067852462506e+01	2.071194126289353221e+01	2.038673475489289899e+01	2.079066525418401667e+01	2.080078538413494371e+01	2.123964692279414734e+01	2.062420508596791890e+01	1.979713571160846541e+01	2.004460522480682272e+01	2.062592900980487087e+01	2.018279663225541398e+01	2.051798474294766805e+01	1.979745773764291883e+01	2.051001475047216971e+01	2.094180468162727138e+01	2.034926427825255146e+01	1.999717626374738799e+01	2.014908170888053363e+01	2.010830955039742918e+01	2.067501576076579539e+01	2.060099139015779457e+01	2.034422480708751735e+01	2.081938563423868160e+01	2.018816441717839183e+01	2.050502496915231276e+01	3.076556956847769797e+01	2.036973231223862157e+01	2.053166295567600130e+01	2.010726615416641749e+01	2.053059716795209155e+01	1.989533053445108379e+01	2.110650442033570329e+01	2.072646010373797409e+01	2.025521247910933553e+01	2.012684508124289451e+01	2.037811256894100609e+01	1.996235991434534185e+01	2.067302007683594667e+01	2.108580201161548828e+01	1.970044014976436486e+01	2.055433865267001181e+01	2.030395936717992100e+01	2.105602562879200690e+01	2.001556787172997076e+01	2.040859738341557161e+01
1.982399905507816840e+01	1.944426323404001522e+01	1.999748245272109060e+01	2.009414246728595543e+01	1.987392565857910043e+01	1.952035174408562668e+01	1.979923725742257545e+01	1.996592947772605697e+01	2.065343545104091660e+01	2.036707485830971365e+01	2.073226790270522812e+01	2.024407417216903937e+01	1.925118159611704982e+01	1.956654748181943404e+01	2.038118352304778469e+01	1.981828043459626087e+01	1.975247871671588484e+01	1.981870186657318200e+01	1.984955989624538475e+01	2.033147928607994359e+01	1.985268109755408972e+01	1.975082837310825212e+01	1.965555494547376014e+01	1.991153765636128270e+01	1.983233378256992552e+01	1.983808731607329534e+01	1.969969001960441446e+01	2.020209783228952105e+01	1.928945246074078668e+01	2.017816834715802088e+01	2.036973231223862157e+01	2.987393923187133637e+01	2.001067333982727448e+01	1.970872183757171570e+01	1.978881455881576912e+01	1.959197588650389221e+01	2.018183095694790552e+01	2.074350956710404859e+01	2.054308190104100262e+01	1.969703142994670131e+01	2.031467655046164822e+01	2.011609945998538151e+01	2.010982343734161049e+01	2.055077309341281122e+01	1.954402757123499867e+01	2.070451169053918505e+01	1.992179768922617455e+01	1.974147822392634311e+01	1.946798579423651532e+01	2.019818493472511989e+01
