3.016200688900962490e+01	2.014848583736868548e+01	1.995453347337539185e+01	1.977374620615963607e+01	2.054391123238213979e+01	1.989628498678258950e+01	2.032481107116191055e+01	2.022833993621236104e+01	1.938620513832228198e+01	1.934980092961766474e+01	2.001857675468638575e+01	2.040210879047468850e+01	2.022840781461848181e+01	2.000617016109603696e+01	2.048906300623267285e+01	2.020651380040097678e+01	2.045395035857089994e+01	2.030131216848393905e+01	1.992101344260791862e+01	2.026793664999912892e+01	2.045210238138531977e+01	2.028742576702507705e+01	2.002233915550995391e+01	1.971289062662386016e+01	2.043160783581939555e+01	2.099872839089040610e+01	1.953763410554745761e+01	2.028453648855400004e+01	2.002097384990137385e+01	2.014386878395290381e+01	2.031172357171363174e+01	1.992990933457954128e+01	2.039221899422035378e+01	1.967490317828699631e+01	1.983677046178441472e+01	2.057693537206543866e+01	2.036483758827829860e+01	1.995240194057303285e+01	2.038410135671525580e+01	2.048824468769822715e+01	2.021970480414919180e+01	2.058543829824391480e+01	2.034441917498794439e+01	2.021866919582027222e+01	2.053366596679116896e+01	2.000797634707069506e+01	2.027923115494190043e+01	1.986562989143818925e+01	2.007732485471177242e+01	2.024758344554645717e+01
2.014848583736868548e+01	2.928189120908075793e+01	1.991098829730585251e+01	1.979985979546902541e+01	2.042627237036996490e+01	2.007379964208057643e+01	1.996597644668150195e+01	1.987307052680960950e+01	1.955342663475528653e+01	1.927726574493605582e+01	1.924997761767122029e+01	2.021018522631598913e+01	1.975629081863889525e+01	1.960592776213990263e+01	2.022763834039359665e+01	1.978258544646567429e+01	1.981812188268306585e+01	2.040452183602642577e+01	1.989492556632801623e+01	2.028067142858271765e+01	2.023281670827952539e+01	2.030369104037136552e+01	1.974812842240259414e+01	1.984360985350127038e+01	1.991509548301504751e+01	2.071388991964846582e+01	1.966916696391181674e+01	2.009394005028990193e+01	1.990338803007523083e+01	1.957724616754067171e+01	1.999328545166402193e+01	1.993220013530230261e+01	2.029606920648386392e+01	1.942378188054613020e+01	1.997020878428726931e+01	2.001049102528525125e+01	2.023103693146660831e+01	2.019686948137366755e+01	2.050807744571440239e+01	2.022731960689051434e+01	1.973674602571408343e+01	2.011204419092385365e+01	1.971779999331259958e+01	1.989977894302221273e+01	2.005729251177381300e+01	1.952415997949785620e+01	2.006135929030088860e+01	1.967201905113108751e+01	1.985915856082402087e+01	2.021788419140376902e+01
1.995453347337539185e+01	1.991098829730585251e+01	2.935926899593115280e+01	1.925731999005313000e+01	1.996141501285226383e+01	1.944267781160209907e+01	1.977438335979940121e+01	1.954609073148488463e+01	1.918243072686665585e+01	1.892318628875707276e+01	1.897371626751319340e+01	2.009936875910629084e+01	1.952837417140861476e+01	1.972755145150371803e+01	2.008203474039167347e+01	1.974220603190427781e+01	1.958506852742388560e+01	2.023401709760500466e+01	1.975205932845872780e+01	1.973730155393452534e+01	1.964056845995858325e+01	1.974656543437186684e+01	1.984036511405369296e+01	1.966373334751737900e+01	1.965904786113090452e+01	2.043906740641169861e+01	1.947254342971319829e+01	1.980900145591577299e+01	1.950258030190125069e+01	1.975096275776835952e+01	1.956993560450624514e+01	1.955728836907134038e+01	1.973722864460482285e+01	1.904972317792321945e+01	1.994965078526008284e+01	1.940530873016616198e+01	1.985915473749383864e+01	1.948983113033681747e+01	1.976137700320280999e+01	2.032475207906511017e+01	1.939528302220762157e+01	2.009200448396011396e+01	1.972780097997344484e+01	1.999209736749931210e+01	1.995445014778541548e+01	1.981574252669509661e+01	1.982412841332485698e+01	1.995198136132150779e+01	1.955151886974682185e+01	1.971979686393276410e+01
1.977374620615963607e+01	1.979985979546902541e+01	1.925731999005313000e+01	2.971100571510557486e+01	2.000568782757986952e+01	1.993674081371472795e+01	1.956043114178642384e+01	1.976968614622990117e+01	1.927479062905149476e+01	1.933617420709141754e+01	1.903310036043205500e+01	1.963212266578806009e+01	1.937098561547724529e+01	1.952947740700259871e+01	2.002568436488278891e+01	1.963448307269645099e+01	1.994305908465807065e+01	2.004863897548194629e+01	1.941812584624871008e+01	1.991446064492713575e+01	1.992806635063223553e+01	1.987069239314813274e+01	1.922021355735060411e+01	1.961604030554408951e+01	1.952791284764677471e+01	2.021869348642202979e+01	1.924886377802374327e+01	1.973415957415562261e+01	1.931350844849644588e+01	1.933289405697296814e+01	1.997967562942699260e+01	1.960853483997373203e+01	1.957122883906725974e+01	1.901802292479298728e+01	1.932297470697474751e+01	1.955831950781146844e+01	1.962770806005936564e+01	1.940950172979227517e+01	2.014913911008904179e+01	2.042197917816898922e+01	1.937968096636669202e+01	1.993679751544472367e+01	1.972421380141933867e+01	1.976860658130551940e+01	1.969933667907255170e+01	1.948364373860138343e+01	1.950240587403079218e+01	1.962284140840021962e+01	1.955435131939553628e+01	2.010873036113251189e+01
2.054391123238213979e+01	2.042627237036996490e+01	1.996141501285226383e+01	2.000568782757986952e+01	2.985799081790230858e+01	2.003395145825677304e+01	1.993050514173528143e+01	2.006352058122335791e+01	1.989038337659590638e+01	1.981937696303296903e+01	1.949454893817232559e+01	2.025609480259855033e+01	1.990139719089084025e+01	2.003012787852298260e+01	2.045393438576076406e+01	1.984965349064058415e+01	2.043441139622186142e+01	2.048547947154275661e+01	1.970408046732952556e+01	2.043942170718154827e+01	2.063309708417461152e+01	2.033283654641773097e+01	1.966822880277556962e+01	2.007765642563276387e+01	2.007101833811147529e+01	2.070962232859122309e+01	1.983944563471131772e+01	2.055226275880943732e+01	2.011908036978423198e+01	2.020720656700284579e+01	2.047484938339333738e+01	2.005807758124450757e+01	2.050964208364669616e+01	1.939384829280920286e+01	2.042119089200006599e+01	2.014790816237518101e+01	2.032671289477953991e+01	2.013724255962836196e+01	2.048443406001497280e+01	2.050906739075795215e+01	1.971512717153727934e+01	2.040282107229759845e+01	1.992822837862188834e+01	1.987899205789556945e+01	2.070121051410472646e+01	1.982058786500952152e+01	2.069624934406633443e+01	2.022436736975838656e+01	1.963512571195409961e+01	1.993419793399660023e+01
1.989628498678258950e+01	2.007379964208057643e+01	1.944267781160209907e+01	1.993674081371472795e+01	2.003395145825677304e+01	3.004442336354185272e+01	2.026292729811378024e+01	2.013317760563230152e+01	1.958179951889590598e+01	1.928718314544371992e+01	1.917855188141546563e+01	2.023893683417544409e+01	1.965859427128974346e+01	1.975755763889655015e+01	2.000096155596542857e+01	1.986737869798899681e+01	1.988005777722235834e+01	1.970298379778386533e+01	1.995253751073337156e+01	2.013276622564248086e+01	2.024745317662373623e+01	1.965907671705106807e+01	1.935855208229720503e+01	1.964637360973671676e+01	1.991537578580102519e+01	2.080464138794573969e+01	1.941871814357862647e+01	1.998271223060216073e+01	1.927163497295349970e+01	2.001481411647158737e+01	2.012771526569426683e+01	1.936430256854354681e+01	1.995709003490234323e+01	1.929481766168497714e+01	1.973222870793723160e+01	1.996187676757515916e+01	2.010117413624750071e+01	1.981911123295361676e+01	2.030019237947844957e+01	2.035054616481617273e+01	1.977855895862481006e+01	1.971105370979248406e+01	2.005340419477889213e+01	1.974265762105029154e+01	1.982520254157503459e+01	1.938924398842751984e+01	2.009924570707811498e+01	2.011393143588310650e+01	1.941292187728300078e+01	1.973220246124775556e+01
2.032481107116191055e+01	1.996597644668150195e+01	1.977438335979940121e+01	1.956043114178642384e+01	1.993050514173528143e+01	2.026292729811378024e+01	3.019331742669286456e+01	1.984403353772468748e+01	1.945891788242910181e+01	1.938133294262645023e+01	1.914518687526189211e+01	2.038558662484314965e+01	1.991147349716754178e+01	1.979153080468469383e+01	2.039774717780912638e+01	2.002285291310915127e+01	2.011837526131219178e+01	2.004278527943903754e+01	1.985372816168430532e+01	1.994256345133903352e+01	2.025609459107537447e+01	2.031814503604618949e+01	1.959232797295512540e+01	1.977270860382906292e+01	1.987840095431492671e+01	2.058310127072242679e+01	1.934158770550284956e+01	1.992664369066386598e+01	1.983854846962202245e+01	1.967700336365828306e+01	2.022148092967205102e+01	1.972728972491420407e+01	2.005471232747025923e+01	1.904910188801281024e+01	1.989773397888611939e+01	1.955371800563191442e+01	2.007803095632364787e+01	1.969220916486122519e+01	2.032198155874291601e+01	2.087428875459047362e+01	1.985648387272261672e+01	1.994820229452118454e+01	1.973856738859393190e+01	1.969407332541159050e+01	1.985659938614390185e+01	1.977191498804103276e+01	1.984653116334007450e+01	1.997019103425634867e+01	1.993726217083180074e+01	1.997664996469033838e+01
2.022833993621236104e+01	1.987307052680960950e+01	1.954609073148488463e+01	1.976968614622990117e+01	2.006352058122335791e+01	2.013317760563230152e+01	1.984403353772468748e+01	2.925073509361693880e+01	1.918183246223915717e+01	1.937883407051466733e+01	1.938186035944151087e+01	2.006434919352331292e+01	1.996179849561650954e+01	1.960322832107473801e+01	2.047631218041889767e+01	1.984227641110827989e+01	1.973079565871119101e+01	1.969916847607635901e+01	1.962951663589306150e+01	1.968169604925008187e+01	2.008832171116157639e+01	1.995772983725774452e+01	1.975406596146950378e+01	1.926553407355198289e+01	1.960075164431851746e+01	2.050255487766609264e+01	1.955705941302332818e+01	1.971077470872317505e+01	1.991178973117713724e+01	1.954260669689821128e+01	2.011863978433035527e+01	1.958835233371842577e+01	2.011465848129039102e+01	1.931135432090737325e+01	1.967132288294542164e+01	1.953321011482846359e+01	2.001272442036510668e+01	1.993554393580063788e+01	2.001729952553726122e+01	2.018153001374112421e+01	1.921196009237563374e+01	1.993932966174723376e+01	1.961179836645540675e+01	1.933655914295088607e+01	2.017990926751940250e+01	1.949888444044714930e+01	1.994719300549161645e+01	1.984779631618563300e+01	1.931755881433489108e+01	1.988915728982904341e+01
1.938620513832228198e+01	1.955342663475528653e+01	1.918243072686665585e+01	1.927479062905149476e+01	1.989038337659590638e+01	1.958179951889590598e+01	1.945891788242910181e+01	1.918183246223915717e+01	2.854093360390338319e+01	1.913895797222097528e+01	1.845921005864765974e+01	1.974255423472396487e+01	1.959543498478316081e+01	1.922536523405261732e+01	1.993646720082928070e+01	1.938180341759554182e+01	1.957950230883517406e+01	1.963504307682966044e+01	1.899641288468461298e+01	1.933835236422327597e+01	1.979092166556740651e+01	1.945465900219750566e+01	1.875400424621248874e+01	1.917634150049665465e+01	1.883087053967940960e+01	1.995955125000259045e+01	1.923147747269418417e+01	1.974103751892640091e+01	1.918585261221802796e+01	1.945753725443772097e+01	1.971244497123910122e+01	1.916716769465581294e+01	1.925877842331568957e+01	1.889214057258488921e+01	1.916772159403074127e+01	1.921775244148815176e+01	1.938483537741637264e+01	1.936992052207054016e+01	1.990548913590263780e+01	2.037950067385740383e+01	1.922190490809910912e+01	1.939616176560693006e+01	1.946183869844756487e+01	1.954572385436594928e+01	1.930481681765776614e+01	1.898831432764644234e+01	1.950821835920327985e+01	1.929417856716761293e+01	1.931407989832872474e+01	1.936170983964229109e+01
1.934980092961766474e+01	1.927726574493605582e+01	1.892318628875707276e+01	1.933617420709141754e+01	1.981937696303296903e+01	1.928718314544371992e+01	1.938133294262645023e+01	1.937883407051466733e+01	1.913895797222097528e+01	2.929013811499801179e+01	1.940491522016564829e+01	1.963380853082386324e+01	1.953195766894466345e+01	1.961197793430530467e+01	2.014659000529849919e+01	1.984702234537342491e+01	1.977335335138115013e+01	1.982014056282314840e+01	1.927242463338786038e+01	1.936411162474016834e+01	1.975813577751928563e+01	1.958151325914804985e+01	1.920907952231910798e+01	1.940707436082656301e+01	1.934845857843495054e+01	2.036192507545720076e+01	1.942099035554747388e+01	1.947693672299160284e+01	1.943202056644002695e+01	1.932812413596897017e+01	1.981935659861030885e+01	1.946577299905355574e+01	1.956378834122415000e+01	1.908650070683582811e+01	1.977832196751765537e+01	1.979878526310625375e+01	1.987467520792968401e+01	1.931145618921996743e+01	1.965812233807708864e+01	2.024217296211234896e+01	1.943971228979073729e+01	1.996010123022616867e+01	1.980266559523223791e+01	1.944282575755660147e+01	1.980466205826262538e+01	1.894615890178952711e+01	1.962517344881952752e+01	1.926561013466196215e+01	1.955041268604153615e+01	1.979819952869377175e+01
2.001857675468638575e+01	1.924997761767122029e+01	1.897371626751319340e+01	1.903310036043205500e+01	1.949454893817232559e+01	1.917855188141546563e+01	1.914518687526189211e+01	1.938186035944151087e+01	1.845921005864765974e+01	1.940491522016564829e+01	2.837340195746909544e+01	1.943375769623771276e+01	1.922746053649801468e+01	1.929203158421459108e+01	1.969311121480064841e+01	1.924546023921055138e+01	1.940879498394382452e+01	1.925750611701284498e+01	1.911664666955155667e+01	1.914237442187642557e+01	1.932436361938852798e+01	1.923712613047893427e+01	1.899529220567472265e+01	1.908308444140530113e+01	1.885289707813451443e+01	2.004085804454640041e+01	1.911353997108227887e+01	1.956904899345259352e+01	1.912344542999227315e+01	1.909459657728919879e+01	1.942273495772191794e+01	1.918043481267834238e+01	1.946655556160340339e+01	1.926003859460437795e+01	1.948243988103399360e+01	1.972849984710090965e+01	1.952826379656636746e+01	1.941358781083470930e+01	1.993118067908695323e+01	1.980927345453095612e+01	1.897141927859824406e+01	1.972833482181587783e+01	1.890075104497118730e+01	1.941870240530952785e+01	1.946380704067554035e+01	1.915447612635622932e+01	1.942521708210930953e+01	1.943824262351905574e+01	1.904946632196249112e+01	1.979347436215187628e+01
2.040210879047468850e+01	2.021018522631598913e+01	2.009936875910629084e+01	1.963212266578806009e+01	2.025609480259855033e+01	2.023893683417544409e+01	2.038558662484314965e+01	2.006434919352331292e+01	1.974255423472396487e+01	1.963380853082386324e+01	1.943375769623771276e+01	3.016971528139398018e+01	2.049199562020419663e+01	1.964561533290203599e+01	2.031694094876461776e+01	2.033563800708753888e+01	2.024523998106655398e+01	2.000375185753360086e+01	1.996873113917893505e+01	2.038906147002209579e+01	2.028930291898319993e+01	2.029294532215330804e+01	1.969534319422368185e+01	2.000186105090922339e+01	1.990928759365613132e+01	2.110306004932506951e+01	1.990709282491636145e+01	1.999184154004858982e+01	2.024157788209093312e+01	1.981743961667789833e+01	2.040071126650860833e+01	1.975242320431171450e+01	2.034224629929275707e+01	1.974107684952205233e+01	2.026627748999579737e+01	2.002448115543243645e+01	2.015674450504725712e+01	2.012517849256038005e+01	2.026310137253204857e+01	2.080655073649797870e+01	1.995459139385326708e+01	2.032265475752787509e+01	2.009278777041490827e+01	1.997157647497960298e+01	2.009934010299912543e+01	1.960007311972977462e+01	1.998500069405125501e+01	1.999211160079633842e+01	2.002227631105850492e+01	2.046656141799278217e+01
2.022840781461848181e+01	1.975629081863889525e+01	1.952837417140861476e+01	1.937098561547724529e+01	1.990139719089084025e+01	1.965859427128974346e+01	1.991147349716754178e+01	1.996179849561650954e+01	1.959543498478316081e+01	1.953195766894466345e+01	1.922746053649801468e+01	2.049199562020419663e+01	2.960774520709434654e+01	2.000471536847778253e+01	2.033369103910544240e+01	1.992282767316194736e+01	1.983736656421733713e+01	1.968530195805257321e+01	1.978447148234449315e+01	2.037703198696081941e+01	2.017039885111848463e+01	2.012825162733633277e+01	1.959821654890281195e+01	1.951223315085672994e+01	1.992571920902402738e+01	2.052004991844528448e+01	1.972985129337448029e+01	2.001532993846462816e+01	1.980848440802028776e+01	2.005033608392931654e+01	1.986774750027467462e+01	1.971103381153158907e+01	1.967758057395692006e+01	1.947498570181451782e+01	1.936436691098374752e+01	1.969673877163344855e+01	1.989791407461063599e+01	1.980664992174036954e+01	2.064299758562416187e+01	2.061077363485311409e+01	1.952579040985656889e+01	1.992555062882719952e+01	1.928783633545160114e+01	1.969548694990904991e+01	1.992606229025415487e+01	1.923497806486882666e+01	2.006954130570078121e+01	1.971689948969873640e+01	1.971698603300753661e+01	2.001234661900856793e+01
2.000617016109603696e+01	1.960592776213990263e+01	1.972755145150371803e+01	1.952947740700259871e+01	2.003012787852298260e+01	1.975755763889655015e+01	1.979153080468469383e+01	1.960322832107473801e+01	1.922536523405261732e+01	1.961197793430530467e+01	1.929203158421459108e+01	1.964561533290203599e+01	2.000471536847778253e+01	2.889739028832796919e+01	2.008273103894017453e+01	1.950079957492535243e+01	2.007343157723164850e+01	1.950760073775088088e+01	1.925813442543411114e+01	2.004095136263516252e+01	1.984183388352980515e+01	1.998205439298509489e+01	1.914288715462799217e+01	1.952515363243907842e+01	1.963791019307159758e+01	2.035004053245579669e+01	1.961155982088811456e+01	1.989264902681069813e+01	1.961269825358340668e+01	1.940573087182086809e+01	1.971051847339709440e+01	1.960055922647194748e+01	1.981399235895165489e+01	1.940250292005965704e+01	1.980597000771062710e+01	1.974629360402930445e+01	1.977612962995471335e+01	1.944524368959670113e+01	1.993390367403947749e+01	2.038996755562766339e+01	1.943470612751270465e+01	1.993605856596740367e+01	1.970519320556930509e+01	1.979095088891993726e+01	1.993776220314985537e+01	1.914574519071615910e+01	2.015024389769030932e+01	1.967724468471401167e+01	1.916125395619575755e+01	1.994352510920396782e+01
2.048906300623267285e+01	2.022763834039359665e+01	2.008203474039167347e+01	2.002568436488278891e+01	2.045393438576076406e+01	2.000096155596542857e+01	2.039774717780912638e+01	2.047631218041889767e+01	1.993646720082928070e+01	2.014659000529849919e+01	1.969311121480064841e+01	2.031694094876461776e+01	2.033369103910544240e+01	2.008273103894017453e+01	3.036168616747170290e+01	2.041122179411620507e+01	2.062504479039413852e+01	2.079054729180651506e+01	2.028251993086530547e+01	2.015136906692059782e+01	2.054044610940190196e+01	2.019127942059447989e+01	1.992720843946601761e+01	2.047457178532187783e+01	2.018712065273511058e+01	2.086884266639906116e+01	2.034365079745264282e+01	2.028762962624943711e+01	2.034733655747656655e+01	2.028765007049277003e+01	2.055872410654528082e+01	1.988603829074452989e+01	2.037945680772132917e+01	1.975155944152803045e+01	2.012011054006254440e+01	2.010601389429315589e+01	2.079929499775957069e+01	1.992605041192568649e+01	2.065697350845829305e+01	2.072989956601769990e+01	1.999261036079035136e+01	2.086054867300275362e+01	2.044042125655373354e+01	2.006587497026837141e+01	2.063016076018753608e+01	2.012447109023213443e+01	2.024666047390026336e+01	2.051524726826106004e+01	2.003727135744743038e+01	2.089557228266398070e+01
2.020651380040097678e+01	1.978258544646567429e+01	1.974220603190427781e+01	1.963448307269645099e+01	1.984965349064058415e+01	1.986737869798899681e+01	2.002285291310915127e+01	1.984227641110827989e+01	1.938180341759554182e+01	1.984702234537342491e+01	1.924546023921055138e+01	2.033563800708753888e+01	1.992282767316194736e+01	1.950079957492535243e+01	2.041122179411620507e+01	3.018866443157457624e+01	2.033043121907125439e+01	2.027852699057254426e+01	1.972093187118344204e+01	2.004358174771902057e+01	2.004850724912389381e+01	2.002170266282062272e+01	1.933496695121144171e+01	1.928738376615654460e+01	1.991746808279450320e+01	2.055932904913527537e+01	1.953252967717454425e+01	1.992394343660633638e+01	1.985470114976232026e+01	1.979153162106831942e+01	2.006095639454638402e+01	1.973277449561306440e+01	2.013464271348165369e+01	1.968997118614502995e+01	1.974362528656651250e+01	1.993306225856989755e+01	1.994116709171018087e+01	1.971266324900173927e+01	1.979873277005648191e+01	2.057003003038084898e+01	1.992642058566198671e+01	1.981321119166239342e+01	2.000130863464627140e+01	2.011886273748290321e+01	2.008929683483144046e+01	1.991390281641586668e+01	2.013206930008698237e+01	1.980195495315759402e+01	2.003314629787601220e+01	2.019401077557939317e+01
2.045395035857089994e+01	1.981812188268306585e+01	1.958506852742388560e+01	1.994305908465807065e+01	2.043441139622186142e+01	1.988005777722235834e+01	2.011837526131219178e+01	1.973079565871119101e+01	1.957950230883517406e+01	1.977335335138115013e+01	1.940879498394382452e+01	2.024523998106655398e+01	1.983736656421733713e+01	2.007343157723164850e+01	2.062504479039413852e+01	2.033043121907125439e+01	3.002919830999333684e+01	2.063975679938697283e+01	2.007180321837524062e+01	2.017879660420980770e+01	2.025918883260533931e+01	2.019722541776446434e+01	1.955028611249452553e+01	1.992432254416393533e+01	1.959084718197362562e+01	2.048135133804322905e+01	1.996726427807565329e+01	2.043238589833806884e+01	1.990688048511035646e+01	1.950810752421713801e+01	2.022259606131985166e+01	1.982979104348286725e+01	2.000636200746007276e+01	1.919946746286431960e+01	1.981120740921769041e+01	2.025581988707811121e+01	2.033181183525662661e+01	1.966979977128585233e+01	2.039938342711581498e+01	2.085207280214471837e+01	1.999656028146157283e+01	2.024178661610319097e+01	2.024486052611946718e+01	1.968082930901264049e+01	1.997130017326640683e+01	1.966214093385907447e+01	1.988612893695883344e+01	2.003350508539884700e+01	1.985923370157735235e+01	2.008722902302775992e+01
2.030131216848393905e+01	2.040452183602642577e+01	2.023401709760500466e+01	2.004863897548194629e+01	2.048547947154275661e+01	1.970298379778386533e+01	2.004278527943903754e+01	1.969916847607635901e+01	1.963504307682966044e+01	1.982014056282314840e+01	1.925750611701284498e+01	2.000375185753360086e+01	1.968530195805257321e+01	1.950760073775088088e+01	2.079054729180651506e+01	2.027852699057254426e+01	2.063975679938697283e+01	3.054989004823508836e+01	2.024455525280587054e+01	2.005692989520411729e+01	2.004166717078036797e+01	2.026711343507601271e+01	2.009628438233616876e+01	1.978928525408970174e+01	2.005002751167737074e+01	2.045200709741916612e+01	1.985067261346236123e+01	2.025151958003011288e+01	2.001261571711426157e+01	1.987551924488445465e+01	2.047909700377289255e+01	1.998713367594797674e+01	2.004345589335046895e+01	1.993085375611790866e+01	1.984572500718475752e+01	2.001648577826872000e+01	2.027317776800563820e+01	2.006586003951443686e+01	2.042259238433679158e+01	2.055948608077817141e+01	2.008122495766961180e+01	2.029539713060877304e+01	1.992564058337310229e+01	2.005880566755618233e+01	2.012470296341220077e+01	1.975487381659458208e+01	2.012233651675070334e+01	2.008429472086745449e+01	2.015354144959613336e+01	2.035340189851222448e+01
1.992101344260791862e+01	1.989492556632801623e+01	1.975205932845872780e+01	1.941812584624871008e+01	1.970408046732952556e+01	1.995253751073337156e+01	1.985372816168430532e+01	1.962951663589306150e+01	1.899641288468461298e+01	1.927242463338786038e+01	1.911664666955155667e+01	1.996873113917893505e+01	1.978447148234449315e+01	1.925813442543411114e+01	2.028251993086530547e+01	1.972093187118344204e+01	2.007180321837524062e+01	2.024455525280587054e+01	2.880581654943782510e+01	2.025826280855584827e+01	1.973815942937447332e+01	1.999405826582763979e+01	1.968602346406222026e+01	1.955814891160022739e+01	1.969382986258067447e+01	2.035945412078758565e+01	1.953936982862628469e+01	1.986831031603465902e+01	1.953769879951896371e+01	1.971494163916791820e+01	1.977622881291335943e+01	1.931475112468891808e+01	1.975620795367348492e+01	1.950292047828247988e+01	1.965129333430756375e+01	1.951848025367753081e+01	2.023634240439197640e+01	1.928803174407677190e+01	2.017208100277060723e+01	2.072714749812935153e+01	1.938032084983669279e+01	2.027622080623453726e+01	1.982607088822880925e+01	1.966902869442037272e+01	1.991496904225652287e+01	1.949341137760441001e+01	2.015226958921355305e+01	1.978275310118381469e+01	1.933730767538276396e+01	2.006907278905791614e+01
2.026793664999912892e+01	2.028067142858271765e+01	1.973730155393452534e+01	1.991446064492713575e+01	2.043942170718154827e+01	2.013276622564248086e+01	1.994256345133903352e+01	1.968169604925008187e+01	1.933835236422327597e+01	1.936411162474016834e+01	1.914237442187642557e+01	2.038906147002209579e+01	2.037703198696081941e+01	2.004095136263516252e+01	2.015136906692059782e+01	2.004358174771902057e+01	2.017879660420980770e+01	2.005692989520411729e+01	2.025826280855584827e+01	3.018627565788755263e+01	2.018224157468835500e+01	2.036859989531155080e+01	1.998399260610073114e+01	2.020761208397938802e+01	2.025939414551664441e+01	2.046549552423298834e+01	1.989067584521557208e+01	2.053277536512245405e+01	2.007088216049072571e+01	2.021792834203310818e+01	2.036831655523993234e+01	2.002404718315435161e+01	2.003899635583912442e+01	1.951693972167811708e+01	2.010683858343466568e+01	1.987343960494166240e+01	2.018076252327475828e+01	2.016046016506212624e+01	2.089363810690215217e+01	2.046436647986861601e+01	1.967006932309798373e+01	2.011125609409769055e+01	2.011415630783253050e+01	2.007043802974140334e+01	1.983450145646080642e+01	1.938990453692885296e+01	2.000432838518959144e+01	1.993946237982683556e+01	1.950815156346324386e+01	2.032904152384250906e+01
2.045210238138531977e+01	2.023281670827952539e+01	1.964056845995858325e+01	1.992806635063223553e+01	2.063309708417461152e+01	2.024745317662373623e+01	2.025609459107537447e+01	2.008832171116157639e+01	1.979092166556740651e+01	1.975813577751928563e+01	1.932436361938852798e+01	2.028930291898319993e+01	2.017039885111848463e+01	1.984183388352980515e+01	2.054044610940190196e+01	2.004850724912389381e+01	2.025918883260533931e+01	2.004166717078036797e+01	1.973815942937447332e+01	2.018224157468835500e+01	2.952666265831484793e+01	2.051216344033240091e+01	1.984944504986388480e+01	1.964980641905516023e+01	2.011784194340656029e+01	2.060548761511350335e+01	2.005542523593056004e+01	2.011836835431929771e+01	2.021129006901442082e+01	2.012522182662752712e+01	2.031668994165014652e+01	1.990302790965532864e+01	2.008981976087037680e+01	1.967879618226329441e+01	1.992632016196962041e+01	2.072639416903955478e+01	2.019246078668996347e+01	1.984413838565693311e+01	2.052235290041065241e+01	2.079304942847182858e+01	1.959489332095986214e+01	2.049248007850905395e+01	2.007530291289373992e+01	2.022889819303250292e+01	2.026898664510470027e+01	1.988501310543098199e+01	2.065890011702371964e+01	1.987616215310142209e+01	1.991176724936121545e+01	2.039372064872956614e+01
2.028742576702507705e+01	2.030369104037136552e+01	1.974656543437186684e+01	1.987069239314813274e+01	2.033283654641773097e+01	1.965907671705106807e+01	2.031814503604618949e+01	1.995772983725774452e+01	1.945465900219750566e+01	1.958151325914804985e+01	1.923712613047893427e+01	2.029294532215330804e+01	2.012825162733633277e+01	1.998205439298509489e+01	2.019127942059447989e+01	2.002170266282062272e+01	2.019722541776446434e+01	2.026711343507601271e+01	1.999405826582763979e+01	2.036859989531155080e+01	2.051216344033240091e+01	3.002006821651544044e+01	1.981333779765441605e+01	1.981937085018867251e+01	2.035993474216119026e+01	2.055974001733904544e+01	1.966048740003085626e+01	2.027442360667688348e+01	1.978308793977132041e+01	1.997627646618267150e+01	2.003668987603084872e+01	2.012302284426277055e+01	1.999914758803875969e+01	1.942465206215532803e+01	1.967546117087197288e+01	2.015761958106842044e+01	2.016249055249640421e+01	1.965859452348643188e+01	2.038756790183051848e+01	2.081042409043356400e+01	1.966393385760502355e+01	2.080171752205236047e+01	2.035830249995695240e+01	2.031561492915922074e+01	1.994368711082353940e+01	2.021296575149045793e+01	2.010805940079264431e+01	2.040597342596667829e+01	1.972359559966649201e+01	1.975382890694043070e+01
2.002233915550995391e+01	1.974812842240259414e+01	1.984036511405369296e+01	1.922021355735060411e+01	1.966822880277556962e+01	1.935855208229720503e+01	1.959232797295512540e+01	1.975406596146950378e+01	1.875400424621248874e+01	1.920907952231910798e+01	1.899529220567472265e+01	1.969534319422368185e+01	1.959821654890281195e+01	1.914288715462799217e+01	1.992720843946601761e+01	1.933496695121144171e+01	1.955028611249452553e+01	2.009628438233616876e+01	1.968602346406222026e+01	1.998399260610073114e+01	1.984944504986388480e+01	1.981333779765441605e+01	2.888686786255177807e+01	1.967298853467424635e+01	1.942662036190051467e+01	2.037590044055064453e+01	1.925319610916840318e+01	1.995667797328754389e+01	1.926273492552143551e+01	1.930440260866951263e+01	1.959154793675366335e+01	1.928655176055124798e+01	1.985329013495256589e+01	1.919681616467993024e+01	1.939094288651535081e+01	1.931568709014799623e+01	1.962344597213166963e+01	1.958573682584722420e+01	2.001054810812768991e+01	1.979304049588081682e+01	1.980201595343268295e+01	1.978268791503794333e+01	1.955431493660972109e+01	1.954157065533934556e+01	1.931234149605032258e+01	1.911190520593728692e+01	1.965993151917248127e+01	1.963387722999534901e+01	1.924489046250847579e+01	1.975823565733618992e+01
1.971289062662386016e+01	1.984360985350127038e+01	1.966373334751737900e+01	1.961604030554408951e+01	2.007765642563276387e+01	1.964637360973671676e+01	1.977270860382906292e+01	1.926553407355198289e+01	1.917634150049665465e+01	1.940707436082656301e+01	1.908308444140530113e+01	2.000186105090922339e+01	1.951223315085672994e+01	1.952515363243907842e+01	2.047457178532187783e+01	1.928738376615654460e+01	1.992432254416393533e+01	1.978928525408970174e+01	1.955814891160022739e+01	2.020761208397938802e+01	1.964980641905516023e+01	1.981937085018867251e+01	1.967298853467424635e+01	2.925443394163370314e+01	1.947459833890711423e+01	2.035619153182885555e+01	1.946664113985922029e+01	1.978817042127402459e+01	1.944069770905942818e+01	1.955543729323592217e+01	1.967309574107154546e+01	1.906052359594949053e+01	2.020338813893371821e+01	1.934651140607904196e+01	1.953800636015912673e+01	1.958129229169319174e+01	1.979344656979066386e+01	1.976511286121697708e+01	2.024093028219918367e+01	2.023471589738474563e+01	1.945571437457198272e+01	1.984110117120072303e+01	1.974613748275060487e+01	1.996322961206657354e+01	1.987089821316448024e+01	1.949301705568066723e+01	1.987314639844570863e+01	1.997189796387189276e+01	1.957948461351928060e+01	2.008650568155258753e+01
2.043160783581939555e+01	1.991509548301504751e+01	1.965904786113090452e+01	1.952791284764677471e+01	2.007101833811147529e+01	1.991537578580102519e+01	1.987840095431492671e+01	1.960075164431851746e+01	1.883087053967940960e+01	1.934845857843495054e+01	1.885289707813451443e+01	1.990928759365613132e+01	1.992571920902402738e+01	1.963791019307159758e+01	2.018712065273511058e+01	1.991746808279450320e+01	1.959084718197362562e+01	2.005002751167737074e+01	1.969382986258067447e+01	2.025939414551664441e+01	2.011784194340656029e+01	2.035993474216119026e+01	1.942662036190051467e+01	1.947459833890711423e+01	2.967297282604126707e+01	2.037238631470074779e+01	2.000476373953945597e+01	2.006843637948776049e+01	1.961191624304036552e+01	2.006879161995333405e+01	2.001529996564310565e+01	1.943671751005470938e+01	1.976163372029649068e+01	1.945877279809264948e+01	1.951356400303548000e+01	1.984106269874313355e+01	2.013456333416625910e+01	1.973147384609354660e+01	2.027794127141340397e+01	2.022100564662744659e+01	1.952628784216043201e+01	1.990942315431982834e+01	1.971122426020968987e+01	1.981361835363953361e+01	2.011194181679067938e+01	1.975862401601401075e+01	2.022694674567832251e+01	2.006100414208131966e+01	1.929954452580602720e+01	2.006747828667592870e+01
2.099872839089040610e+01	2.071388991964846582e+01	2.043906740641169861e+01	2.021869348642202979e+01	2.070962232859122309e+01	2.080464138794573969e+01	2.058310127072242679e+01	2.050255487766609264e+01	1.995955125000259045e+01	2.036192507545720076e+01	2.004085804454640041e+01	2.110306004932506951e+01	2.052004991844528448e+01	2.035004053245579669e+01	2.086884266639906116e+01	2.055932904913527537e+01	2.048135133804322905e+01	2.045200709741916612e+01	2.035945412078758565e+01	2.046549552423298834e+01	2.060548761511350335e+01	2.055974001733904544e+01	2.037590044055064453e+01	2.035619153182885555e+01	2.037238631470074779e+01	3.066896430232231197e+01	1.996585379418588602e+01	2.102478551235655857e+01	2.061728806839413153e+01	2.020180003890915188e+01	2.051958595597763235e+01	2.016911942822138215e+01	2.028846351210502519e+01	1.990569467882689736e+01	2.054934825425651823e+01	2.006749656936143467e+01	2.094046919113881700e+01	2.079397377522415269e+01	2.049016519984929374e+01	2.113077893002403584e+01	2.018878107475326544e+01	2.038520383009430148e+01	2.054052525805272467e+01	2.059630566145680319e+01	2.059954387697535338e+01	2.025729409977120099e+01	2.011023335504534160e+01	2.058063645168008193e+01	2.012180157998169960e+01	2.063399071551870989e+01
1.953763410554745761e+01	1.966916696391181674e+01	1.947254342971319829e+01	1.924886377802374327e+01	1.983944563471131772e+01	1.941871814357862647e+01	1.934158770550284956e+01	1.955705941302332818e+01	1.923147747269418417e+01	1.942099035554747388e+01	1.911353997108227887e+01	1.990709282491636145e+01	1.972985129337448029e+01	1.961155982088811456e+01	2.034365079745264282e+01	1.953252967717454425e+01	1.996726427807565329e+01	1.985067261346236123e+01	1.953936982862628469e+01	1.989067584521557208e+01	2.005542523593056004e+01	1.966048740003085626e+01	1.925319610916840318e+01	1.946664113985922029e+01	2.000476373953945597e+01	1.996585379418588602e+01	2.910542896629008780e+01	1.978445126808860266e+01	1.946515389488869374e+01	1.939113632945618448e+01	1.958976191987334303e+01	1.962308544591323312e+01	1.967260345843184055e+01	1.903581995227384027e+01	1.939695032162537203e+01	1.981130816637895720e+01	1.993843444445088764e+01	1.978166433710750027e+01	2.000850310958614031e+01	2.062092368744425386e+01	1.919343100055065321e+01	2.006184236918137742e+01	1.951514712653164452e+01	1.984120933727789193e+01	1.976844178060708401e+01	1.962808787523954379e+01	1.950203020430611645e+01	1.943429473828901877e+01	1.954959449367255786e+01	1.961942251970770101e+01
2.028453648855400004e+01	2.009394005028990193e+01	1.980900145591577299e+01	1.973415957415562261e+01	2.055226275880943732e+01	1.998271223060216073e+01	1.992664369066386598e+01	1.971077470872317505e+01	1.974103751892640091e+01	1.947693672299160284e+01	1.956904899345259352e+01	1.999184154004858982e+01	2.001532993846462816e+01	1.989264902681069813e+01	2.028762962624943711e+01	1.992394343660633638e+01	2.043238589833806884e+01	2.025151958003011288e+01	1.986831031603465902e+01	2.053277536512245405e+01	2.011836835431929771e+01	2.027442360667688348e+01	1.995667797328754389e+01	1.978817042127402459e+01	2.006843637948776049e+01	2.102478551235655857e+01	1.978445126808860266e+01	2.993703011721823515e+01	1.997757818279619002e+01	2.000247690795855604e+01	2.020377060245970924e+01	1.958529489369350785e+01	2.021105446775623804e+01	1.960873450207749613e+01	2.025561633051840005e+01	2.013122055356283013e+01	2.023946860125492364e+01	1.966953709497081704e+01	2.050898041746524925e+01	2.038009732197445700e+01	2.001510139051531212e+01	2.036152486008893447e+01	2.033473607691772500e+01	2.015288445436591402e+01	2.016562036104265943e+01	1.988088689577242363e+01	2.008879664480214799e+01	1.995617272036080081e+01	1.965335811783625175e+01	1.992460102613125272e+01
2.002097384990137385e+01	1.990338803007523083e+01	1.950258030190125069e+01	1.931350844849644588e+01	2.011908036978423198e+01	1.927163497295349970e+01	1.983854846962202245e+01	1.991178973117713724e+01	1.918585261221802796e+01	1.943202056644002695e+01	1.912344542999227315e+01	2.024157788209093312e+01	1.980848440802028776e+01	1.961269825358340668e+01	2.034733655747656655e+01	1.985470114976232026e+01	1.990688048511035646e+01	2.001261571711426157e+01	1.953769879951896371e+01	2.007088216049072571e+01	2.021129006901442082e+01	1.978308793977132041e+01	1.926273492552143551e+01	1.944069770905942818e+01	1.961191624304036552e+01	2.061728806839413153e+01	1.946515389488869374e+01	1.997757818279619002e+01	2.922209010169626353e+01	1.961635410005139590e+01	1.992072320982390110e+01	1.980048016206779593e+01	1.995311625529778965e+01	1.937356459038884537e+01	2.012630361397459922e+01	1.983701133195036093e+01	2.003028405210982399e+01	1.950260292637489812e+01	1.972865114997415503e+01	2.045590740787791262e+01	1.982221132784977513e+01	2.015892639576555467e+01	1.958635028321321769e+01	1.985739652107400843e+01	1.975240075279265639e+01	1.915784896331069476e+01	1.998273260861748923e+01	1.962963334873136034e+01	1.975499070510209165e+01	1.979816745733999994e+01
2.014386878395290381e+01	1.957724616754067171e+01	1.975096275776835952e+01	1.933289405697296814e+01	2.020720656700284579e+01	2.001481411647158737e+01	1.967700336365828306e+01	1.954260669689821128e+01	1.945753725443772097e+01	1.932812413596897017e+01	1.909459657728919879e+01	1.981743961667789833e+01	2.005033608392931654e+01	1.940573087182086809e+01	2.028765007049277003e+01	1.979153162106831942e+01	1.950810752421713801e+01	1.987551924488445465e+01	1.971494163916791820e+01	2.021792834203310818e+01	2.012522182662752712e+01	1.997627646618267150e+01	1.930440260866951263e+01	1.955543729323592217e+01	2.006879161995333405e+01	2.020180003890915188e+01	1.939113632945618448e+01	2.000247690795855604e+01	1.961635410005139590e+01	2.914614492017423686e+01	1.982365993998207188e+01	1.947147936792636003e+01	1.982680382136753749e+01	1.905650149572131369e+01	1.965239417748374962e+01	1.997922710758825815e+01	1.991744188717806807e+01	1.948135734050446644e+01	2.021452269801450186e+01	2.040363686709368451e+01	1.936917972661387566e+01	1.973100908862122438e+01	1.969722762551821660e+01	1.964879103245564096e+01	1.993248944422834157e+01	1.938479144730323256e+01	2.004757306451360677e+01	1.979836215984645875e+01	1.946760673641923489e+01	1.949315554765627923e+01
2.031172357171363174e+01	1.999328545166402193e+01	1.956993560450624514e+01	1.997967562942699260e+01	2.047484938339333738e+01	2.012771526569426683e+01	2.022148092967205102e+01	2.011863978433035527e+01	1.971244497123910122e+01	1.981935659861030885e+01	1.942273495772191794e+01	2.040071126650860833e+01	1.986774750027467462e+01	1.971051847339709440e+01	2.055872410654528082e+01	2.006095639454638402e+01	2.022259606131985166e+01	2.047909700377289255e+01	1.977622881291335943e+01	2.036831655523993234e+01	2.031668994165014652e+01	2.003668987603084872e+01	1.959154793675366335e+01	1.967309574107154546e+01	2.001529996564310565e+01	2.051958595597763235e+01	1.958976191987334303e+01	2.020377060245970924e+01	1.992072320982390110e+01	1.982365993998207188e+01	2.979234483418717261e+01	2.022496653835904468e+01	1.978301316444538926e+01	1.965238106651519701e+01	1.998983476564769646e+01	1.991752910108372632e+01	2.011773145853043232e+01	1.970289971336467971e+01	2.038854729031595170e+01	2.067630381415735741e+01	1.976769357491554402e+01	2.010630874871006313e+01	1.984444199687997923e+01	2.010416404271616386e+01	1.984548423449979282e+01	1.934752968695093500e+01	2.011437901752891833e+01	2.006151198313951056e+01	1.955963548829446452e+01	2.026945952821272101e+01
1.992990933457954128e+01	1.993220013530230261e+01	1.955728836907134038e+01	1.960853483997373203e+01	2.005807758124450757e+01	1.936430256854354681e+01	1.972728972491420407e+01	1.958835233371842577e+01	1.916716769465581294e+01	1.946577299905355574e+01	1.918043481267834238e+01	1.975242320431171450e+01	1.971103381153158907e+01	1.960055922647194748e+01	1.988603829074452989e+01	1.973277449561306440e+01	1.982979104348286725e+01	1.998713367594797674e+01	1.931475112468891808e+01	2.002404718315435161e+01	1.990302790965532864e+01	2.012302284426277055e+01	1.928655176055124798e+01	1.906052359594949053e+01	1.943671751005470938e+01	2.016911942822138215e+01	1.962308544591323312e+01	1.958529489369350785e+01	1.980048016206779593e+01	1.947147936792636003e+01	2.022496653835904468e+01	2.926643081285909176e+01	2.002360058889005501e+01	1.943071700430913040e+01	1.953545678765753379e+01	1.963759278752490545e+01	1.966258739663817678e+01	1.944193987193390782e+01	2.011908065915666910e+01	2.055270527201129127e+01	1.954706165398549444e+01	2.002345864538556697e+01	1.969586333742181239e+01	1.964374679621070996e+01	2.015163446442292638e+01	1.942288723946437301e+01	2.008372971865738421e+01	1.959772448426320679e+01	1.949793743168033799e+01	1.999059168666204300e+01
