3.009871369686181453e+01	2.051455224910291264e+01	1.963465969828708424e+01	1.974726586456081634e+01	1.992927646083646565e+01	2.038099739866083482e+01	1.995152852023247902e+01	2.056576375694475090e+01	2.049342877681553787e+01	2.004635346378201177e+01	1.982286420959077589e+01	2.027142850676348829e+01	2.047859746997563590e+01	2.067236504307097888e+01	2.033458399767617664e+01	2.042899943849324629e+01	2.074698162582907202e+01	2.061469191091949327e+01	2.049820645934690688e+01	2.018604347507379515e+01	2.041684764054667056e+01	2.032066709482813494e+01	1.970992599858961825e+01	1.990686547349375601e+01	2.024591699381230114e+01	2.019637011677513172e+01	2.008514775559667243e+01	1.997515581004827467e+01	1.967568865055664062e+01	2.027652280632481308e+01	2.038546313883517414e+01	2.058920351863354981e+01	2.031459510767759724e+01	2.049246769237395327e+01	2.102482423783936838e+01	1.970375308477923326e+01	1.993204596905568948e+01	2.003446142646451023e+01	1.980578502611319891e+01	2.037805213083213474e+01	2.023017712975112659e+01	2.037004852548231426e+01	2.023755581022488670e+01	2.020282113091581522e+01	2.068425318840925442e+01	1.991628459314700450e+01	2.127271472670380703e+01	2.003326411112832162e+01	2.006527908187702280e+01	1.988369799823982120e+01
2.051455224910291264e+01	3.000585854523646034e+01	2.007585756645324793e+01	1.954538419158712514e+01	2.013846458288074004e+01	1.977164272008594992e+01	2.014161113499567080e+01	2.055596684356345705e+01	2.056354776509131099e+01	2.018778045758152118e+01	1.952715724724359703e+01	2.045082170551983580e+01	2.008440663644113755e+01	2.044968323331328008e+01	2.041998997680694217e+01	2.010352248483923887e+01	2.065664792499459068e+01	2.078254198975706757e+01	2.074515648455563976e+01	2.009463738706914882e+01	2.040365701469787041e+01	2.045159538210321415e+01	1.936514024660138489e+01	1.986377931074142822e+01	2.038193899894921657e+01	2.041728736182513160e+01	2.041735867268292282e+01	1.995569264328401715e+01	1.997544201488349813e+01	1.980101176560863152e+01	2.069278722315070596e+01	2.059614485890089597e+01	2.035801284589628324e+01	2.036840195648844087e+01	2.106929820436775458e+01	1.996963720080777449e+01	2.038825777792643024e+01	2.020398357853890303e+01	2.009571636689666718e+01	2.086452357182245976e+01	2.013784947666105651e+01	2.028042091510056011e+01	2.044652469490581126e+01	2.016760356406278376e+01	2.067638096259920744e+01	2.046799005099864743e+01	2.054869794810772632e+01	1.995317093903017636e+01	2.021572806045523762e+01	1.977686019192916689e+01
1.963465969828708424e+01	2.007585756645324793e+01	2.881798308693891641e+01	1.857765995147864757e+01	1.926696621642908980e+01	1.954722572123484881e+01	1.923048844560402770e+01	1.967416598397141669e+01	1.984240847547556541e+01	1.909529571393201763e+01	1.886323254299106367e+01	1.964077614961586704e+01	1.905048957895281347e+01	1.945605767156762056e+01	1.949689189600276862e+01	1.977649895327564877e+01	1.991634995237949823e+01	1.982491213158225207e+01	1.978676542672705807e+01	1.918269700750488838e+01	1.975713232636261907e+01	1.943674643702203042e+01	1.877657777755660362e+01	1.897059534204695552e+01	1.996224430073458578e+01	1.928306793955028908e+01	1.912504918757663575e+01	1.939062145135131132e+01	1.969479657658134286e+01	1.950771365438414051e+01	2.004789326289479945e+01	1.983580924451946359e+01	1.968827887967792378e+01	1.949899984121541152e+01	2.005671752838783206e+01	1.944632705468337264e+01	1.947110115397238417e+01	1.942397726740607311e+01	1.926229773131825240e+01	1.990428465182307249e+01	1.957373070471999910e+01	1.948742857348605284e+01	1.965216585408561656e+01	1.944945428106012741e+01	1.980394500131445312e+01	1.960051327033466606e+01	2.024236503550874033e+01	1.948059874735140085e+01	1.938126369397934567e+01	1.931011032396419935e+01
1.974726586456081634e+01	1.954538419158712514e+01	1.857765995147864757e+01	2.865085478263399921e+01	1.934795153037110893e+01	1.947667544981009513e+01	1.920973028882897182e+01	1.983272114103840877e+01	1.985187672236052592e+01	1.920720499005857462e+01	1.885396434111989095e+01	1.976587386926050272e+01	1.926042444512530594e+01	1.976133024744088473e+01	1.940169325773053188e+01	1.933653819721830658e+01	1.949466287922220431e+01	2.006609335711546294e+01	1.990326487271557809e+01	1.950085610565557914e+01	1.965562633522902303e+01	1.923608685606211921e+01	1.916271254099596888e+01	1.916077660954184481e+01	1.978141467537362175e+01	1.903243243065800883e+01	1.949531352268264328e+01	1.928238281025919321e+01	1.910067784084160891e+01	1.981376783337852387e+01	1.971395129680105285e+01	1.972290629015619956e+01	1.947940223530453352e+01	1.983662513541385053e+01	2.021766010495136001e+01	1.948709274915588452e+01	1.895703777771443654e+01	1.920471117616085621e+01	1.957381268212771985e+01	1.969894223151106871e+01	1.967728754243156430e+01	1.894851098907990306e+01	2.009454512566361117e+01	1.934573354421048208e+01	1.995118733642949493e+01	1.935483994331728397e+01	2.014883486273523161e+01	1.916036667787116698e+01	1.936866533032859650e+01	1.932332397408135449e+01
1.992927646083646565e+01	2.013846458288074004e+01	1.926696621642908980e+01	1.934795153037110893e+01	2.941190825684913435e+01	2.019258002221607384e+01	1.987183506715783210e+01	1.998269683281104392e+01	2.010656980793226722e+01	2.000481938482850452e+01	1.946942598325049190e+01	2.044926569121555815e+01	1.989058995158820409e+01	2.021756415494732906e+01	1.968184164890373467e+01	1.967283650103574999e+01	2.043677841478211121e+01	2.031653878400808111e+01	2.032088098290916633e+01	1.977369563817362774e+01	1.999056121999010571e+01	1.990543255088168806e+01	1.904108041318872324e+01	1.944044090900950295e+01	2.020611268790170456e+01	1.979938913788968691e+01	1.978977563422675345e+01	1.963816791829128050e+01	1.968582536427923202e+01	1.978451517426256956e+01	2.035148543885916084e+01	2.033299877614725304e+01	2.000797977965100216e+01	1.976768778332922238e+01	2.048554783931357193e+01	1.927476713114232609e+01	1.968806192247592435e+01	1.978859934897203132e+01	1.965975866997763077e+01	2.041968196584785744e+01	2.001375853255316883e+01	1.986288535625551432e+01	1.987234419094179572e+01	1.983177172787787157e+01	2.003282073432317389e+01	1.988053751948075742e+01	2.055090897493706947e+01	1.947604821292578237e+01	1.963243078163957378e+01	1.975733630087227510e+01
2.038099739866083482e+01	1.977164272008594992e+01	1.954722572123484881e+01	1.947667544981009513e+01	2.019258002221607384e+01	2.997290155354382790e+01	2.020107019504671797e+01	1.975934149173202670e+01	2.027244411080371833e+01	1.994906058893400314e+01	1.958089813298542836e+01	2.033150382091575281e+01	1.962284111457075397e+01	2.061360406891752461e+01	1.994493238404295354e+01	1.980053510217781820e+01	2.007232079223057397e+01	2.070262668571582765e+01	2.053234769270361681e+01	2.003634044509705703e+01	2.023561224775174239e+01	1.967905470734459072e+01	1.956275404656398109e+01	1.983333838369363988e+01	1.968692074468103570e+01	2.012967685119958361e+01	1.996067206366025459e+01	1.943965293677419837e+01	1.983842783290633349e+01	1.999180577473342169e+01	2.019735548652757018e+01	2.040194055760165170e+01	2.017744467015987553e+01	2.007687336671125777e+01	2.085807296065928185e+01	2.007947319072373560e+01	1.990582739905812204e+01	1.953701430456021981e+01	1.933959157092759540e+01	2.009703029459839030e+01	2.031330595163616692e+01	1.996229669455038191e+01	2.032062738797701229e+01	1.956883302635020172e+01	2.002745342492113778e+01	1.980581293390052622e+01	2.096610445462888350e+01	1.979216243510628459e+01	2.001639540039241894e+01	1.962817007723855411e+01
1.995152852023247902e+01	2.014161113499567080e+01	1.923048844560402770e+01	1.920973028882897182e+01	1.987183506715783210e+01	2.020107019504671797e+01	2.935038712751673984e+01	2.019875913131312117e+01	2.013412014743575185e+01	2.009926176240661633e+01	1.943633985924417829e+01	1.990097228266980878e+01	1.987007710569433883e+01	1.983586941694100148e+01	2.006479516741539015e+01	1.988812914431602508e+01	2.037256194809393151e+01	2.029312194502062994e+01	2.035484632835806806e+01	1.974805207486501502e+01	2.022550262089938755e+01	1.961582351897272147e+01	1.936517620255698446e+01	1.943712460684966814e+01	1.996109736614488028e+01	1.978572610362947870e+01	1.992892647117371396e+01	1.973028191654277563e+01	1.918117886596096255e+01	1.977919174801145275e+01	1.992741313862983432e+01	2.012691538700378757e+01	2.016930982068247147e+01	1.994680790353573840e+01	2.054119635444397574e+01	1.944273852070159947e+01	1.989935583378637318e+01	1.979533547770797952e+01	1.987443933915603367e+01	2.011997923569989766e+01	2.004846811780757321e+01	1.999273468251158903e+01	2.026403802964198064e+01	1.950526611458396431e+01	2.026599292423443188e+01	1.975771714935109102e+01	2.073195826617522997e+01	1.962508717756008991e+01	1.987069253126866286e+01	1.969435949704448063e+01
2.056576375694475090e+01	2.055596684356345705e+01	1.967416598397141669e+01	1.983272114103840877e+01	1.998269683281104392e+01	1.975934149173202670e+01	2.019875913131312117e+01	3.036119235290988527e+01	2.026317420129465674e+01	1.989326266621379347e+01	1.956005711826678706e+01	2.050013919842772125e+01	2.000500334306209638e+01	2.056751173919760589e+01	2.052976686622569602e+01	2.001314036923033512e+01	2.044192926941187238e+01	2.056049734866434875e+01	2.066732221116062007e+01	2.020671186081161252e+01	2.031943585847378486e+01	2.019102210238123973e+01	1.937198623681396725e+01	1.999669108855595212e+01	2.045235933453272281e+01	1.991368341547993737e+01	1.995564597480613145e+01	2.026262031247687290e+01	2.002119332509389338e+01	1.998482615609152546e+01	2.034498792055456917e+01	2.060755044550129256e+01	2.014763567684254397e+01	2.072778093447416481e+01	2.080524247002530558e+01	1.980999004180540268e+01	1.994610341165090972e+01	2.007587400926923138e+01	2.028877906529986674e+01	2.076344446934012566e+01	2.082985967299347863e+01	2.005401886483821272e+01	2.050600255197851496e+01	1.982578912884236644e+01	2.048089783224291693e+01	1.980633441997882471e+01	2.100127208862939199e+01	2.008341822891757644e+01	2.026795796539724392e+01	1.995449729741119782e+01
2.049342877681553787e+01	2.056354776509131099e+01	1.984240847547556541e+01	1.985187672236052592e+01	2.010656980793226722e+01	2.027244411080371833e+01	2.013412014743575185e+01	2.026317420129465674e+01	2.983746982993356767e+01	1.977924820650915194e+01	1.978615725282845972e+01	2.052603509058779707e+01	2.020115846602384124e+01	2.021742858131406351e+01	2.006858709520491146e+01	1.997154401392144862e+01	2.038609656470521259e+01	2.016150827259592049e+01	2.065565945463128017e+01	2.028880418208491676e+01	2.057452848023798708e+01	2.021164493805243012e+01	1.970956849053595050e+01	1.988543551162844381e+01	2.038212436963648244e+01	1.997966049387463272e+01	2.028865390351002418e+01	1.979725596246209918e+01	1.960285431958327607e+01	1.998049783021608405e+01	2.028272615181811034e+01	2.052262276062908697e+01	2.041185942986471957e+01	2.049957822046500056e+01	2.106696878427293385e+01	1.991790779330566963e+01	1.969035316782766998e+01	2.012099384355424547e+01	2.002414528804689553e+01	2.068635757465688840e+01	1.992048385328672211e+01	2.012937730178252593e+01	2.028075452074413221e+01	1.993405836802513775e+01	2.099106769742257583e+01	2.004221868592735234e+01	2.043373870804432713e+01	1.999453323391772841e+01	2.054266069396127747e+01	1.962662183501155155e+01
2.004635346378201177e+01	2.018778045758152118e+01	1.909529571393201763e+01	1.920720499005857462e+01	2.000481938482850452e+01	1.994906058893400314e+01	2.009926176240661633e+01	1.989326266621379347e+01	1.977924820650915194e+01	2.916469531374839264e+01	1.902620882126971225e+01	1.995987088045312774e+01	1.963716449842750578e+01	2.035777174499760989e+01	1.982591081339153760e+01	1.971612895409190003e+01	2.033835942057535107e+01	2.050858398798492388e+01	1.984991912790083646e+01	1.976232592850079328e+01	1.980615646045798428e+01	1.982034700799610860e+01	1.907904896975888320e+01	1.994061124453220657e+01	1.982067136340821989e+01	1.970121738296994707e+01	1.947090598638525805e+01	1.946660420565095961e+01	1.928685107401270926e+01	2.003955083348460420e+01	2.030554596019623048e+01	2.013484436464154470e+01	2.001222207084559912e+01	1.987768511363116630e+01	2.091048188694755439e+01	1.950168521426184753e+01	1.934564418935294583e+01	1.943299224620783505e+01	1.921789288449783584e+01	1.991493545578195068e+01	1.972882299949864304e+01	2.018619013051186073e+01	2.015826075864046985e+01	1.948089752536839114e+01	2.022998573703505798e+01	1.983597370591025921e+01	2.050464782381832762e+01	1.959092274045421433e+01	1.997382801679221132e+01	1.926475416651211958e+01
1.982286420959077589e+01	1.952715724724359703e+01	1.886323254299106367e+01	1.885396434111989095e+01	1.946942598325049190e+01	1.958089813298542836e+01	1.943633985924417829e+01	1.956005711826678706e+01	1.978615725282845972e+01	1.902620882126971225e+01	2.906852088272578527e+01	1.985780305246657207e+01	1.960769160070885064e+01	1.991528272837150126e+01	1.950694313879873931e+01	1.931549643348649781e+01	1.988635870866130517e+01	1.982464004435405869e+01	1.991354771875117180e+01	1.962869563328218447e+01	1.960551741524846392e+01	1.947428878554972087e+01	1.861467844014998718e+01	1.944473630032451794e+01	1.956442212060206387e+01	1.916208264285977236e+01	1.943871069630743165e+01	1.968906433143192203e+01	1.930263646643309272e+01	1.934932165372456225e+01	1.978193286412652796e+01	1.990221310691977763e+01	1.932914805473241771e+01	1.967377581160170408e+01	2.028934469432566701e+01	1.923907956236717709e+01	1.924460143168357718e+01	1.938906656720918420e+01	1.917277680281690522e+01	1.997412359688437888e+01	1.928265273300194238e+01	1.961807418320684349e+01	2.001978175541090010e+01	1.937189419417882164e+01	1.993531743013681634e+01	1.949820557311807434e+01	2.038332598898240278e+01	1.938740710464892913e+01	1.943497229297470597e+01	1.893455121491059856e+01
2.027142850676348829e+01	2.045082170551983580e+01	1.964077614961586704e+01	1.976587386926050272e+01	2.044926569121555815e+01	2.033150382091575281e+01	1.990097228266980878e+01	2.050013919842772125e+01	2.052603509058779707e+01	1.995987088045312774e+01	1.985780305246657207e+01	2.996237061575654081e+01	2.051008530724434920e+01	2.089031780232427238e+01	2.057590380988116152e+01	2.046564523697677984e+01	2.069277795780672236e+01	2.061383796187747208e+01	2.089877956969951711e+01	2.027206228660153187e+01	2.054857482425018844e+01	2.072425873581785893e+01	2.012418408805887893e+01	2.000863912664013355e+01	2.052519700853617834e+01	1.988349904036568105e+01	2.040287432361450826e+01	2.007066487400269139e+01	1.989948958039044413e+01	2.009904949181286327e+01	2.047347730807438637e+01	2.082938370712524900e+01	2.059692575808785264e+01	2.081266276553735395e+01	2.123504074152211274e+01	1.977456431326236697e+01	1.982628510329358207e+01	2.006074004073231265e+01	2.015588676946794067e+01	2.061967764835317851e+01	2.040742091431072680e+01	1.973938165517060739e+01	2.074581781239218259e+01	2.028899001479615549e+01	2.066281323343740439e+01	2.022045642414759570e+01	2.064310976204580328e+01	1.995114612919513775e+01	2.057364959877206800e+01	2.032798939784403558e+01
2.047859746997563590e+01	2.008440663644113755e+01	1.905048957895281347e+01	1.926042444512530594e+01	1.989058995158820409e+01	1.962284111457075397e+01	1.987007710569433883e+01	2.000500334306209638e+01	2.020115846602384124e+01	1.963716449842750578e+01	1.960769160070885064e+01	2.051008530724434920e+01	2.954170680807352056e+01	2.019640441099593886e+01	2.018912825470899364e+01	1.999966807430166327e+01	2.049412508946106470e+01	2.030654460748626278e+01	2.012366540427770900e+01	2.005481154861455551e+01	2.040613845448254082e+01	1.992436417698900897e+01	1.907192945968253639e+01	1.971669571981026792e+01	1.975731475727691588e+01	1.997497504037289318e+01	1.992533531237989308e+01	1.942213945345244852e+01	1.966305504654568281e+01	1.998272511619198966e+01	2.015427766585248293e+01	2.033561407021784362e+01	2.037674968651326779e+01	2.009250765217191770e+01	2.097385724503523363e+01	1.965928372618753883e+01	1.995007786737096467e+01	1.948491229346773679e+01	1.959103218794004775e+01	2.028514980505175558e+01	2.020347468708632377e+01	1.965641205648446288e+01	2.039544978363749905e+01	1.980238638877042590e+01	2.021620999891632664e+01	2.002004378681598240e+01	2.040685971199537008e+01	1.992853524085196426e+01	2.003877832763268430e+01	1.950090951330957978e+01
2.067236504307097888e+01	2.044968323331328008e+01	1.945605767156762056e+01	1.976133024744088473e+01	2.021756415494732906e+01	2.061360406891752461e+01	1.983586941694100148e+01	2.056751173919760589e+01	2.021742858131406351e+01	2.035777174499760989e+01	1.991528272837150126e+01	2.089031780232427238e+01	2.019640441099593886e+01	3.047778530286492327e+01	2.023915537299752643e+01	2.013355646086915485e+01	2.072967557270760253e+01	2.106447090126687272e+01	2.061413109497234686e+01	2.037967266025979640e+01	2.019281868002618907e+01	2.022575583451382997e+01	1.952406078132774780e+01	2.008573846763306747e+01	1.995871625277998263e+01	2.013940116370477185e+01	2.029505838929215500e+01	1.972230464016247353e+01	1.964761941707002180e+01	2.036132402319966062e+01	2.086348511935383598e+01	2.089009207058737516e+01	2.037592342632024867e+01	2.042931215935136535e+01	2.090668534727263861e+01	1.988939640472182546e+01	1.988854993273734806e+01	2.023560555237609293e+01	2.025507114455290036e+01	2.065194517209717873e+01	1.991427786592371163e+01	2.022498311018151540e+01	2.073389511003167840e+01	2.005064954493028750e+01	2.094581869672921925e+01	1.995528935075530441e+01	2.095641844295678169e+01	2.030745411657663624e+01	2.026469160266825398e+01	2.033986535684295305e+01
2.033458399767617664e+01	2.041998997680694217e+01	1.949689189600276862e+01	1.940169325773053188e+01	1.968184164890373467e+01	1.994493238404295354e+01	2.006479516741539015e+01	2.052976686622569602e+01	2.006858709520491146e+01	1.982591081339153760e+01	1.950694313879873931e+01	2.057590380988116152e+01	2.018912825470899364e+01	2.023915537299752643e+01	3.003069325678304935e+01	2.035292868952001299e+01	1.989936336981284626e+01	2.046734010146494853e+01	2.058510697596923578e+01	2.028389374119020871e+01	2.008129372867216134e+01	1.977355449498859485e+01	1.934288432590620843e+01	1.959704933985142361e+01	2.016232322889286266e+01	1.976226597965819565e+01	1.988692014530455054e+01	1.963744117969810787e+01	1.986113105413782520e+01	2.014394615853914061e+01	2.059525210458818378e+01	2.052081401850156794e+01	2.002060378859450651e+01	2.044503846926601298e+01	2.121306572159570081e+01	1.953725394716040498e+01	1.969463773214189217e+01	1.982217333544835114e+01	2.009928669638101795e+01	2.018853761626763443e+01	2.009135126300816054e+01	1.996211286286526132e+01	2.020283225576412178e+01	2.021516242776676364e+01	2.057846328724894391e+01	2.008125223140197591e+01	2.079338824695472354e+01	1.988278846085023588e+01	1.988806006740904664e+01	1.984641706833712149e+01
2.042899943849324629e+01	2.010352248483923887e+01	1.977649895327564877e+01	1.933653819721830658e+01	1.967283650103574999e+01	1.980053510217781820e+01	1.988812914431602508e+01	2.001314036923033512e+01	1.997154401392144862e+01	1.971612895409190003e+01	1.931549643348649781e+01	2.046564523697677984e+01	1.999966807430166327e+01	2.013355646086915485e+01	2.035292868952001299e+01	2.920756664026298566e+01	2.001008579954471145e+01	2.035091546356190406e+01	2.037559403430344318e+01	1.970992783161402073e+01	2.031349696505571956e+01	2.021772888478500718e+01	1.932723768214626858e+01	1.927576904665060908e+01	2.032356029860586233e+01	1.977177029354382043e+01	2.025076131202142804e+01	1.967312995301485046e+01	1.985069455914095471e+01	2.038681571416707783e+01	1.995431314249662691e+01	2.037485045688665153e+01	1.997870356366731670e+01	2.016722268659897921e+01	2.104174734448115203e+01	1.962350730206894767e+01	1.960926836055368128e+01	1.985722073002152754e+01	1.990266268712082010e+01	2.006187875631756157e+01	1.988617406885473926e+01	2.030177186535850709e+01	2.025072254093489477e+01	1.996718658301241334e+01	2.050577241623681601e+01	2.011469107343470597e+01	2.077542169215654866e+01	1.959889715535837951e+01	1.994383467650069619e+01	1.995401247497205333e+01
2.074698162582907202e+01	2.065664792499459068e+01	1.991634995237949823e+01	1.949466287922220431e+01	2.043677841478211121e+01	2.007232079223057397e+01	2.037256194809393151e+01	2.044192926941187238e+01	2.038609656470521259e+01	2.033835942057535107e+01	1.988635870866130517e+01	2.069277795780672236e+01	2.049412508946106470e+01	2.072967557270760253e+01	1.989936336981284626e+01	2.001008579954471145e+01	3.072365925768371397e+01	2.114504280086262966e+01	2.095074104020170935e+01	2.027181773302769230e+01	2.100841337870254222e+01	2.058878687079827330e+01	1.978173946269047079e+01	1.990489081015842388e+01	2.017293780654330604e+01	2.022936170592274152e+01	2.010496825609235216e+01	1.991435428347073611e+01	1.980027433887185495e+01	2.067400023408273668e+01	2.060231969446672196e+01	2.039445399517342850e+01	2.095452123946689227e+01	2.052754029953970516e+01	2.116499435260182338e+01	2.030815292856142307e+01	1.986903516903651834e+01	2.041882890421269892e+01	2.006046657228541719e+01	2.101817162072080691e+01	2.033934982619275544e+01	2.026686203171166412e+01	2.041100646880162728e+01	2.027863578436157965e+01	2.083218099884158292e+01	2.046045242606766479e+01	2.091133058428128066e+01	2.017391404080352046e+01	2.011589315778764231e+01	1.989516571677435763e+01
2.061469191091949327e+01	2.078254198975706757e+01	1.982491213158225207e+01	2.006609335711546294e+01	2.031653878400808111e+01	2.070262668571582765e+01	2.029312194502062994e+01	2.056049734866434875e+01	2.016150827259592049e+01	2.050858398798492388e+01	1.982464004435405869e+01	2.061383796187747208e+01	2.030654460748626278e+01	2.106447090126687272e+01	2.046734010146494853e+01	2.035091546356190406e+01	2.114504280086262966e+01	3.130082264483145948e+01	2.096605592634860926e+01	2.043886342836026770e+01	2.064058221881325039e+01	2.066124674742992795e+01	1.957290536937696146e+01	2.007521526188886085e+01	2.053490198652109200e+01	2.043570292680196232e+01	2.052280362412102122e+01	2.033069681816222030e+01	2.010161036051555783e+01	2.036909458878025347e+01	2.060484576940667623e+01	2.062124884564242322e+01	2.033899722521384490e+01	2.069893860596648238e+01	2.133304917894734842e+01	2.049665587201655370e+01	2.012155684691104440e+01	2.046725417283024484e+01	1.983220482271732976e+01	2.084166440834541234e+01	2.064609655255361531e+01	2.051554382818737210e+01	2.085911032424159117e+01	2.014302974761090326e+01	2.109139102621928075e+01	2.027320910202711701e+01	2.131001376580089968e+01	2.018307590327500733e+01	2.037088791919600084e+01	1.993019820315443624e+01
2.049820645934690688e+01	2.074515648455563976e+01	1.978676542672705807e+01	1.990326487271557809e+01	2.032088098290916633e+01	2.053234769270361681e+01	2.035484632835806806e+01	2.066732221116062007e+01	2.065565945463128017e+01	1.984991912790083646e+01	1.991354771875117180e+01	2.089877956969951711e+01	2.012366540427770900e+01	2.061413109497234686e+01	2.058510697596923578e+01	2.037559403430344318e+01	2.095074104020170935e+01	2.096605592634860926e+01	3.091220202463972200e+01	1.999363468214600559e+01	2.090721192428482311e+01	2.077821788922594592e+01	1.999572738484095424e+01	2.027144714292947114e+01	2.092023504847623983e+01	2.011667733913234457e+01	2.059508090482450626e+01	2.033265372579915109e+01	1.979805561974632155e+01	2.045194920345883460e+01	2.039118365789623866e+01	2.072975121911132135e+01	2.054909840733957083e+01	2.047428523796591193e+01	2.110723130214293519e+01	2.049259953791554167e+01	2.022358404337494164e+01	2.027896825055490737e+01	2.017251763526251906e+01	2.064298367433093517e+01	2.079021400579635781e+01	2.028435932228187610e+01	2.086626105535401976e+01	1.970073751198627576e+01	2.085984664236250907e+01	2.058755200938096408e+01	2.117714945708895513e+01	2.053624468875980114e+01	2.057288745994259571e+01	1.971551409111350850e+01
2.018604347507379515e+01	2.009463738706914882e+01	1.918269700750488838e+01	1.950085610565557914e+01	1.977369563817362774e+01	2.003634044509705703e+01	1.974805207486501502e+01	2.020671186081161252e+01	2.028880418208491676e+01	1.976232592850079328e+01	1.962869563328218447e+01	2.027206228660153187e+01	2.005481154861455551e+01	2.037967266025979640e+01	2.028389374119020871e+01	1.970992783161402073e+01	2.027181773302769230e+01	2.043886342836026770e+01	1.999363468214600559e+01	2.977230107552315985e+01	2.017990301434694089e+01	1.985872255476197168e+01	1.926526898308609859e+01	1.949491360183398569e+01	1.976056772088354663e+01	1.949715157369601570e+01	1.968411979244382692e+01	2.002556852408084609e+01	1.923676201314874845e+01	1.984816433651507595e+01	2.029509308851319105e+01	2.025022358993563643e+01	1.984868336219174267e+01	2.031294707431190716e+01	2.074906804885234379e+01	1.961573690171198336e+01	1.986964426531002204e+01	1.981518813853899985e+01	1.964855247675325245e+01	2.030590761399223254e+01	2.001635566169785463e+01	1.985057687102311874e+01	2.020788046335287191e+01	1.948560091986562171e+01	2.012976556507402037e+01	2.006108791237180000e+01	2.066040519127698971e+01	1.991659475963682269e+01	2.001170061140884826e+01	1.977002447036920785e+01
2.041684764054667056e+01	2.040365701469787041e+01	1.975713232636261907e+01	1.965562633522902303e+01	1.999056121999010571e+01	2.023561224775174239e+01	2.022550262089938755e+01	2.031943585847378486e+01	2.057452848023798708e+01	1.980615646045798428e+01	1.960551741524846392e+01	2.054857482425018844e+01	2.040613845448254082e+01	2.019281868002618907e+01	2.008129372867216134e+01	2.031349696505571956e+01	2.100841337870254222e+01	2.064058221881325039e+01	2.090721192428482311e+01	2.017990301434694089e+01	3.009285575936193169e+01	2.024476937003825938e+01	1.970848219304266280e+01	1.975322052346377788e+01	2.055528690018370597e+01	2.011011907732254045e+01	2.002580928579902420e+01	1.998432019136346938e+01	1.983155590948845770e+01	2.035862035529039105e+01	2.001035319725712114e+01	2.080030170172009818e+01	2.061307630083046050e+01	2.064837135819385949e+01	2.109089709161101567e+01	2.029408535619916520e+01	1.997554406092805479e+01	1.972034576012328699e+01	2.008478889416118918e+01	2.069968596709470177e+01	2.063336708556445132e+01	2.006792199009155908e+01	2.010262216760826703e+01	1.949747605503488757e+01	2.040241080074105184e+01	2.046158208329221395e+01	2.087467510569452145e+01	1.970895382075332591e+01	2.007271459737209796e+01	1.955724870180305786e+01
2.032066709482813494e+01	2.045159538210321415e+01	1.943674643702203042e+01	1.923608685606211921e+01	1.990543255088168806e+01	1.967905470734459072e+01	1.961582351897272147e+01	2.019102210238123973e+01	2.021164493805243012e+01	1.982034700799610860e+01	1.947428878554972087e+01	2.072425873581785893e+01	1.992436417698900897e+01	2.022575583451382997e+01	1.977355449498859485e+01	2.021772888478500718e+01	2.058878687079827330e+01	2.066124674742992795e+01	2.077821788922594592e+01	1.985872255476197168e+01	2.024476937003825938e+01	2.968498223172568018e+01	1.966250092606710709e+01	1.985299048175017944e+01	2.005687066153455334e+01	2.006793674420592666e+01	1.998461936127252869e+01	1.992297567570106054e+01	1.979886776162341988e+01	2.017249960884871385e+01	2.019424947840409246e+01	2.048469216200990672e+01	2.051297312973627740e+01	2.040243046910973135e+01	2.062559484078633787e+01	2.001030789365578499e+01	1.962254229130871508e+01	2.010386859653729630e+01	2.004395742519404777e+01	2.050221034134388987e+01	1.977317109728994282e+01	1.972245341367458238e+01	2.006770004634742932e+01	1.968711387010246128e+01	2.021086800398213867e+01	2.025358164300475750e+01	2.097998595155853252e+01	1.982097333590883181e+01	1.982342515262809712e+01	1.969930440253467907e+01
1.970992599858961825e+01	1.936514024660138489e+01	1.877657777755660362e+01	1.916271254099596888e+01	1.904108041318872324e+01	1.956275404656398109e+01	1.936517620255698446e+01	1.937198623681396725e+01	1.970956849053595050e+01	1.907904896975888320e+01	1.861467844014998718e+01	2.012418408805887893e+01	1.907192945968253639e+01	1.952406078132774780e+01	1.934288432590620843e+01	1.932723768214626858e+01	1.978173946269047079e+01	1.957290536937696146e+01	1.999572738484095424e+01	1.926526898308609859e+01	1.970848219304266280e+01	1.966250092606710709e+01	2.849630875646612793e+01	1.954745345019105329e+01	1.933211876880809044e+01	1.918841811262088370e+01	1.966943962173208504e+01	1.949718121111337155e+01	1.921071166274403197e+01	1.930652407521389691e+01	1.969001739478987645e+01	1.961893343479604823e+01	1.981768616683242357e+01	1.963676821370333769e+01	2.019085642203058484e+01	1.962711515903251325e+01	1.912432335426287011e+01	1.925505933200903641e+01	1.923996212191180177e+01	1.981912585348187505e+01	1.955039348791078879e+01	1.943655925244651428e+01	1.991474470534184604e+01	1.886365754161863251e+01	1.967809718281875320e+01	1.935560358947330784e+01	2.019218078053510368e+01	1.895866592931483297e+01	1.938407919927743706e+01	1.920243961920248310e+01
1.990686547349375601e+01	1.986377931074142822e+01	1.897059534204695552e+01	1.916077660954184481e+01	1.944044090900950295e+01	1.983333838369363988e+01	1.943712460684966814e+01	1.999669108855595212e+01	1.988543551162844381e+01	1.994061124453220657e+01	1.944473630032451794e+01	2.000863912664013355e+01	1.971669571981026792e+01	2.008573846763306747e+01	1.959704933985142361e+01	1.927576904665060908e+01	1.990489081015842388e+01	2.007521526188886085e+01	2.027144714292947114e+01	1.949491360183398569e+01	1.975322052346377788e+01	1.985299048175017944e+01	1.954745345019105329e+01	2.913174055600191181e+01	1.952850800659595265e+01	1.910369443666811407e+01	1.958441617698345283e+01	1.932922480748953831e+01	1.926553430405701306e+01	1.956302655551315794e+01	2.028217828017762514e+01	1.972497741244663061e+01	1.997680517606014305e+01	1.952647006108607641e+01	2.045397633587308661e+01	1.941288211722747548e+01	1.929364949404813956e+01	1.965286145118371408e+01	1.966342008972042876e+01	2.001069149011765802e+01	1.969160086870428117e+01	1.964822758290598870e+01	2.025583357979064303e+01	1.929194744983679044e+01	2.021575545841983867e+01	1.940913799219989500e+01	2.004613360548402312e+01	1.925679487024591552e+01	1.989907931444327716e+01	1.941041433371939462e+01
2.024591699381230114e+01	2.038193899894921657e+01	1.996224430073458578e+01	1.978141467537362175e+01	2.020611268790170456e+01	1.968692074468103570e+01	1.996109736614488028e+01	2.045235933453272281e+01	2.038212436963648244e+01	1.982067136340821989e+01	1.956442212060206387e+01	2.052519700853617834e+01	1.975731475727691588e+01	1.995871625277998263e+01	2.016232322889286266e+01	2.032356029860586233e+01	2.017293780654330604e+01	2.053490198652109200e+01	2.092023504847623983e+01	1.976056772088354663e+01	2.055528690018370597e+01	2.005687066153455334e+01	1.933211876880809044e+01	1.952850800659595265e+01	3.022972594554358494e+01	1.998820865604039554e+01	2.002513085282725669e+01	2.032251302784987246e+01	1.973271238971725694e+01	2.025913761976316962e+01	2.040834098525953166e+01	2.029412591176187419e+01	2.041123720236577554e+01	2.029409814388655420e+01	2.116220052454046652e+01	2.010210101592897303e+01	2.032224941658100192e+01	2.001013125248261559e+01	2.019631294028590673e+01	2.049968848031781121e+01	2.031765687296786638e+01	2.008969477197455333e+01	2.086332228605382610e+01	1.987013059149233740e+01	2.075093252685345746e+01	2.000289401780856124e+01	2.068860684094894964e+01	2.018879548248636624e+01	2.025084559576493604e+01	2.019267782681508905e+01
2.019637011677513172e+01	2.041728736182513160e+01	1.928306793955028908e+01	1.903243243065800883e+01	1.979938913788968691e+01	2.012967685119958361e+01	1.978572610362947870e+01	1.991368341547993737e+01	1.997966049387463272e+01	1.970121738296994707e+01	1.916208264285977236e+01	1.988349904036568105e+01	1.997497504037289318e+01	2.013940116370477185e+01	1.976226597965819565e+01	1.977177029354382043e+01	2.022936170592274152e+01	2.043570292680196232e+01	2.011667733913234457e+01	1.949715157369601570e+01	2.011011907732254045e+01	2.006793674420592666e+01	1.918841811262088370e+01	1.910369443666811407e+01	1.998820865604039554e+01	2.947563908604947258e+01	1.966215233280479779e+01	1.948004912513792775e+01	1.899122261539872270e+01	1.986489133102509541e+01	2.028040336393830501e+01	1.991617176952750867e+01	1.987062672512119121e+01	1.983612048293562680e+01	2.074525290078875273e+01	1.936464041663964153e+01	1.937585708694808773e+01	1.969025283627910028e+01	1.982847620769801722e+01	1.990791540413577465e+01	1.999071474978205032e+01	1.952422924044234165e+01	2.027583568832408645e+01	1.945831184514464240e+01	2.052448115488156333e+01	1.986395948172532755e+01	2.040767010779063639e+01	1.951256203461298711e+01	1.982888460820716148e+01	1.950048139173341966e+01
2.008514775559667243e+01	2.041735867268292282e+01	1.912504918757663575e+01	1.949531352268264328e+01	1.978977563422675345e+01	1.996067206366025459e+01	1.992892647117371396e+01	1.995564597480613145e+01	2.028865390351002418e+01	1.947090598638525805e+01	1.943871069630743165e+01	2.040287432361450826e+01	1.992533531237989308e+01	2.029505838929215500e+01	1.988692014530455054e+01	2.025076131202142804e+01	2.010496825609235216e+01	2.052280362412102122e+01	2.059508090482450626e+01	1.968411979244382692e+01	2.002580928579902420e+01	1.998461936127252869e+01	1.966943962173208504e+01	1.958441617698345283e+01	2.002513085282725669e+01	1.966215233280479779e+01	2.991867049210127760e+01	1.986338480041048982e+01	1.981722186136151720e+01	1.998475164657084235e+01	2.023172045908006211e+01	2.045121105660610183e+01	2.051100748831970577e+01	2.031033784974585998e+01	2.096268322308507592e+01	1.954871260537781552e+01	1.981141151439217651e+01	1.997330587907692490e+01	1.985395442595348925e+01	2.023503233335637930e+01	2.003471368352156645e+01	1.985452127253590859e+01	2.068056420493836001e+01	1.966788009179479957e+01	1.954855594165646338e+01	2.006393265256633995e+01	2.057661734603876624e+01	1.995573712422449120e+01	2.010627632073598292e+01	1.983200500895064167e+01
1.997515581004827467e+01	1.995569264328401715e+01	1.939062145135131132e+01	1.928238281025919321e+01	1.963816791829128050e+01	1.943965293677419837e+01	1.973028191654277563e+01	2.026262031247687290e+01	1.979725596246209918e+01	1.946660420565095961e+01	1.968906433143192203e+01	2.007066487400269139e+01	1.942213945345244852e+01	1.972230464016247353e+01	1.963744117969810787e+01	1.967312995301485046e+01	1.991435428347073611e+01	2.033069681816222030e+01	2.033265372579915109e+01	2.002556852408084609e+01	1.998432019136346938e+01	1.992297567570106054e+01	1.949718121111337155e+01	1.932922480748953831e+01	2.032251302784987246e+01	1.948004912513792775e+01	1.986338480041048982e+01	2.947270344577024659e+01	1.921022735655284919e+01	1.935738216958644031e+01	2.021850844362574051e+01	1.958300646032995118e+01	2.006825447649514160e+01	2.008469337175636582e+01	2.072740640251686628e+01	1.991616490277053941e+01	1.942923306034199271e+01	1.978542454638322923e+01	1.930614356203781057e+01	2.009623598397417155e+01	1.958437577528963303e+01	1.927173563730297445e+01	2.000185413914487498e+01	1.972598693112190205e+01	1.987999331885824361e+01	2.021961562030922011e+01	2.022998095321517908e+01	1.937091211699803495e+01	1.985844094987894692e+01	1.935439607434470943e+01
1.967568865055664062e+01	1.997544201488349813e+01	1.969479657658134286e+01	1.910067784084160891e+01	1.968582536427923202e+01	1.983842783290633349e+01	1.918117886596096255e+01	2.002119332509389338e+01	1.960285431958327607e+01	1.928685107401270926e+01	1.930263646643309272e+01	1.989948958039044413e+01	1.966305504654568281e+01	1.964761941707002180e+01	1.986113105413782520e+01	1.985069455914095471e+01	1.980027433887185495e+01	2.010161036051555783e+01	1.979805561974632155e+01	1.923676201314874845e+01	1.983155590948845770e+01	1.979886776162341988e+01	1.921071166274403197e+01	1.926553430405701306e+01	1.973271238971725694e+01	1.899122261539872270e+01	1.981722186136151720e+01	1.921022735655284919e+01	2.893724135837718947e+01	1.945579618427428770e+01	1.980619576795017878e+01	1.985481053642221738e+01	1.948445958390578880e+01	2.007501761177436350e+01	2.040845639899001185e+01	1.942424300232945100e+01	1.945746444576980139e+01	1.945584433760005894e+01	1.956786445424077314e+01	2.010747385009165811e+01	1.950263589701367195e+01	1.956549469719150736e+01	2.022580601809099576e+01	1.930486742144505996e+01	2.022267093918269154e+01	1.980313021003430052e+01	2.050857626994773852e+01	1.928407498794292252e+01	1.992922128000475013e+01	1.957215944802990748e+01
2.027652280632481308e+01	1.980101176560863152e+01	1.950771365438414051e+01	1.981376783337852387e+01	1.978451517426256956e+01	1.999180577473342169e+01	1.977919174801145275e+01	1.998482615609152546e+01	1.998049783021608405e+01	2.003955083348460420e+01	1.934932165372456225e+01	2.009904949181286327e+01	1.998272511619198966e+01	2.036132402319966062e+01	2.014394615853914061e+01	2.038681571416707783e+01	2.067400023408273668e+01	2.036909458878025347e+01	2.045194920345883460e+01	1.984816433651507595e+01	2.035862035529039105e+01	2.017249960884871385e+01	1.930652407521389691e+01	1.956302655551315794e+01	2.025913761976316962e+01	1.986489133102509541e+01	1.998475164657084235e+01	1.935738216958644031e+01	1.945579618427428770e+01	2.958229465877573361e+01	2.011140191954479306e+01	2.047470401172829213e+01	1.980252424016570600e+01	2.027775896397365685e+01	2.065567570825356469e+01	2.001051016997383059e+01	1.983279395487713970e+01	1.973681788541069082e+01	1.943457962076962886e+01	1.991795146220738744e+01	2.007076399636233432e+01	1.992766567019132040e+01	2.006749729648908342e+01	1.965022660688193668e+01	1.998775397660474340e+01	2.002937555976084028e+01	2.090112114491478223e+01	1.938845507555418379e+01	2.012482326832025592e+01	1.978700565007897083e+01
2.038546313883517414e+01	2.069278722315070596e+01	2.004789326289479945e+01	1.971395129680105285e+01	2.035148543885916084e+01	2.019735548652757018e+01	1.992741313862983432e+01	2.034498792055456917e+01	2.028272615181811034e+01	2.030554596019623048e+01	1.978193286412652796e+01	2.047347730807438637e+01	2.015427766585248293e+01	2.086348511935383598e+01	2.059525210458818378e+01	1.995431314249662691e+01	2.060231969446672196e+01	2.060484576940667623e+01	2.039118365789623866e+01	2.029509308851319105e+01	2.001035319725712114e+01	2.019424947840409246e+01	1.969001739478987645e+01	2.028217828017762514e+01	2.040834098525953166e+01	2.028040336393830501e+01	2.023172045908006211e+01	2.021850844362574051e+01	1.980619576795017878e+01	2.011140191954479306e+01	2.980418510447552194e+01	2.060768440777520638e+01	2.074950758888614644e+01	2.079673498588646297e+01	2.106829456827024316e+01	1.979249001302668631e+01	1.976943988227731097e+01	2.008004486630155228e+01	2.010601343383427420e+01	2.033551372146803260e+01	2.026664793233593898e+01	2.019418629563453749e+01	2.089066243664328226e+01	2.012042140836596715e+01	2.060420149206340312e+01	2.054548339815313795e+01	2.103554909771887793e+01	2.016977237254938160e+01	2.012029692121814861e+01	1.989609065666352450e+01
2.058920351863354981e+01	2.059614485890089597e+01	1.983580924451946359e+01	1.972290629015619956e+01	2.033299877614725304e+01	2.040194055760165170e+01	2.012691538700378757e+01	2.060755044550129256e+01	2.052262276062908697e+01	2.013484436464154470e+01	1.990221310691977763e+01	2.082938370712524900e+01	2.033561407021784362e+01	2.089009207058737516e+01	2.052081401850156794e+01	2.037485045688665153e+01	2.039445399517342850e+01	2.062124884564242322e+01	2.072975121911132135e+01	2.025022358993563643e+01	2.080030170172009818e+01	2.048469216200990672e+01	1.961893343479604823e+01	1.972497741244663061e+01	2.029412591176187419e+01	1.991617176952750867e+01	2.045121105660610183e+01	1.958300646032995118e+01	1.985481053642221738e+01	2.047470401172829213e+01	2.060768440777520638e+01	3.062539708204988997e+01	2.021319941476620841e+01	2.048489579458582455e+01	2.114409391452731057e+01	1.970105489944638322e+01	2.000281061106134928e+01	1.998402762872357030e+01	2.025034205296205414e+01	2.055654439193434158e+01	1.993416067053786023e+01	2.060087017460518766e+01	2.037221844011504501e+01	1.977382263842223509e+01	2.071321333108327423e+01	2.048663119530782950e+01	2.114010372227345513e+01	2.024872645405272564e+01	2.035573989456298705e+01	1.994894548629544673e+01
