2.926053011566381912e+01	2.028559624484355695e+01	1.989648551327653792e+01	1.980542020814127824e+01	1.968406849830489236e+01	1.988639966587534857e+01	1.990719913883085113e+01	1.982911192563855707e+01	1.990122525814293297e+01	1.995239533565407442e+01	2.001555227500274725e+01	1.991032545876164406e+01	1.972757360103015856e+01	1.961284278986745733e+01	1.978435230318365967e+01	1.995329308320516404e+01	2.041623473707331016e+01	2.009529619036090153e+01	1.976122549589172905e+01	2.010941196431157962e+01	2.005227697987513480e+01	1.979304382919759675e+01	1.972423499539350900e+01	1.937598124259685761e+01	1.967861066641463452e+01	1.987333940693457279e+01	1.935433771915423407e+01	1.961994278018134352e+01	2.014606089319358873e+01	1.962861193046009234e+01	1.982138511056230001e+01	2.023935792976156733e+01	2.004836980055464579e+01	1.974304699048632017e+01	1.980196337058392686e+01	1.965867917472002446e+01	1.967966941821750027e+01	2.015671119608787265e+01	1.985728339770441764e+01	1.969988093473183710e+01	1.975994880667851561e+01	1.935180125473880608e+01	2.008170088989770363e+01	2.003952812279969109e+01	1.950483385728503904e+01	1.965780279433480970e+01	1.954344053779412249e+01	1.945462091148893080e+01	1.970076753551553139e+01	2.065931802784438176e+01
2.028559624484355695e+01	3.005735615181689369e+01	2.032983774805392940e+01	2.033241854516630198e+01	1.992677826765987703e+01	1.990507561489523525e+01	2.025079883032600137e+01	2.035031228673125980e+01	2.033237323015922726e+01	2.004575452688153803e+01	2.036314732821036344e+01	2.024392558019436095e+01	2.007852111914661464e+01	2.005410818682301155e+01	2.057940709432660498e+01	2.056934710011186951e+01	2.067270664906531152e+01	1.995898528693728835e+01	2.035835355287920478e+01	2.068133167452941024e+01	2.062443456942604669e+01	2.009455798668435378e+01	2.036548647552824676e+01	1.999630739543166058e+01	2.032206437577446323e+01	2.059592173864683673e+01	1.987340231199489438e+01	2.012753588660169868e+01	2.066069420155477587e+01	1.988281751832096234e+01	2.060367133954372676e+01	2.055155721811432912e+01	2.037493540440288342e+01	1.992399236254391681e+01	2.032735260190070292e+01	1.988604717247236664e+01	2.012777860009904884e+01	2.064559122914671718e+01	2.020968989267387173e+01	2.003883272063206178e+01	1.998048775289437629e+01	1.983061333609766663e+01	2.042100790901619334e+01	2.033768443058664133e+01	2.016394244107383926e+01	2.068012946297984556e+01	1.981300827782280649e+01	1.989837105308951948e+01	2.040975191141665945e+01	2.071205828769408441e+01
1.989648551327653792e+01	2.032983774805392940e+01	3.027220549681654660e+01	2.022631426490764284e+01	1.968036089528056110e+01	1.994388910496991230e+01	2.046449752674350364e+01	2.048994145473956863e+01	2.021922216488991708e+01	2.022927655504445710e+01	2.006133423865955479e+01	2.029985949638608744e+01	1.972282318992689198e+01	1.959772354734030131e+01	1.991017928738619602e+01	2.015963218102413990e+01	2.055234260109473254e+01	1.994799659175644990e+01	2.018511528655435683e+01	2.041626498641115717e+01	1.989588584417959538e+01	1.968906168020426506e+01	2.000705060221756426e+01	1.973303110490519430e+01	2.055569688612051493e+01	2.021664470080834874e+01	2.010274741858074776e+01	1.966730195798027481e+01	2.051909574214382914e+01	1.954580783975317004e+01	2.034148622043080223e+01	2.074099586179876553e+01	2.048218456103856866e+01	2.044366781883165984e+01	2.018062436384274960e+01	2.020067001139270602e+01	1.980583122591947642e+01	2.052326970045823273e+01	2.028855740624830162e+01	2.022718240569242809e+01	2.000445851344447235e+01	1.981728121367459039e+01	1.965327432033538813e+01	2.018367285682823464e+01	1.988820803162598594e+01	2.025607395188374227e+01	1.947423735409893908e+01	2.015364435066335602e+01	1.997477372057835154e+01	2.032445150898408315e+01
1.980542020814127824e+01	2.033241854516630198e+01	2.022631426490764284e+01	3.024820797935630878e+01	2.008314039625033942e+01	1.991294089708947013e+01	2.022676703288383493e+01	2.057704386356449433e+01	1.981073976984299279e+01	1.983941194120111717e+01	1.989610511838527174e+01	1.988055041381067412e+01	2.020791325025075480e+01	2.040096292170897740e+01	2.048233299819698416e+01	2.042542828954195855e+01	2.024468789825764148e+01	2.017558780710746191e+01	2.026873039628524609e+01	2.005795866193045285e+01	1.994989288444757136e+01	1.983082502858476914e+01	2.045370430165247555e+01	2.017709036565718606e+01	2.041649270803081251e+01	2.077391015377234851e+01	1.998446479340957538e+01	1.978178921793307055e+01	2.034693999911922191e+01	2.001034845331398415e+01	2.008736405141790016e+01	2.042479812267796291e+01	2.055382140346866748e+01	2.020094720201348792e+01	2.025806373860990561e+01	2.026088789410416879e+01	2.055877387271550560e+01	2.045295511549776890e+01	2.002957484726449877e+01	1.979578396806286378e+01	2.023344258858281464e+01	1.971314269634571659e+01	1.950671862596111339e+01	2.000422783186526843e+01	2.006042408325893334e+01	2.016015833180646055e+01	1.958135361412401565e+01	2.015046652498397606e+01	1.981132471887125490e+01	1.989777781291487457e+01
1.968406849830489236e+01	1.992677826765987703e+01	1.968036089528056110e+01	2.008314039625033942e+01	2.947004563145933886e+01	1.927368629374154096e+01	1.989957417308639975e+01	1.975472820442283250e+01	1.981064211646264894e+01	1.986916082366215264e+01	1.961196881443159867e+01	1.973164932295532736e+01	1.978782446604705569e+01	1.971458339017934946e+01	1.978547944869369246e+01	1.961322586007367619e+01	2.021112652260144671e+01	1.978808349514483211e+01	2.008994058436985952e+01	1.990337808912335049e+01	1.992279623456126458e+01	1.939863792673632403e+01	1.965474123619087976e+01	1.925261384373402507e+01	2.013982570105600090e+01	2.009368876319156172e+01	1.942613601894283448e+01	1.964372328423764458e+01	2.017949809007528827e+01	1.935273163464852431e+01	1.974327259890959496e+01	2.023200566912484888e+01	1.968714185869720623e+01	1.949625688241260946e+01	1.953273512967965075e+01	1.959735705606098222e+01	2.023267517718730346e+01	1.994076785920750439e+01	1.979972557091599228e+01	2.009393704093334065e+01	1.935367669632982768e+01	1.927730019853061449e+01	1.932112061420449933e+01	1.962384113993281431e+01	1.958500778398763487e+01	1.970833491333950960e+01	1.979010942726274891e+01	1.970207819306375185e+01	1.961668975950347260e+01	2.031182174329131129e+01
1.988639966587534857e+01	1.990507561489523525e+01	1.994388910496991230e+01	1.991294089708947013e+01	1.927368629374154096e+01	2.960582724106548724e+01	2.027671276962929525e+01	2.016145435554156151e+01	1.965752903583845779e+01	1.960610381579513373e+01	1.976612180247857253e+01	1.995587790300063347e+01	1.980178427034253019e+01	1.919356874637406918e+01	1.986073641497483422e+01	2.035977493671504135e+01	2.022546165194877688e+01	1.983594885528819063e+01	2.006607797605756005e+01	2.031429577295267208e+01	1.985859130362905489e+01	1.942247509478243472e+01	1.944908739102186601e+01	1.981854682218547126e+01	1.992912875741384582e+01	2.018580939299613775e+01	1.913369091137795408e+01	2.015032989356760496e+01	2.032464670813724439e+01	1.959537616203212806e+01	2.009414667538660382e+01	1.987001131433243728e+01	2.024886437010540163e+01	1.974018586252986651e+01	1.988261050817441244e+01	1.964166582689429674e+01	2.014315180482730838e+01	2.025818525553169280e+01	2.016061332624837732e+01	1.960950419899013042e+01	1.943482707585080504e+01	1.950727587040464428e+01	1.951184775190798248e+01	1.978832800664396174e+01	1.966516282603750199e+01	1.952602757510635456e+01	1.916813887428555319e+01	1.974056732775541434e+01	1.949952531287506474e+01	2.050812954203034977e+01
1.990719913883085113e+01	2.025079883032600137e+01	2.046449752674350364e+01	2.022676703288383493e+01	1.989957417308639975e+01	2.027671276962929525e+01	3.018325025879940782e+01	2.026756499637690823e+01	1.998294097268852809e+01	1.986272189070455241e+01	2.021181630735923918e+01	2.008575864966133295e+01	1.996391944042792588e+01	1.974559688228477228e+01	2.056082162693485316e+01	2.049887675467543957e+01	2.056083997467930402e+01	2.040826535952241017e+01	2.068457156494437044e+01	2.035762261186428645e+01	2.036794168287312701e+01	2.017727532667632317e+01	2.000404275739858662e+01	2.011189249493021691e+01	2.009603117503764480e+01	2.060336046192765025e+01	2.009281369700837416e+01	2.024659076408817171e+01	2.062369413217025382e+01	1.964950611537503278e+01	2.031676514499020314e+01	2.065613770492020507e+01	2.054103255044680054e+01	2.014331085090199025e+01	2.010738790294071165e+01	2.002422441903595640e+01	2.024207509346090106e+01	2.072117771968164845e+01	2.037026302837180580e+01	2.015862269373900162e+01	1.999686107455585216e+01	1.994241608050056769e+01	2.005593330443560163e+01	2.020602000018883260e+01	2.016405948303781770e+01	2.045207281590803206e+01	2.003581748832538523e+01	2.018886082287482608e+01	1.962677655319288306e+01	2.052663788167281922e+01
1.982911192563855707e+01	2.035031228673125980e+01	2.048994145473956863e+01	2.057704386356449433e+01	1.975472820442283250e+01	2.016145435554156151e+01	2.026756499637690823e+01	3.067827490719008665e+01	2.005168471066381386e+01	2.000649527553975915e+01	1.976618716204840354e+01	2.010643863075844706e+01	1.981862619105554302e+01	2.017009522364964980e+01	2.035942634972757759e+01	2.060308492199458286e+01	2.086176297844840377e+01	2.028875378064704904e+01	2.032328211742663981e+01	2.051185647662426348e+01	2.062006236312577911e+01	1.987333065725354686e+01	2.020305790067394369e+01	2.043831656765807381e+01	2.023316019907716523e+01	2.038325371180831524e+01	1.994369411632631284e+01	2.025054514918257098e+01	2.062376286665097425e+01	1.987777026065783303e+01	2.007823431789399393e+01	2.075237615215440456e+01	2.091905786904355580e+01	2.017809920799259160e+01	2.054777287905363536e+01	2.035672715034974445e+01	2.016318168952366463e+01	2.078656216250062982e+01	2.083021293819744457e+01	2.029214445886763230e+01	2.013675639790330152e+01	1.974358778582774576e+01	2.070308706371897145e+01	2.049559740380343342e+01	2.025225491047807580e+01	2.046512294157604117e+01	1.994789387440437523e+01	1.957590643109502793e+01	2.011188027652561772e+01	2.073400264075309352e+01
1.990122525814293297e+01	2.033237323015922726e+01	2.021922216488991708e+01	1.981073976984299279e+01	1.981064211646264894e+01	1.965752903583845779e+01	1.998294097268852809e+01	2.005168471066381386e+01	2.959369311608853792e+01	1.951632847315711672e+01	1.985735299810291110e+01	2.003878465556351784e+01	1.984530225953533034e+01	1.937236157369896006e+01	1.997494956994215087e+01	2.028510005807730465e+01	2.019415201822329919e+01	1.986728676164349849e+01	2.020064151016484644e+01	2.004226051196721770e+01	2.026709756988561750e+01	1.963998289179957624e+01	1.985488243659657925e+01	1.992401601797473276e+01	2.042710967604582351e+01	1.998481729488704417e+01	1.970246507344302245e+01	2.018898132776244836e+01	2.023140471116171923e+01	1.935570653930271590e+01	2.023982196363959574e+01	2.015254796163090489e+01	2.044576058889249737e+01	1.952609933263464370e+01	2.000276108786766471e+01	1.963981158484258671e+01	2.014652368501639046e+01	1.999871338158441603e+01	2.028141469480264902e+01	2.007085940873675511e+01	2.002604196014412352e+01	1.936565337811876120e+01	1.914089849891178119e+01	1.977346518843571133e+01	2.008658157636826402e+01	2.032486242229551365e+01	1.953697549294768976e+01	1.990476039762093663e+01	1.972481206020118805e+01	2.022581394123442422e+01
1.995239533565407442e+01	2.004575452688153803e+01	2.022927655504445710e+01	1.983941194120111717e+01	1.986916082366215264e+01	1.960610381579513373e+01	1.986272189070455241e+01	2.000649527553975915e+01	1.951632847315711672e+01	2.943069965468215798e+01	1.979923009931347977e+01	1.973906362923790780e+01	1.962979544478423222e+01	1.955475357080317522e+01	1.986926010793807507e+01	1.982828066355088481e+01	2.045515717140657586e+01	1.986500096140514060e+01	1.994654135803624584e+01	1.996439417127078642e+01	1.975418951814022961e+01	1.976773867005563545e+01	1.982168935258184916e+01	1.946861904154589240e+01	1.992158144077217230e+01	2.024026086489728371e+01	1.936516807071284774e+01	1.998450302202546425e+01	1.997556008956930995e+01	1.909671218202939258e+01	1.998334716370924369e+01	2.027614560060200688e+01	2.033608805386403517e+01	1.916174918849522868e+01	1.987250321773539596e+01	2.003446953432776567e+01	2.028409579076213021e+01	2.032132760556772055e+01	2.013995607280605427e+01	1.980457990594144491e+01	1.957640266546811247e+01	1.934730199446434185e+01	1.962162418965463928e+01	1.970193222270304290e+01	2.004592663883566672e+01	2.013405717149691299e+01	1.919111038831212213e+01	1.993300785907048578e+01	1.974041374711646313e+01	2.025286381294560911e+01
2.001555227500274725e+01	2.036314732821036344e+01	2.006133423865955479e+01	1.989610511838527174e+01	1.961196881443159867e+01	1.976612180247857253e+01	2.021181630735923918e+01	1.976618716204840354e+01	1.985735299810291110e+01	1.979923009931347977e+01	2.983044636910198122e+01	1.996756540299521987e+01	1.954347727932538348e+01	1.981591078878616585e+01	2.013603079087939918e+01	1.983769304555787016e+01	2.044291886505678946e+01	2.015046972138213732e+01	2.037325824135054830e+01	2.086849820062120742e+01	1.999823900406708077e+01	1.964343738819720642e+01	2.003205362738347617e+01	2.015878063133092013e+01	2.050512987248379559e+01	2.039398198688543573e+01	1.997530112192238150e+01	1.996916438431288299e+01	2.035515947465857778e+01	1.988771792677102468e+01	2.042099549592790453e+01	2.033559929714559544e+01	2.035524651060405432e+01	1.989332042300014081e+01	2.013810982809135197e+01	2.057859613996635062e+01	2.000375028031014679e+01	2.065997647273450966e+01	2.023254692954834866e+01	1.967816653194016396e+01	1.970392801149605333e+01	1.964241109634771121e+01	1.972172018318460474e+01	1.993439922251193863e+01	2.015340368072408239e+01	2.027611154197461829e+01	1.956445217566341910e+01	2.040446602445290125e+01	1.970248006176246491e+01	2.016590921221154531e+01
1.991032545876164406e+01	2.024392558019436095e+01	2.029985949638608744e+01	1.988055041381067412e+01	1.973164932295532736e+01	1.995587790300063347e+01	2.008575864966133295e+01	2.010643863075844706e+01	2.003878465556351784e+01	1.973906362923790780e+01	1.996756540299521987e+01	2.975686896639411927e+01	2.019370915122690491e+01	1.952162391089267146e+01	2.003370521717716812e+01	1.994196046378391429e+01	2.049664487321892636e+01	2.015536667479298316e+01	2.022126737397130469e+01	2.052634410773465845e+01	2.011449353184805489e+01	2.002671778033812089e+01	1.939519232910696545e+01	1.976275582376708329e+01	2.028836663001924379e+01	2.014915637040894225e+01	1.979199002867937551e+01	2.012902990006093873e+01	2.025215070897197478e+01	1.957087446879792836e+01	2.026828382672133344e+01	2.048416715194344562e+01	2.007446420672962972e+01	1.960196284755665275e+01	1.994064529329087421e+01	1.982876749686620599e+01	1.973363638262221542e+01	2.030380602104972709e+01	1.986545187387427447e+01	1.977077301441826052e+01	1.979574208636471511e+01	1.965192714962410037e+01	1.967146177983677546e+01	1.993993173517364070e+01	1.996597558444337750e+01	2.021038052322427703e+01	1.919464533018707186e+01	1.953396422685672817e+01	1.956599704125143546e+01	2.032076201484701627e+01
1.972757360103015856e+01	2.007852111914661464e+01	1.972282318992689198e+01	2.020791325025075480e+01	1.978782446604705569e+01	1.980178427034253019e+01	1.996391944042792588e+01	1.981862619105554302e+01	1.984530225953533034e+01	1.962979544478423222e+01	1.954347727932538348e+01	2.019370915122690491e+01	2.927956226186428168e+01	1.966410142834161334e+01	1.997456172458318235e+01	2.010073598652401472e+01	2.033449147704360271e+01	1.963694695264724643e+01	2.014587201274746775e+01	1.998846514132623753e+01	1.992848788647966529e+01	1.959692352899096690e+01	1.948843762574832539e+01	1.964977051334174973e+01	2.003671162489546020e+01	1.985144754456991478e+01	1.917283141751682152e+01	1.977889742919426652e+01	2.014948421099114739e+01	1.945039299840731672e+01	1.982429611669263636e+01	2.040589772642714195e+01	2.022345476237697781e+01	1.967459467756956926e+01	1.991045651496488489e+01	1.958383567936378356e+01	1.999867752926681774e+01	2.010279859514666967e+01	1.991722784440963068e+01	1.966212526671457894e+01	1.918922066190978626e+01	1.986379308845083003e+01	1.953146597194034939e+01	1.966712340336717801e+01	1.958023631939925835e+01	1.982534654365558779e+01	1.910861110807111629e+01	1.921871390854413875e+01	1.934615472671239544e+01	2.019940194998092764e+01
1.961284278986745733e+01	2.005410818682301155e+01	1.959772354734030131e+01	2.040096292170897740e+01	1.971458339017934946e+01	1.919356874637406918e+01	1.974559688228477228e+01	2.017009522364964980e+01	1.937236157369896006e+01	1.955475357080317522e+01	1.981591078878616585e+01	1.952162391089267146e+01	1.966410142834161334e+01	2.922204129541911044e+01	2.008479737830363021e+01	1.956164648854046817e+01	2.007523857447350579e+01	1.959497347743508300e+01	2.005185459795478309e+01	1.981965026552104447e+01	1.968342871378501258e+01	1.960581249970762840e+01	1.943582794777088907e+01	1.954549370579999135e+01	1.995167973638632475e+01	2.001049320910651730e+01	1.937931921556359072e+01	1.936484120632805528e+01	1.980778094203389372e+01	1.943717573785330544e+01	1.982597074738069765e+01	2.000918564934930544e+01	1.995028080588940256e+01	1.931705232663738414e+01	2.013051766517485319e+01	1.937506806302595308e+01	1.936660595439607491e+01	2.025006049692529686e+01	1.962815682722266075e+01	1.911634035692440037e+01	1.946807534999342693e+01	1.965010932221274231e+01	1.950799354566521160e+01	2.000263773374133436e+01	1.978884154007318941e+01	1.950017273664729345e+01	1.931184025049662623e+01	1.929419495509885962e+01	1.943174613003018791e+01	2.008857968944312233e+01
1.978435230318365967e+01	2.057940709432660498e+01	1.991017928738619602e+01	2.048233299819698416e+01	1.978547944869369246e+01	1.986073641497483422e+01	2.056082162693485316e+01	2.035942634972757759e+01	1.997494956994215087e+01	1.986926010793807507e+01	2.013603079087939918e+01	2.003370521717716812e+01	1.997456172458318235e+01	2.008479737830363021e+01	3.016539722467199880e+01	2.022421096759987691e+01	2.066302540758287876e+01	2.024739431272686119e+01	2.056530194073722839e+01	2.035537320699917530e+01	2.017545339363631030e+01	1.998235576027774485e+01	2.029013161459483428e+01	1.996414914275111130e+01	2.047458659390314040e+01	2.062823015975288854e+01	1.947721843394558405e+01	2.013163461627178563e+01	2.062548915560415708e+01	1.953482681454629954e+01	2.046361228689325173e+01	2.046441132535078822e+01	2.059565647263540100e+01	2.009464106424607266e+01	1.992557949319377641e+01	2.020419256660388996e+01	1.998522424555030952e+01	2.103754229911817930e+01	2.017361795327773422e+01	1.980223655326820165e+01	2.007240101764415030e+01	1.994821280481390957e+01	1.980960806228203808e+01	2.035451428085613657e+01	1.990659012605463118e+01	2.040661259141322859e+01	1.947591624499408880e+01	2.034230172585468210e+01	1.962453538629309335e+01	2.028923279064968099e+01
1.995329308320516404e+01	2.056934710011186951e+01	2.015963218102413990e+01	2.042542828954195855e+01	1.961322586007367619e+01	2.035977493671504135e+01	2.049887675467543957e+01	2.060308492199458286e+01	2.028510005807730465e+01	1.982828066355088481e+01	1.983769304555787016e+01	1.994196046378391429e+01	2.010073598652401472e+01	1.956164648854046817e+01	2.022421096759987691e+01	2.976186719417947657e+01	2.035821034238015415e+01	1.994777841863651346e+01	2.055207266830162993e+01	2.047965392188509171e+01	2.043873339536331102e+01	2.024386641306137236e+01	2.008852384118254264e+01	1.995259085227052154e+01	2.035672798996439781e+01	2.029895781518013109e+01	1.975045620859299689e+01	2.016376952530785971e+01	2.068353779885298849e+01	1.974377596174842964e+01	2.069077421024931951e+01	2.034813172248749069e+01	2.053986741325289955e+01	2.009526392452836419e+01	2.017982693310658249e+01	1.996442479502769274e+01	1.994753553529891832e+01	2.080403516418861898e+01	2.059455024913110677e+01	1.992398629884043260e+01	1.985001950075336552e+01	1.994640061264833264e+01	1.989902409381479487e+01	2.032369002749648246e+01	2.002888547538581676e+01	2.014560821074269370e+01	1.983588752232236985e+01	2.004952130651387066e+01	1.982507062251607621e+01	2.037267555850740308e+01
2.041623473707331016e+01	2.067270664906531152e+01	2.055234260109473254e+01	2.024468789825764148e+01	2.021112652260144671e+01	2.022546165194877688e+01	2.056083997467930402e+01	2.086176297844840377e+01	2.019415201822329919e+01	2.045515717140657586e+01	2.044291886505678946e+01	2.049664487321892636e+01	2.033449147704360271e+01	2.007523857447350579e+01	2.066302540758287876e+01	2.035821034238015415e+01	3.063781923673112573e+01	2.050879973805484369e+01	2.060677176754057172e+01	2.084229781273415583e+01	2.073951339905353919e+01	2.018453237976412851e+01	2.014682707099930425e+01	1.991630394499709666e+01	2.076597878400420427e+01	2.079135571246507652e+01	2.001076160723257757e+01	2.045519070607310397e+01	2.101779326910323675e+01	1.949165802910885148e+01	2.068597148855731405e+01	2.081779873927601798e+01	2.047676798480289762e+01	2.049467057955445171e+01	2.014758074216294048e+01	2.032558759983176344e+01	2.033275917042520575e+01	2.079412099193549679e+01	2.069666160523257759e+01	2.017768816054475423e+01	2.026619412008874477e+01	2.009904547205517744e+01	2.015017699344710778e+01	2.053000375721160964e+01	2.061518100680997989e+01	2.066298692057320707e+01	1.978838511003249323e+01	2.035495002527143527e+01	2.010668174751151938e+01	2.074376270475741535e+01
2.009529619036090153e+01	1.995898528693728835e+01	1.994799659175644990e+01	2.017558780710746191e+01	1.978808349514483211e+01	1.983594885528819063e+01	2.040826535952241017e+01	2.028875378064704904e+01	1.986728676164349849e+01	1.986500096140514060e+01	2.015046972138213732e+01	2.015536667479298316e+01	1.963694695264724643e+01	1.959497347743508300e+01	2.024739431272686119e+01	1.994777841863651346e+01	2.050879973805484369e+01	2.976303721760029219e+01	2.019488268828719413e+01	2.043866207529558210e+01	2.033336071702168724e+01	1.958687930520354570e+01	1.989953580307135184e+01	1.982358623566721789e+01	2.001840135283404720e+01	2.009560071755440802e+01	1.962239551950085570e+01	1.996406615387710559e+01	2.015908601526695065e+01	1.965673122123238770e+01	2.009247750333513594e+01	2.077097839002081159e+01	2.034829804066896486e+01	1.967989202328998388e+01	1.990497887394986876e+01	2.002217214677152768e+01	2.011592580068853664e+01	2.048288733062726408e+01	2.024099039515766663e+01	1.974604105682482214e+01	2.008859194861688025e+01	1.979227166044019270e+01	1.962831406546106194e+01	2.014915408578309197e+01	1.983217461755900146e+01	2.021970611644273674e+01	1.921496915429015218e+01	2.025384382989712151e+01	1.998770491800769022e+01	2.068544640796627831e+01
1.976122549589172905e+01	2.035835355287920478e+01	2.018511528655435683e+01	2.026873039628524609e+01	2.008994058436985952e+01	2.006607797605756005e+01	2.068457156494437044e+01	2.032328211742663981e+01	2.020064151016484644e+01	1.994654135803624584e+01	2.037325824135054830e+01	2.022126737397130469e+01	2.014587201274746775e+01	2.005185459795478309e+01	2.056530194073722839e+01	2.055207266830162993e+01	2.060677176754057172e+01	2.019488268828719413e+01	3.010856899284235766e+01	2.074997713102751717e+01	2.043688242469415783e+01	2.033935490871165186e+01	2.043408821223958682e+01	2.012954233123607040e+01	2.050324952494984032e+01	2.028281199220774766e+01	2.003249569902365934e+01	2.000703831243086483e+01	2.057359688408633147e+01	1.961048042897786914e+01	2.092262418356899900e+01	2.065172445695653636e+01	2.049500375436011268e+01	2.001136001304703527e+01	2.025896207776365188e+01	1.974713584108481612e+01	1.993318021707878884e+01	2.123185056524364711e+01	2.045702804851756440e+01	2.019010704088289287e+01	2.029736785754466055e+01	1.999250688808309917e+01	1.985580866135428835e+01	2.023001045546462251e+01	2.026133135635554439e+01	2.061170245731758044e+01	1.976662499733547662e+01	2.035798981253487128e+01	2.011284055392011538e+01	2.046061942255123256e+01
2.010941196431157962e+01	2.068133167452941024e+01	2.041626498641115717e+01	2.005795866193045285e+01	1.990337808912335049e+01	2.031429577295267208e+01	2.035762261186428645e+01	2.051185647662426348e+01	2.004226051196721770e+01	1.996439417127078642e+01	2.086849820062120742e+01	2.052634410773465845e+01	1.998846514132623753e+01	1.981965026552104447e+01	2.035537320699917530e+01	2.047965392188509171e+01	2.084229781273415583e+01	2.043866207529558210e+01	2.074997713102751717e+01	3.061274164582505009e+01	2.009827007245775476e+01	2.026729323334392419e+01	2.011087891024710927e+01	2.029392933443768854e+01	2.042403041607953540e+01	2.039942245200516879e+01	2.012326287595027807e+01	2.013976714846349481e+01	2.075073718165212000e+01	1.955798114526575304e+01	2.075934850954594779e+01	2.072280547214791824e+01	2.059581809913110106e+01	1.996456784558954567e+01	2.008657494815712496e+01	2.008557556567269486e+01	2.030615409495880641e+01	2.075397124852822728e+01	2.074718813240955129e+01	2.049231290076669154e+01	2.030486692223527001e+01	1.996844744324066312e+01	2.013794218940888570e+01	2.046533211603345137e+01	2.045752498795093288e+01	2.074916025863522151e+01	1.947887350864881739e+01	2.011052517352328550e+01	2.007810591241124598e+01	2.082313513134608840e+01
2.005227697987513480e+01	2.062443456942604669e+01	1.989588584417959538e+01	1.994989288444757136e+01	1.992279623456126458e+01	1.985859130362905489e+01	2.036794168287312701e+01	2.062006236312577911e+01	2.026709756988561750e+01	1.975418951814022961e+01	1.999823900406708077e+01	2.011449353184805489e+01	1.992848788647966529e+01	1.968342871378501258e+01	2.017545339363631030e+01	2.043873339536331102e+01	2.073951339905353919e+01	2.033336071702168724e+01	2.043688242469415783e+01	2.009827007245775476e+01	3.023760469483045554e+01	2.008112465874128105e+01	1.995349863019928804e+01	1.985613509872965210e+01	2.004657083948871588e+01	2.008167550835546677e+01	1.945719857446557910e+01	2.005267387087402042e+01	2.042948969719342145e+01	1.977488661989212559e+01	2.024967332861138658e+01	2.046872724298336976e+01	2.052565498489814644e+01	1.938466303305155236e+01	1.996146907237618962e+01	1.934070799301640875e+01	2.011895166290573300e+01	2.058824934308449173e+01	2.036144077007876518e+01	1.992244328351699778e+01	2.029438247945653373e+01	2.001226661661838691e+01	1.980323366258187079e+01	2.025023563451640030e+01	1.981424905062651476e+01	2.049682962509191597e+01	1.972654294123973884e+01	1.982266139713228981e+01	1.977849515384521695e+01	2.047123759224700379e+01
1.979304382919759675e+01	2.009455798668435378e+01	1.968906168020426506e+01	1.983082502858476914e+01	1.939863792673632403e+01	1.942247509478243472e+01	2.017727532667632317e+01	1.987333065725354686e+01	1.963998289179957624e+01	1.976773867005563545e+01	1.964343738819720642e+01	2.002671778033812089e+01	1.959692352899096690e+01	1.960581249970762840e+01	1.998235576027774485e+01	2.024386641306137236e+01	2.018453237976412851e+01	1.958687930520354570e+01	2.033935490871165186e+01	2.026729323334392419e+01	2.008112465874128105e+01	2.985945904457098621e+01	1.980402014356003804e+01	1.979942711559024104e+01	2.046741227564791643e+01	2.022323143159500702e+01	1.988242741536499736e+01	1.990634647076770491e+01	2.054329380270292660e+01	1.934367215715656840e+01	1.982676746925688960e+01	2.013431547236621810e+01	2.013197896679109888e+01	1.991941995401268528e+01	1.997074894730916839e+01	1.976321046546208038e+01	1.977059786317495593e+01	2.039006063799534019e+01	2.067240091395344237e+01	1.983906638582989501e+01	1.981699175870789276e+01	1.927311722565200824e+01	1.955726033995045654e+01	2.020122240131645697e+01	2.008255333501042372e+01	2.007076386501223908e+01	1.946028886988283801e+01	1.972217717578179830e+01	1.949898132398504202e+01	1.989734948825024929e+01
1.972423499539350900e+01	2.036548647552824676e+01	2.000705060221756426e+01	2.045370430165247555e+01	1.965474123619087976e+01	1.944908739102186601e+01	2.000404275739858662e+01	2.020305790067394369e+01	1.985488243659657925e+01	1.982168935258184916e+01	2.003205362738347617e+01	1.939519232910696545e+01	1.948843762574832539e+01	1.943582794777088907e+01	2.029013161459483428e+01	2.008852384118254264e+01	2.014682707099930425e+01	1.989953580307135184e+01	2.043408821223958682e+01	2.011087891024710927e+01	1.995349863019928804e+01	1.980402014356003804e+01	2.918101218346685144e+01	1.966901550529503240e+01	1.990793509119311722e+01	1.977327114098634198e+01	1.983248205591081614e+01	1.972742351092847457e+01	2.017432861919517961e+01	1.927291612132235699e+01	1.991823825656603120e+01	2.021358671481909042e+01	2.030049938869955994e+01	1.945793941324193099e+01	1.985340970485297518e+01	1.961185112541760134e+01	1.956033514963821673e+01	2.037537644773965795e+01	2.012097224718175426e+01	1.944182544167218296e+01	1.986010383236119381e+01	1.945299940004551331e+01	1.927380576066507700e+01	1.991272548645099150e+01	2.011735763845992153e+01	2.011761640403278051e+01	1.947841938290305208e+01	1.986337883117315428e+01	1.970137069038534250e+01	2.020001846061579442e+01
1.937598124259685761e+01	1.999630739543166058e+01	1.973303110490519430e+01	2.017709036565718606e+01	1.925261384373402507e+01	1.981854682218547126e+01	2.011189249493021691e+01	2.043831656765807381e+01	1.992401601797473276e+01	1.946861904154589240e+01	2.015878063133092013e+01	1.976275582376708329e+01	1.964977051334174973e+01	1.954549370579999135e+01	1.996414914275111130e+01	1.995259085227052154e+01	1.991630394499709666e+01	1.982358623566721789e+01	2.012954233123607040e+01	2.029392933443768854e+01	1.985613509872965210e+01	1.979942711559024104e+01	1.966901550529503240e+01	2.935079756972110587e+01	1.988970585216937792e+01	2.009706421149797251e+01	1.975952080273951950e+01	1.950539289926939190e+01	2.017254997670152505e+01	1.910258112968277189e+01	1.964307656729537399e+01	2.007115187001927836e+01	2.016817977314944699e+01	1.962312885751577340e+01	1.962206403372705310e+01	1.972452354108564165e+01	1.961521876596491154e+01	2.035926530598013784e+01	1.971097453602944327e+01	1.973217623017324129e+01	1.921429914447923437e+01	1.952771534059165859e+01	1.963488015915665841e+01	1.985608050114547396e+01	1.982794029926597901e+01	2.011033106331849396e+01	1.940115057953031652e+01	1.938696925840548602e+01	1.944384776727428488e+01	1.991843898922263634e+01
1.967861066641463452e+01	2.032206437577446323e+01	2.055569688612051493e+01	2.041649270803081251e+01	2.013982570105600090e+01	1.992912875741384582e+01	2.009603117503764480e+01	2.023316019907716523e+01	2.042710967604582351e+01	1.992158144077217230e+01	2.050512987248379559e+01	2.028836663001924379e+01	2.003671162489546020e+01	1.995167973638632475e+01	2.047458659390314040e+01	2.035672798996439781e+01	2.076597878400420427e+01	2.001840135283404720e+01	2.050324952494984032e+01	2.042403041607953540e+01	2.004657083948871588e+01	2.046741227564791643e+01	1.990793509119311722e+01	1.988970585216937792e+01	3.032932378343585000e+01	2.044009460823101421e+01	1.998234384396926089e+01	1.993913407176635744e+01	2.061962150643211800e+01	1.949658206421175066e+01	2.012856634643788567e+01	2.103066037767515084e+01	2.062000994588915148e+01	1.982195097783507975e+01	2.047675159838003012e+01	2.007657559544689718e+01	1.999457048222548394e+01	2.059133652404386439e+01	2.040924381792210340e+01	2.007934218310832719e+01	2.004719911013613753e+01	1.971907857348787729e+01	2.023097894818613440e+01	2.005767628045510875e+01	1.995427678976297514e+01	2.046534873647556552e+01	1.969415161376623047e+01	2.027519087383728902e+01	1.991301588974543790e+01	2.021641355885954994e+01
1.987333940693457279e+01	2.059592173864683673e+01	2.021664470080834874e+01	2.077391015377234851e+01	2.009368876319156172e+01	2.018580939299613775e+01	2.060336046192765025e+01	2.038325371180831524e+01	1.998481729488704417e+01	2.024026086489728371e+01	2.039398198688543573e+01	2.014915637040894225e+01	1.985144754456991478e+01	2.001049320910651730e+01	2.062823015975288854e+01	2.029895781518013109e+01	2.079135571246507652e+01	2.009560071755440802e+01	2.028281199220774766e+01	2.039942245200516879e+01	2.008167550835546677e+01	2.022323143159500702e+01	1.977327114098634198e+01	2.009706421149797251e+01	2.044009460823101421e+01	3.041911921126844831e+01	1.999730754640780361e+01	2.013966919373403641e+01	2.040446503179022386e+01	1.991632568475969123e+01	2.047740320420034976e+01	2.026583771931326794e+01	2.079443455686223885e+01	1.982359181235091938e+01	2.025875114934505561e+01	1.997248147435707466e+01	1.980733984180093543e+01	2.084602250514483046e+01	2.033581660850688522e+01	2.020612542627739217e+01	2.003723919306423440e+01	1.952862824782611284e+01	1.952323845682629155e+01	2.035862364434944283e+01	2.001308140784385614e+01	2.039933541843202036e+01	1.949492778717715069e+01	1.992870637582413806e+01	1.999197169979430555e+01	2.041489089484215569e+01
1.935433771915423407e+01	1.987340231199489438e+01	2.010274741858074776e+01	1.998446479340957538e+01	1.942613601894283448e+01	1.913369091137795408e+01	2.009281369700837416e+01	1.994369411632631284e+01	1.970246507344302245e+01	1.936516807071284774e+01	1.997530112192238150e+01	1.979199002867937551e+01	1.917283141751682152e+01	1.937931921556359072e+01	1.947721843394558405e+01	1.975045620859299689e+01	2.001076160723257757e+01	1.962239551950085570e+01	2.003249569902365934e+01	2.012326287595027807e+01	1.945719857446557910e+01	1.988242741536499736e+01	1.983248205591081614e+01	1.975952080273951950e+01	1.998234384396926089e+01	1.999730754640780361e+01	2.930133159767661510e+01	1.967583168429347040e+01	2.007184433572900772e+01	1.950266952565204903e+01	2.006432781489554884e+01	1.986510305522990905e+01	1.994737697711968494e+01	1.948619721884239908e+01	1.972557177042876830e+01	1.921503630220654557e+01	1.969838171274984973e+01	2.014810290789235836e+01	1.971186240164939463e+01	1.973580265282463486e+01	1.994643818590350293e+01	1.940796435385304264e+01	1.951406855734459711e+01	1.962185655020557817e+01	1.998879567602641671e+01	2.002959062034835114e+01	1.883553495071793549e+01	1.949917712928111158e+01	1.941151018208157453e+01	2.023350953360343496e+01
1.961994278018134352e+01	2.012753588660169868e+01	1.966730195798027481e+01	1.978178921793307055e+01	1.964372328423764458e+01	2.015032989356760496e+01	2.024659076408817171e+01	2.025054514918257098e+01	2.018898132776244836e+01	1.998450302202546425e+01	1.996916438431288299e+01	2.012902990006093873e+01	1.977889742919426652e+01	1.936484120632805528e+01	2.013163461627178563e+01	2.016376952530785971e+01	2.045519070607310397e+01	1.996406615387710559e+01	2.000703831243086483e+01	2.013976714846349481e+01	2.005267387087402042e+01	1.990634647076770491e+01	1.972742351092847457e+01	1.950539289926939190e+01	1.993913407176635744e+01	2.013966919373403641e+01	1.967583168429347040e+01	2.989432116958283103e+01	2.033711926443273654e+01	1.926146485095840788e+01	2.016174958760019109e+01	2.059260112914830643e+01	2.044941314194618798e+01	1.971362644866472635e+01	2.003899233101184407e+01	1.956715694936913508e+01	1.978147153484185949e+01	2.041648681384086217e+01	2.019592127899867506e+01	1.980895634543969663e+01	1.988150095556246200e+01	1.968529386244741985e+01	2.000514283164491047e+01	1.992834423258027243e+01	1.986533945060102724e+01	1.988487970115313885e+01	1.952942148366145148e+01	1.967969618639296314e+01	1.963014534020329904e+01	2.031530169388288343e+01
2.014606089319358873e+01	2.066069420155477587e+01	2.051909574214382914e+01	2.034693999911922191e+01	2.017949809007528827e+01	2.032464670813724439e+01	2.062369413217025382e+01	2.062376286665097425e+01	2.023140471116171923e+01	1.997556008956930995e+01	2.035515947465857778e+01	2.025215070897197478e+01	2.014948421099114739e+01	1.980778094203389372e+01	2.062548915560415708e+01	2.068353779885298849e+01	2.101779326910323675e+01	2.015908601526695065e+01	2.057359688408633147e+01	2.075073718165212000e+01	2.042948969719342145e+01	2.054329380270292660e+01	2.017432861919517961e+01	2.017254997670152505e+01	2.061962150643211800e+01	2.040446503179022386e+01	2.007184433572900772e+01	2.033711926443273654e+01	3.025180965884141315e+01	1.948919650597057185e+01	2.072671428922184234e+01	2.072299282081708327e+01	2.053847696237417253e+01	2.044561108193758869e+01	2.047271867492482045e+01	2.001811371486291691e+01	2.051401672903751461e+01	2.066634447564323906e+01	2.046750879191059269e+01	2.017186730500737113e+01	2.030508518866525236e+01	1.992397632632111382e+01	2.004567926510204146e+01	2.013364576588222477e+01	2.016280968627769710e+01	2.067757233469544431e+01	2.000068403025907315e+01	2.022811709408169989e+01	1.972252992956462592e+01	2.088775067050152856e+01
1.962861193046009234e+01	1.988281751832096234e+01	1.954580783975317004e+01	2.001034845331398415e+01	1.935273163464852431e+01	1.959537616203212806e+01	1.964950611537503278e+01	1.987777026065783303e+01	1.935570653930271590e+01	1.909671218202939258e+01	1.988771792677102468e+01	1.957087446879792836e+01	1.945039299840731672e+01	1.943717573785330544e+01	1.953482681454629954e+01	1.974377596174842964e+01	1.949165802910885148e+01	1.965673122123238770e+01	1.961048042897786914e+01	1.955798114526575304e+01	1.977488661989212559e+01	1.934367215715656840e+01	1.927291612132235699e+01	1.910258112968277189e+01	1.949658206421175066e+01	1.991632568475969123e+01	1.950266952565204903e+01	1.926146485095840788e+01	1.948919650597057185e+01	2.867456383599246550e+01	1.932394025909987789e+01	1.995066878682628086e+01	2.000062441766207399e+01	1.921899482667657821e+01	1.897770923588634773e+01	1.940897594637682744e+01	1.974539824887110484e+01	2.005166986561793152e+01	1.972169253876988293e+01	1.920625092035334092e+01	1.907202198237768798e+01	1.921096044415095960e+01	1.937521044871080278e+01	1.953846747649429005e+01	1.913158314672567073e+01	1.942623595730518815e+01	1.928977110923879223e+01	1.961371898006052206e+01	1.936765943147853974e+01	1.963172059845735262e+01
1.982138511056230001e+01	2.060367133954372676e+01	2.034148622043080223e+01	2.008736405141790016e+01	1.974327259890959496e+01	2.009414667538660382e+01	2.031676514499020314e+01	2.007823431789399393e+01	2.023982196363959574e+01	1.998334716370924369e+01	2.042099549592790453e+01	2.026828382672133344e+01	1.982429611669263636e+01	1.982597074738069765e+01	2.046361228689325173e+01	2.069077421024931951e+01	2.068597148855731405e+01	2.009247750333513594e+01	2.092262418356899900e+01	2.075934850954594779e+01	2.024967332861138658e+01	1.982676746925688960e+01	1.991823825656603120e+01	1.964307656729537399e+01	2.012856634643788567e+01	2.047740320420034976e+01	2.006432781489554884e+01	2.016174958760019109e+01	2.072671428922184234e+01	1.932394025909987789e+01	3.028538886969519339e+01	2.074505957051686877e+01	2.046796049826772546e+01	2.025874035630830150e+01	2.044035702065565374e+01	1.969232978777296950e+01	2.026983865850205291e+01	2.091300853322459474e+01	2.023897340557870450e+01	1.992161114865570681e+01	2.023947531928140009e+01	1.995829267339865609e+01	1.971517543784911908e+01	2.039297847276426623e+01	2.039666486695617564e+01	2.050887398201207645e+01	1.990840937094838026e+01	2.017082701103726095e+01	2.009538618603630766e+01	2.014081811016240664e+01
2.023935792976156733e+01	2.055155721811432912e+01	2.074099586179876553e+01	2.042479812267796291e+01	2.023200566912484888e+01	1.987001131433243728e+01	2.065613770492020507e+01	2.075237615215440456e+01	2.015254796163090489e+01	2.027614560060200688e+01	2.033559929714559544e+01	2.048416715194344562e+01	2.040589772642714195e+01	2.000918564934930544e+01	2.046441132535078822e+01	2.034813172248749069e+01	2.081779873927601798e+01	2.077097839002081159e+01	2.065172445695653636e+01	2.072280547214791824e+01	2.046872724298336976e+01	2.013431547236621810e+01	2.021358671481909042e+01	2.007115187001927836e+01	2.103066037767515084e+01	2.026583771931326794e+01	1.986510305522990905e+01	2.059260112914830643e+01	2.072299282081708327e+01	1.995066878682628086e+01	2.074505957051686877e+01	3.087686046720206789e+01	2.072104572952280321e+01	2.010099323735179766e+01	2.023211027970674891e+01	2.013610854034056175e+01	2.024337980053651975e+01	2.077814854929302513e+01	2.089731870868243391e+01	2.026349870408213150e+01	2.015509697186890747e+01	2.020511402144772717e+01	2.020223483346477167e+01	2.049028940877583338e+01	2.026485278541021628e+01	2.049360330632589111e+01	1.982508715289233692e+01	2.000033183852809771e+01	2.033920512358566413e+01	2.073689211448262526e+01
