3.080425271911289897e+01	2.062722954908912598e+01	2.072640405441539357e+01	1.976987526925847050e+01	2.074383522262471047e+01	2.017837183840113724e+01	2.036579040770109827e+01	2.065972160779389100e+01	2.010740809011120334e+01	2.068232017183361293e+01	1.964808925432901177e+01	2.019903696165028961e+01	2.079383572563089544e+01	1.993882057772720273e+01	2.039715159189821136e+01	2.085360202315511202e+01	2.003827607011296763e+01	1.998516508281620574e+01	2.009114581315314396e+01	2.032303505049580750e+01	2.067574542092599188e+01	2.037131268068107914e+01	2.044943076268155480e+01	2.043175700172880127e+01	2.035549275203882758e+01	2.039666497532617484e+01	2.040603808123513119e+01	2.060819978528796526e+01	2.015328891742261064e+01	2.029683024526942958e+01	2.012609148555508298e+01	2.058525449692293208e+01	2.039775445243718366e+01	2.008985002936912778e+01	1.996266622826735571e+01	2.038802548564686390e+01	2.029757766308511790e+01	2.027672450773645352e+01	2.055762599765440513e+01	1.988476943933466146e+01	2.068554765912957549e+01	2.029382250276298194e+01	2.039886684221578506e+01	2.062419135030544126e+01	2.061164948525717122e+01	2.060818239651976214e+01	1.991241323953549980e+01	2.073436094279048092e+01	2.065589451031711477e+01	2.027507771757084853e+01
2.062722954908912598e+01	3.037383937562259106e+01	2.049147466002943574e+01	2.034683672837871882e+01	2.035017184931532341e+01	2.038362249291507311e+01	2.016617518066489367e+01	2.030405165602551065e+01	1.994479518385477590e+01	2.021081188692165398e+01	1.978192665917427817e+01	2.025760951483040628e+01	2.105149110623610653e+01	2.004472942353942599e+01	2.055901718978882542e+01	2.010232296503340876e+01	2.001268589738350556e+01	2.014546766957814938e+01	1.997367605635476195e+01	2.058502234438396528e+01	2.031890964998779125e+01	2.022314450860284651e+01	2.002696548691119460e+01	2.039650840402514476e+01	2.004457242606209633e+01	2.040556777474763095e+01	2.058415096278666567e+01	2.015119499598346664e+01	1.992487920477622154e+01	2.009778810686270489e+01	1.993984605305393032e+01	2.055621359643748747e+01	2.020881163726948060e+01	1.980357112681714682e+01	1.949743238077572371e+01	2.034944482296852541e+01	2.059601505857336790e+01	1.993474628108642932e+01	2.059802944064545471e+01	1.978847068828729050e+01	2.075191992276122832e+01	1.995305040591559020e+01	2.054838549045395624e+01	2.009063252538904365e+01	2.035006962000843345e+01	2.023765614046213557e+01	1.980246274647095461e+01	2.029015161556161928e+01	2.076447130440781663e+01	2.062035401079413077e+01
2.072640405441539357e+01	2.049147466002943574e+01	3.019969438631219916e+01	1.988755069008683307e+01	2.046921594803740874e+01	2.005733869373288769e+01	1.953674974502651907e+01	2.003096210783089148e+01	1.963178881254051689e+01	1.956173593383932285e+01	1.954936103459522911e+01	2.002382486356484037e+01	2.086171889348570119e+01	2.006298614089523369e+01	2.007882236695997591e+01	2.030854040034402175e+01	2.018773289565211115e+01	2.059594685036747919e+01	1.950693271239428839e+01	2.077503187976479637e+01	2.005561710330568914e+01	2.071120535076089553e+01	2.027017875847809592e+01	1.982622698878179079e+01	2.029040244817280936e+01	2.026937520891403821e+01	2.057725201376335633e+01	2.020787649915697060e+01	2.022262251087580509e+01	1.975119285598390562e+01	1.993007852213018793e+01	2.065915224791582361e+01	2.029324280888403464e+01	1.994487625520268992e+01	1.953427022308800076e+01	1.985785358552825386e+01	2.017801624625415968e+01	1.969492598692866281e+01	2.039934424830483550e+01	2.017739653955644741e+01	2.027903608392771773e+01	1.983503692561865606e+01	2.005407741201379324e+01	2.007106864310309291e+01	2.008457820604182231e+01	1.951584615521141686e+01	2.020168291174572417e+01	2.039477415895046164e+01	2.040597269887294729e+01	2.032183055147907069e+01
1.976987526925847050e+01	2.034683672837871882e+01	1.988755069008683307e+01	2.906299385532801338e+01	1.993395187836841842e+01	1.961241976269138831e+01	1.962956202344184931e+01	1.978897347967138032e+01	1.909687378274692193e+01	1.966603699226761748e+01	1.929242809160395211e+01	1.971179263985755270e+01	2.031601833805072843e+01	1.942164238158955314e+01	1.944402558646913093e+01	1.995388820287211118e+01	2.011994410104040654e+01	1.989016012381896914e+01	1.912937310725082796e+01	1.993173259212100135e+01	1.978283811203889186e+01	1.974509935599969879e+01	1.977005152133395782e+01	1.959497949891079216e+01	1.940292653091962549e+01	1.972191864947224360e+01	1.988935561763836546e+01	1.978568628337620794e+01	1.928591220785064309e+01	1.985011435373156274e+01	1.944691931850196553e+01	1.996732966943969600e+01	1.941153293312323669e+01	1.988976600546962814e+01	1.914143257801375952e+01	1.965290742494723375e+01	1.950792427689028230e+01	1.960731054307914434e+01	2.022016915924788094e+01	1.937593199348964390e+01	2.002007637350583025e+01	1.925456034884396317e+01	1.978933119468646495e+01	2.009768031996220117e+01	1.980111907671102500e+01	1.988476111245268640e+01	1.919686225900538190e+01	1.976453141512078560e+01	2.005195930324695297e+01	1.988929913474194322e+01
2.074383522262471047e+01	2.035017184931532341e+01	2.046921594803740874e+01	1.993395187836841842e+01	2.998085013542910815e+01	2.012758329707542515e+01	2.009089346644000784e+01	2.037470687610028364e+01	2.035396922767504435e+01	2.015098317286885532e+01	1.966051931349576520e+01	2.018881104227058287e+01	2.053563233304909375e+01	1.993830526990075924e+01	2.034034807342758810e+01	2.003495669224830777e+01	2.006374847045674059e+01	2.039463731734952034e+01	2.015685731858670238e+01	2.094058382031104060e+01	2.032618175198120269e+01	2.063811521980581531e+01	2.025919074906626349e+01	2.049531927710461332e+01	2.058533190230674847e+01	2.020752522400751872e+01	2.044501079293247869e+01	2.007056291714442509e+01	2.006690795945684158e+01	2.020605230610631153e+01	2.040528118208288433e+01	2.036291722789431446e+01	2.023770757391591957e+01	1.997278307604734238e+01	1.995983837955458284e+01	2.045012192503984849e+01	2.022994631431901880e+01	2.027458011890198364e+01	2.081918108488416408e+01	1.972518958952124279e+01	2.015834282294086321e+01	1.974355202716430924e+01	2.018599033533128662e+01	2.005795491809925579e+01	2.051801258611737566e+01	2.019084645797459743e+01	2.020027333441188588e+01	2.062793235445907669e+01	2.043605064093973311e+01	2.045251436705012793e+01
2.017837183840113724e+01	2.038362249291507311e+01	2.005733869373288769e+01	1.961241976269138831e+01	2.012758329707542515e+01	2.995435577164477792e+01	1.984569889822779487e+01	1.987097587375814811e+01	1.940892729060768573e+01	1.991149072762604888e+01	1.931521750238297486e+01	2.008118901210190899e+01	2.025695232694143399e+01	1.942286032758497427e+01	1.995291043199763692e+01	1.982397481834916064e+01	1.975470841526729515e+01	2.017867154872809365e+01	1.934637498372789466e+01	2.031948672173030346e+01	2.021426339827118213e+01	1.992355388756660162e+01	2.000988777990396628e+01	1.952484900940542900e+01	2.000605349227081220e+01	1.975404307688680206e+01	1.991590558174945969e+01	2.018476622686845090e+01	1.964340412631086608e+01	1.998574897569322317e+01	2.024168125498798787e+01	2.007695167993867713e+01	1.988622368126015516e+01	1.983502155335300898e+01	1.931288266922340924e+01	1.975089265084319834e+01	2.012306758081437508e+01	1.980029839496647526e+01	2.011814048345669548e+01	1.947916351717423566e+01	2.021697730798987536e+01	1.991661678332631880e+01	1.990699864069021530e+01	1.993427580630886453e+01	1.988864436992881579e+01	2.002373463483358762e+01	1.937721987621386432e+01	2.050938320390309144e+01	2.063317577851420737e+01	1.987535833411885733e+01
2.036579040770109827e+01	2.016617518066489367e+01	1.953674974502651907e+01	1.962956202344184931e+01	2.009089346644000784e+01	1.984569889822779487e+01	2.955546061767119070e+01	1.993762140662880356e+01	1.948656215805697656e+01	1.975421199412010509e+01	1.926028417187230346e+01	2.006423007425457783e+01	2.014883439129834386e+01	1.964613246010161873e+01	1.988146372304606402e+01	1.991577075028194344e+01	2.008243955083986521e+01	2.011310250813860989e+01	1.940636848327478603e+01	2.034497728742199385e+01	1.972357903905252030e+01	1.984987513478840881e+01	2.004585390836003711e+01	1.998769903341839793e+01	2.019459543856564565e+01	1.982209133185381944e+01	2.024595853604643736e+01	1.964005112174111645e+01	1.947024974463973734e+01	2.014409629231519006e+01	1.980691178091917948e+01	2.005931156253440051e+01	1.961804222595882408e+01	1.948800913218062192e+01	1.936012979578429949e+01	1.984244969061106190e+01	1.970272993606974055e+01	1.963956146669146108e+01	1.972855600279522648e+01	1.949921636272356196e+01	2.027011839884415778e+01	1.942578982834432821e+01	2.039425582478468257e+01	1.922124880900695132e+01	1.975118751276684748e+01	1.997180330673749182e+01	1.942454371257891665e+01	1.985999769618482347e+01	2.019042835621805665e+01	2.025848886607733590e+01
2.065972160779389100e+01	2.030405165602551065e+01	2.003096210783089148e+01	1.978897347967138032e+01	2.037470687610028364e+01	1.987097587375814811e+01	1.993762140662880356e+01	3.021169164156155418e+01	2.001915534110366934e+01	1.995629602976792683e+01	1.942506849251070022e+01	2.010513086335330613e+01	2.072019751916739239e+01	1.985467338008401583e+01	1.991614649272817061e+01	2.010417714419151025e+01	1.977601922386759981e+01	2.044036080271657241e+01	1.933550259021417972e+01	2.051277519512111880e+01	2.015300340369049081e+01	1.981299976214381786e+01	2.035897622483531677e+01	2.006658654951525733e+01	2.001899969033977911e+01	2.030005917943275762e+01	2.018908480416332907e+01	2.003750414593425333e+01	1.949991961328758094e+01	1.975181449316318094e+01	2.021395475975239364e+01	2.021860251135921516e+01	2.024192039874244387e+01	1.977400420709331641e+01	1.940959135732711260e+01	2.006669595582893706e+01	1.992799315239390268e+01	1.988861889783187564e+01	2.023325991986180128e+01	1.944757124497263590e+01	2.022354626734728811e+01	1.963458358457847197e+01	2.024297953910075876e+01	1.991191512351600323e+01	1.990167963010966545e+01	1.982556583384941007e+01	1.934666200666039515e+01	1.997796742723925334e+01	2.044654002375008162e+01	2.029333034426733562e+01
2.010740809011120334e+01	1.994479518385477590e+01	1.963178881254051689e+01	1.909687378274692193e+01	2.035396922767504435e+01	1.940892729060768573e+01	1.948656215805697656e+01	2.001915534110366934e+01	2.918005349858934849e+01	1.944576270502421167e+01	1.905267991916549164e+01	1.944857139300114923e+01	2.028605181666537050e+01	1.942386820035325812e+01	1.977628950983974931e+01	1.976302490504751930e+01	1.974013184038709667e+01	1.941492192853404219e+01	1.925447010020818794e+01	1.969183001719438053e+01	1.999454606159894254e+01	2.009223839755494012e+01	1.970280444741912973e+01	1.950271925849509813e+01	1.961464378815303178e+01	1.983659269260329694e+01	1.963953828648907418e+01	1.967990656245470049e+01	1.954247025389717507e+01	1.973857464158897557e+01	1.953586922449933638e+01	1.968459590251876534e+01	1.961847942996318750e+01	1.963673999264580416e+01	1.927133120259028942e+01	1.941636671819195215e+01	1.930931297272798730e+01	1.971026675000586081e+01	2.002253600508911902e+01	1.924121637619770908e+01	1.964963970126630244e+01	1.942238212649203533e+01	1.984585120192985741e+01	1.990603191741599787e+01	1.939402414728582258e+01	1.960158520512454672e+01	1.910649980336459208e+01	1.983134267041290144e+01	2.018654865911803498e+01	1.985080072642023552e+01
2.068232017183361293e+01	2.021081188692165398e+01	1.956173593383932285e+01	1.966603699226761748e+01	2.015098317286885532e+01	1.991149072762604888e+01	1.975421199412010509e+01	1.995629602976792683e+01	1.944576270502421167e+01	2.963033157962201969e+01	1.925925932606093127e+01	2.006942134551071888e+01	2.024457871166159606e+01	1.946275189938010541e+01	1.949760979775222935e+01	1.986131701681500417e+01	1.979775922637329444e+01	2.023620818305241542e+01	1.910174612621129953e+01	2.004296111072616071e+01	1.989495906061910091e+01	1.977862479380403826e+01	1.962758364571222103e+01	1.946643176870573910e+01	1.977364719447390939e+01	2.005615489277575847e+01	1.990842767347663411e+01	1.971201158513674656e+01	1.970515982299327362e+01	1.977343788999073837e+01	2.005626058996682559e+01	1.993974011445120453e+01	1.966043067672131883e+01	1.980370689180695010e+01	1.960392917291851589e+01	1.969615346232822972e+01	1.921759154024119454e+01	1.978605650158314333e+01	1.978331925725802165e+01	1.936956259138147729e+01	2.006523013857834670e+01	1.951001826342399781e+01	2.058062807083598145e+01	1.993927417180497130e+01	2.012128489997507330e+01	1.960686219902309446e+01	1.967997989290263305e+01	1.992456280988350414e+01	2.009370239920409063e+01	1.969239680282097282e+01
1.964808925432901177e+01	1.978192665917427817e+01	1.954936103459522911e+01	1.929242809160395211e+01	1.966051931349576520e+01	1.931521750238297486e+01	1.926028417187230346e+01	1.942506849251070022e+01	1.905267991916549164e+01	1.925925932606093127e+01	2.853908392686789952e+01	1.947677342354139896e+01	2.004087546885959270e+01	1.895865819929031559e+01	1.950333476394853705e+01	1.964912266812773822e+01	1.912055087731641123e+01	1.969333952889491002e+01	1.910707919066108573e+01	2.005234598316699035e+01	1.984537278002677851e+01	1.973666016234570719e+01	1.938721529245978914e+01	1.951629821746569249e+01	1.954840408591837786e+01	1.927708982534441873e+01	1.960417178679303163e+01	1.966182576916488500e+01	1.934580557106120935e+01	1.894394808694932664e+01	1.974826376198146960e+01	1.946086967925110756e+01	1.968872421594943845e+01	1.920843500239403667e+01	1.921901647396909496e+01	1.953138101396903181e+01	1.928908131597714615e+01	1.924293743809396418e+01	1.974667859833173722e+01	1.916126688105105913e+01	1.940719050564756643e+01	1.919751710834561109e+01	1.937429537821986969e+01	1.957918360005170655e+01	1.953521113622501204e+01	1.938187672160807651e+01	1.937020310239477894e+01	1.941475468578092745e+01	1.969608180087357496e+01	1.929157320416400623e+01
2.019903696165028961e+01	2.025760951483040628e+01	2.002382486356484037e+01	1.971179263985755270e+01	2.018881104227058287e+01	2.008118901210190899e+01	2.006423007425457783e+01	2.010513086335330613e+01	1.944857139300114923e+01	2.006942134551071888e+01	1.947677342354139896e+01	2.947507553892069510e+01	2.017262640308726418e+01	1.953709620005163927e+01	1.973444749076737281e+01	1.988809555134000107e+01	2.009910462673088105e+01	2.045030551642890160e+01	1.936369900851343218e+01	2.033760070568794376e+01	1.997930272883582248e+01	2.035612034270792492e+01	2.012767905888386011e+01	2.009865428394308395e+01	1.989492336464630995e+01	2.001217245046811399e+01	2.029217245486470844e+01	2.045975284395485261e+01	1.916362651244592286e+01	2.010532741456752959e+01	2.004823148639931318e+01	2.018503267838778115e+01	2.004429367021249320e+01	1.971740788691957746e+01	1.937952581473364688e+01	1.992493128541177327e+01	1.966911182885390730e+01	1.974766990885393980e+01	2.059720397191140862e+01	1.965135332737064999e+01	2.041483304786376962e+01	1.994086310173504728e+01	2.033042635141718435e+01	1.998125473745021097e+01	1.983665370023305385e+01	1.977579827542073332e+01	1.973503909927782018e+01	2.024261270028589976e+01	2.085486322594797315e+01	1.987356967002795471e+01
2.079383572563089544e+01	2.105149110623610653e+01	2.086171889348570119e+01	2.031601833805072843e+01	2.053563233304909375e+01	2.025695232694143399e+01	2.014883439129834386e+01	2.072019751916739239e+01	2.028605181666537050e+01	2.024457871166159606e+01	2.004087546885959270e+01	2.017262640308726418e+01	3.074398233222439458e+01	2.010613315859578165e+01	2.073184518275673582e+01	2.081113408783505037e+01	2.018408753259027222e+01	2.008510099137854965e+01	1.997346963640059059e+01	2.076699059229050093e+01	2.071187769672656742e+01	2.058981452448562166e+01	2.041743993717910755e+01	2.039392779213942575e+01	2.082446533322219651e+01	2.072631142508188518e+01	2.069924931559756232e+01	2.059075166021120040e+01	2.009334429524275834e+01	2.004173477799569625e+01	2.039330784520035067e+01	2.070716480323580555e+01	2.020201823813836128e+01	2.028703580329814216e+01	1.975141690877706324e+01	2.000625416453664585e+01	2.039474766671041905e+01	2.033892286496053359e+01	2.083067008083326499e+01	2.034645831392452209e+01	2.066730512718248747e+01	2.005098850303750879e+01	2.060168708258527204e+01	2.015695715325528070e+01	2.083952498407223786e+01	2.053591234651477393e+01	2.011489760115332714e+01	2.011696845219396579e+01	2.116291151320325525e+01	2.034057944670682261e+01
1.993882057772720273e+01	2.004472942353942599e+01	2.006298614089523369e+01	1.942164238158955314e+01	1.993830526990075924e+01	1.942286032758497427e+01	1.964613246010161873e+01	1.985467338008401583e+01	1.942386820035325812e+01	1.946275189938010541e+01	1.895865819929031559e+01	1.953709620005163927e+01	2.010613315859578165e+01	2.894786069489572000e+01	1.950735968855065749e+01	1.960447861557274507e+01	1.968267607377541495e+01	2.018656868530249326e+01	1.919959482157540975e+01	2.001354526063727235e+01	1.964523890861259048e+01	1.961438709326079888e+01	1.960715996980189146e+01	1.980833080446828021e+01	1.976738805340469085e+01	1.951529509659734885e+01	1.970009811431431856e+01	1.935868540341788702e+01	1.925843112819237390e+01	1.979401880803711578e+01	1.988007045361350578e+01	1.960945334282866526e+01	1.957398788500494291e+01	1.925542253906025181e+01	1.899099969332253934e+01	1.977891782294858203e+01	1.949340760012134410e+01	1.990836504762750891e+01	1.992710126860745135e+01	1.939628357575040241e+01	1.985454778477041771e+01	1.928326084550483444e+01	1.998457089617765092e+01	1.963571774147086657e+01	1.988913384024224484e+01	1.931774947869309855e+01	1.935849013754601700e+01	2.021332748629692944e+01	1.987315114037657793e+01	2.005974171322085908e+01
2.039715159189821136e+01	2.055901718978882542e+01	2.007882236695997591e+01	1.944402558646913093e+01	2.034034807342758810e+01	1.995291043199763692e+01	1.988146372304606402e+01	1.991614649272817061e+01	1.977628950983974931e+01	1.949760979775222935e+01	1.950333476394853705e+01	1.973444749076737281e+01	2.073184518275673582e+01	1.950735968855065749e+01	3.025079971540308321e+01	1.990517221683774096e+01	1.978807790029621927e+01	2.000964543798695416e+01	1.952247228481820329e+01	2.027803657125512160e+01	1.989782365831206690e+01	2.004114387108879214e+01	2.001976206853873919e+01	1.982739020931902729e+01	2.033690189469324139e+01	2.023920932361793490e+01	1.974421160422231480e+01	1.990286518075899025e+01	1.977825222801927296e+01	2.003131996091684286e+01	2.038802452380768671e+01	2.025742578820775819e+01	1.966240300285522480e+01	1.989529514041118929e+01	1.933106198839847423e+01	2.006955889772401846e+01	1.994518584194532096e+01	1.940034591802606911e+01	2.031121561493484862e+01	1.954454333466603799e+01	2.017136318696122999e+01	1.969953673523790272e+01	1.998853854830892729e+01	1.989577392220435925e+01	1.986490874527265404e+01	1.981321863354236612e+01	1.960108094391306821e+01	2.008948044734890104e+01	2.044226741610717468e+01	1.998243967621019834e+01
2.085360202315511202e+01	2.010232296503340876e+01	2.030854040034402175e+01	1.995388820287211118e+01	2.003495669224830777e+01	1.982397481834916064e+01	1.991577075028194344e+01	2.010417714419151025e+01	1.976302490504751930e+01	1.986131701681500417e+01	1.964912266812773822e+01	1.988809555134000107e+01	2.081113408783505037e+01	1.960447861557274507e+01	1.990517221683774096e+01	3.006300708131414723e+01	1.972355097533912982e+01	2.042879915011759095e+01	1.941040546998288718e+01	2.036483574465739821e+01	2.013935391293641430e+01	2.003463944037577349e+01	2.020697073243400155e+01	2.014073004226661823e+01	2.017872127584477226e+01	2.027021679749585914e+01	2.038023269353187317e+01	2.019694488677173183e+01	1.984499970367206600e+01	2.027264825115284808e+01	2.024061581137954846e+01	2.052098629827643350e+01	1.980908917401724167e+01	1.962351573022558782e+01	1.981062520916982805e+01	2.009070983885348838e+01	2.026760739704660352e+01	2.027873947391287146e+01	2.027254825523040438e+01	1.970827525107835498e+01	2.064156698659443023e+01	2.002013581829166711e+01	2.053118171655375335e+01	2.045036752807807545e+01	2.048231692869073939e+01	2.002563749449794628e+01	1.965219231625853880e+01	2.002333360449344113e+01	2.056372858096789003e+01	1.995822696961551657e+01
2.003827607011296763e+01	2.001268589738350556e+01	2.018773289565211115e+01	2.011994410104040654e+01	2.006374847045674059e+01	1.975470841526729515e+01	2.008243955083986521e+01	1.977601922386759981e+01	1.974013184038709667e+01	1.979775922637329444e+01	1.912055087731641123e+01	2.009910462673088105e+01	2.018408753259027222e+01	1.968267607377541495e+01	1.978807790029621927e+01	1.972355097533912982e+01	2.950620392611844522e+01	2.035932893849748027e+01	1.971266509626599728e+01	2.053252338207316541e+01	1.981853723879100215e+01	2.023303113777239659e+01	1.999906213286092083e+01	1.992132945311353609e+01	2.012911512539746894e+01	1.998282298899400544e+01	1.991650158291867712e+01	1.978112546806418592e+01	1.986912776238628453e+01	2.005048430603260812e+01	1.979252957909024957e+01	2.028068724996104066e+01	1.970594976069662607e+01	1.964086125928538706e+01	2.018307181218868607e+01	2.013705604230909785e+01	1.989072164758297845e+01	1.966845720693140720e+01	1.999060865449584412e+01	1.984567163924079125e+01	1.994649403677451005e+01	1.956571382812929727e+01	2.032754068096278388e+01	1.994030575977351205e+01	2.011122328626475309e+01	1.969265148170975976e+01	1.969342568176896791e+01	2.000512075469566753e+01	2.017023007612004903e+01	1.969163322574283015e+01
1.998516508281620574e+01	2.014546766957814938e+01	2.059594685036747919e+01	1.989016012381896914e+01	2.039463731734952034e+01	2.017867154872809365e+01	2.011310250813860989e+01	2.044036080271657241e+01	1.941492192853404219e+01	2.023620818305241542e+01	1.969333952889491002e+01	2.045030551642890160e+01	2.008510099137854965e+01	2.018656868530249326e+01	2.000964543798695416e+01	2.042879915011759095e+01	2.035932893849748027e+01	3.019608402362649002e+01	1.990047384673279041e+01	2.061491941492184665e+01	1.997290762468104930e+01	2.003927849440385955e+01	2.018908770651944096e+01	2.014496612961977817e+01	2.004560504941107979e+01	2.039258212044261853e+01	2.058488222291257586e+01	2.036491433894333625e+01	2.004689612909544039e+01	1.990596222923843328e+01	1.987057062068314295e+01	2.054873389127184069e+01	2.004084009608490291e+01	2.014830040838533876e+01	1.979113440762987253e+01	2.032894489108136682e+01	1.992320055049040661e+01	1.976029824385524236e+01	2.031580672559355349e+01	1.958718173079984126e+01	2.046821455775160103e+01	1.963341156062541160e+01	2.037963004634289632e+01	2.037515774378527311e+01	2.011759417691119367e+01	2.003446417815597869e+01	1.994026090767857085e+01	2.032425040501654578e+01	2.061973338076705531e+01	2.014479240914876002e+01
2.009114581315314396e+01	1.997367605635476195e+01	1.950693271239428839e+01	1.912937310725082796e+01	2.015685731858670238e+01	1.934637498372789466e+01	1.940636848327478603e+01	1.933550259021417972e+01	1.925447010020818794e+01	1.910174612621129953e+01	1.910707919066108573e+01	1.936369900851343218e+01	1.997346963640059059e+01	1.919959482157540975e+01	1.952247228481820329e+01	1.941040546998288718e+01	1.971266509626599728e+01	1.990047384673279041e+01	2.873730373699853757e+01	1.993658172710901155e+01	2.004470338807536933e+01	1.989964070823513254e+01	1.948919658542875410e+01	1.945960534099348038e+01	1.990282510588925291e+01	1.980381948719943708e+01	1.981816855235274488e+01	1.973320825092763542e+01	1.922425007021314869e+01	1.928759017082019867e+01	1.928230810153772978e+01	1.994857938155957200e+01	1.905538872165101338e+01	1.915181154231105509e+01	1.881451322417168015e+01	1.936027407193308392e+01	2.000094370622157669e+01	1.934454773154340046e+01	1.974108790206603459e+01	1.919718311041074443e+01	1.919337585553919823e+01	1.912822008834024956e+01	1.966376556603128734e+01	2.002803025111567337e+01	1.987420328095839750e+01	1.939786281112116484e+01	1.920446359745612241e+01	1.935567684683464762e+01	1.965305175355622325e+01	2.012852681774267083e+01
2.032303505049580750e+01	2.058502234438396528e+01	2.077503187976479637e+01	1.993173259212100135e+01	2.094058382031104060e+01	2.031948672173030346e+01	2.034497728742199385e+01	2.051277519512111880e+01	1.969183001719438053e+01	2.004296111072616071e+01	2.005234598316699035e+01	2.033760070568794376e+01	2.076699059229050093e+01	2.001354526063727235e+01	2.027803657125512160e+01	2.036483574465739821e+01	2.053252338207316541e+01	2.061491941492184665e+01	1.993658172710901155e+01	3.092596829353055554e+01	2.077259429313083317e+01	2.056465564860440054e+01	2.039773998455660831e+01	2.053498005679140448e+01	2.047111230389898395e+01	2.055839971910679864e+01	2.057990705248565533e+01	2.034268866584955759e+01	2.003039635933102858e+01	2.010963278865155246e+01	2.041874512118870300e+01	2.071961907591513707e+01	2.041678664058371950e+01	2.058324092179175224e+01	1.990141330536424746e+01	2.021911319241076654e+01	2.064666539307559745e+01	2.002238782569439479e+01	2.055220540799171758e+01	1.997159631342896802e+01	2.075207105730742541e+01	1.981501888787460075e+01	2.067319247216744316e+01	2.062462341015174871e+01	2.059771137427298981e+01	2.005284526377076304e+01	1.990989411155315025e+01	2.081917634639888348e+01	2.068075430018605587e+01	2.056102240712134943e+01
2.067574542092599188e+01	2.031890964998779125e+01	2.005561710330568914e+01	1.978283811203889186e+01	2.032618175198120269e+01	2.021426339827118213e+01	1.972357903905252030e+01	2.015300340369049081e+01	1.999454606159894254e+01	1.989495906061910091e+01	1.984537278002677851e+01	1.997930272883582248e+01	2.071187769672656742e+01	1.964523890861259048e+01	1.989782365831206690e+01	2.013935391293641430e+01	1.981853723879100215e+01	1.997290762468104930e+01	2.004470338807536933e+01	2.077259429313083317e+01	3.017675000710059763e+01	2.021102886963277356e+01	2.047182104776878830e+01	2.040457975014733805e+01	2.016356862066458433e+01	2.040478348149433785e+01	2.029537536104079720e+01	2.041295835355914789e+01	1.973403835538229956e+01	1.984724188675482637e+01	1.998953496782318595e+01	2.044767967943023379e+01	1.994237335375805387e+01	2.003850575870040984e+01	1.962414333957545054e+01	1.999719339977660226e+01	1.976170637143811959e+01	2.007178002906444192e+01	1.993717634268627847e+01	1.967795173186940971e+01	2.061135912238297507e+01	1.957334393380008208e+01	2.016443919188695943e+01	2.033009149876218657e+01	2.041769064038063064e+01	2.036462513120233808e+01	1.995044892714337337e+01	2.001147421705711693e+01	2.060128702320237082e+01	2.050013906789597229e+01
2.037131268068107914e+01	2.022314450860284651e+01	2.071120535076089553e+01	1.974509935599969879e+01	2.063811521980581531e+01	1.992355388756660162e+01	1.984987513478840881e+01	1.981299976214381786e+01	2.009223839755494012e+01	1.977862479380403826e+01	1.973666016234570719e+01	2.035612034270792492e+01	2.058981452448562166e+01	1.961438709326079888e+01	2.004114387108879214e+01	2.003463944037577349e+01	2.023303113777239659e+01	2.003927849440385955e+01	1.989964070823513254e+01	2.056465564860440054e+01	2.021102886963277356e+01	3.055520672073738098e+01	2.027002217705734921e+01	2.006855198993649836e+01	2.070990233928381130e+01	2.012900403851205411e+01	1.999277084573956031e+01	2.034190371623669691e+01	1.987690530490012009e+01	2.004944772755760241e+01	2.040047562095787015e+01	2.100333974089559419e+01	2.001185896476932058e+01	2.008531813460104587e+01	1.954220830394925201e+01	2.047386608020599752e+01	2.003102561719974872e+01	2.023852498146920809e+01	2.048649948711471325e+01	1.981215015690187897e+01	2.024317689842553492e+01	2.026233266860662496e+01	2.026147495824987388e+01	2.039284111406702849e+01	2.028298047798507753e+01	2.007185337421631388e+01	2.061228797304397986e+01	2.047603434686551083e+01	2.075917643000385127e+01	2.012753935314303888e+01
2.044943076268155480e+01	2.002696548691119460e+01	2.027017875847809592e+01	1.977005152133395782e+01	2.025919074906626349e+01	2.000988777990396628e+01	2.004585390836003711e+01	2.035897622483531677e+01	1.970280444741912973e+01	1.962758364571222103e+01	1.938721529245978914e+01	2.012767905888386011e+01	2.041743993717910755e+01	1.960715996980189146e+01	2.001976206853873919e+01	2.020697073243400155e+01	1.999906213286092083e+01	2.018908770651944096e+01	1.948919658542875410e+01	2.039773998455660831e+01	2.047182104776878830e+01	2.027002217705734921e+01	2.984055152114529363e+01	2.016303665616685237e+01	1.997334841290416207e+01	1.961003793229400927e+01	2.045375453195287108e+01	1.972729494491693458e+01	1.965863153251663675e+01	1.998205914371515490e+01	2.034398294247869643e+01	2.009830916721504579e+01	2.003727377960588285e+01	1.985492741754248414e+01	1.966153134711730743e+01	2.014396980647196145e+01	2.017380905789105938e+01	2.003070386967943506e+01	2.018785079575471997e+01	1.960644885863776565e+01	2.017855290282500036e+01	1.964216614296821817e+01	2.027188145362198313e+01	2.002192017575474736e+01	2.015824868108138546e+01	2.012599518505702179e+01	1.952282677876298322e+01	2.022169603010244998e+01	2.036981557074338411e+01	2.003762787202376217e+01
2.043175700172880127e+01	2.039650840402514476e+01	1.982622698878179079e+01	1.959497949891079216e+01	2.049531927710461332e+01	1.952484900940542900e+01	1.998769903341839793e+01	2.006658654951525733e+01	1.950271925849509813e+01	1.946643176870573910e+01	1.951629821746569249e+01	2.009865428394308395e+01	2.039392779213942575e+01	1.980833080446828021e+01	1.982739020931902729e+01	2.014073004226661823e+01	1.992132945311353609e+01	2.014496612961977817e+01	1.945960534099348038e+01	2.053498005679140448e+01	2.040457975014733805e+01	2.006855198993649836e+01	2.016303665616685237e+01	2.987409304084296835e+01	1.997830961596918442e+01	2.002515005262429071e+01	2.036760466300183836e+01	1.989318746877673760e+01	1.941166408387109499e+01	1.973145424313018736e+01	2.009268190983022961e+01	1.983223584376596804e+01	2.018336110453543242e+01	2.014265198632905296e+01	1.975169157358526917e+01	2.015716840289828582e+01	1.971898937612179026e+01	1.994142278777565380e+01	2.019784679097188018e+01	2.016401918578386798e+01	2.004144279958580910e+01	1.978888139287712633e+01	2.051016669189356989e+01	2.033093628400836295e+01	2.002267452476544207e+01	2.003428493495786000e+01	1.978357940160518069e+01	2.040097986869393054e+01	2.025913233959649773e+01	2.000011560447966730e+01
2.035549275203882758e+01	2.004457242606209633e+01	2.029040244817280936e+01	1.940292653091962549e+01	2.058533190230674847e+01	2.000605349227081220e+01	2.019459543856564565e+01	2.001899969033977911e+01	1.961464378815303178e+01	1.977364719447390939e+01	1.954840408591837786e+01	1.989492336464630995e+01	2.082446533322219651e+01	1.976738805340469085e+01	2.033690189469324139e+01	2.017872127584477226e+01	2.012911512539746894e+01	2.004560504941107979e+01	1.990282510588925291e+01	2.047111230389898395e+01	2.016356862066458433e+01	2.070990233928381130e+01	1.997334841290416207e+01	1.997830961596918442e+01	3.067780061423146520e+01	2.009959064826183450e+01	2.031865453341301375e+01	2.011410415184263911e+01	1.968073969223811304e+01	1.983621532055190784e+01	2.025497271939408250e+01	2.042523201618299922e+01	1.996028620504507600e+01	1.969137440450923293e+01	1.976537905377940163e+01	2.010538316705152084e+01	2.002288701298506268e+01	2.004750382234999151e+01	2.017438858347472674e+01	1.990362210670865295e+01	2.050214587130447441e+01	1.992130550731314642e+01	2.037544573198614017e+01	2.024692079353744845e+01	2.022052695237985276e+01	2.020123539559885373e+01	1.982038357142801743e+01	2.006540883813450193e+01	2.105399086862353997e+01	2.061379995840306378e+01
2.039666497532617484e+01	2.040556777474763095e+01	2.026937520891403821e+01	1.972191864947224360e+01	2.020752522400751872e+01	1.975404307688680206e+01	1.982209133185381944e+01	2.030005917943275762e+01	1.983659269260329694e+01	2.005615489277575847e+01	1.927708982534441873e+01	2.001217245046811399e+01	2.072631142508188518e+01	1.951529509659734885e+01	2.023920932361793490e+01	2.027021679749585914e+01	1.998282298899400544e+01	2.039258212044261853e+01	1.980381948719943708e+01	2.055839971910679864e+01	2.040478348149433785e+01	2.012900403851205411e+01	1.961003793229400927e+01	2.002515005262429071e+01	2.009959064826183450e+01	3.029063449890550785e+01	2.015780985357619670e+01	2.001358086455633511e+01	1.958796736789542337e+01	1.983130547099698759e+01	1.999849883539955187e+01	2.020993976416772142e+01	2.002247116788813486e+01	1.995042673717217241e+01	1.946686620630565301e+01	1.957454850626739074e+01	1.975211446220770029e+01	1.947805351396833373e+01	2.047811672508989034e+01	1.962280139001113000e+01	2.009949515938088638e+01	1.945923828750690632e+01	1.979419396263187991e+01	2.011701850750057474e+01	1.977364475933751820e+01	2.013880586636300052e+01	1.991345019173425257e+01	2.014247365772960663e+01	2.012389005095375438e+01	2.016178576729353367e+01
2.040603808123513119e+01	2.058415096278666567e+01	2.057725201376335633e+01	1.988935561763836546e+01	2.044501079293247869e+01	1.991590558174945969e+01	2.024595853604643736e+01	2.018908480416332907e+01	1.963953828648907418e+01	1.990842767347663411e+01	1.960417178679303163e+01	2.029217245486470844e+01	2.069924931559756232e+01	1.970009811431431856e+01	1.974421160422231480e+01	2.038023269353187317e+01	1.991650158291867712e+01	2.058488222291257586e+01	1.981816855235274488e+01	2.057990705248565533e+01	2.029537536104079720e+01	1.999277084573956031e+01	2.045375453195287108e+01	2.036760466300183836e+01	2.031865453341301375e+01	2.015780985357619670e+01	2.989750156229671774e+01	2.029724580314767124e+01	1.983530038277868002e+01	1.995453584976369399e+01	2.017347255768920888e+01	2.003106002703849597e+01	1.988352283287087729e+01	2.010195921670609565e+01	1.940926840421876776e+01	2.035650872602814587e+01	1.998619166511904055e+01	1.979721475276446796e+01	2.063324417968236446e+01	1.965031617176443035e+01	2.019620386541879142e+01	1.971641407391029333e+01	2.039123869381562670e+01	1.995933540367001768e+01	2.009848570543266888e+01	2.006675382657581608e+01	2.002644247728516902e+01	2.031986474300056500e+01	2.067034177418354091e+01	2.008544912136201077e+01
2.060819978528796526e+01	2.015119499598346664e+01	2.020787649915697060e+01	1.978568628337620794e+01	2.007056291714442509e+01	2.018476622686845090e+01	1.964005112174111645e+01	2.003750414593425333e+01	1.967990656245470049e+01	1.971201158513674656e+01	1.966182576916488500e+01	2.045975284395485261e+01	2.059075166021120040e+01	1.935868540341788702e+01	1.990286518075899025e+01	2.019694488677173183e+01	1.978112546806418592e+01	2.036491433894333625e+01	1.973320825092763542e+01	2.034268866584955759e+01	2.041295835355914789e+01	2.034190371623669691e+01	1.972729494491693458e+01	1.989318746877673760e+01	2.011410415184263911e+01	2.001358086455633511e+01	2.029724580314767124e+01	2.990139610081302024e+01	1.970028364199370330e+01	1.985207502900181709e+01	1.980303371357037534e+01	1.985515443360228005e+01	1.997746810844696341e+01	1.985177349065924091e+01	1.945948090173276057e+01	1.970106768459370983e+01	1.985610391945164466e+01	1.976792599845354204e+01	2.018175680407031436e+01	1.961539006474969682e+01	2.016599661826175094e+01	1.996939179484179760e+01	2.003202606685833587e+01	2.029746367937510598e+01	2.019952805118391481e+01	2.001907557511735547e+01	1.985591422936614592e+01	2.025261703823554527e+01	2.011236405253508863e+01	2.011943207738659112e+01
2.015328891742261064e+01	1.992487920477622154e+01	2.022262251087580509e+01	1.928591220785064309e+01	2.006690795945684158e+01	1.964340412631086608e+01	1.947024974463973734e+01	1.949991961328758094e+01	1.954247025389717507e+01	1.970515982299327362e+01	1.934580557106120935e+01	1.916362651244592286e+01	2.009334429524275834e+01	1.925843112819237390e+01	1.977825222801927296e+01	1.984499970367206600e+01	1.986912776238628453e+01	2.004689612909544039e+01	1.922425007021314869e+01	2.003039635933102858e+01	1.973403835538229956e+01	1.987690530490012009e+01	1.965863153251663675e+01	1.941166408387109499e+01	1.968073969223811304e+01	1.958796736789542337e+01	1.983530038277868002e+01	1.970028364199370330e+01	2.954721066558726150e+01	1.953761639157017882e+01	1.971156351167974918e+01	2.015631653724728523e+01	1.949006888181072483e+01	1.930851899603552013e+01	1.927474218852292864e+01	1.954647498480651535e+01	1.979521672242976393e+01	1.923756675350155021e+01	1.998044640235330860e+01	1.950985528100945032e+01	2.016795534857772765e+01	1.954572612027987688e+01	1.977454550432634406e+01	1.987128370740515138e+01	1.981222704263471712e+01	1.973125758630970594e+01	1.967477806014784036e+01	1.949301626285993194e+01	2.019918996100998854e+01	1.962079328447967796e+01
2.029683024526942958e+01	2.009778810686270489e+01	1.975119285598390562e+01	1.985011435373156274e+01	2.020605230610631153e+01	1.998574897569322317e+01	2.014409629231519006e+01	1.975181449316318094e+01	1.973857464158897557e+01	1.977343788999073837e+01	1.894394808694932664e+01	2.010532741456752959e+01	2.004173477799569625e+01	1.979401880803711578e+01	2.003131996091684286e+01	2.027264825115284808e+01	2.005048430603260812e+01	1.990596222923843328e+01	1.928759017082019867e+01	2.010963278865155246e+01	1.984724188675482637e+01	2.004944772755760241e+01	1.998205914371515490e+01	1.973145424313018736e+01	1.983621532055190784e+01	1.983130547099698759e+01	1.995453584976369399e+01	1.985207502900181709e+01	1.953761639157017882e+01	2.981943247985982381e+01	2.019232864239232583e+01	2.004267793304806844e+01	1.951878358914384393e+01	1.970601828300915059e+01	1.917589624147547056e+01	2.000917238971525336e+01	2.025868635211245206e+01	1.964770074143117284e+01	2.013692188070744749e+01	1.948276300067498568e+01	2.023222460829807900e+01	1.972235701457827872e+01	2.006012706873446305e+01	1.991932555901202306e+01	1.978213141805802877e+01	1.982639969356475618e+01	1.952770290171792666e+01	2.017264411754389286e+01	1.974747517760928517e+01	1.998252901370369372e+01
2.012609148555508298e+01	1.993984605305393032e+01	1.993007852213018793e+01	1.944691931850196553e+01	2.040528118208288433e+01	2.024168125498798787e+01	1.980691178091917948e+01	2.021395475975239364e+01	1.953586922449933638e+01	2.005626058996682559e+01	1.974826376198146960e+01	2.004823148639931318e+01	2.039330784520035067e+01	1.988007045361350578e+01	2.038802452380768671e+01	2.024061581137954846e+01	1.979252957909024957e+01	1.987057062068314295e+01	1.928230810153772978e+01	2.041874512118870300e+01	1.998953496782318595e+01	2.040047562095787015e+01	2.034398294247869643e+01	2.009268190983022961e+01	2.025497271939408250e+01	1.999849883539955187e+01	2.017347255768920888e+01	1.980303371357037534e+01	1.971156351167974918e+01	2.019232864239232583e+01	3.027942511072545884e+01	2.024730300043513509e+01	1.980694916628452518e+01	2.003773105585043623e+01	1.961847700835387087e+01	1.991660832612107157e+01	1.967172726239729741e+01	1.998941803079460300e+01	2.058349970747133284e+01	1.947073132934609774e+01	2.022928636032118277e+01	1.967605215028915566e+01	2.045746283499809692e+01	2.014455726875415920e+01	2.033945010702295875e+01	2.033391596950008662e+01	1.993759588529373517e+01	2.035067164491848146e+01	2.047796427659224605e+01	2.005607748203207308e+01
2.058525449692293208e+01	2.055621359643748747e+01	2.065915224791582361e+01	1.996732966943969600e+01	2.036291722789431446e+01	2.007695167993867713e+01	2.005931156253440051e+01	2.021860251135921516e+01	1.968459590251876534e+01	1.993974011445120453e+01	1.946086967925110756e+01	2.018503267838778115e+01	2.070716480323580555e+01	1.960945334282866526e+01	2.025742578820775819e+01	2.052098629827643350e+01	2.028068724996104066e+01	2.054873389127184069e+01	1.994857938155957200e+01	2.071961907591513707e+01	2.044767967943023379e+01	2.100333974089559419e+01	2.009830916721504579e+01	1.983223584376596804e+01	2.042523201618299922e+01	2.020993976416772142e+01	2.003106002703849597e+01	1.985515443360228005e+01	2.015631653724728523e+01	2.004267793304806844e+01	2.024730300043513509e+01	3.056060492403824824e+01	1.996847202228501672e+01	1.997387492180137514e+01	1.949412641116772704e+01	2.006627878709559099e+01	2.003341459917981382e+01	2.003266642061360159e+01	2.052445897288163579e+01	1.984570655579996767e+01	2.035062363194830937e+01	2.014380205646671484e+01	2.045211242701790866e+01	2.054325532603656868e+01	2.021236246256379587e+01	2.040164321280445847e+01	1.991835051846208415e+01	2.039353146912914028e+01	2.049974507111776489e+01	2.009475650554458426e+01
