2.995150838500769552e+01	2.007788568589789691e+01	2.021101892197575722e+01	2.038735907253429858e+01	1.999619546480840526e+01	2.041532063344101289e+01	2.054919654552467279e+01	1.966892278644667158e+01	2.033548093035397741e+01	1.997969340442427466e+01	1.955683830191886230e+01	2.008331139262280729e+01	1.958746135854951831e+01	2.043998854634831730e+01	2.029913242386586703e+01	2.052138500751427586e+01	1.987444028773874294e+01	2.000997403393960639e+01	1.981986847253527628e+01	1.999177563058785623e+01	2.001445925808637227e+01	2.001695621009091397e+01	1.998465823455629575e+01	1.987159423618257392e+01	2.000746848945862411e+01	2.014690086772504785e+01	1.997986538595371542e+01	1.929420395647354169e+01	2.023427892519998395e+01	2.060381387141032761e+01	2.010073200483881450e+01	2.013771792469461630e+01	2.036735120656480191e+01	1.932457115797083347e+01	1.988106478097048324e+01	2.034802303698823422e+01	2.018026543123828631e+01	2.022192948465671236e+01	2.063041643066461006e+01	1.947887080994710729e+01	2.066560466455654321e+01	1.965001443914324497e+01	1.900469519982215516e+01	2.070067522309897257e+01	1.964173098377718674e+01	2.031076035760213117e+01	2.058127618335765874e+01	2.014558047044809186e+01	1.991209198061414654e+01	1.956480242772116185e+01
2.007788568589789691e+01	2.972956229122122807e+01	2.022261319822235848e+01	2.023373672108188259e+01	2.018595646160694557e+01	1.990510761101999293e+01	2.043362315557301656e+01	1.968144751971884787e+01	1.994625588955905471e+01	2.002390827546789609e+01	1.960971230643555074e+01	2.013214722913759047e+01	1.964156253847106370e+01	1.982223866908433152e+01	2.055669662118283370e+01	2.026662986558226009e+01	2.048407283958685099e+01	1.942910229683250734e+01	2.028461384903592091e+01	1.995357391572885675e+01	2.021915798219468030e+01	1.991405489608331081e+01	2.019525002696691374e+01	1.995475857586865587e+01	2.000717404873446270e+01	1.992139587591979932e+01	1.981748897266276188e+01	2.005323257980991158e+01	2.029006884345646000e+01	2.061470177609846388e+01	1.979425880746045863e+01	1.987504543521141542e+01	1.997100887313625961e+01	1.928184732504309906e+01	1.974085404965296675e+01	2.020291105237116724e+01	1.986725722745169520e+01	2.017131976367236845e+01	2.023970601908562728e+01	1.943798075361429412e+01	2.036903916707912288e+01	1.963254040969145464e+01	1.944764361294206267e+01	1.979183861414310641e+01	1.946199652514203393e+01	2.041715540241323978e+01	2.013761402970851222e+01	2.006269893891144918e+01	1.975802280415170387e+01	1.966488685022573435e+01
2.021101892197575722e+01	2.022261319822235848e+01	3.069644874532088252e+01	2.047496721556515098e+01	2.057136493493742435e+01	2.091849329346856479e+01	2.045293229082379582e+01	2.038081719194541463e+01	2.064308791998398362e+01	2.030123855776421848e+01	1.975991927860545161e+01	2.063728198201827979e+01	1.980289937356549146e+01	2.073133393430720872e+01	2.057656818748971972e+01	2.067786238841243929e+01	2.026460554881067466e+01	2.029425403083090984e+01	1.998811991209440464e+01	2.026952463115112479e+01	1.991816284006065985e+01	2.038719323705181097e+01	2.036355191898682904e+01	2.029982502724014282e+01	2.028562382676382114e+01	2.019975926441147251e+01	2.028349676882259445e+01	2.061009888593824257e+01	2.088588460902845512e+01	2.075888572567906820e+01	2.035083645934705388e+01	2.032612019653344504e+01	2.031648967589675792e+01	2.007532980283132673e+01	2.017637154843110636e+01	2.083406427538321992e+01	2.056361506607080258e+01	2.023163591423188024e+01	2.080918011513304933e+01	2.035472187641083153e+01	2.072175554090214078e+01	1.991725960651450578e+01	1.982234719837007830e+01	2.057709804506745854e+01	1.991975895048138412e+01	2.112329609165895405e+01	2.081077658206547554e+01	2.017428042204116068e+01	2.006024351000212746e+01	1.973007661879771746e+01
2.038735907253429858e+01	2.023373672108188259e+01	2.047496721556515098e+01	2.975190087843274256e+01	2.021773178551832473e+01	2.067095924705344245e+01	2.017780328952481739e+01	2.012838177707674348e+01	2.005337047530337102e+01	1.998729115648687937e+01	1.963316981499536595e+01	2.054695804774348744e+01	1.973297823589127731e+01	2.028726472869762532e+01	2.069968481876469113e+01	2.066677494684131133e+01	2.040882670043450631e+01	2.025809925537767597e+01	1.996086300122097157e+01	2.028089569761612410e+01	2.006077243144716249e+01	2.005681762930220202e+01	2.004446827996608249e+01	2.027485854680464783e+01	2.055622195387315543e+01	2.042586506302962235e+01	2.008206526629872712e+01	2.023378703615354368e+01	2.033194484282463321e+01	2.049995632988194671e+01	1.985996069467885761e+01	2.021016011249010091e+01	2.043824103375057888e+01	2.009730588360760706e+01	1.959361902091902508e+01	2.028083104024901218e+01	2.041824535528048301e+01	2.067419409544077524e+01	2.060187355205079029e+01	2.029358341138994959e+01	2.082195501595994713e+01	1.988309156320697824e+01	1.929421993779020994e+01	2.048816770739334459e+01	1.971635109394818386e+01	2.098349784075401914e+01	2.083486300859937401e+01	2.078030879714620482e+01	2.006911555512419199e+01	2.003918117398074372e+01
1.999619546480840526e+01	2.018595646160694557e+01	2.057136493493742435e+01	2.021773178551832473e+01	3.057121754247271994e+01	2.012373063133365392e+01	2.050757560507425481e+01	2.021847280438257144e+01	2.052306793336740753e+01	2.005721089833677340e+01	1.955471831967521368e+01	2.072071659958327672e+01	2.002023647502497639e+01	2.011180875063774565e+01	2.088553077774561118e+01	2.068185299905358576e+01	2.038380726683642763e+01	2.018542087917894534e+01	2.040148648979853618e+01	2.008398117407775274e+01	2.001809837979559958e+01	2.031912353643204483e+01	2.010870125453584123e+01	2.011667055227417222e+01	2.088334120345990286e+01	1.994968738007996123e+01	1.974640680479192767e+01	2.018094291983366517e+01	2.028600973624399018e+01	2.057870279789417012e+01	2.026176153571572769e+01	2.009557719276287813e+01	1.992101042473015582e+01	2.004575570207815360e+01	1.963214980270620202e+01	2.055449241391007931e+01	2.021967459857023641e+01	2.081651157030755428e+01	2.072514919124906996e+01	1.985660767956249018e+01	2.074029815783944031e+01	2.008891754984651357e+01	1.977888925602200487e+01	2.020876196592625718e+01	2.018301451435601379e+01	2.073971751056276958e+01	2.090030905709710751e+01	2.041595019747201789e+01	1.999918788512117374e+01	1.985165700044709425e+01
2.041532063344101289e+01	1.990510761101999293e+01	2.091849329346856479e+01	2.067095924705344245e+01	2.012373063133365392e+01	3.029322757987100800e+01	2.050652640663777149e+01	1.987106968408599528e+01	2.056407368968043770e+01	2.015346071154099405e+01	1.991233303721834957e+01	2.033676382299777785e+01	1.970525832825352452e+01	2.020670813945623223e+01	2.040400876185659840e+01	2.043279184132165938e+01	2.034198598403432001e+01	2.043841080031678459e+01	2.016388826323854744e+01	2.061447327605751667e+01	2.003067568451155012e+01	2.034821574056676496e+01	2.023290583644561735e+01	2.003326254245785520e+01	2.018806709288940837e+01	2.028108531164863493e+01	1.968485421069066987e+01	2.040433160901144660e+01	2.077332822929826506e+01	2.051108441798788107e+01	2.010436893798967617e+01	2.045281457016749727e+01	2.011441989859081048e+01	1.986682132464075679e+01	1.986040229077086394e+01	2.047688341862753703e+01	2.019438605274730136e+01	2.013540174098552882e+01	2.092403649789253350e+01	2.048125510084078016e+01	2.047550068462976114e+01	1.965378599611909394e+01	1.983912114445613639e+01	2.036420382660633521e+01	1.998853143450333647e+01	2.061747286648227728e+01	2.053681987107280449e+01	2.003033364472013389e+01	2.009606446434942129e+01	1.999648909756939119e+01
2.054919654552467279e+01	2.043362315557301656e+01	2.045293229082379582e+01	2.017780328952481739e+01	2.050757560507425481e+01	2.050652640663777149e+01	3.081929071898966654e+01	2.034240969490578621e+01	2.021433435522592248e+01	2.030586034869793721e+01	1.976716071522814389e+01	2.039998332053288976e+01	1.979475608570275824e+01	2.043020564402517181e+01	2.105239549581359526e+01	2.056262838158694350e+01	1.994915804129290393e+01	2.025397629021192714e+01	2.040575722489380439e+01	2.041701375271397723e+01	2.026365753013516624e+01	2.013061270397061975e+01	2.017975887801183177e+01	2.023887297183940603e+01	2.043609608275719225e+01	2.032612580634242505e+01	1.989762306453891583e+01	2.036803758180414192e+01	2.090330232970883984e+01	2.108562495429922379e+01	2.057452945640395470e+01	2.078185362868077490e+01	2.067256494879363160e+01	2.002861575088068946e+01	2.001950655776347432e+01	2.080421355501526648e+01	2.064339220029012623e+01	2.035384071435499465e+01	2.087332496466646248e+01	2.037169249267362403e+01	2.079888006475589535e+01	1.976336960631537565e+01	2.000289883870742713e+01	2.047450936923705456e+01	2.038260477997344466e+01	2.051319390157260614e+01	2.071543509552906315e+01	2.026484869839319813e+01	1.989659302934266449e+01	1.992254986827443375e+01
1.966892278644667158e+01	1.968144751971884787e+01	2.038081719194541463e+01	2.012838177707674348e+01	2.021847280438257144e+01	1.987106968408599528e+01	2.034240969490578621e+01	2.950874534214394629e+01	1.972466127518978851e+01	1.980035247091780803e+01	1.941586304855579570e+01	2.037965665410170146e+01	1.961116922847254074e+01	1.992853603069772817e+01	2.040571338656975087e+01	1.994413810890573302e+01	1.996574679435762079e+01	1.946668624816267723e+01	1.998232709526106277e+01	1.988237222831148543e+01	1.967943932923170891e+01	1.992863523408311721e+01	1.973014417210552907e+01	2.003148193607837868e+01	2.023557644582134074e+01	1.971912353396026418e+01	1.950673826823766888e+01	1.995004838132879854e+01	2.000494518927948207e+01	2.029778548840646835e+01	1.966855502431123526e+01	1.977692826180788899e+01	1.955145944198012842e+01	1.969029566408194398e+01	1.943875845224672716e+01	2.013366225287446198e+01	1.998389383433583788e+01	2.059509244890714541e+01	2.046430049039658172e+01	1.985745014865722524e+01	2.038765376556082032e+01	1.920816954108635244e+01	1.978221989032855177e+01	1.999764425377471255e+01	1.931035611082248948e+01	2.032908972658660929e+01	2.016111298203481539e+01	2.008136339783554192e+01	1.972473127723476694e+01	1.933782421940481910e+01
2.033548093035397741e+01	1.994625588955905471e+01	2.064308791998398362e+01	2.005337047530337102e+01	2.052306793336740753e+01	2.056407368968043770e+01	2.021433435522592248e+01	1.972466127518978851e+01	2.977152406978768795e+01	1.992206665785165498e+01	1.964042017586164945e+01	2.045299506088667485e+01	1.952399013275637429e+01	2.042068242422586977e+01	2.020211058534337312e+01	2.044995658379673742e+01	1.970658540369801415e+01	1.988159065034596296e+01	1.988100753501664641e+01	2.004493081853981451e+01	1.996947017445260997e+01	2.005167911082993371e+01	1.940283526902077327e+01	2.040414412635393404e+01	1.999404135104807878e+01	1.954454742918160548e+01	1.990652934014803321e+01	1.982713296072179787e+01	2.036268081297737709e+01	2.047437619555421051e+01	1.978543722593265741e+01	2.007199175910247746e+01	2.002834760296619265e+01	1.970549306161419523e+01	1.975159897012925825e+01	2.044143784568444033e+01	2.029768185273150394e+01	2.010097436025704098e+01	2.055633985502939254e+01	1.945744115749955583e+01	2.065917278744789343e+01	1.979487868977460607e+01	1.940669645862663373e+01	2.025799327534940986e+01	1.941198834244858773e+01	2.077292240692180414e+01	2.046999632041775286e+01	2.018559358191182795e+01	1.992852012626747893e+01	1.975121375361509379e+01
1.997969340442427466e+01	2.002390827546789609e+01	2.030123855776421848e+01	1.998729115648687937e+01	2.005721089833677340e+01	2.015346071154099405e+01	2.030586034869793721e+01	1.980035247091780803e+01	1.992206665785165498e+01	2.890803504048882289e+01	1.916768915101236104e+01	2.019957880384048465e+01	1.938947889761613297e+01	1.990880881001956837e+01	2.078302927933821564e+01	2.008919569977376085e+01	1.977962513425306668e+01	2.007160515426482661e+01	1.999433748886544038e+01	1.996349144570993772e+01	1.965022947585583069e+01	1.989982904118402018e+01	1.984455297409931873e+01	1.962146825510766135e+01	2.013392543501713661e+01	1.989561712887140388e+01	1.983676144827321863e+01	1.980394918375630198e+01	1.999296520706937130e+01	2.056304320071672720e+01	1.971048302789691675e+01	1.993455864430710633e+01	1.991495236940689040e+01	1.929754526863694863e+01	1.968779190291085612e+01	2.034851920558871186e+01	1.995609109347184784e+01	2.018601796396554704e+01	2.033376766949566772e+01	1.995120321887425163e+01	2.000331611910802465e+01	1.930288281071685930e+01	1.963588921651038177e+01	2.019439795255631864e+01	1.955276574132776091e+01	2.025459318779849127e+01	2.030169412436525889e+01	2.000129341413134654e+01	1.935614343127481263e+01	1.932526535422393010e+01
1.955683830191886230e+01	1.960971230643555074e+01	1.975991927860545161e+01	1.963316981499536595e+01	1.955471831967521368e+01	1.991233303721834957e+01	1.976716071522814389e+01	1.941586304855579570e+01	1.964042017586164945e+01	1.916768915101236104e+01	2.805591647905192332e+01	1.954848580519422896e+01	1.877573827008731300e+01	1.934063078762438437e+01	2.007281828311498018e+01	1.994269071274571203e+01	1.989574373732447299e+01	1.905924094568754157e+01	1.972166390822780002e+01	1.962164830575375873e+01	1.974119690820506889e+01	1.933731452415841900e+01	1.924189203381464708e+01	1.963720019908398839e+01	1.966209998285787819e+01	1.940041045861761759e+01	1.944522031926434380e+01	1.915965949613902808e+01	1.967938477860836954e+01	1.976019331457544936e+01	1.967734210642889892e+01	1.942401887924508941e+01	1.954893127325707525e+01	1.914569823593782871e+01	1.909689676296559213e+01	2.036491054591760275e+01	1.953632237356600498e+01	1.995087687294390122e+01	2.020441892486334723e+01	1.927195052857942414e+01	2.025290460020459449e+01	1.887655881429445515e+01	1.908445823689373455e+01	1.982014719735446562e+01	1.934966614793043149e+01	1.986970184491338287e+01	1.992958409891110705e+01	1.957858698159698818e+01	1.950126978800498989e+01	1.885710206972063574e+01
2.008331139262280729e+01	2.013214722913759047e+01	2.063728198201827979e+01	2.054695804774348744e+01	2.072071659958327672e+01	2.033676382299777785e+01	2.039998332053288976e+01	2.037965665410170146e+01	2.045299506088667485e+01	2.019957880384048465e+01	1.954848580519422896e+01	2.999276833874030146e+01	1.968974637924837268e+01	2.038623305457589296e+01	2.104455956311571541e+01	2.066596602847322828e+01	2.027368515077333200e+01	1.994366180071884997e+01	2.029296847629744960e+01	2.026379269182173104e+01	2.044545767324019181e+01	2.046068291595100064e+01	2.020201667919068100e+01	2.055178690604498470e+01	2.044088098668418496e+01	1.999304497592644836e+01	1.994783335917825795e+01	2.020499005977889340e+01	2.074283913866498708e+01	2.068080812648285871e+01	2.009820247871591903e+01	2.037996459357901102e+01	1.980540047156146599e+01	2.081345350136232142e+01	1.970152106314820273e+01	2.058362454899986105e+01	2.031764285829441974e+01	2.069266566303714683e+01	2.080738054049886188e+01	1.998397068888520778e+01	2.101443147019034186e+01	1.992526728438831540e+01	1.979470546318876245e+01	2.052424873950192463e+01	2.015425207452165779e+01	2.115344643807237901e+01	2.094951514017330396e+01	2.048730134561701988e+01	2.019602542342198603e+01	1.957615025289364041e+01
1.958746135854951831e+01	1.964156253847106370e+01	1.980289937356549146e+01	1.973297823589127731e+01	2.002023647502497639e+01	1.970525832825352452e+01	1.979475608570275824e+01	1.961116922847254074e+01	1.952399013275637429e+01	1.938947889761613297e+01	1.877573827008731300e+01	1.968974637924837268e+01	2.861365780435999895e+01	1.989435971925245994e+01	1.998233364484204699e+01	1.982768981908095896e+01	1.919509591444701258e+01	1.972512038899678544e+01	1.974994728901125995e+01	1.973960614252879253e+01	1.925058478443451904e+01	1.966835235753278965e+01	1.954184111760922704e+01	1.948878121694720988e+01	1.963366151917462332e+01	1.933756576194403465e+01	1.940156219972814000e+01	1.933797626539886849e+01	2.005402160668681333e+01	1.995224637650364130e+01	1.937649862986971527e+01	1.988299716385191829e+01	1.978243573474031791e+01	1.956032324465909866e+01	1.946074946907202730e+01	2.006228330435474305e+01	2.017087136152795068e+01	1.977541570649954394e+01	2.039898722644469231e+01	1.932605273841184257e+01	2.001527516216592772e+01	1.949470852109785213e+01	1.917612052813832335e+01	2.000641308342639135e+01	1.934969562196296522e+01	2.016497441402260549e+01	2.006014227087464263e+01	1.960099094590300695e+01	1.956516222699653440e+01	1.934674491548676656e+01
2.043998854634831730e+01	1.982223866908433152e+01	2.073133393430720872e+01	2.028726472869762532e+01	2.011180875063774565e+01	2.020670813945623223e+01	2.043020564402517181e+01	1.992853603069772817e+01	2.042068242422586977e+01	1.990880881001956837e+01	1.934063078762438437e+01	2.038623305457589296e+01	1.989435971925245994e+01	2.984214636877766580e+01	2.059160064764509812e+01	2.048597396197012799e+01	1.994197213182716766e+01	2.028714220640678789e+01	1.992066001145746412e+01	2.029195059465517303e+01	2.031282997432854387e+01	2.043149560994639913e+01	2.005374358902274423e+01	2.018968814771953291e+01	2.054989278206187464e+01	1.980065864832187117e+01	1.992047017345712234e+01	2.013755196458215480e+01	2.048196512349347032e+01	2.058930747958352825e+01	2.025422375158050414e+01	2.015339217894009494e+01	2.031533516915521531e+01	2.006691152713788284e+01	1.975960839541255609e+01	2.059591156813195312e+01	2.012528790216508412e+01	1.999529161436370117e+01	2.057561682538569769e+01	1.996801807680167684e+01	2.076017269452835023e+01	1.977633265865609502e+01	1.994759359362540962e+01	2.040924465213742067e+01	1.972151430549214624e+01	2.047256934276899543e+01	2.058312154736863064e+01	2.026781824757569694e+01	1.997736290687020499e+01	2.008531419597925094e+01
2.029913242386586703e+01	2.055669662118283370e+01	2.057656818748971972e+01	2.069968481876469113e+01	2.088553077774561118e+01	2.040400876185659840e+01	2.105239549581359526e+01	2.040571338656975087e+01	2.020211058534337312e+01	2.078302927933821564e+01	2.007281828311498018e+01	2.104455956311571541e+01	1.998233364484204699e+01	2.059160064764509812e+01	3.072216240425946410e+01	2.071645146632067735e+01	2.103454338631157938e+01	2.064337340034475332e+01	2.059520101045088225e+01	2.065651554892594888e+01	2.014014391010313432e+01	2.047382526540230074e+01	2.053149969511074602e+01	2.042405026793684186e+01	2.046092170415883515e+01	2.021945840341556533e+01	2.011436142437668906e+01	2.056043748393421211e+01	2.073318883283210567e+01	2.069745504233211975e+01	2.069953957918529852e+01	2.073535040885615999e+01	2.080718274796953793e+01	2.042042315808440023e+01	2.037747868422073338e+01	2.064868632960821770e+01	2.086697525680508747e+01	2.068276878962339538e+01	2.112364419783206415e+01	2.012860682400592793e+01	2.090206701073879358e+01	1.977031216936531521e+01	2.025042047473203510e+01	2.053754893352707356e+01	2.003968627201166086e+01	2.130643840742026995e+01	2.097784288695501687e+01	2.077643593843919945e+01	2.020812691492209368e+01	2.016150641631387330e+01
2.052138500751427586e+01	2.026662986558226009e+01	2.067786238841243929e+01	2.066677494684131133e+01	2.068185299905358576e+01	2.043279184132165938e+01	2.056262838158694350e+01	1.994413810890573302e+01	2.044995658379673742e+01	2.008919569977376085e+01	1.994269071274571203e+01	2.066596602847322828e+01	1.982768981908095896e+01	2.048597396197012799e+01	2.071645146632067735e+01	3.011830817062082133e+01	2.028111103074697041e+01	2.026585827793165606e+01	2.037624397729949877e+01	2.018627446710685192e+01	1.989525629680636598e+01	1.994640566832948281e+01	2.003076141090858187e+01	2.010678563057571111e+01	1.999206265106860769e+01	2.055970701570819159e+01	1.955460937466335025e+01	2.017195111447427891e+01	2.038606893719770952e+01	2.082008016141952567e+01	1.983245276524367995e+01	2.035427776881545014e+01	2.061454451239933050e+01	1.965847093328760309e+01	2.001049847517905533e+01	2.035494876601502767e+01	2.020515083899286424e+01	2.056423635712009812e+01	2.048492094586287493e+01	2.001194031416634189e+01	2.084950955934826311e+01	1.979950184831771409e+01	1.994560087995310127e+01	2.022075717775085835e+01	1.987675767804440952e+01	2.079868621944858020e+01	2.055763772566334069e+01	2.038868609572059043e+01	2.008701322315160454e+01	1.976409253315424408e+01
1.987444028773874294e+01	2.048407283958685099e+01	2.026460554881067466e+01	2.040882670043450631e+01	2.038380726683642763e+01	2.034198598403432001e+01	1.994915804129290393e+01	1.996574679435762079e+01	1.970658540369801415e+01	1.977962513425306668e+01	1.989574373732447299e+01	2.027368515077333200e+01	1.919509591444701258e+01	1.994197213182716766e+01	2.103454338631157938e+01	2.028111103074697041e+01	3.007159652510432934e+01	1.978698329723799532e+01	2.009102238776663540e+01	2.019586516692185896e+01	2.010293891172644010e+01	2.006510392486172734e+01	2.021425516455370186e+01	2.005807781139310464e+01	2.014280224547809794e+01	1.993128997320302886e+01	1.988781791543583566e+01	1.999644320313043622e+01	2.035635830454109652e+01	2.075538586115934336e+01	1.995190534216227363e+01	2.014202712198961720e+01	2.028356650878290424e+01	1.980474899684823598e+01	2.009667846068499841e+01	2.050321660835413695e+01	2.008095729330787549e+01	2.040829543442343663e+01	2.053116697466732532e+01	1.988515804766653616e+01	2.083795456319090889e+01	1.987943235942844922e+01	1.947343956450637137e+01	2.047249065540438906e+01	1.942800089107659645e+01	2.070914430815370011e+01	2.061158672506824985e+01	2.052800322064622307e+01	2.008737023983433190e+01	1.942178386003902091e+01
2.000997403393960639e+01	1.942910229683250734e+01	2.029425403083090984e+01	2.025809925537767597e+01	2.018542087917894534e+01	2.043841080031678459e+01	2.025397629021192714e+01	1.946668624816267723e+01	1.988159065034596296e+01	2.007160515426482661e+01	1.905924094568754157e+01	1.994366180071884997e+01	1.972512038899678544e+01	2.028714220640678789e+01	2.064337340034475332e+01	2.026585827793165606e+01	1.978698329723799532e+01	2.948053525830086485e+01	1.996153753375772766e+01	2.012215970902435913e+01	1.947362139892371857e+01	1.988599929596339422e+01	1.981444266627836015e+01	1.966425902516065705e+01	2.020537906874623246e+01	1.965542594130981513e+01	1.928893317053557510e+01	1.960595298661693064e+01	2.040352056231224864e+01	1.997530211851673698e+01	1.978821677500580023e+01	1.989646217611948842e+01	2.013658461653294651e+01	1.976226985603838315e+01	1.967883826718555440e+01	2.042551815890904265e+01	2.006259478102238347e+01	2.021327651227190003e+01	2.054482000270732556e+01	1.972352435628153344e+01	2.042176815165464276e+01	1.937525620644462165e+01	1.950375330502808424e+01	1.985841985237687624e+01	1.984902132290960353e+01	2.059402955576843297e+01	2.037270231438084878e+01	1.988255946824760656e+01	1.971344140823147839e+01	1.978293947934299624e+01
1.981986847253527628e+01	2.028461384903592091e+01	1.998811991209440464e+01	1.996086300122097157e+01	2.040148648979853618e+01	2.016388826323854744e+01	2.040575722489380439e+01	1.998232709526106277e+01	1.988100753501664641e+01	1.999433748886544038e+01	1.972166390822780002e+01	2.029296847629744960e+01	1.974994728901125995e+01	1.992066001145746412e+01	2.059520101045088225e+01	2.037624397729949877e+01	2.009102238776663540e+01	1.996153753375772766e+01	2.998687253650983209e+01	2.010459903633934786e+01	2.019890360094004578e+01	2.002782770630774323e+01	2.007810072036910753e+01	2.016075813053086208e+01	2.020036184944741109e+01	1.974709746290425016e+01	1.983591618273067070e+01	1.992531600964259653e+01	2.034888788796403958e+01	2.058113403166411715e+01	1.967965390126876457e+01	2.021168273045758212e+01	2.021149012927042676e+01	1.964506968012751642e+01	1.978101907152387895e+01	2.083126812824394136e+01	2.041633505615531519e+01	2.025580264455336987e+01	2.107658153570329418e+01	1.974048460206254418e+01	2.036481672416270783e+01	1.961927540526495051e+01	1.960989660954969338e+01	2.003601257462245044e+01	1.965634832736918369e+01	2.062311210087022317e+01	2.034050045688966790e+01	2.010508712388422836e+01	1.987438052011573575e+01	1.951718805878694241e+01
1.999177563058785623e+01	1.995357391572885675e+01	2.026952463115112479e+01	2.028089569761612410e+01	2.008398117407775274e+01	2.061447327605751667e+01	2.041701375271397723e+01	1.988237222831148543e+01	2.004493081853981451e+01	1.996349144570993772e+01	1.962164830575375873e+01	2.026379269182173104e+01	1.973960614252879253e+01	2.029195059465517303e+01	2.065651554892594888e+01	2.018627446710685192e+01	2.019586516692185896e+01	2.012215970902435913e+01	2.010459903633934786e+01	2.948203985802404858e+01	2.003122790496993844e+01	2.011401310603140402e+01	2.024739226630947897e+01	1.981285786623717726e+01	2.003169807852184547e+01	1.982993321405111331e+01	1.963097727486427502e+01	2.003120758032298809e+01	2.027911605696256103e+01	2.011708774856786164e+01	1.981672176369352556e+01	2.007817579043988943e+01	2.013770156944143963e+01	2.011301084338258249e+01	2.007750146367887467e+01	2.040038782174487864e+01	2.012223474215338825e+01	2.024105456591416541e+01	2.078903973973082842e+01	1.993416219730181638e+01	2.023534047214359433e+01	1.938846181303692262e+01	1.965193067495330226e+01	2.018488021986810921e+01	1.980438038985317917e+01	2.072128864338402465e+01	2.002165261476692137e+01	2.013902387009961004e+01	2.010887199683098814e+01	1.989495643696748672e+01
2.001445925808637227e+01	2.021915798219468030e+01	1.991816284006065985e+01	2.006077243144716249e+01	2.001809837979559958e+01	2.003067568451155012e+01	2.026365753013516624e+01	1.967943932923170891e+01	1.996947017445260997e+01	1.965022947585583069e+01	1.974119690820506889e+01	2.044545767324019181e+01	1.925058478443451904e+01	2.031282997432854387e+01	2.014014391010313432e+01	1.989525629680636598e+01	2.010293891172644010e+01	1.947362139892371857e+01	2.019890360094004578e+01	2.003122790496993844e+01	2.958544036769081131e+01	1.965507366218692908e+01	1.998229742673860443e+01	1.953192854968336079e+01	1.991930492513359496e+01	1.978506386863599076e+01	1.964516573224946328e+01	1.975149645057471659e+01	1.999875154802186117e+01	2.056415325652095660e+01	1.978220350614767398e+01	2.012622977337828090e+01	1.970321648763288280e+01	1.984396469719411016e+01	1.948068271503969129e+01	2.005831012078872178e+01	1.919777900874972332e+01	2.029033213576908423e+01	2.061887830427608748e+01	1.950628319331812222e+01	2.068212059628559274e+01	1.939889551609705265e+01	1.959732069572869051e+01	2.033087491423622239e+01	1.940084370136227676e+01	1.983480867458406749e+01	2.057049145565355630e+01	1.993292476668027291e+01	1.977488061997616242e+01	1.981547079206797690e+01
2.001695621009091397e+01	1.991405489608331081e+01	2.038719323705181097e+01	2.005681762930220202e+01	2.031912353643204483e+01	2.034821574056676496e+01	2.013061270397061975e+01	1.992863523408311721e+01	2.005167911082993371e+01	1.989982904118402018e+01	1.933731452415841900e+01	2.046068291595100064e+01	1.966835235753278965e+01	2.043149560994639913e+01	2.047382526540230074e+01	1.994640566832948281e+01	2.006510392486172734e+01	1.988599929596339422e+01	2.002782770630774323e+01	2.011401310603140402e+01	1.965507366218692908e+01	2.964843036341714821e+01	2.000464390122158065e+01	1.999097754607132771e+01	2.065855575585525372e+01	2.001827427856048658e+01	1.970015271731134732e+01	2.000898098798449709e+01	2.007603571816786925e+01	2.039129208514749436e+01	2.023588254911345174e+01	1.978373714890964408e+01	1.996766116938298552e+01	2.010348962675464790e+01	1.974759434411268799e+01	2.054516686390831381e+01	1.998445874572411185e+01	2.017551630932041817e+01	2.067123308696583450e+01	1.990819456439259838e+01	2.036189418747851931e+01	1.926575339936286468e+01	1.959180364411193054e+01	2.027201146351895034e+01	1.996071717035532700e+01	2.052107802826101590e+01	2.028198001792439698e+01	1.992432962508305394e+01	1.966656282741215378e+01	1.929706381798249026e+01
1.998465823455629575e+01	2.019525002696691374e+01	2.036355191898682904e+01	2.004446827996608249e+01	2.010870125453584123e+01	2.023290583644561735e+01	2.017975887801183177e+01	1.973014417210552907e+01	1.940283526902077327e+01	1.984455297409931873e+01	1.924189203381464708e+01	2.020201667919068100e+01	1.954184111760922704e+01	2.005374358902274423e+01	2.053149969511074602e+01	2.003076141090858187e+01	2.021425516455370186e+01	1.981444266627836015e+01	2.007810072036910753e+01	2.024739226630947897e+01	1.998229742673860443e+01	2.000464390122158065e+01	2.955598908859834140e+01	1.992427428370681142e+01	2.021759843211482632e+01	2.004543373548705176e+01	1.983169416370640548e+01	1.998069733787659885e+01	1.990485241296305219e+01	2.024387729149060178e+01	2.051246258367459063e+01	2.028383833059399421e+01	2.025806976169230822e+01	1.994325165638372610e+01	1.991113044607715565e+01	2.062363187459773783e+01	2.051525980978855657e+01	2.004409172269518180e+01	2.068956170149889218e+01	1.963143743103053751e+01	2.031887610678917255e+01	2.021307479642922189e+01	1.954223757385923932e+01	2.027639023228917736e+01	1.973033978109016573e+01	2.064985055341088227e+01	2.054975487190042216e+01	1.994956417004329552e+01	1.967540128756282414e+01	2.007606094062319713e+01
1.987159423618257392e+01	1.995475857586865587e+01	2.029982502724014282e+01	2.027485854680464783e+01	2.011667055227417222e+01	2.003326254245785520e+01	2.023887297183940603e+01	2.003148193607837868e+01	2.040414412635393404e+01	1.962146825510766135e+01	1.963720019908398839e+01	2.055178690604498470e+01	1.948878121694720988e+01	2.018968814771953291e+01	2.042405026793684186e+01	2.010678563057571111e+01	2.005807781139310464e+01	1.966425902516065705e+01	2.016075813053086208e+01	1.981285786623717726e+01	1.953192854968336079e+01	1.999097754607132771e+01	1.992427428370681142e+01	2.946909371840890657e+01	2.004286794219939338e+01	1.954346017126019319e+01	1.963943283086095803e+01	2.000391123314729214e+01	2.007568436286559432e+01	1.999670593233441807e+01	1.985885745817573778e+01	2.017050191662755765e+01	1.994738992694566448e+01	1.941554477405367507e+01	1.975526847329580704e+01	2.024713429516914331e+01	1.982297006859690924e+01	2.011265532479576024e+01	2.084775353081033344e+01	1.947721809496016476e+01	2.033862267184299810e+01	1.934728462912437408e+01	1.937471227801913187e+01	2.016156526733097820e+01	1.959105846116811378e+01	2.013684094818334458e+01	2.037726830937979727e+01	2.027546959534079818e+01	1.981238011218443873e+01	1.955533397092785108e+01
2.000746848945862411e+01	2.000717404873446270e+01	2.028562382676382114e+01	2.055622195387315543e+01	2.088334120345990286e+01	2.018806709288940837e+01	2.043609608275719225e+01	2.023557644582134074e+01	1.999404135104807878e+01	2.013392543501713661e+01	1.966209998285787819e+01	2.044088098668418496e+01	1.963366151917462332e+01	2.054989278206187464e+01	2.046092170415883515e+01	1.999206265106860769e+01	2.014280224547809794e+01	2.020537906874623246e+01	2.020036184944741109e+01	2.003169807852184547e+01	1.991930492513359496e+01	2.065855575585525372e+01	2.021759843211482632e+01	2.004286794219939338e+01	3.017931800025385058e+01	1.978634746080010487e+01	2.007546150048018063e+01	2.029932373700363257e+01	2.038374882851479342e+01	2.079884077353532135e+01	2.008190109475818019e+01	1.988478189713442035e+01	1.991779080493518350e+01	2.004801323396240065e+01	1.971660937969431515e+01	2.042187214197355871e+01	2.035357141225740563e+01	2.076364893638433173e+01	2.048771916849759478e+01	2.010788789993532788e+01	2.053154456138911854e+01	1.957777543325130765e+01	1.957996551918389372e+01	2.058023336725676344e+01	2.003921601331973790e+01	2.066185497583248676e+01	2.012631050323209081e+01	1.994272231609585688e+01	1.985384687071659826e+01	1.984473209207799016e+01
2.014690086772504785e+01	1.992139587591979932e+01	2.019975926441147251e+01	2.042586506302962235e+01	1.994968738007996123e+01	2.028108531164863493e+01	2.032612580634242505e+01	1.971912353396026418e+01	1.954454742918160548e+01	1.989561712887140388e+01	1.940041045861761759e+01	1.999304497592644836e+01	1.933756576194403465e+01	1.980065864832187117e+01	2.021945840341556533e+01	2.055970701570819159e+01	1.993128997320302886e+01	1.965542594130981513e+01	1.974709746290425016e+01	1.982993321405111331e+01	1.978506386863599076e+01	2.001827427856048658e+01	2.004543373548705176e+01	1.954346017126019319e+01	1.978634746080010487e+01	2.893169274593848073e+01	1.954260981466129010e+01	1.994690188081061422e+01	2.022858959355991715e+01	2.052477439925946712e+01	1.960912656378856767e+01	2.026578364882367111e+01	1.997647800922512573e+01	1.943549858293965471e+01	1.955980990475381631e+01	2.015512191526599750e+01	2.000521784325291108e+01	1.980163587048106777e+01	2.055596346607809011e+01	1.968047442022664839e+01	2.037426525397183852e+01	1.941783794011892184e+01	1.917065638726974086e+01	1.986306985015233906e+01	1.906542406953477808e+01	2.024882701951407427e+01	2.047448287215609142e+01	1.971372059738711258e+01	2.003831404857156784e+01	1.951893888300114099e+01
1.997986538595371542e+01	1.981748897266276188e+01	2.028349676882259445e+01	2.008206526629872712e+01	1.974640680479192767e+01	1.968485421069066987e+01	1.989762306453891583e+01	1.950673826823766888e+01	1.990652934014803321e+01	1.983676144827321863e+01	1.944522031926434380e+01	1.994783335917825795e+01	1.940156219972814000e+01	1.992047017345712234e+01	2.011436142437668906e+01	1.955460937466335025e+01	1.988781791543583566e+01	1.928893317053557510e+01	1.983591618273067070e+01	1.963097727486427502e+01	1.964516573224946328e+01	1.970015271731134732e+01	1.983169416370640548e+01	1.963943283086095803e+01	2.007546150048018063e+01	1.954260981466129010e+01	2.909764131905065554e+01	1.951337823762622037e+01	2.026487741741243553e+01	1.991385468659118629e+01	1.966374829494066390e+01	1.975242824826360888e+01	1.984801662624343876e+01	1.918401898910983405e+01	1.976324125117062636e+01	2.032094291436436961e+01	1.959211642456053681e+01	1.955522947499738606e+01	2.035771090508871239e+01	1.952137416596642794e+01	2.029800133846210031e+01	1.931309032718036534e+01	1.921362010116775565e+01	2.037574332411610811e+01	1.907238532574384493e+01	2.043167887765981661e+01	2.019075055850190736e+01	1.988616626305281443e+01	1.977088886109242338e+01	1.946412773948106434e+01
1.929420395647354169e+01	2.005323257980991158e+01	2.061009888593824257e+01	2.023378703615354368e+01	2.018094291983366517e+01	2.040433160901144660e+01	2.036803758180414192e+01	1.995004838132879854e+01	1.982713296072179787e+01	1.980394918375630198e+01	1.915965949613902808e+01	2.020499005977889340e+01	1.933797626539886849e+01	2.013755196458215480e+01	2.056043748393421211e+01	2.017195111447427891e+01	1.999644320313043622e+01	1.960595298661693064e+01	1.992531600964259653e+01	2.003120758032298809e+01	1.975149645057471659e+01	2.000898098798449709e+01	1.998069733787659885e+01	2.000391123314729214e+01	2.029932373700363257e+01	1.994690188081061422e+01	1.951337823762622037e+01	2.936160910958848902e+01	1.994334371127641603e+01	2.016262890723943713e+01	1.986596202679625378e+01	1.988919492215460849e+01	1.990584989139091832e+01	1.976941036374811844e+01	1.939151715757482819e+01	2.042628468900173644e+01	1.970461013984584042e+01	2.024270709725116291e+01	2.031083938447412152e+01	1.996227623130062057e+01	2.037917431637260535e+01	1.994490932241058800e+01	1.960260675497838179e+01	1.995792197064260876e+01	1.971499733855198500e+01	2.040586920950435257e+01	2.038257893339434546e+01	2.028600790284645683e+01	1.970759405674472120e+01	1.950077411264981464e+01
2.023427892519998395e+01	2.029006884345646000e+01	2.088588460902845512e+01	2.033194484282463321e+01	2.028600973624399018e+01	2.077332822929826506e+01	2.090330232970883984e+01	2.000494518927948207e+01	2.036268081297737709e+01	1.999296520706937130e+01	1.967938477860836954e+01	2.074283913866498708e+01	2.005402160668681333e+01	2.048196512349347032e+01	2.073318883283210567e+01	2.038606893719770952e+01	2.035635830454109652e+01	2.040352056231224864e+01	2.034888788796403958e+01	2.027911605696256103e+01	1.999875154802186117e+01	2.007603571816786925e+01	1.990485241296305219e+01	2.007568436286559432e+01	2.038374882851479342e+01	2.022858959355991715e+01	2.026487741741243553e+01	1.994334371127641603e+01	3.068551866172624187e+01	2.088524347974349737e+01	2.028652606982327100e+01	2.063320875347308458e+01	2.056374297098436443e+01	2.022981440039858825e+01	2.017445332428141214e+01	2.033425610069556555e+01	2.043424633277075486e+01	2.034294073355974675e+01	2.100339772711805608e+01	2.028590899021684635e+01	2.120418963341739627e+01	1.970250919361039266e+01	1.970305325687447251e+01	2.032683656895142832e+01	2.006489838559384609e+01	2.059463312452142247e+01	2.072431662403138120e+01	2.037168956665798802e+01	2.026930563469857205e+01	2.017935926050021678e+01
2.060381387141032761e+01	2.061470177609846388e+01	2.075888572567906820e+01	2.049995632988194671e+01	2.057870279789417012e+01	2.051108441798788107e+01	2.108562495429922379e+01	2.029778548840646835e+01	2.047437619555421051e+01	2.056304320071672720e+01	1.976019331457544936e+01	2.068080812648285871e+01	1.995224637650364130e+01	2.058930747958352825e+01	2.069745504233211975e+01	2.082008016141952567e+01	2.075538586115934336e+01	1.997530211851673698e+01	2.058113403166411715e+01	2.011708774856786164e+01	2.056415325652095660e+01	2.039129208514749436e+01	2.024387729149060178e+01	1.999670593233441807e+01	2.079884077353532135e+01	2.052477439925946712e+01	1.991385468659118629e+01	2.016262890723943713e+01	2.088524347974349737e+01	3.053847116770712233e+01	2.049422472225237968e+01	2.054180341441906421e+01	2.037617695452119193e+01	2.035251595641491917e+01	2.016542696388030720e+01	2.064981195668715941e+01	2.062581251918710734e+01	2.047654780958401588e+01	2.068428883073185887e+01	1.999747440620465255e+01	2.112484545673919101e+01	2.022530615545164068e+01	2.027202086361728206e+01	2.084632162096639263e+01	2.006076685406124582e+01	2.112431207303323433e+01	2.066595748419091194e+01	2.061792205575247650e+01	2.005091841975182732e+01	2.017083801824160361e+01
2.010073200483881450e+01	1.979425880746045863e+01	2.035083645934705388e+01	1.985996069467885761e+01	2.026176153571572769e+01	2.010436893798967617e+01	2.057452945640395470e+01	1.966855502431123526e+01	1.978543722593265741e+01	1.971048302789691675e+01	1.967734210642889892e+01	2.009820247871591903e+01	1.937649862986971527e+01	2.025422375158050414e+01	2.069953957918529852e+01	1.983245276524367995e+01	1.995190534216227363e+01	1.978821677500580023e+01	1.967965390126876457e+01	1.981672176369352556e+01	1.978220350614767398e+01	2.023588254911345174e+01	2.051246258367459063e+01	1.985885745817573778e+01	2.008190109475818019e+01	1.960912656378856767e+01	1.966374829494066390e+01	1.986596202679625378e+01	2.028652606982327100e+01	2.049422472225237968e+01	2.969002781251063894e+01	1.997088938086911369e+01	2.026481225813344977e+01	1.955058263368965044e+01	1.943570027692095792e+01	2.030441229821139260e+01	1.986429461694544329e+01	2.035856737335751987e+01	2.078285824084700195e+01	1.935789401860414571e+01	2.038159683530739841e+01	1.971666340296147979e+01	1.955906533275681625e+01	2.044393224623951610e+01	1.959279933178186894e+01	2.019687077038531697e+01	2.021433280219304862e+01	1.965501607549166607e+01	1.949666498546705995e+01	2.008007944321583693e+01
2.013771792469461630e+01	1.987504543521141542e+01	2.032612019653344504e+01	2.021016011249010091e+01	2.009557719276287813e+01	2.045281457016749727e+01	2.078185362868077490e+01	1.977692826180788899e+01	2.007199175910247746e+01	1.993455864430710633e+01	1.942401887924508941e+01	2.037996459357901102e+01	1.988299716385191829e+01	2.015339217894009494e+01	2.073535040885615999e+01	2.035427776881545014e+01	2.014202712198961720e+01	1.989646217611948842e+01	2.021168273045758212e+01	2.007817579043988943e+01	2.012622977337828090e+01	1.978373714890964408e+01	2.028383833059399421e+01	2.017050191662755765e+01	1.988478189713442035e+01	2.026578364882367111e+01	1.975242824826360888e+01	1.988919492215460849e+01	2.063320875347308458e+01	2.054180341441906421e+01	1.997088938086911369e+01	3.059679960359794393e+01	2.028942791542619517e+01	2.006065195499608222e+01	1.994375774227272657e+01	2.046503608224597670e+01	1.998734882805197444e+01	2.018655847319667984e+01	2.066313594307917256e+01	2.009838692286718853e+01	2.046860397407611032e+01	1.955189192934323472e+01	1.978138875485289816e+01	2.024664153999757943e+01	1.989080104882983591e+01	2.085544678934561347e+01	2.067342395118900811e+01	2.049555226767220262e+01	2.009255055515208355e+01	2.020378980335968677e+01
