2.916268493536500372e+01	1.953948372333431038e+01	1.931230047608532985e+01	1.939174427295406034e+01	1.934936443802854100e+01	1.932177853215628716e+01	1.956629240352679844e+01	1.935831176610957272e+01	1.945538307373246667e+01	1.909693787954449462e+01	1.962639163303533962e+01	1.939939322040380532e+01	1.940086444921961473e+01	1.925858093069158983e+01	1.973225327622484926e+01	1.959900077096079585e+01	1.975857253594647034e+01	1.931197694433006617e+01	1.988617821735524416e+01	2.002734876546441356e+01	1.934548059500014361e+01	2.001838003888570228e+01	1.923147301815935961e+01	1.990071449786186264e+01	1.946312035165188803e+01	1.959238473628015598e+01	2.008959589322182993e+01	1.930899860414193370e+01	1.994427411368379310e+01	2.009845417956753977e+01	1.942604595548035462e+01	1.983661663058941826e+01	1.880826606095455489e+01	1.945097720246384654e+01	1.981540308620313695e+01	1.953309132719128982e+01	1.976526975194114044e+01	1.914489016167591373e+01	1.997535225989468799e+01	1.975857215681797641e+01	1.944047761629522952e+01	1.957504408604225077e+01	1.984762244226282490e+01	1.933050664147893372e+01	1.955513698871860129e+01	1.982787022482680328e+01	1.890850404907471827e+01	1.993132998921124610e+01	2.014273813748492259e+01	1.962829480584807840e+01
1.953948372333431038e+01	2.930125853242487466e+01	1.976484074325244933e+01	2.025289625553457640e+01	2.026437529162003059e+01	1.994989049795846370e+01	2.014696492465062505e+01	1.985811030745722405e+01	2.012027746998534639e+01	2.022719182089886658e+01	2.006220757914699604e+01	2.015359004033938461e+01	2.012726687759439059e+01	2.000261360434684832e+01	2.080174896123063633e+01	1.992294750794031089e+01	1.999819502551635253e+01	1.977966775699437108e+01	2.023687321184987553e+01	1.987924678135505374e+01	2.023378959762438001e+01	2.055456127581321013e+01	1.960960553800451223e+01	2.011246551365086077e+01	1.984204537253668477e+01	1.979647706516709960e+01	2.060391855849892551e+01	1.983689176972293922e+01	2.029306333577858368e+01	2.052192761428961987e+01	1.972210419320090224e+01	2.063953102555674235e+01	1.920711249498334539e+01	1.966093732465334298e+01	2.041161070588519166e+01	2.045982087207376665e+01	2.004660933271816248e+01	1.963098719584190022e+01	2.027576708649756654e+01	2.001625583433591160e+01	2.018594943111497741e+01	1.982216197945933800e+01	2.014407160363744254e+01	1.985697821116894701e+01	2.013766018858022377e+01	2.036085881837072620e+01	1.959686695197275697e+01	2.046483139511796168e+01	2.102087310792054708e+01	2.038138962062241433e+01
1.931230047608532985e+01	1.976484074325244933e+01	2.966693811267736791e+01	2.006447184456305166e+01	2.019437629609704743e+01	1.956345217801124292e+01	2.021562186675369688e+01	2.016888157284624583e+01	1.985742270339640925e+01	1.940282784788199422e+01	2.033422710586652116e+01	1.996653221063877837e+01	1.990640430894342927e+01	1.964668130689528525e+01	1.987573903194846991e+01	2.000010865604286892e+01	2.025118092492320798e+01	1.981364081324384685e+01	1.968326170097849115e+01	1.991637609502204853e+01	1.983604584751779143e+01	2.009015870183699093e+01	1.963927604424251427e+01	1.995859065302686020e+01	2.012576104640532293e+01	2.014170521750644482e+01	2.068323969982791866e+01	1.965280955070735303e+01	2.029533448092589154e+01	2.042244676380545698e+01	1.994340934391729192e+01	2.030492133328757021e+01	1.942127824289771709e+01	1.953745159478562599e+01	2.017781697254397955e+01	2.030132199117279512e+01	1.969273608412301257e+01	1.969520766005036094e+01	2.043312920721794157e+01	2.032353644031647733e+01	2.023060250400968840e+01	2.011897234250350053e+01	1.982661430077998688e+01	1.977057304083542277e+01	1.987411302444459338e+01	1.997333436904729354e+01	1.956338948526809318e+01	2.032081143100992549e+01	2.088379424620715952e+01	1.984181946009765696e+01
1.939174427295406034e+01	2.025289625553457640e+01	2.006447184456305166e+01	3.002401593563772764e+01	2.022847528859971789e+01	2.009099178472215286e+01	2.016892908152589214e+01	2.032384287202353335e+01	2.007299698050596959e+01	1.963319889971312904e+01	2.018190023379662534e+01	2.011825636372369885e+01	2.030442735617386774e+01	1.999219737433324795e+01	2.072822467621771381e+01	2.030096415765418527e+01	2.070832769102560178e+01	2.007891177051716269e+01	2.022909168979550998e+01	2.020979945705198944e+01	2.008846920513592593e+01	2.076890795173976656e+01	1.958660670798926162e+01	2.021011253523330709e+01	2.008594982102868443e+01	2.005377693913538195e+01	2.100050107526523391e+01	1.980062007280752567e+01	2.041206662276653816e+01	2.039075735597894834e+01	1.985163722196588765e+01	2.056312944599633852e+01	1.967295322238243571e+01	1.988147616831865605e+01	2.062091279436790714e+01	2.032284117345539798e+01	2.059291689658454061e+01	1.960995260456373046e+01	2.012569508900922344e+01	2.043724006478690924e+01	2.034861283200369897e+01	1.990859061058905510e+01	2.011060134126778820e+01	1.967186904754797183e+01	2.022136120835570594e+01	2.086720683229124518e+01	1.985723319735563663e+01	2.079226805565475544e+01	2.104490831539284201e+01	2.041932989926387521e+01
1.934936443802854100e+01	2.026437529162003059e+01	2.019437629609704743e+01	2.022847528859971789e+01	2.951251112697076806e+01	2.011422945948131513e+01	2.018254434463109703e+01	1.982442631595267102e+01	2.024183183801146413e+01	1.985716168752728450e+01	1.992569686764986514e+01	2.032261562074025818e+01	2.010532567511888047e+01	2.031543788366672132e+01	2.018482659877679808e+01	1.999785381442239895e+01	1.972849102197910653e+01	1.980082865923661473e+01	1.997290722007286945e+01	2.004916438507296661e+01	2.020553485786148684e+01	2.030172014068281783e+01	1.971402979588169657e+01	2.030733136359900470e+01	2.021975842909856880e+01	2.014076292349350084e+01	2.024002583788436382e+01	2.010867860161207332e+01	2.046762542343216751e+01	2.038976579203419348e+01	1.987725553968131820e+01	2.008361617296859691e+01	1.960009810240054406e+01	2.002139910069429263e+01	2.052806027497139141e+01	2.028753012219448948e+01	1.982971351296007967e+01	1.955330995822532003e+01	2.080562234072864669e+01	2.030809489443796068e+01	1.998431115169061911e+01	2.010583055130602048e+01	2.005254841721989223e+01	2.003726332575654467e+01	1.972000651563318741e+01	2.035415402745558922e+01	1.931750348752571256e+01	2.024176907266298642e+01	2.082091897696409788e+01	1.992882876569778361e+01
1.932177853215628716e+01	1.994989049795846370e+01	1.956345217801124292e+01	2.009099178472215286e+01	2.011422945948131513e+01	2.955442931968606857e+01	1.955074842738562424e+01	1.949183495950040879e+01	1.966981364446135672e+01	1.928973458552164288e+01	1.969270936954578488e+01	1.985378064839268220e+01	1.992623155918441569e+01	1.970954098759720807e+01	2.019058083695243511e+01	1.979009584013439849e+01	1.991790651199552542e+01	1.952766783953730823e+01	1.969507244790982270e+01	1.972537361114928345e+01	1.963100104710506599e+01	2.018835121008548583e+01	1.914943288908630947e+01	1.983373856393834345e+01	1.968882006099704896e+01	1.979131654940506735e+01	1.999490714949700987e+01	1.949679528822160179e+01	2.015356164353249468e+01	2.013759478427372329e+01	1.950087041548595934e+01	2.027741994993147401e+01	1.922873192673928244e+01	1.924670572177681649e+01	1.988571046324594249e+01	1.968812845720323423e+01	1.982757143397799027e+01	1.925655868438022011e+01	2.038069037748905998e+01	2.012027974009229681e+01	1.980167945975895805e+01	1.945264955228243053e+01	1.983757655488341598e+01	1.974425549561043525e+01	1.959831581055552974e+01	1.996334696888172644e+01	1.947539344172790265e+01	2.030078238653609901e+01	2.053003637792693681e+01	1.942031851245850049e+01
1.956629240352679844e+01	2.014696492465062505e+01	2.021562186675369688e+01	2.016892908152589214e+01	2.018254434463109703e+01	1.955074842738562424e+01	3.039828415886045576e+01	1.989789150353517400e+01	2.013394291929799707e+01	1.991486124958550619e+01	2.016397856695004620e+01	2.042478713007408686e+01	1.987667660081803689e+01	2.010686512993155972e+01	2.040666795988597926e+01	2.011648661795547710e+01	2.068517387007376485e+01	1.989148577450593081e+01	1.987831351619367481e+01	2.038986807156720360e+01	1.975763590873513564e+01	2.051099321593072133e+01	1.987983891805665237e+01	2.042414778362466876e+01	2.013294562270306542e+01	1.989480302874452988e+01	2.072319054464935562e+01	1.942324612056241762e+01	2.085897245968037694e+01	2.032155863721676425e+01	1.980276402795117008e+01	2.026584620332107534e+01	1.984289639547442263e+01	1.961179792857556947e+01	2.013483227914274920e+01	2.013732974337914783e+01	2.019082897247120556e+01	1.976436118112385998e+01	2.052920383232038404e+01	2.038262626842947256e+01	2.042484332062970509e+01	2.027910700427684887e+01	2.024106136202513895e+01	2.015979029007816692e+01	2.023197511417226124e+01	2.055386598872913240e+01	1.965761017714863002e+01	2.030098211143266340e+01	2.108004491607088227e+01	1.982252993207664815e+01
1.935831176610957272e+01	1.985811030745722405e+01	2.016888157284624583e+01	2.032384287202353335e+01	1.982442631595267102e+01	1.949183495950040879e+01	1.989789150353517400e+01	2.988459822906147423e+01	1.991435481715527800e+01	1.975178394094250578e+01	1.994898362629940536e+01	2.022315491990148217e+01	1.998926427907626291e+01	2.005205679441302635e+01	2.036244449882591212e+01	2.022786656264671379e+01	2.034481805381178887e+01	1.953761207720222970e+01	1.977364220664173189e+01	1.993935542150977014e+01	2.004908596443356217e+01	1.994719145521234793e+01	2.011353864638377686e+01	1.995334344371703494e+01	2.020981913037590516e+01	2.020021502931757240e+01	2.023077479017251079e+01	1.972568123137961393e+01	1.994243905884504642e+01	2.052548619406924502e+01	1.980432719597104096e+01	2.003708095781544429e+01	1.974536292692968331e+01	1.940840390715928621e+01	2.016318078829464966e+01	1.991737168561449067e+01	1.992711950995666115e+01	1.963290899469332729e+01	2.055990872546245996e+01	2.018553404739016344e+01	2.010380462308954108e+01	1.994396089152365192e+01	2.013078399139661911e+01	1.966421955060991422e+01	1.983911979878707399e+01	2.041684262951653395e+01	1.922172576181770864e+01	2.062716718490959877e+01	2.076280258540336376e+01	2.040908665557130064e+01
1.945538307373246667e+01	2.012027746998534639e+01	1.985742270339640925e+01	2.007299698050596959e+01	2.024183183801146413e+01	1.966981364446135672e+01	2.013394291929799707e+01	1.991435481715527800e+01	2.982815427699822308e+01	1.980374012338207379e+01	1.995993909442019998e+01	2.013258474924116115e+01	1.990948147088806763e+01	1.982375696182458569e+01	2.022249123085611444e+01	1.964769376523531363e+01	2.041795057087999865e+01	1.953172517649816342e+01	2.007549573186259551e+01	2.036540412398341360e+01	1.974136309068850537e+01	2.032878055942168061e+01	1.972202963006922616e+01	2.032102746206935606e+01	2.002043915390605022e+01	1.998522757342626832e+01	2.053708280404520892e+01	2.011716590937368210e+01	2.060010634289276510e+01	2.065297233916373898e+01	2.023785515345461761e+01	2.048437192366662174e+01	2.000432104785419085e+01	2.011403786156690288e+01	2.028890845568146162e+01	2.002352528821519329e+01	1.991151040388994176e+01	1.985734288616616183e+01	2.031016315652443538e+01	2.046021385109005308e+01	2.024513220208907782e+01	2.022704326285068177e+01	2.029855298961230758e+01	2.013578339891008895e+01	2.012589649728829855e+01	2.031915783199409020e+01	1.947027143002140903e+01	2.056700918210548323e+01	2.088566529141602146e+01	1.993904831979612169e+01
1.909693787954449462e+01	2.022719182089886658e+01	1.940282784788199422e+01	1.963319889971312904e+01	1.985716168752728450e+01	1.928973458552164288e+01	1.991486124958550619e+01	1.975178394094250578e+01	1.980374012338207379e+01	2.911778329725228431e+01	1.993036072183502938e+01	2.016295049363257874e+01	1.961423223471978261e+01	1.973506638584370165e+01	2.009994991215152638e+01	1.959883683597504955e+01	2.007661030930193391e+01	1.941760127968600358e+01	2.011777402936305137e+01	2.029222100282837715e+01	1.982997277326101937e+01	2.010167861913772924e+01	1.971965759467304125e+01	1.996717611094210199e+01	1.957553642718956155e+01	1.993259260958903667e+01	2.058122465724100181e+01	1.956257563420865964e+01	1.994815437575380912e+01	2.020113753038522120e+01	1.948424055318870529e+01	2.022941053896973074e+01	1.913928214896269608e+01	1.948261715876800437e+01	2.016819919002631423e+01	2.016362327329539639e+01	1.952437819906976202e+01	1.952642617356904964e+01	2.020015797382915324e+01	1.997828880618467196e+01	1.991398050394188246e+01	1.966623373326978097e+01	1.984879496915260688e+01	1.948804479287217006e+01	1.995278002045007781e+01	2.013374281033366486e+01	1.912477968052414212e+01	1.992102763803578469e+01	2.069400345361070848e+01	2.012258022648350320e+01
1.962639163303533962e+01	2.006220757914699604e+01	2.033422710586652116e+01	2.018190023379662534e+01	1.992569686764986514e+01	1.969270936954578488e+01	2.016397856695004620e+01	1.994898362629940536e+01	1.995993909442019998e+01	1.993036072183502938e+01	2.938975924219287705e+01	2.015872887524585977e+01	1.943588576284205161e+01	1.990811212485041892e+01	2.067430961076976104e+01	1.996025623673939720e+01	2.011596132940720594e+01	1.965797517513065529e+01	1.979458424398474037e+01	2.053467953157680626e+01	1.995426822147401680e+01	2.070064049040652066e+01	1.973815051082931049e+01	1.993132702163803671e+01	1.970529497096865512e+01	1.947826782329417128e+01	2.046678510692249375e+01	1.997166432357966315e+01	2.050149856649586155e+01	2.022302655740881150e+01	2.012543886696732898e+01	2.028255335174478802e+01	1.973894652878788136e+01	2.006818842951744841e+01	2.022333295589004365e+01	2.016962706430467733e+01	1.984706116403233622e+01	1.972575189353435476e+01	2.021504939202169382e+01	2.006404676285109190e+01	2.018043109987162254e+01	1.985673866905864671e+01	2.049652132291542372e+01	2.010002628213709386e+01	2.003839642395354304e+01	2.066158616671790682e+01	1.972766365397814781e+01	2.020590493799950238e+01	2.074456119844426283e+01	1.989709735635692311e+01
1.939939322040380532e+01	2.015359004033938461e+01	1.996653221063877837e+01	2.011825636372369885e+01	2.032261562074025818e+01	1.985378064839268220e+01	2.042478713007408686e+01	2.022315491990148217e+01	2.013258474924116115e+01	2.016295049363257874e+01	2.015872887524585977e+01	3.062732821813461470e+01	2.035039790667819304e+01	2.006795795012505224e+01	2.013116638390577862e+01	2.015129565750432761e+01	2.051427970464401440e+01	1.987497922386478422e+01	2.028719212313431086e+01	2.002331738314763498e+01	2.019147898724534684e+01	2.056553173338292240e+01	1.996832078644312602e+01	1.995783262920542356e+01	2.049753721499510561e+01	2.012068129907589409e+01	2.047482138065065627e+01	2.003920506282084091e+01	2.023691553994346393e+01	2.048742853205757086e+01	1.972674097296479090e+01	2.049256459968859900e+01	1.988078167221987513e+01	1.990405891706234698e+01	2.029127428474953732e+01	2.026579438120235821e+01	2.008935134678357315e+01	2.019699005568205408e+01	2.048688266967355531e+01	2.027814676581222386e+01	2.022437477329094691e+01	1.983640495420807781e+01	2.002033741042898285e+01	1.997859941867843858e+01	2.028923349350362315e+01	2.052416207785023872e+01	1.961079475384049076e+01	2.044879773431038572e+01	2.078894453847246737e+01	2.018934493196963231e+01
1.940086444921961473e+01	2.012726687759439059e+01	1.990640430894342927e+01	2.030442735617386774e+01	2.010532567511888047e+01	1.992623155918441569e+01	1.987667660081803689e+01	1.998926427907626291e+01	1.990948147088806763e+01	1.961423223471978261e+01	1.943588576284205161e+01	2.035039790667819304e+01	2.978437341219519396e+01	1.987658405481286650e+01	2.005132091509647196e+01	1.970197119786991280e+01	1.994793784027189432e+01	1.968611012191308163e+01	2.012714852724951342e+01	2.019579952269279843e+01	2.002371159243073606e+01	2.054934616556800009e+01	1.984498336696823984e+01	2.021479486173686979e+01	1.978890985021225646e+01	1.992685002355241863e+01	2.063220632965679968e+01	1.976240916868905373e+01	2.051998498279028738e+01	2.029858041525282886e+01	1.996173134951058614e+01	2.037093476921537061e+01	1.977339648230148939e+01	1.945246566382824582e+01	1.997465011167550841e+01	2.046184579738637765e+01	1.998890010265398942e+01	1.964778690788255133e+01	2.043811717950462992e+01	2.048132746722060205e+01	2.010771498273003743e+01	1.956004905051250020e+01	2.003293952858459548e+01	1.987635081401416315e+01	1.968641875397250018e+01	2.044949959889508762e+01	1.934181891304132250e+01	2.042458131610495187e+01	2.049360241358419898e+01	1.985991155253116958e+01
1.925858093069158983e+01	2.000261360434684832e+01	1.964668130689528525e+01	1.999219737433324795e+01	2.031543788366672132e+01	1.970954098759720807e+01	2.010686512993155972e+01	2.005205679441302635e+01	1.982375696182458569e+01	1.973506638584370165e+01	1.990811212485041892e+01	2.006795795012505224e+01	1.987658405481286650e+01	2.952321739069184403e+01	2.037528274554546925e+01	1.960225964223010209e+01	2.010574020911918680e+01	1.976801084184646129e+01	1.985785099164580458e+01	1.988808750000119474e+01	1.986729126120822642e+01	2.038041420817112837e+01	1.957054558690354540e+01	2.005204971360096522e+01	2.000052309749666790e+01	1.950775942249981298e+01	2.060972808617939123e+01	1.962666474446051623e+01	2.011555664459335446e+01	2.019758042015347499e+01	1.985215457235133840e+01	2.043186490671811839e+01	1.953211237520460131e+01	1.957166160864289495e+01	2.053809734071532134e+01	1.982476451885475299e+01	2.022680115331447581e+01	1.930102946925821072e+01	2.005963605810376293e+01	2.049299969987241710e+01	2.019171241148504237e+01	1.970024263171761092e+01	1.993498194527458267e+01	2.012760900502948047e+01	1.988695481228169726e+01	2.025766300363141426e+01	1.959104204266293792e+01	2.050268988516531010e+01	2.026675093621744494e+01	2.030034896287509483e+01
1.973225327622484926e+01	2.080174896123063633e+01	1.987573903194846991e+01	2.072822467621771381e+01	2.018482659877679808e+01	2.019058083695243511e+01	2.040666795988597926e+01	2.036244449882591212e+01	2.022249123085611444e+01	2.009994991215152638e+01	2.067430961076976104e+01	2.013116638390577862e+01	2.005132091509647196e+01	2.037528274554546925e+01	3.053327806245282972e+01	2.018941072435033135e+01	2.049167660601493779e+01	1.978343469257339748e+01	1.986624130225803597e+01	1.998376385432296942e+01	2.030482433947794974e+01	2.022917744952448516e+01	2.011360161404195068e+01	2.040264785361983613e+01	2.002118470863969080e+01	2.017097934578036700e+01	2.058900906724076663e+01	2.005620728228765515e+01	2.054173398989490096e+01	2.088035506541042352e+01	2.022699958166358059e+01	2.046521157239205380e+01	1.939324935602918032e+01	1.982208631770232898e+01	2.040460677589303273e+01	2.077179007332700422e+01	1.994402215772685949e+01	2.009252643761011115e+01	2.043279023389891691e+01	2.080219443929469847e+01	2.017732155149538187e+01	2.029237316561099647e+01	2.004073432122254061e+01	2.017978778756074121e+01	2.024996442394181528e+01	2.052208010075942468e+01	1.959201901836683746e+01	2.072225667997609477e+01	2.100215426722332879e+01	2.049084959138550843e+01
1.959900077096079585e+01	1.992294750794031089e+01	2.000010865604286892e+01	2.030096415765418527e+01	1.999785381442239895e+01	1.979009584013439849e+01	2.011648661795547710e+01	2.022786656264671379e+01	1.964769376523531363e+01	1.959883683597504955e+01	1.996025623673939720e+01	2.015129565750432761e+01	1.970197119786991280e+01	1.960225964223010209e+01	2.018941072435033135e+01	2.959091847119763230e+01	1.988672322628378453e+01	1.956183271559531178e+01	1.999907974891372930e+01	1.968732346401914768e+01	1.965354725214633547e+01	2.002889928156358224e+01	1.937208160577796434e+01	1.997250055880731523e+01	1.969094240029961540e+01	1.995608470276972213e+01	2.025514662122962406e+01	1.970063913873801198e+01	2.025923159888945335e+01	2.017584412013459882e+01	1.981804662219756707e+01	2.006791938407878106e+01	1.941139593481467784e+01	1.993235936235605976e+01	1.970782424317062009e+01	1.986847683028657841e+01	1.986373503574218091e+01	1.948551719507073443e+01	2.042768177865072943e+01	1.986477164989094035e+01	1.958857181820683024e+01	2.002195339219115411e+01	2.014707357171062085e+01	1.975088783262597047e+01	1.949305487160167516e+01	2.036958228381166691e+01	1.952943968856262202e+01	2.018350388730360834e+01	2.077630972024037348e+01	1.988201050761189137e+01
1.975857253594647034e+01	1.999819502551635253e+01	2.025118092492320798e+01	2.070832769102560178e+01	1.972849102197910653e+01	1.991790651199552542e+01	2.068517387007376485e+01	2.034481805381178887e+01	2.041795057087999865e+01	2.007661030930193391e+01	2.011596132940720594e+01	2.051427970464401440e+01	1.994793784027189432e+01	2.010574020911918680e+01	2.049167660601493779e+01	1.988672322628378453e+01	3.058633998817213495e+01	1.993036433727698409e+01	2.024902308365529535e+01	2.020581463936782285e+01	1.959774211710031366e+01	2.071879907764006745e+01	2.014112508943429702e+01	2.084760071323201558e+01	2.027259015864082059e+01	2.027184710252310396e+01	2.084275211421061513e+01	2.001393538815079509e+01	2.037365794161870269e+01	2.086391115301785959e+01	1.985646453695376223e+01	2.037465672933418759e+01	1.948891410741080676e+01	2.030995488159651785e+01	2.054042567252544416e+01	2.019536499632196325e+01	2.001287070468995211e+01	1.981082875927802789e+01	2.045069196795730448e+01	1.994242277732316282e+01	2.045672994073939321e+01	2.002537767314278483e+01	2.044682067077321008e+01	1.981649853688285745e+01	1.993509863022084261e+01	2.078421835005364926e+01	1.981094376003539281e+01	2.069169323262125459e+01	2.129744290208293123e+01	2.017837575036419651e+01
1.931197694433006617e+01	1.977966775699437108e+01	1.981364081324384685e+01	2.007891177051716269e+01	1.980082865923661473e+01	1.952766783953730823e+01	1.989148577450593081e+01	1.953761207720222970e+01	1.953172517649816342e+01	1.941760127968600358e+01	1.965797517513065529e+01	1.987497922386478422e+01	1.968611012191308163e+01	1.976801084184646129e+01	1.978343469257339748e+01	1.956183271559531178e+01	1.993036433727698409e+01	2.953531821752157427e+01	1.987247676954263653e+01	1.978648747007132158e+01	1.976720294307675374e+01	2.033458985711094158e+01	1.979363268073722537e+01	1.965298525727907375e+01	1.937316649598119511e+01	1.968506110958337274e+01	2.024245655849240322e+01	1.922229295731401777e+01	2.005449418687388885e+01	2.052353602603979965e+01	1.954151752720953894e+01	2.025202803176181021e+01	1.951557293701087659e+01	1.953584059239282311e+01	2.003390717122424647e+01	2.019898626825487398e+01	1.964864752644897905e+01	1.941340279226084320e+01	1.983021374518227020e+01	2.010135829289245635e+01	1.972928057506213761e+01	1.969189451692393789e+01	1.980924236014018192e+01	1.977499210419318132e+01	1.979495803808246990e+01	2.013567193219075335e+01	1.950654423449227082e+01	2.024087236189924610e+01	2.053055091706872659e+01	1.998914760571200588e+01
1.988617821735524416e+01	2.023687321184987553e+01	1.968326170097849115e+01	2.022909168979550998e+01	1.997290722007286945e+01	1.969507244790982270e+01	1.987831351619367481e+01	1.977364220664173189e+01	2.007549573186259551e+01	2.011777402936305137e+01	1.979458424398474037e+01	2.028719212313431086e+01	2.012714852724951342e+01	1.985785099164580458e+01	1.986624130225803597e+01	1.999907974891372930e+01	2.024902308365529535e+01	1.987247676954263653e+01	2.973568212484538975e+01	2.010284450774179632e+01	1.966073346288896317e+01	2.047431984522252080e+01	1.959370041280774188e+01	2.016726454048350092e+01	2.008649751148222862e+01	2.000906414009556400e+01	2.074537564593797612e+01	2.010604456198434065e+01	2.037765183043492812e+01	2.015300430652052199e+01	1.975961690194518638e+01	2.038948730104058171e+01	1.932334031655019757e+01	1.991010478213436841e+01	2.005296240239619721e+01	2.020685060925048404e+01	2.012587168606001242e+01	1.952294368682042958e+01	2.048169248248186136e+01	2.032053776610154827e+01	2.010840678678809468e+01	1.996015836686272138e+01	2.008153035201175740e+01	1.979506834036688900e+01	1.983886364671063518e+01	2.034041107458525488e+01	1.929011420056609438e+01	2.047194813089112841e+01	2.086708927143403258e+01	2.045403496383603326e+01
2.002734876546441356e+01	1.987924678135505374e+01	1.991637609502204853e+01	2.020979945705198944e+01	2.004916438507296661e+01	1.972537361114928345e+01	2.038986807156720360e+01	1.993935542150977014e+01	2.036540412398341360e+01	2.029222100282837715e+01	2.053467953157680626e+01	2.002331738314763498e+01	2.019579952269279843e+01	1.988808750000119474e+01	1.998376385432296942e+01	1.968732346401914768e+01	2.020581463936782285e+01	1.978648747007132158e+01	2.010284450774179632e+01	3.005734839010754200e+01	2.001692885689123003e+01	2.046974392093721917e+01	2.003229972684654570e+01	2.007537733529277801e+01	2.005180846504017822e+01	2.035839274386933084e+01	2.057723511424077145e+01	2.026466118117486559e+01	2.046523833359543332e+01	2.063587975567187272e+01	1.978868952739230025e+01	2.037086081970931417e+01	1.932530669526428468e+01	1.960303563392306714e+01	2.032073073954245146e+01	2.054179371918262120e+01	1.984353534336118230e+01	1.975286588655973574e+01	2.075974078250424171e+01	2.034603640166536209e+01	2.060287753931459775e+01	1.987058134355580208e+01	2.009115362654939574e+01	2.001900237509003944e+01	2.011701472765365395e+01	2.067368223480103850e+01	1.899650027756930726e+01	2.053447216324661539e+01	2.045303037783305911e+01	2.046628262428961520e+01
1.934548059500014361e+01	2.023378959762438001e+01	1.983604584751779143e+01	2.008846920513592593e+01	2.020553485786148684e+01	1.963100104710506599e+01	1.975763590873513564e+01	2.004908596443356217e+01	1.974136309068850537e+01	1.982997277326101937e+01	1.995426822147401680e+01	2.019147898724534684e+01	2.002371159243073606e+01	1.986729126120822642e+01	2.030482433947794974e+01	1.965354725214633547e+01	1.959774211710031366e+01	1.976720294307675374e+01	1.966073346288896317e+01	2.001692885689123003e+01	2.943597883793006886e+01	2.033829553325072581e+01	1.947028890176159521e+01	1.995086049938239370e+01	1.974428718631896018e+01	1.984660360058744644e+01	2.026047273427506212e+01	1.966822046566093363e+01	2.030932178678319033e+01	2.013836003281129905e+01	1.944238916916985715e+01	2.038987118676997312e+01	1.966225732749903443e+01	1.971313021630811946e+01	2.018121084629258633e+01	1.982428096122426453e+01	1.997814254850800708e+01	1.943581500415082530e+01	2.034236414193002673e+01	2.032110177827329522e+01	2.005402584689977274e+01	1.995200038479325499e+01	1.981573113973521671e+01	1.960101265991259822e+01	1.980783167262716660e+01	2.043948834161063388e+01	1.963372546428190191e+01	2.024871329385106478e+01	2.062079365319978663e+01	2.002119661296455178e+01
2.001838003888570228e+01	2.055456127581321013e+01	2.009015870183699093e+01	2.076890795173976656e+01	2.030172014068281783e+01	2.018835121008548583e+01	2.051099321593072133e+01	1.994719145521234793e+01	2.032878055942168061e+01	2.010167861913772924e+01	2.070064049040652066e+01	2.056553173338292240e+01	2.054934616556800009e+01	2.038041420817112837e+01	2.022917744952448516e+01	2.002889928156358224e+01	2.071879907764006745e+01	2.033458985711094158e+01	2.047431984522252080e+01	2.046974392093721917e+01	2.033829553325072581e+01	3.077685649446025806e+01	1.992708937002419489e+01	2.059765790516388151e+01	2.006432000216304345e+01	2.005742925920793951e+01	2.070492398996142569e+01	2.011127263018357780e+01	2.061355249158144076e+01	2.066814115750666048e+01	1.993047953008413131e+01	2.050072389433310605e+01	1.981359704066941418e+01	2.003081139080565976e+01	2.041483816887137692e+01	2.040948897493823466e+01	2.025572344998159124e+01	2.006031598549882489e+01	2.063032179426328128e+01	2.039586563127664931e+01	2.054376133838507101e+01	2.024910652255577403e+01	2.041825322012524779e+01	2.015505642684804499e+01	2.024388331940304298e+01	2.111443743343365398e+01	1.964075506783676772e+01	2.061318490244064705e+01	2.067708354899624013e+01	2.024985250345440946e+01
1.923147301815935961e+01	1.960960553800451223e+01	1.963927604424251427e+01	1.958660670798926162e+01	1.971402979588169657e+01	1.914943288908630947e+01	1.987983891805665237e+01	2.011353864638377686e+01	1.972202963006922616e+01	1.971965759467304125e+01	1.973815051082931049e+01	1.996832078644312602e+01	1.984498336696823984e+01	1.957054558690354540e+01	2.011360161404195068e+01	1.937208160577796434e+01	2.014112508943429702e+01	1.979363268073722537e+01	1.959370041280774188e+01	2.003229972684654570e+01	1.947028890176159521e+01	1.992708937002419489e+01	2.926722021311507760e+01	2.002541533518152050e+01	1.977350247377161807e+01	1.982192709975643652e+01	1.971164429406924867e+01	1.966796057760998551e+01	2.011704942122053907e+01	2.015610610314654139e+01	1.956187925861399535e+01	2.008588795410537031e+01	1.947663748325319233e+01	1.962350730342889449e+01	2.022790810429551556e+01	1.974379911083972772e+01	1.983854641855557688e+01	1.937354012217648247e+01	2.002887508674691475e+01	2.005917146126300210e+01	1.956041988880486926e+01	1.975898287281172472e+01	1.997318379593922089e+01	2.012710695858271137e+01	2.028274211300652041e+01	2.014737966475498609e+01	1.949869172624267222e+01	2.020785742946457475e+01	2.022112351815957254e+01	1.991743187677905169e+01
1.990071449786186264e+01	2.011246551365086077e+01	1.995859065302686020e+01	2.021011253523330709e+01	2.030733136359900470e+01	1.983373856393834345e+01	2.042414778362466876e+01	1.995334344371703494e+01	2.032102746206935606e+01	1.996717611094210199e+01	1.993132702163803671e+01	1.995783262920542356e+01	2.021479486173686979e+01	2.005204971360096522e+01	2.040264785361983613e+01	1.997250055880731523e+01	2.084760071323201558e+01	1.965298525727907375e+01	2.016726454048350092e+01	2.007537733529277801e+01	1.995086049938239370e+01	2.059765790516388151e+01	2.002541533518152050e+01	3.058848666853706177e+01	2.016904023555947845e+01	2.012385515631562427e+01	2.098003985352351819e+01	1.987132711419280184e+01	2.043748352144774927e+01	2.075117538965186270e+01	2.011027381941771353e+01	2.086231623496347609e+01	1.947846273406915074e+01	2.003252558115433857e+01	2.027713802919786801e+01	1.994004301389558975e+01	2.018593173600985224e+01	1.995104582053439302e+01	2.057214659150692881e+01	2.076587883871856732e+01	2.034614672280169856e+01	2.000061490774153228e+01	2.039524348035622126e+01	1.960837151650279253e+01	1.988153970795651659e+01	2.072085440009712798e+01	1.949633471246382399e+01	2.051138845043836056e+01	2.118470656024356558e+01	2.010773840345749974e+01
1.946312035165188803e+01	1.984204537253668477e+01	2.012576104640532293e+01	2.008594982102868443e+01	2.021975842909856880e+01	1.968882006099704896e+01	2.013294562270306542e+01	2.020981913037590516e+01	2.002043915390605022e+01	1.957553642718956155e+01	1.970529497096865512e+01	2.049753721499510561e+01	1.978890985021225646e+01	2.000052309749666790e+01	2.002118470863969080e+01	1.969094240029961540e+01	2.027259015864082059e+01	1.937316649598119511e+01	2.008649751148222862e+01	2.005180846504017822e+01	1.974428718631896018e+01	2.006432000216304345e+01	1.977350247377161807e+01	2.016904023555947845e+01	2.964721780054532374e+01	1.996973550091150074e+01	2.059204288338279198e+01	1.976398371674094179e+01	2.051662021189052254e+01	2.066316356322943548e+01	1.980301318046968362e+01	2.023823129096156492e+01	1.947749279528703781e+01	2.016979562227506051e+01	2.002016811053923462e+01	2.034923512226850306e+01	1.981981229926957866e+01	1.976521307025834062e+01	2.021726455820606816e+01	2.014992865383701570e+01	2.026432906291423564e+01	1.985915723163737923e+01	2.002111828472248334e+01	1.979571625164239990e+01	2.021821819541584730e+01	2.058887068225060801e+01	1.971145312686576290e+01	2.051171966761054222e+01	2.108020993654952235e+01	1.991501724753163316e+01
1.959238473628015598e+01	1.979647706516709960e+01	2.014170521750644482e+01	2.005377693913538195e+01	2.014076292349350084e+01	1.979131654940506735e+01	1.989480302874452988e+01	2.020021502931757240e+01	1.998522757342626832e+01	1.993259260958903667e+01	1.947826782329417128e+01	2.012068129907589409e+01	1.992685002355241863e+01	1.950775942249981298e+01	2.017097934578036700e+01	1.995608470276972213e+01	2.027184710252310396e+01	1.968506110958337274e+01	2.000906414009556400e+01	2.035839274386933084e+01	1.984660360058744644e+01	2.005742925920793951e+01	1.982192709975643652e+01	2.012385515631562427e+01	1.996973550091150074e+01	2.954361932342215979e+01	2.030643134717100651e+01	1.960312227745022184e+01	2.031773488480720857e+01	2.041097592293397511e+01	1.964159442817200585e+01	1.996832884448709322e+01	1.926678581149925762e+01	1.960833663807419924e+01	2.008447695940702360e+01	2.032038742279019417e+01	2.021200557489868999e+01	1.935434530293582611e+01	2.021511529529728435e+01	1.986368627184283753e+01	2.031455240841358290e+01	1.978374947216606117e+01	1.998757436862268477e+01	1.978374133612788555e+01	1.979510047043738297e+01	2.078963901467869491e+01	1.924678816259653047e+01	2.032636415759388271e+01	2.058126473603656237e+01	2.015769739055355103e+01
2.008959589322182993e+01	2.060391855849892551e+01	2.068323969982791866e+01	2.100050107526523391e+01	2.024002583788436382e+01	1.999490714949700987e+01	2.072319054464935562e+01	2.023077479017251079e+01	2.053708280404520892e+01	2.058122465724100181e+01	2.046678510692249375e+01	2.047482138065065627e+01	2.063220632965679968e+01	2.060972808617939123e+01	2.058900906724076663e+01	2.025514662122962406e+01	2.084275211421061513e+01	2.024245655849240322e+01	2.074537564593797612e+01	2.057723511424077145e+01	2.026047273427506212e+01	2.070492398996142569e+01	1.971164429406924867e+01	2.098003985352351819e+01	2.059204288338279198e+01	2.030643134717100651e+01	3.074339647534360864e+01	2.028929063807263233e+01	2.059803912691387140e+01	2.122174846109064816e+01	2.054398096695265252e+01	2.088033675265373645e+01	2.027788812379575845e+01	2.009417847552515823e+01	2.065225595451730101e+01	2.061903813872446278e+01	2.077615608997895791e+01	2.037266390417023487e+01	2.071945359058093672e+01	2.108017306908275756e+01	2.086091055454485144e+01	2.025248852322222604e+01	2.089158851627951563e+01	2.017464222790408002e+01	2.023420360667161688e+01	2.086501169062946914e+01	1.974284543845575612e+01	2.065495042137717974e+01	2.096048873442346760e+01	2.094516779491835123e+01
1.930899860414193370e+01	1.983689176972293922e+01	1.965280955070735303e+01	1.980062007280752567e+01	2.010867860161207332e+01	1.949679528822160179e+01	1.942324612056241762e+01	1.972568123137961393e+01	2.011716590937368210e+01	1.956257563420865964e+01	1.997166432357966315e+01	2.003920506282084091e+01	1.976240916868905373e+01	1.962666474446051623e+01	2.005620728228765515e+01	1.970063913873801198e+01	2.001393538815079509e+01	1.922229295731401777e+01	2.010604456198434065e+01	2.026466118117486559e+01	1.966822046566093363e+01	2.011127263018357780e+01	1.966796057760998551e+01	1.987132711419280184e+01	1.976398371674094179e+01	1.960312227745022184e+01	2.028929063807263233e+01	2.970532063653162425e+01	2.025827575382624346e+01	2.026786372492225041e+01	1.943820874265541931e+01	1.997427602949338876e+01	1.953119987009838354e+01	1.975815845705550799e+01	2.022740060591073785e+01	1.993663949812061631e+01	1.994420742883025710e+01	1.965940902319563932e+01	2.008164920180434621e+01	2.019338199155298597e+01	2.017279084571311287e+01	1.962384499664329951e+01	1.983046696640430540e+01	1.955251196381692935e+01	2.017983427773658534e+01	2.075412771588861460e+01	1.948687963521670241e+01	2.042316744084768843e+01	2.064243523243559153e+01	1.993223496164128505e+01
1.994427411368379310e+01	2.029306333577858368e+01	2.029533448092589154e+01	2.041206662276653816e+01	2.046762542343216751e+01	2.015356164353249468e+01	2.085897245968037694e+01	1.994243905884504642e+01	2.060010634289276510e+01	1.994815437575380912e+01	2.050149856649586155e+01	2.023691553994346393e+01	2.051998498279028738e+01	2.011555664459335446e+01	2.054173398989490096e+01	2.025923159888945335e+01	2.037365794161870269e+01	2.005449418687388885e+01	2.037765183043492812e+01	2.046523833359543332e+01	2.030932178678319033e+01	2.061355249158144076e+01	2.011704942122053907e+01	2.043748352144774927e+01	2.051662021189052254e+01	2.031773488480720857e+01	2.059803912691387140e+01	2.025827575382624346e+01	3.025797203313214467e+01	2.065278097316309669e+01	1.967664687709775606e+01	2.073045215469048941e+01	2.018320623090190225e+01	2.041212316880378808e+01	2.046045816452849664e+01	2.051139824460384986e+01	2.054356941852568497e+01	1.975773339314101662e+01	2.068146128314227283e+01	2.057375848954162834e+01	2.056683326584542471e+01	2.029685677608157235e+01	2.041902326499347353e+01	2.007091149855426693e+01	2.010824867725085241e+01	2.115414563359859912e+01	2.003719039714983197e+01	2.082300687378698001e+01	2.098956771253962117e+01	2.045728944859817133e+01
2.009845417956753977e+01	2.052192761428961987e+01	2.042244676380545698e+01	2.039075735597894834e+01	2.038976579203419348e+01	2.013759478427372329e+01	2.032155863721676425e+01	2.052548619406924502e+01	2.065297233916373898e+01	2.020113753038522120e+01	2.022302655740881150e+01	2.048742853205757086e+01	2.029858041525282886e+01	2.019758042015347499e+01	2.088035506541042352e+01	2.017584412013459882e+01	2.086391115301785959e+01	2.052353602603979965e+01	2.015300430652052199e+01	2.063587975567187272e+01	2.013836003281129905e+01	2.066814115750666048e+01	2.015610610314654139e+01	2.075117538965186270e+01	2.066316356322943548e+01	2.041097592293397511e+01	2.122174846109064816e+01	2.026786372492225041e+01	2.065278097316309669e+01	3.105005919322143626e+01	2.024772303993274392e+01	2.093346513354699212e+01	1.988701491575636382e+01	2.066429743392445673e+01	2.045490905992108210e+01	2.048858223764463204e+01	2.080116241164021318e+01	2.010074192951371685e+01	2.055860396793326217e+01	2.080970433755265248e+01	2.071221130292669699e+01	2.043833022947538680e+01	2.069679261839590367e+01	1.968970514142752393e+01	2.053768609168481518e+01	2.082139405646829999e+01	1.970196100591339672e+01	2.102635353611149327e+01	2.133078159309535238e+01	2.047730993309395942e+01
1.942604595548035462e+01	1.972210419320090224e+01	1.994340934391729192e+01	1.985163722196588765e+01	1.987725553968131820e+01	1.950087041548595934e+01	1.980276402795117008e+01	1.980432719597104096e+01	2.023785515345461761e+01	1.948424055318870529e+01	2.012543886696732898e+01	1.972674097296479090e+01	1.996173134951058614e+01	1.985215457235133840e+01	2.022699958166358059e+01	1.981804662219756707e+01	1.985646453695376223e+01	1.954151752720953894e+01	1.975961690194518638e+01	1.978868952739230025e+01	1.944238916916985715e+01	1.993047953008413131e+01	1.956187925861399535e+01	2.011027381941771353e+01	1.980301318046968362e+01	1.964159442817200585e+01	2.054398096695265252e+01	1.943820874265541931e+01	1.967664687709775606e+01	2.024772303993274392e+01	2.968728924674680059e+01	2.029470898523174327e+01	1.950157462740225256e+01	1.943052443491632175e+01	2.014535335969855367e+01	2.006763592973193511e+01	2.015383510175956872e+01	1.939160609732154228e+01	2.036432645772183747e+01	2.003975828189559394e+01	2.005569880861534315e+01	1.992217022697983353e+01	1.970332179009472284e+01	1.953125910103486973e+01	1.964751870071202688e+01	2.028245867084061871e+01	1.912341564184496079e+01	2.070109765067691754e+01	2.064025046844976430e+01	1.972304126355371423e+01
1.983661663058941826e+01	2.063953102555674235e+01	2.030492133328757021e+01	2.056312944599633852e+01	2.008361617296859691e+01	2.027741994993147401e+01	2.026584620332107534e+01	2.003708095781544429e+01	2.048437192366662174e+01	2.022941053896973074e+01	2.028255335174478802e+01	2.049256459968859900e+01	2.037093476921537061e+01	2.043186490671811839e+01	2.046521157239205380e+01	2.006791938407878106e+01	2.037465672933418759e+01	2.025202803176181021e+01	2.038948730104058171e+01	2.037086081970931417e+01	2.038987118676997312e+01	2.050072389433310605e+01	2.008588795410537031e+01	2.086231623496347609e+01	2.023823129096156492e+01	1.996832884448709322e+01	2.088033675265373645e+01	1.997427602949338876e+01	2.073045215469048941e+01	2.093346513354699212e+01	2.029470898523174327e+01	3.055746322207297894e+01	2.019911243733465867e+01	2.030757811511919186e+01	2.041604880866916716e+01	2.068632499297798688e+01	2.021064533046615352e+01	2.010704496870152269e+01	2.101656858216225743e+01	2.089207034074622626e+01	2.043312496149939150e+01	2.023581391152756837e+01	2.076133657952589573e+01	2.047075035533615051e+01	2.048504063612804771e+01	2.080332099193899609e+01	1.992527675238544305e+01	2.075253799098893737e+01	2.124193150513250927e+01	2.074064237762907581e+01
