2.837725531491879138e+01	1.936276919510845218e+01	1.989974258874222812e+01	1.937598382600576841e+01	1.927723368642027069e+01	2.049247911150787615e+01	1.929419534617938936e+01	2.012054328025892858e+01	1.995647964816216202e+01	1.936676926187556447e+01	1.913024255965294884e+01	2.036427919341862847e+01	1.987182113083228074e+01	1.946737481424346683e+01	1.953694816215639563e+01	1.944934883480632593e+01	2.028060835830104125e+01	1.918058563028328933e+01	1.937011457251608348e+01	1.971560137035044136e+01	1.943676212009561510e+01	1.949941397777736185e+01	1.958482275547379814e+01	1.946574429389450600e+01	1.958652124757508517e+01	1.984755408611868788e+01	2.021858763925540003e+01	1.998704289767655240e+01	2.008558766596530631e+01	1.924219542225258905e+01	1.964945238398496841e+01	1.926722418198210818e+01	1.960390803960530448e+01	1.972446474081337087e+01	1.957052307508896760e+01	1.903253587728093166e+01	1.964295534071042226e+01	1.971242055819207195e+01	1.920056850862110309e+01	1.992147671219088068e+01	1.955123673039650001e+01	1.986185569439350118e+01	2.012495993424889207e+01	1.972033281099198376e+01	1.944377219940504276e+01	1.974819280193259985e+01	1.984995669552803932e+01	1.999957038893871797e+01	1.886890145855794643e+01	1.945650787155039296e+01
1.936276919510845218e+01	2.871027309684648543e+01	2.004562097851609437e+01	1.974347111782840258e+01	1.992579917393696576e+01	2.057486905492788765e+01	1.991976334253890357e+01	2.067169040529362078e+01	2.002897017594500184e+01	1.963891301599528916e+01	1.948508304565769222e+01	1.981843395949098152e+01	2.005830807003366090e+01	1.942269152076580951e+01	1.936984974153696726e+01	1.974710369916757102e+01	1.989681510064628611e+01	1.931731935703125203e+01	1.956566222280449097e+01	1.951442099882263648e+01	1.995564684460983074e+01	1.932003468817175573e+01	1.974790049319161866e+01	1.983724177204965144e+01	1.962926733859088912e+01	1.984124256174148115e+01	2.038953990563818763e+01	2.045299516178436861e+01	1.989218636169208665e+01	1.964572806798708626e+01	1.974357577758555848e+01	1.960768604427213546e+01	2.007010456879415372e+01	1.981698439967686909e+01	2.001957207856129983e+01	1.912351242966316178e+01	1.969686853055781484e+01	1.958639112801455440e+01	1.912511757781290100e+01	1.991522406055041117e+01	1.953681708398439554e+01	1.980582205877215785e+01	1.987478140724542186e+01	1.963081974227942439e+01	1.955006817728530422e+01	1.979345567892404389e+01	1.993739030723160255e+01	1.962707383395754590e+01	1.900208803512983380e+01	2.018952769925127910e+01
1.989974258874222812e+01	2.004562097851609437e+01	3.031707071383872432e+01	2.013026858697708477e+01	2.000086463669879677e+01	2.066525671501450034e+01	2.052307732818000474e+01	2.099839129355708423e+01	2.082236332063197182e+01	2.017495191515509489e+01	2.013285728789611184e+01	2.116276600556392040e+01	2.065394991340543029e+01	1.968108024111594645e+01	2.017275763791018406e+01	2.015883238703652935e+01	2.031222609767248599e+01	2.013390227010776812e+01	2.013984719201289408e+01	2.001012156153934640e+01	1.987525130775894056e+01	1.959123453865929321e+01	2.014213113120566234e+01	2.027670210465720757e+01	2.019016951575880015e+01	2.056321403605096165e+01	2.095248066244947083e+01	2.051180381947812492e+01	2.070274015251880328e+01	2.007256095644511973e+01	2.005518374262662462e+01	1.995029079410647199e+01	2.035866250965457525e+01	2.043559923417542379e+01	2.021817418892454654e+01	2.018137225760906261e+01	2.066830810507225635e+01	2.043055314486230145e+01	1.972414540319860521e+01	2.110884025455379387e+01	1.988321931195968517e+01	2.023357436678230670e+01	2.007090309120444260e+01	2.029770931817495594e+01	2.030329474569576220e+01	2.029429310535496001e+01	2.030183291119358557e+01	2.017661122925859019e+01	1.957646052349009125e+01	2.028341695159354074e+01
1.937598382600576841e+01	1.974347111782840258e+01	2.013026858697708477e+01	2.926266673486830072e+01	2.014518155960568890e+01	2.069606599855471529e+01	2.007567352531587446e+01	2.052946277578999812e+01	2.035540153879777137e+01	1.973638184040033750e+01	1.955657850225217942e+01	2.086643903972332836e+01	2.042542169863275348e+01	1.968135139300841630e+01	2.000675193920812234e+01	2.006822655762534779e+01	2.026736035462274188e+01	1.940663775167602978e+01	1.994818831986348329e+01	1.971639876803057589e+01	1.992577063968186835e+01	1.986799399090406482e+01	2.008815909158654023e+01	1.981368965538669258e+01	2.021371712369770179e+01	1.983422986969625867e+01	2.093620913980367249e+01	2.076125871194997075e+01	2.034150499101859566e+01	1.983365164687750237e+01	1.966852797430664879e+01	1.969626641734883421e+01	2.006663700775249737e+01	2.028958485891357810e+01	2.007508029110131531e+01	1.969508308738637226e+01	2.003952891502625988e+01	1.995754089873440051e+01	1.989698067592686570e+01	2.041722878492049276e+01	1.963149539618681416e+01	1.997256003731883922e+01	1.994461636419979911e+01	1.995544151045193004e+01	1.970239878895242214e+01	2.029717725451286015e+01	2.029779246277510651e+01	2.023555773661944812e+01	1.983435703379987913e+01	1.999979502051905200e+01
1.927723368642027069e+01	1.992579917393696576e+01	2.000086463669879677e+01	2.014518155960568890e+01	2.966383005099137904e+01	2.078147683978706439e+01	2.016148553048348546e+01	2.072224311029669153e+01	2.063532645257265585e+01	2.025154354738161899e+01	1.996816128461446382e+01	2.064203834837126905e+01	2.030985530760763424e+01	1.999825548454484903e+01	2.016651490326987428e+01	2.019696901064774863e+01	2.052135695918342861e+01	1.993956494574203475e+01	1.977484569017013882e+01	2.021763421478024725e+01	2.024739472679397423e+01	2.006977703117568268e+01	2.017888203650868562e+01	1.994063334829984768e+01	1.969843565210547354e+01	1.980460341875308217e+01	2.077096437467179157e+01	2.079383633332703596e+01	2.039372613461746653e+01	1.977489979388798247e+01	2.004562602717640374e+01	1.992004942167870851e+01	1.993090776413473719e+01	1.992454516104007567e+01	2.031435303184143493e+01	1.983327476876378626e+01	2.016294673608857835e+01	2.002301390436192818e+01	1.924967386837120742e+01	2.038483817424047118e+01	1.959741690848337825e+01	2.033399373554542677e+01	2.044144447275663978e+01	2.015853537245888916e+01	2.013811638840471474e+01	2.009753598751377268e+01	2.015582371976624998e+01	1.999548308008160191e+01	1.940228770182236673e+01	2.021525649446144257e+01
2.049247911150787615e+01	2.057486905492788765e+01	2.066525671501450034e+01	2.069606599855471529e+01	2.078147683978706439e+01	3.140584678859525880e+01	2.044556220351861953e+01	2.150190940782035653e+01	2.127170466641185342e+01	2.057517192637860148e+01	2.030200920320758229e+01	2.112933577638306204e+01	2.129947343741186927e+01	2.069818750330424351e+01	2.059309228316429596e+01	2.060606197887069513e+01	2.125156199607331686e+01	2.027740033214560000e+01	2.056047811655034963e+01	2.066461119793315504e+01	2.086755346738553385e+01	2.043050109795538205e+01	2.083219508608423354e+01	2.065219871684467634e+01	2.053276773230714269e+01	2.041738261755016026e+01	2.141254888714079385e+01	2.130534936110884559e+01	2.045402999062410032e+01	2.040154683016457682e+01	2.050280347383976576e+01	2.049967974888257416e+01	2.082772084773963428e+01	2.101726424497925194e+01	2.073930782220701730e+01	2.010601637122882579e+01	2.076954211272164841e+01	2.080708444603626006e+01	2.086255505561204870e+01	2.096186257950901322e+01	2.022098627676169613e+01	2.101539059466115944e+01	2.107982221789780652e+01	2.069454826155932636e+01	2.061154337814593518e+01	2.076596962263622004e+01	2.121130013426614980e+01	2.119072747707691917e+01	2.019263109708785464e+01	2.047910984035182835e+01
1.929419534617938936e+01	1.991976334253890357e+01	2.052307732818000474e+01	2.007567352531587446e+01	2.016148553048348546e+01	2.044556220351861953e+01	2.985197782346781281e+01	2.054440434191396747e+01	2.028477605018888141e+01	1.950581198813529582e+01	1.934341807942179869e+01	2.016041423975605440e+01	2.012823357827599224e+01	1.922707759469078681e+01	1.998221219791723513e+01	1.992586479515500741e+01	2.025395326464840551e+01	1.963832488533834919e+01	1.987696020164460009e+01	1.971942192498973867e+01	2.023187806640573783e+01	1.948436774556089546e+01	1.972509487621227109e+01	1.985685780137682244e+01	1.970493373521992098e+01	1.966271427260750926e+01	2.053830897151819812e+01	2.041536001703635961e+01	2.036328551952318122e+01	2.009429098871597930e+01	2.018299978803515060e+01	2.000095185321199409e+01	1.967341129702047198e+01	2.017807167873399266e+01	1.973732165391199445e+01	1.933599650392012492e+01	1.994300392550894330e+01	1.986340093589415901e+01	1.966602233070753769e+01	2.033944022657351880e+01	1.993286834981756073e+01	2.070979604855210354e+01	1.954115781165622678e+01	1.966795922556077869e+01	2.009898083146939385e+01	2.042366255696649802e+01	1.994302433605100333e+01	1.984686592705342534e+01	1.916318485611979838e+01	2.018787686295278050e+01
2.012054328025892858e+01	2.067169040529362078e+01	2.099839129355708423e+01	2.052946277578999812e+01	2.072224311029669153e+01	2.150190940782035653e+01	2.054440434191396747e+01	3.103135955680445335e+01	2.078587046434686769e+01	2.037799172303159523e+01	2.063658568046614405e+01	2.148456382390018859e+01	2.117782075490829641e+01	2.026551601336381481e+01	2.067402140037827962e+01	2.063715303713260241e+01	2.091948485562117099e+01	2.039006285817453801e+01	2.029028088829921117e+01	2.033297998010701235e+01	2.075621990482353851e+01	2.020994603889896268e+01	2.089433547612368969e+01	2.070373219667163411e+01	2.061643362353075304e+01	2.050676221647401221e+01	2.124392789649563440e+01	2.121656029218813444e+01	2.053143284714524697e+01	2.036384720770600865e+01	2.052271243427667358e+01	2.041747895606797059e+01	2.099462115956631436e+01	2.073590910187902026e+01	2.074713673812084380e+01	1.997946993208226019e+01	2.058784165157458546e+01	2.054494381794248525e+01	2.035494447460578371e+01	2.075852504367518492e+01	2.021136798106568122e+01	2.071053874818462148e+01	2.077501334203734018e+01	2.070501918731778446e+01	2.024313685814328423e+01	2.095635269724768435e+01	2.074745422626696367e+01	2.102046465275390830e+01	2.023576093482027360e+01	2.068676933715090271e+01
1.995647964816216202e+01	2.002897017594500184e+01	2.082236332063197182e+01	2.035540153879777137e+01	2.063532645257265585e+01	2.127170466641185342e+01	2.028477605018888141e+01	2.078587046434686769e+01	3.014672548231675364e+01	2.034790957462915983e+01	2.019138469165763183e+01	2.080997857286321562e+01	2.086075730406292905e+01	2.028478220788362307e+01	2.013200645000748423e+01	2.036248203063302498e+01	2.034422104248847418e+01	1.985110456641175247e+01	2.021640058756291225e+01	2.030252917829417214e+01	2.071213140243968809e+01	1.984546826181399837e+01	2.049178939481205219e+01	2.030719943601458155e+01	2.026755704700516603e+01	2.006139546520857309e+01	2.091744267353728404e+01	2.117098048568313473e+01	2.036374565978584883e+01	2.002722704825205469e+01	1.999721408569181236e+01	1.999730390389636270e+01	2.020503585649644407e+01	2.040101337916175694e+01	2.030917032929288268e+01	1.990770973731871507e+01	2.078298579612908270e+01	2.061239916297632746e+01	2.037403863877020527e+01	2.061740509610407202e+01	2.015183773762799646e+01	2.064035885217060695e+01	2.064242759899768132e+01	2.015490448058362105e+01	2.025104615617980741e+01	2.041609063116744238e+01	2.034273005793366451e+01	2.068180867645576981e+01	1.975930766530735738e+01	2.026273862243615298e+01
1.936676926187556447e+01	1.963891301599528916e+01	2.017495191515509489e+01	1.973638184040033750e+01	2.025154354738161899e+01	2.057517192637860148e+01	1.950581198813529582e+01	2.037799172303159523e+01	2.034790957462915983e+01	2.920971308805442490e+01	1.943974018535694270e+01	2.054990595265426023e+01	2.030359899881612051e+01	1.969277991325112609e+01	2.001014086104394352e+01	1.992446471800094443e+01	1.971575862878764696e+01	1.900225958843885721e+01	1.936126807153799589e+01	1.975297460705524344e+01	1.991071236338461503e+01	1.969630171081150394e+01	1.989929362392173218e+01	1.959933651694414536e+01	2.000696377809196491e+01	1.953394929489740761e+01	2.042200200543351585e+01	2.016475292577360179e+01	2.008191022351336485e+01	1.983909232761135755e+01	1.991140616237973759e+01	2.003161357059336822e+01	2.007404095425427215e+01	2.001219274886529931e+01	1.994273031675052721e+01	1.939349029593713425e+01	2.001012065868491874e+01	1.981918869933941707e+01	1.955422464891967493e+01	1.973017344969509779e+01	1.968699681422036818e+01	2.019345802648546950e+01	2.039871206148010074e+01	1.974321049192226951e+01	1.977744307983542171e+01	1.969027176211312735e+01	2.053133550486320047e+01	1.955844836654049246e+01	1.941589508479624371e+01	1.971961693088363177e+01
1.913024255965294884e+01	1.948508304565769222e+01	2.013285728789611184e+01	1.955657850225217942e+01	1.996816128461446382e+01	2.030200920320758229e+01	1.934341807942179869e+01	2.063658568046614405e+01	2.019138469165763183e+01	1.943974018535694270e+01	2.929625048132480458e+01	2.009349560280395153e+01	1.995878376136064958e+01	1.942591414361759661e+01	1.963526988095328463e+01	1.972842873706592215e+01	2.003623272825979740e+01	1.931314486771649186e+01	1.933849871396106934e+01	1.975765804638473355e+01	1.955781062472161480e+01	1.911646098039987152e+01	1.958141539868663727e+01	1.999911605931469438e+01	1.947598099469464117e+01	1.983997920193484177e+01	2.028904859543381534e+01	1.999170467547630281e+01	1.971167344596668158e+01	1.960970561550313107e+01	1.939443234711718134e+01	1.957554469123245156e+01	1.991689964161630400e+01	1.993639083145125923e+01	1.943247716440746231e+01	1.934754073573324717e+01	1.985475251186711532e+01	1.966545871595797479e+01	1.933839687840211496e+01	2.001330988679750789e+01	1.931295077104116942e+01	1.974206429685104780e+01	1.978557176135900164e+01	1.982122882789588303e+01	1.935197348918926963e+01	1.981257679395246640e+01	2.011729594680944544e+01	1.995855035287932822e+01	1.892066282927152088e+01	1.966630222445690634e+01
2.036427919341862847e+01	1.981843395949098152e+01	2.116276600556392040e+01	2.086643903972332836e+01	2.064203834837126905e+01	2.112933577638306204e+01	2.016041423975605440e+01	2.148456382390018859e+01	2.080997857286321562e+01	2.054990595265426023e+01	2.009349560280395153e+01	3.133605149595982908e+01	2.105773278538226378e+01	2.008807073577850133e+01	2.103103421408852824e+01	2.033392850449937939e+01	2.076393236118230945e+01	1.998293344533333382e+01	1.971041959276073641e+01	2.056822955045372581e+01	2.065141873543565865e+01	1.991146269554366910e+01	2.052516308132821976e+01	2.046923161199307017e+01	2.059137101950069493e+01	2.009982505299435829e+01	2.129638508193686874e+01	2.146311557522931324e+01	2.099275077746386486e+01	2.051682197713000022e+01	2.027868064423449113e+01	2.056425231533103926e+01	2.055912802600060374e+01	2.117677304557727069e+01	2.070700256336171918e+01	1.984652741609343352e+01	2.056878018032687194e+01	2.020267348626984827e+01	1.989208654693280565e+01	2.076050876742644036e+01	2.056058965688143658e+01	2.085582520464097200e+01	2.061181623959950926e+01	2.033691963974282402e+01	2.041030542821080829e+01	2.102171038724819141e+01	2.024572310052912982e+01	2.052644538269069585e+01	1.987125475964843346e+01	2.020309714388631761e+01
1.987182113083228074e+01	2.005830807003366090e+01	2.065394991340543029e+01	2.042542169863275348e+01	2.030985530760763424e+01	2.129947343741186927e+01	2.012823357827599224e+01	2.117782075490829641e+01	2.086075730406292905e+01	2.030359899881612051e+01	1.995878376136064958e+01	2.105773278538226378e+01	3.086808042038225253e+01	2.015531658398733228e+01	1.975122257919625923e+01	2.037465147052688152e+01	2.080372576835724274e+01	1.987718146062677960e+01	2.019646275011474401e+01	2.025215494390102222e+01	2.064126959020116203e+01	2.006529005042985148e+01	2.039033556528552893e+01	2.048668911141262328e+01	2.072481725031120448e+01	1.998729835508228447e+01	2.078305593049996247e+01	2.075713596752994405e+01	2.040165772589814353e+01	2.008725664718645731e+01	1.997942434029743453e+01	2.034085766322247935e+01	2.058091743873249513e+01	2.072470208131005265e+01	2.039354314255624345e+01	1.985113992485680612e+01	2.047771320068295253e+01	2.005893084404253912e+01	1.979698524488122047e+01	2.038268112940610877e+01	1.996560845483178070e+01	2.070063371475955449e+01	2.035109402251091737e+01	2.044448424046613866e+01	2.024663326585983469e+01	2.047386377810249058e+01	2.020913130985388051e+01	2.040030898701006024e+01	1.955762017810365805e+01	2.061566576829581265e+01
1.946737481424346683e+01	1.942269152076580951e+01	1.968108024111594645e+01	1.968135139300841630e+01	1.999825548454484903e+01	2.069818750330424351e+01	1.922707759469078681e+01	2.026551601336381481e+01	2.028478220788362307e+01	1.969277991325112609e+01	1.942591414361759661e+01	2.008807073577850133e+01	2.015531658398733228e+01	2.885068472681341234e+01	1.982110278567677497e+01	1.978896661104629473e+01	1.972378081871127264e+01	1.897805494740088861e+01	1.981942113985473242e+01	1.951574443592810226e+01	1.973086928979314791e+01	1.939096961794981766e+01	2.000232167034297959e+01	1.965660438185450687e+01	1.967855756519805155e+01	1.968769026203753825e+01	2.033013570616665078e+01	2.022396568276618467e+01	2.022902973082599942e+01	1.950539655387511928e+01	1.979622969066685556e+01	1.963522499443882552e+01	1.983999650732420861e+01	2.006382177822031565e+01	2.040146673096189645e+01	1.928902529239148222e+01	1.962109829415089379e+01	1.941474845111056524e+01	1.960561634505086204e+01	1.987463701482666778e+01	1.917569310665301430e+01	1.984550298116218769e+01	2.005558927405673231e+01	1.958458580467750920e+01	1.963636969677321886e+01	2.010900184835825755e+01	2.011543208421129592e+01	1.975415703735891881e+01	1.933192399537799488e+01	1.959759751218152957e+01
1.953694816215639563e+01	1.936984974153696726e+01	2.017275763791018406e+01	2.000675193920812234e+01	2.016651490326987428e+01	2.059309228316429596e+01	1.998221219791723513e+01	2.067402140037827962e+01	2.013200645000748423e+01	2.001014086104394352e+01	1.963526988095328463e+01	2.103103421408852824e+01	1.975122257919625923e+01	1.982110278567677497e+01	3.006208387946104210e+01	1.978842690195206444e+01	1.971176698138333805e+01	1.968914034330799367e+01	1.956883617689343779e+01	1.994818271003001797e+01	1.995345558456011759e+01	1.922875503360092253e+01	1.988152382664344486e+01	2.015144384436236891e+01	1.968942442841954588e+01	1.985328445971004285e+01	2.079674374702578632e+01	2.034219677425213391e+01	2.069083795722385233e+01	1.964338506518724969e+01	1.989863278652654444e+01	2.002277233969889991e+01	1.995698025022071320e+01	2.013026374108182637e+01	1.975620682116086257e+01	1.913905078070582277e+01	1.955097332344325167e+01	1.988477993041728453e+01	1.952689299478462814e+01	2.029841348637804188e+01	1.951182429215061731e+01	2.024915412386117808e+01	2.064469622507686353e+01	1.970304759176027076e+01	1.961136835808136425e+01	2.013926761076976746e+01	1.986137539315667411e+01	1.982000365355203542e+01	1.941926688462947226e+01	2.031144788106157861e+01
1.944934883480632593e+01	1.974710369916757102e+01	2.015883238703652935e+01	2.006822655762534779e+01	2.019696901064774863e+01	2.060606197887069513e+01	1.992586479515500741e+01	2.063715303713260241e+01	2.036248203063302498e+01	1.992446471800094443e+01	1.972842873706592215e+01	2.033392850449937939e+01	2.037465147052688152e+01	1.978896661104629473e+01	1.978842690195206444e+01	2.990086535483949959e+01	2.037382855674575310e+01	1.984287780355915132e+01	1.984096860566873133e+01	1.995159294262530736e+01	2.013510735287391284e+01	1.989939816852336563e+01	1.992940754147518234e+01	1.992694994098992822e+01	1.961100623858791181e+01	1.979331113282913535e+01	2.062701677861467431e+01	2.079635376462950447e+01	2.035782851640821889e+01	1.982882632294380798e+01	1.983553019067749901e+01	1.981786053986736817e+01	2.018089985245127593e+01	2.029239999332951427e+01	1.988008821330355502e+01	1.943030998427663647e+01	2.034570001280407681e+01	1.993470450918003323e+01	1.953263861189741846e+01	2.069853321842783700e+01	1.959456313897795710e+01	2.060442432235345223e+01	2.074198483223437961e+01	2.043688290484267256e+01	2.004744956878998607e+01	2.052414937541864148e+01	2.017922316917838543e+01	2.028613427317323570e+01	1.960827452069452193e+01	2.009260107639913073e+01
2.028060835830104125e+01	1.989681510064628611e+01	2.031222609767248599e+01	2.026736035462274188e+01	2.052135695918342861e+01	2.125156199607331686e+01	2.025395326464840551e+01	2.091948485562117099e+01	2.034422104248847418e+01	1.971575862878764696e+01	2.003623272825979740e+01	2.076393236118230945e+01	2.080372576835724274e+01	1.972378081871127264e+01	1.971176698138333805e+01	2.037382855674575310e+01	3.001412319958228636e+01	1.990885857897057676e+01	1.996549533566093970e+01	2.014388032825228336e+01	2.014827903925334240e+01	1.962961691253913443e+01	2.067993496363650507e+01	2.009653279821491978e+01	2.036823263103720194e+01	2.025429312788842040e+01	2.074328010831399283e+01	2.069424362991422939e+01	2.064378585216628181e+01	1.986981392447448158e+01	2.027501957697777257e+01	2.013082339074663452e+01	2.035963229709444278e+01	2.022422566580982206e+01	2.037879301878721350e+01	1.951308297821585569e+01	2.024161414147170390e+01	2.017135543217659688e+01	1.979913058013629623e+01	2.039392260927700562e+01	2.001325903368720560e+01	2.033396294435077678e+01	2.027542674778449339e+01	2.009159153031714240e+01	2.012779173149140988e+01	2.045374642139868726e+01	2.039050128440238296e+01	2.045845750810563857e+01	1.952608781697687235e+01	1.986383877409124210e+01
1.918058563028328933e+01	1.931731935703125203e+01	2.013390227010776812e+01	1.940663775167602978e+01	1.993956494574203475e+01	2.027740033214560000e+01	1.963832488533834919e+01	2.039006285817453801e+01	1.985110456641175247e+01	1.900225958843885721e+01	1.931314486771649186e+01	1.998293344533333382e+01	1.987718146062677960e+01	1.897805494740088861e+01	1.968914034330799367e+01	1.984287780355915132e+01	1.990885857897057676e+01	2.918431888666938079e+01	1.947102422676454481e+01	1.965822210103397083e+01	1.976972430173155004e+01	1.900868031403828695e+01	1.988075229409172806e+01	1.974836897966673988e+01	1.915937896331674750e+01	1.951902779052039349e+01	2.000951430871569414e+01	2.029678148609879784e+01	2.012241820249230173e+01	1.973228214177338558e+01	1.922449337391845958e+01	1.954986418937826897e+01	1.975916095347751877e+01	1.977100060440405116e+01	1.960689711672059232e+01	1.902520809110870914e+01	1.985876854328397556e+01	1.931782649376048155e+01	1.928697575064802550e+01	1.989485584600266677e+01	1.941485204461655556e+01	2.018749890547566395e+01	2.024913582940480339e+01	1.941616285497704553e+01	1.954532614071609586e+01	1.979752935545008796e+01	1.927026587560936122e+01	2.000566114807099183e+01	1.896375213324301612e+01	1.955312159781193770e+01
1.937011457251608348e+01	1.956566222280449097e+01	2.013984719201289408e+01	1.994818831986348329e+01	1.977484569017013882e+01	2.056047811655034963e+01	1.987696020164460009e+01	2.029028088829921117e+01	2.021640058756291225e+01	1.936126807153799589e+01	1.933849871396106934e+01	1.971041959276073641e+01	2.019646275011474401e+01	1.981942113985473242e+01	1.956883617689343779e+01	1.984096860566873133e+01	1.996549533566093970e+01	1.947102422676454481e+01	2.935299004652711830e+01	1.954479181363798546e+01	1.977394679326025084e+01	1.948964725144447740e+01	1.960664804730406985e+01	1.936872922589528656e+01	1.990479796840846660e+01	1.975667247653071712e+01	2.032158621023578249e+01	2.019278889481888228e+01	1.984626706876652591e+01	1.965355726246369272e+01	1.934764797135864001e+01	1.962447575821020962e+01	1.986437654878707093e+01	1.966117723798806338e+01	1.946361086773436000e+01	1.928888847099824133e+01	1.975357090888187273e+01	1.929776656842025417e+01	1.965927043940536834e+01	2.026264053631288320e+01	1.960027969609286558e+01	1.996719266578643825e+01	1.980534630521234973e+01	2.015167007497235119e+01	1.967621627359906711e+01	1.990018454663280778e+01	1.974958446808645363e+01	1.986420512093301483e+01	1.900030848677225492e+01	1.981810175029526278e+01
1.971560137035044136e+01	1.951442099882263648e+01	2.001012156153934640e+01	1.971639876803057589e+01	2.021763421478024725e+01	2.066461119793315504e+01	1.971942192498973867e+01	2.033297998010701235e+01	2.030252917829417214e+01	1.975297460705524344e+01	1.975765804638473355e+01	2.056822955045372581e+01	2.025215494390102222e+01	1.951574443592810226e+01	1.994818271003001797e+01	1.995159294262530736e+01	2.014388032825228336e+01	1.965822210103397083e+01	1.954479181363798546e+01	2.952520214919464792e+01	2.001626754118241536e+01	1.956498460306208997e+01	1.985017428001278006e+01	1.972753765998929509e+01	1.979200888398549196e+01	1.971775171306670060e+01	2.048923557673254336e+01	2.056896476628530834e+01	2.012919237232990000e+01	1.943622040564298459e+01	2.007558738914103458e+01	1.977945496862433217e+01	2.014612083078950988e+01	2.012215150515818607e+01	2.003332844534968871e+01	1.962887612932014036e+01	2.011360495395877734e+01	1.998211399770698904e+01	1.958110029890541881e+01	2.029604893526327558e+01	1.971050738088838017e+01	2.017978948536338990e+01	2.030560570553704380e+01	1.977136437372799094e+01	1.967593891916125770e+01	1.988928919158517417e+01	1.950708483865633269e+01	1.950881023809672499e+01	1.915558531953277566e+01	1.999659159651421447e+01
1.943676212009561510e+01	1.995564684460983074e+01	1.987525130775894056e+01	1.992577063968186835e+01	2.024739472679397423e+01	2.086755346738553385e+01	2.023187806640573783e+01	2.075621990482353851e+01	2.071213140243968809e+01	1.991071236338461503e+01	1.955781062472161480e+01	2.065141873543565865e+01	2.064126959020116203e+01	1.973086928979314791e+01	1.995345558456011759e+01	2.013510735287391284e+01	2.014827903925334240e+01	1.976972430173155004e+01	1.977394679326025084e+01	2.001626754118241536e+01	2.971315356640631578e+01	1.983881644346360673e+01	2.019957331895263053e+01	2.072092283741071483e+01	1.988938874922891387e+01	1.965597104032146092e+01	2.076660028809313019e+01	2.074349125419074369e+01	2.029494461920884163e+01	2.015390684251962838e+01	1.988700373878818084e+01	2.019672589076469293e+01	1.991981816583418308e+01	1.999583682092754344e+01	2.007535193185335842e+01	1.916350227876501933e+01	1.998728379041299164e+01	2.019498331496551202e+01	1.978042321726606545e+01	2.036214070105843277e+01	2.004102353042785722e+01	2.020159902598465251e+01	2.066315101524921616e+01	2.031179038169819862e+01	1.988807194561567826e+01	2.015737970029404025e+01	2.003637414554452434e+01	2.009270209028577625e+01	1.967092173964846324e+01	2.022085342820985687e+01
1.949941397777736185e+01	1.932003468817175573e+01	1.959123453865929321e+01	1.986799399090406482e+01	2.006977703117568268e+01	2.043050109795538205e+01	1.948436774556089546e+01	2.020994603889896268e+01	1.984546826181399837e+01	1.969630171081150394e+01	1.911646098039987152e+01	1.991146269554366910e+01	2.006529005042985148e+01	1.939096961794981766e+01	1.922875503360092253e+01	1.989939816852336563e+01	1.962961691253913443e+01	1.900868031403828695e+01	1.948964725144447740e+01	1.956498460306208997e+01	1.983881644346360673e+01	2.884416611741080771e+01	1.959709083640800031e+01	1.963231262020682522e+01	1.966517193893475479e+01	1.957226782787052954e+01	2.023475315513767470e+01	2.003327674511005441e+01	1.981172798083880338e+01	1.927489096551865444e+01	1.925575053801520298e+01	1.920691679129108920e+01	1.953856547381576902e+01	1.945760144114173329e+01	1.959301657404905939e+01	1.921595665053837720e+01	1.976616119357116830e+01	1.954062197857386707e+01	1.970776773784085023e+01	2.003056681915573023e+01	1.935841782378875919e+01	2.009685992446776481e+01	1.967627136775138652e+01	1.977120307439075830e+01	1.936947112820048389e+01	2.012161230776040455e+01	1.985141836914876023e+01	2.048337761129665324e+01	1.905174379957670538e+01	1.959548559875332430e+01
1.958482275547379814e+01	1.974790049319161866e+01	2.014213113120566234e+01	2.008815909158654023e+01	2.017888203650868562e+01	2.083219508608423354e+01	1.972509487621227109e+01	2.089433547612368969e+01	2.049178939481205219e+01	1.989929362392173218e+01	1.958141539868663727e+01	2.052516308132821976e+01	2.039033556528552893e+01	2.000232167034297959e+01	1.988152382664344486e+01	1.992940754147518234e+01	2.067993496363650507e+01	1.988075229409172806e+01	1.960664804730406985e+01	1.985017428001278006e+01	2.019957331895263053e+01	1.959709083640800031e+01	2.989924110351221032e+01	1.993213594922506005e+01	2.008155850423608513e+01	1.998456243875049410e+01	2.058529288483619624e+01	2.093833900196504771e+01	2.064600518925601591e+01	2.013074775258426286e+01	2.023744651999957256e+01	1.990398741294379548e+01	2.052165940986980175e+01	1.995613589832812096e+01	2.009597211891668067e+01	1.926562426297527963e+01	1.997903079207297949e+01	2.023432244153587334e+01	2.019535958225950623e+01	2.038256852358034266e+01	1.971257045492774296e+01	2.054018012461153475e+01	2.040870979143400632e+01	1.995173516728246099e+01	2.001870138685506006e+01	2.037876344376041260e+01	2.051497493247944348e+01	2.041930180373958237e+01	1.944514457473325919e+01	1.950795042133825064e+01
1.946574429389450600e+01	1.983724177204965144e+01	2.027670210465720757e+01	1.981368965538669258e+01	1.994063334829984768e+01	2.065219871684467634e+01	1.985685780137682244e+01	2.070373219667163411e+01	2.030719943601458155e+01	1.959933651694414536e+01	1.999911605931469438e+01	2.046923161199307017e+01	2.048668911141262328e+01	1.965660438185450687e+01	2.015144384436236891e+01	1.992694994098992822e+01	2.009653279821491978e+01	1.974836897966673988e+01	1.936872922589528656e+01	1.972753765998929509e+01	2.072092283741071483e+01	1.963231262020682522e+01	1.993213594922506005e+01	2.964834586975084463e+01	1.957649173825324596e+01	2.030463387791048646e+01	2.071675061227811199e+01	2.040589208320403358e+01	2.006162416533038595e+01	1.997525932242945856e+01	1.962672657171424717e+01	1.954248079445560293e+01	1.979377417110564608e+01	2.008675970544343414e+01	2.012851305387007628e+01	1.941290773622052868e+01	1.987414779416155142e+01	1.983659531003340248e+01	1.996893175119211605e+01	2.037326805227394289e+01	1.987423095733010925e+01	2.033707795318305145e+01	2.019628162637810576e+01	2.006972829006485881e+01	1.980499123025031238e+01	2.000775389238593505e+01	2.031741244242787658e+01	2.031808825636519700e+01	1.918817690165319334e+01	2.005043140335393304e+01
1.958652124757508517e+01	1.962926733859088912e+01	2.019016951575880015e+01	2.021371712369770179e+01	1.969843565210547354e+01	2.053276773230714269e+01	1.970493373521992098e+01	2.061643362353075304e+01	2.026755704700516603e+01	2.000696377809196491e+01	1.947598099469464117e+01	2.059137101950069493e+01	2.072481725031120448e+01	1.967855756519805155e+01	1.968942442841954588e+01	1.961100623858791181e+01	2.036823263103720194e+01	1.915937896331674750e+01	1.990479796840846660e+01	1.979200888398549196e+01	1.988938874922891387e+01	1.966517193893475479e+01	2.008155850423608513e+01	1.957649173825324596e+01	2.958935167820633794e+01	1.959768043798437276e+01	2.015267145342586375e+01	2.082100431262584550e+01	1.999729916154278797e+01	1.996015659770171169e+01	2.003573010226913453e+01	1.992435874175583876e+01	2.001286051945518807e+01	1.996703293639123800e+01	1.999861506403258815e+01	1.932234223849575372e+01	2.013361417305372214e+01	1.954984785519697965e+01	1.954940782218619333e+01	1.984796590514751813e+01	1.975009893862138455e+01	2.004344239161135732e+01	2.021688947796332059e+01	1.999920984168485916e+01	1.995522831592134949e+01	1.991237322586861325e+01	2.012729163774326224e+01	2.036490670958320237e+01	1.943488519220986177e+01	1.994249205108565093e+01
1.984755408611868788e+01	1.984124256174148115e+01	2.056321403605096165e+01	1.983422986969625867e+01	1.980460341875308217e+01	2.041738261755016026e+01	1.966271427260750926e+01	2.050676221647401221e+01	2.006139546520857309e+01	1.953394929489740761e+01	1.983997920193484177e+01	2.009982505299435829e+01	1.998729835508228447e+01	1.968769026203753825e+01	1.985328445971004285e+01	1.979331113282913535e+01	2.025429312788842040e+01	1.951902779052039349e+01	1.975667247653071712e+01	1.971775171306670060e+01	1.965597104032146092e+01	1.957226782787052954e+01	1.998456243875049410e+01	2.030463387791048646e+01	1.959768043798437276e+01	2.955321774891036668e+01	2.050845143194271358e+01	2.055129067879849458e+01	2.030289950926709253e+01	1.974263354972415740e+01	2.012589103403163904e+01	1.976589346680955472e+01	1.973171276926512263e+01	2.010740127105275121e+01	2.039289161325403299e+01	1.921020179568059660e+01	1.985747397097318867e+01	1.977309324615140795e+01	1.953786123488146842e+01	2.009221162141927763e+01	1.997824157497571917e+01	2.029161318370284306e+01	2.031595304484547526e+01	1.978099394372304332e+01	2.018195066484145883e+01	2.012417925283373776e+01	2.011045228276300989e+01	2.010783408181001874e+01	1.931120511689420027e+01	2.023578562818263293e+01
2.021858763925540003e+01	2.038953990563818763e+01	2.095248066244947083e+01	2.093620913980367249e+01	2.077096437467179157e+01	2.141254888714079385e+01	2.053830897151819812e+01	2.124392789649563440e+01	2.091744267353728404e+01	2.042200200543351585e+01	2.028904859543381534e+01	2.129638508193686874e+01	2.078305593049996247e+01	2.033013570616665078e+01	2.079674374702578632e+01	2.062701677861467431e+01	2.074328010831399283e+01	2.000951430871569414e+01	2.032158621023578249e+01	2.048923557673254336e+01	2.076660028809313019e+01	2.023475315513767470e+01	2.058529288483619624e+01	2.071675061227811199e+01	2.015267145342586375e+01	2.050845143194271358e+01	3.108396479311477734e+01	2.134107324070747680e+01	2.087967946938515951e+01	2.012332858419296855e+01	2.037760201680566396e+01	2.040391515390416188e+01	2.070297281599298245e+01	2.068399117848376889e+01	2.034091886887041767e+01	1.987877892482945796e+01	2.062467679003943033e+01	2.037700739397205751e+01	2.015054480849689611e+01	2.091486330515019176e+01	2.013463222980595546e+01	2.064596551872696395e+01	2.062448969661063813e+01	2.024701609130641700e+01	1.994695635404453782e+01	2.057271751917681968e+01	2.089377724618694643e+01	2.059244045787059463e+01	1.979872790226425394e+01	2.073588660591158472e+01
1.998704289767655240e+01	2.045299516178436861e+01	2.051180381947812492e+01	2.076125871194997075e+01	2.079383633332703596e+01	2.130534936110884559e+01	2.041536001703635961e+01	2.121656029218813444e+01	2.117098048568313473e+01	2.016475292577360179e+01	1.999170467547630281e+01	2.146311557522931324e+01	2.075713596752994405e+01	2.022396568276618467e+01	2.034219677425213391e+01	2.079635376462950447e+01	2.069424362991422939e+01	2.029678148609879784e+01	2.019278889481888228e+01	2.056896476628530834e+01	2.074349125419074369e+01	2.003327674511005441e+01	2.093833900196504771e+01	2.040589208320403358e+01	2.082100431262584550e+01	2.055129067879849458e+01	2.134107324070747680e+01	3.137227388774623904e+01	2.097971327627260862e+01	2.050980514114537101e+01	2.050711684748998920e+01	2.019888838779868578e+01	2.047621148712145356e+01	2.078057772051080931e+01	2.042845539357956497e+01	2.017296851422755566e+01	2.073129599506347276e+01	2.081193881366250764e+01	2.019671846656868652e+01	2.094198585802820389e+01	2.078566027601571164e+01	2.083052457373369748e+01	2.097359939213826507e+01	2.067606212150241518e+01	2.046488152207272648e+01	2.096397503309440680e+01	2.063766426804784615e+01	2.119566804901969448e+01	1.973314215915324965e+01	2.052503897860930238e+01
2.008558766596530631e+01	1.989218636169208665e+01	2.070274015251880328e+01	2.034150499101859566e+01	2.039372613461746653e+01	2.045402999062410032e+01	2.036328551952318122e+01	2.053143284714524697e+01	2.036374565978584883e+01	2.008191022351336485e+01	1.971167344596668158e+01	2.099275077746386486e+01	2.040165772589814353e+01	2.022902973082599942e+01	2.069083795722385233e+01	2.035782851640821889e+01	2.064378585216628181e+01	2.012241820249230173e+01	1.984626706876652591e+01	2.012919237232990000e+01	2.029494461920884163e+01	1.981172798083880338e+01	2.064600518925601591e+01	2.006162416533038595e+01	1.999729916154278797e+01	2.030289950926709253e+01	2.087967946938515951e+01	2.097971327627260862e+01	3.049208555155408007e+01	2.024508442671835340e+01	2.016147876564354746e+01	2.006424557608530534e+01	2.017240511116182233e+01	2.057632097826836315e+01	2.006804010430859009e+01	1.968659292883098288e+01	2.052728160877609298e+01	2.021820993738779038e+01	2.015100717978743816e+01	2.054764307688409275e+01	1.991845340720202984e+01	2.045387044657183395e+01	2.048187410974418654e+01	2.012367405028113154e+01	2.000572719016944845e+01	2.017304405615245244e+01	2.009137081993139873e+01	2.051827329528750710e+01	1.939250439059627595e+01	2.037123719730906402e+01
1.924219542225258905e+01	1.964572806798708626e+01	2.007256095644511973e+01	1.983365164687750237e+01	1.977489979388798247e+01	2.040154683016457682e+01	2.009429098871597930e+01	2.036384720770600865e+01	2.002722704825205469e+01	1.983909232761135755e+01	1.960970561550313107e+01	2.051682197713000022e+01	2.008725664718645731e+01	1.950539655387511928e+01	1.964338506518724969e+01	1.982882632294380798e+01	1.986981392447448158e+01	1.973228214177338558e+01	1.965355726246369272e+01	1.943622040564298459e+01	2.015390684251962838e+01	1.927489096551865444e+01	2.013074775258426286e+01	1.997525932242945856e+01	1.996015659770171169e+01	1.974263354972415740e+01	2.012332858419296855e+01	2.050980514114537101e+01	2.024508442671835340e+01	2.995686595149365061e+01	1.973950373010856651e+01	1.953827858221663050e+01	1.987460953572379907e+01	1.990496933285808012e+01	1.966126115826858722e+01	1.918243992469735915e+01	2.000100181722768156e+01	1.962403573753997321e+01	1.956805059918626455e+01	2.027710930440069959e+01	1.950161728862664390e+01	1.998727984807116442e+01	2.006701151376880432e+01	1.974017243320185955e+01	1.955891670012384864e+01	1.963413942797520306e+01	1.981739006453471319e+01	2.037256202565641772e+01	1.923020833563169418e+01	1.939404143149072368e+01
1.964945238398496841e+01	1.974357577758555848e+01	2.005518374262662462e+01	1.966852797430664879e+01	2.004562602717640374e+01	2.050280347383976576e+01	2.018299978803515060e+01	2.052271243427667358e+01	1.999721408569181236e+01	1.991140616237973759e+01	1.939443234711718134e+01	2.027868064423449113e+01	1.997942434029743453e+01	1.979622969066685556e+01	1.989863278652654444e+01	1.983553019067749901e+01	2.027501957697777257e+01	1.922449337391845958e+01	1.934764797135864001e+01	2.007558738914103458e+01	1.988700373878818084e+01	1.925575053801520298e+01	2.023744651999957256e+01	1.962672657171424717e+01	2.003573010226913453e+01	2.012589103403163904e+01	2.037760201680566396e+01	2.050711684748998920e+01	2.016147876564354746e+01	1.973950373010856651e+01	2.955694540383148805e+01	1.975645846354971624e+01	1.992007037580461670e+01	2.036665254414100446e+01	1.984986958654160460e+01	1.941221681097339058e+01	2.021866783293414116e+01	1.965779349136314025e+01	1.964520085720594622e+01	2.026732368338246104e+01	1.976890344764085583e+01	2.021242148642972936e+01	2.038800354670816617e+01	1.988168072619676252e+01	1.990439758216521682e+01	2.003279513265984946e+01	2.008302695287507333e+01	1.962270049492573420e+01	1.922831444395271205e+01	1.987747114711881125e+01
1.926722418198210818e+01	1.960768604427213546e+01	1.995029079410647199e+01	1.969626641734883421e+01	1.992004942167870851e+01	2.049967974888257416e+01	2.000095185321199409e+01	2.041747895606797059e+01	1.999730390389636270e+01	2.003161357059336822e+01	1.957554469123245156e+01	2.056425231533103926e+01	2.034085766322247935e+01	1.963522499443882552e+01	2.002277233969889991e+01	1.981786053986736817e+01	2.013082339074663452e+01	1.954986418937826897e+01	1.962447575821020962e+01	1.977945496862433217e+01	2.019672589076469293e+01	1.920691679129108920e+01	1.990398741294379548e+01	1.954248079445560293e+01	1.992435874175583876e+01	1.976589346680955472e+01	2.040391515390416188e+01	2.019888838779868578e+01	2.006424557608530534e+01	1.953827858221663050e+01	1.975645846354971624e+01	2.945512916721843766e+01	1.968259678952902547e+01	1.997868430010719720e+01	1.987009734332052346e+01	1.965865237666583809e+01	1.997208378766913839e+01	1.979788488102401800e+01	1.943549570273358640e+01	2.047801128363443368e+01	2.001099425419149114e+01	2.021319539875388216e+01	1.990958868056977238e+01	1.976588198846186373e+01	1.981760301162874072e+01	2.030338768148856587e+01	1.987452110596728971e+01	2.003419670913127248e+01	1.917286660774201579e+01	2.006217236561576556e+01
