3.036281499300057973e+01	2.093326038555467505e+01	1.948842394716867688e+01	1.981124000931871265e+01	2.051202254117780299e+01	1.997392332403900284e+01	2.025595664819330466e+01	2.010501031812259498e+01	1.997486914665903512e+01	1.967647399577698053e+01	2.030155542228095911e+01	2.039698772033485596e+01	1.972975429407604864e+01	1.996168877148075893e+01	2.043596770653771699e+01	2.060139081149495865e+01	1.989362343260094690e+01	2.060222858595227535e+01	1.992696790329632961e+01	1.960214314908371591e+01	2.013592856517769647e+01	2.042172949058249642e+01	2.030057616792907638e+01	2.046972672948719563e+01	2.031708306934320518e+01	2.073484640499039244e+01	2.107065612804757393e+01	1.998639729965855594e+01	1.997321396925435621e+01	2.029703083215424186e+01	2.036067903599729334e+01	1.981846690817965850e+01	2.028078053190147045e+01	2.021517973534835377e+01	1.993554768554893286e+01	2.024981276744358993e+01	2.032225998313925786e+01	2.019354169678050681e+01	2.004701013631997597e+01	2.046339867792585565e+01	1.990692869617240746e+01	2.109640141323327356e+01	2.034783395943214757e+01	2.025696231367850686e+01	2.039076801846376696e+01	1.985814620945870601e+01	2.028819855562159447e+01	2.035998112378848290e+01	2.006795888342876211e+01	1.995503740990267616e+01
2.093326038555467505e+01	3.078978501686706437e+01	2.008242834387391085e+01	2.055853339595119067e+01	2.080904173113246713e+01	2.039572052172426808e+01	2.057349664442206461e+01	2.020714053647213149e+01	2.024015054556099003e+01	2.020286127711927904e+01	2.038357280305188368e+01	2.051244807999897191e+01	2.059146344005833740e+01	2.041626033441601962e+01	2.073882909105430628e+01	2.062789922448321533e+01	2.059871125229032174e+01	2.121869451030704212e+01	2.051491810496273160e+01	2.005297801389546208e+01	2.065440119563643151e+01	2.084655644953507547e+01	2.101142439582980614e+01	2.116778681267207318e+01	2.042106313953207319e+01	2.105136014362019381e+01	2.120532950038895592e+01	2.042957716121436107e+01	2.050310700932590180e+01	2.081293933945100605e+01	2.042789035730298153e+01	2.031475986906927034e+01	2.070993711293001738e+01	2.092454949312556067e+01	2.056331138143310966e+01	2.067634899692756534e+01	2.052231417319303119e+01	2.050330058444649595e+01	2.072616710296578546e+01	2.058485671576193710e+01	2.053052975845347206e+01	2.113073176236445505e+01	2.093301726826957321e+01	2.074723499006438132e+01	2.039596753718367950e+01	2.061688333034441811e+01	2.050109248312196542e+01	2.061895128091308038e+01	2.073376796796177857e+01	1.992070777315263186e+01
1.948842394716867688e+01	2.008242834387391085e+01	2.880754833568243356e+01	1.927307055254810564e+01	1.970958573967728356e+01	1.934822807745060302e+01	1.919917355881310428e+01	1.943900181412402262e+01	1.939766297277331475e+01	1.896249994975450903e+01	1.921536441413904583e+01	1.902619651142076407e+01	1.886478895552326307e+01	1.927316306161723602e+01	1.925900251349871084e+01	1.927860350607386408e+01	1.944760766417089926e+01	1.952806790271954895e+01	1.882252693543361133e+01	1.867615284600440262e+01	1.956287351072463210e+01	1.921945932714029581e+01	1.930739824144981398e+01	1.959330674522137272e+01	1.973036833408410828e+01	1.981252133315912900e+01	1.994662000218254505e+01	1.978888167978497137e+01	1.957093419002343992e+01	1.943658866871867374e+01	1.956517284790933076e+01	1.950218988044889556e+01	1.920565040424830272e+01	1.916427876937234842e+01	1.918555232261921617e+01	1.962929695963012477e+01	1.964913746137992234e+01	1.958809759270039663e+01	1.940939395217599284e+01	2.009811975828376163e+01	1.926788766552379784e+01	2.032388085251146848e+01	1.959022712736820182e+01	1.910851020315881499e+01	1.952773554115958277e+01	1.966514375937163805e+01	1.914936563914412915e+01	1.957127501172861628e+01	1.918021154804132067e+01	1.887390722473511318e+01
1.981124000931871265e+01	2.055853339595119067e+01	1.927307055254810564e+01	2.971285358688466971e+01	1.998205742876276148e+01	2.001837645455541548e+01	1.939213850712297926e+01	1.990320685612601537e+01	1.962932611504881208e+01	1.930322871682529495e+01	1.936692445252383976e+01	1.959966895433117529e+01	1.998700180243732305e+01	1.938430658656028172e+01	1.995307219480728023e+01	2.013049416616044596e+01	1.972946942144962534e+01	2.025805693938184859e+01	1.965075760026095253e+01	1.944559150753005738e+01	1.932741409447774572e+01	2.006061787752571846e+01	1.987068595785445879e+01	1.979994024793174745e+01	2.028184246052590822e+01	2.025138745590320610e+01	2.035473608685296654e+01	2.006963676469123925e+01	1.982346170840450483e+01	2.019973973441631898e+01	1.966417981295514394e+01	1.980612498264865806e+01	1.962039553473444542e+01	1.977700443692710763e+01	1.989905282851355039e+01	1.996969851175972011e+01	1.980896595760279766e+01	2.038267601013293273e+01	2.018119936185340535e+01	1.980445499078600946e+01	1.987862279187165626e+01	2.026102364733477401e+01	2.034436576187755108e+01	1.980785689661906801e+01	1.975771990304016867e+01	1.966587568004707265e+01	1.937554439118655836e+01	2.030511060972605364e+01	2.010207269980423561e+01	1.949339274427467927e+01
2.051202254117780299e+01	2.080904173113246713e+01	1.970958573967728356e+01	1.998205742876276148e+01	3.004849549395124342e+01	2.074696688674182710e+01	2.002241228587198307e+01	2.004410650010747830e+01	2.000700852257365270e+01	1.916610270340153832e+01	2.001190130060748373e+01	2.030649337940161914e+01	2.006275012744696795e+01	1.979692984041636805e+01	2.016817388090014873e+01	2.019953549851999242e+01	2.027224851926451521e+01	2.063058752672100127e+01	2.030705452247638476e+01	2.022797423134519690e+01	2.013672231438747673e+01	2.049422511749464348e+01	2.070694903431478551e+01	2.082787731261605657e+01	2.013318057192916655e+01	2.082562364480526185e+01	2.082946188775772356e+01	1.998779487747221495e+01	2.007323355415584132e+01	2.047358154976703659e+01	2.035973155540368751e+01	1.986188178619028122e+01	2.003819786858707985e+01	1.991828585698255338e+01	1.987004358798877846e+01	2.068270670030096881e+01	2.041149710364864944e+01	2.038129155286448579e+01	1.987287940607188119e+01	2.045586021943518773e+01	1.988776734452194361e+01	2.099301135503872828e+01	2.056153375695431507e+01	2.065388084148970549e+01	2.002265195360216410e+01	2.004543631610349763e+01	1.980635607407876009e+01	2.080229413042232522e+01	1.998951758707414328e+01	1.989108791852074987e+01
1.997392332403900284e+01	2.039572052172426808e+01	1.934822807745060302e+01	2.001837645455541548e+01	2.074696688674182710e+01	2.944736182662039425e+01	1.988960580706290315e+01	1.986453439044355562e+01	1.973033757390794918e+01	1.960966284322960362e+01	2.006281090161633784e+01	1.973738034541929665e+01	1.992934223261276827e+01	1.994543252974204961e+01	2.015707399819231327e+01	1.983914977306933025e+01	2.010114477262830590e+01	2.069053987259594862e+01	2.036810421818127637e+01	1.973117546706586012e+01	2.006890906142301390e+01	2.034257140962710508e+01	2.013183416489621536e+01	2.035060079717349169e+01	2.016292978769145705e+01	2.009694680013324941e+01	2.042494412004806037e+01	1.973233299131583252e+01	1.968374193791161986e+01	2.010934109478949949e+01	1.998378901929515905e+01	1.974120416973785908e+01	1.989332192154565959e+01	2.017461172046124673e+01	1.987602067313147813e+01	2.020996444327884589e+01	2.018030851889178479e+01	2.035100865308334406e+01	2.013537883325849620e+01	1.993979022395323852e+01	1.997522325461703829e+01	2.062528855384449855e+01	1.996218493188428056e+01	2.017331489811892098e+01	1.964160508820570783e+01	2.007601858610491163e+01	1.943945836418944850e+01	1.982236528293910993e+01	2.002446016820787023e+01	1.959442748279622037e+01
2.025595664819330466e+01	2.057349664442206461e+01	1.919917355881310428e+01	1.939213850712297926e+01	2.002241228587198307e+01	1.988960580706290315e+01	2.968702839082391876e+01	1.950279889038571923e+01	1.966821817597589472e+01	1.907033906027539416e+01	1.993969330904107906e+01	1.955331055075465585e+01	1.961311121335785757e+01	1.955261525249385457e+01	1.986814145836489232e+01	1.968556288316513658e+01	2.018562311898554640e+01	2.013074863113034141e+01	1.930240856590842569e+01	1.974949226941449254e+01	2.001535483068791876e+01	1.984489317337550673e+01	2.017854927839652390e+01	2.034181280139633685e+01	2.029191474473167744e+01	2.017283784372465405e+01	2.007169776009316209e+01	1.974741999182706209e+01	1.976784143538160876e+01	1.981896475592246176e+01	1.955337072710224433e+01	1.957113584336502399e+01	1.971022777033618212e+01	1.972402056952040894e+01	1.939885669828728965e+01	2.022485421173205467e+01	2.014363228693864016e+01	1.978598646605813016e+01	1.977371966563251959e+01	1.992300970984382502e+01	1.983914641252897937e+01	2.064101941115890426e+01	2.000503330554322190e+01	1.974631416083812141e+01	1.971414733359949523e+01	2.003152922765163169e+01	1.956886327278634496e+01	2.006064608791866988e+01	1.948049644575961992e+01	1.944947391676797110e+01
2.010501031812259498e+01	2.020714053647213149e+01	1.943900181412402262e+01	1.990320685612601537e+01	2.004410650010747830e+01	1.986453439044355562e+01	1.950279889038571923e+01	2.939238931632097618e+01	1.979654399076521187e+01	1.914937524733591090e+01	2.013085098649860072e+01	1.971895824698788857e+01	1.985603722926400394e+01	1.956393837010872616e+01	1.969631909092542088e+01	1.978296047813219971e+01	1.980441723756096550e+01	2.029633115385038522e+01	1.947347670910772521e+01	1.962317948590849070e+01	2.003903574443841862e+01	2.027058058726830936e+01	1.986683839056720302e+01	2.066426487492088881e+01	2.046924136038309072e+01	2.038817640923616636e+01	2.029525438146749750e+01	2.002168983691211324e+01	1.968615098869711844e+01	2.023247414125334487e+01	1.970786658900663113e+01	1.971323202258986029e+01	1.956240755444630253e+01	2.014050725084775095e+01	1.952493060794702728e+01	2.023536070659285713e+01	1.983581243485669532e+01	1.980947206763958235e+01	1.977918086460271141e+01	1.995268548320190050e+01	2.016885185859459995e+01	2.095450432381734629e+01	2.032372899316540682e+01	1.974466115891500095e+01	2.004542005253759029e+01	1.962752952548828489e+01	1.966735765416456161e+01	2.009362567236271602e+01	1.997603220904457189e+01	1.972116201072559960e+01
1.997486914665903512e+01	2.024015054556099003e+01	1.939766297277331475e+01	1.962932611504881208e+01	2.000700852257365270e+01	1.973033757390794918e+01	1.966821817597589472e+01	1.979654399076521187e+01	2.979545003016679416e+01	1.933778593509705956e+01	1.969465940370862000e+01	2.003866625726398709e+01	1.940854336333856978e+01	1.980285153690351763e+01	1.984270522300371908e+01	1.966641752123761222e+01	1.969082258756620618e+01	1.977999951832017445e+01	1.927071301894617505e+01	1.953213652102013853e+01	1.983609054157893681e+01	2.029512177482177293e+01	1.969425210515855085e+01	2.030084591453817211e+01	2.005191508611724771e+01	2.069648531815746750e+01	1.999058104816821668e+01	1.955231968205695736e+01	1.961953130204961226e+01	1.976056202044709309e+01	1.936472512338092855e+01	2.008762511471127610e+01	1.985997965939802867e+01	1.983715511504385631e+01	1.931616412741507105e+01	2.012026216507565479e+01	1.994016099799955200e+01	1.973158842077628705e+01	2.017296809424484039e+01	2.006770158869151643e+01	1.959831773374801145e+01	2.034200234625437176e+01	2.009323567397937182e+01	1.957630121139923318e+01	1.928958846264283977e+01	1.986023235809750176e+01	1.938172480611990522e+01	2.033000228347206217e+01	1.985873467171399653e+01	1.972981692091770611e+01
1.967647399577698053e+01	2.020286127711927904e+01	1.896249994975450903e+01	1.930322871682529495e+01	1.916610270340153832e+01	1.960966284322960362e+01	1.907033906027539416e+01	1.914937524733591090e+01	1.933778593509705956e+01	2.900640174097624069e+01	1.985260234463722284e+01	1.934392280838024902e+01	1.974583542896118971e+01	1.985453021502740967e+01	1.980447191529599493e+01	1.945699561005141476e+01	1.959804011349588748e+01	1.979311526698996460e+01	1.930772444160573542e+01	1.925045574398335546e+01	1.981931558292997053e+01	1.947611210210107657e+01	1.941967657021730531e+01	1.992045942957284410e+01	1.972119589538471018e+01	1.989736775379438427e+01	2.023941670232931500e+01	1.928435684703742226e+01	1.976119954599964856e+01	1.990504749660135886e+01	1.910082494738721337e+01	1.992585636492066214e+01	1.903508746829548670e+01	1.988293999815415702e+01	1.938428545512685375e+01	1.967216763623821763e+01	1.966579503258947170e+01	1.975772475420635743e+01	1.995429910405093210e+01	1.991733594563347509e+01	1.965755068191452892e+01	2.010979399918220523e+01	1.978956712070078794e+01	1.977002741281859244e+01	1.966526699002112011e+01	1.963252861775354319e+01	1.899522947780074134e+01	1.944733144609188003e+01	1.974173982773297453e+01	1.970966198779256828e+01
2.030155542228095911e+01	2.038357280305188368e+01	1.921536441413904583e+01	1.936692445252383976e+01	2.001190130060748373e+01	2.006281090161633784e+01	1.993969330904107906e+01	2.013085098649860072e+01	1.969465940370862000e+01	1.985260234463722284e+01	3.028543253612786756e+01	1.976955165003741044e+01	2.038015436808515446e+01	1.985279069146344355e+01	2.040517076123290607e+01	1.983183860038102608e+01	1.992148480663325216e+01	1.978566767119222547e+01	1.945212500589505922e+01	1.945708317339516924e+01	1.947411499578224792e+01	2.027871236748252670e+01	1.991304104516633089e+01	2.003549423073250324e+01	2.046212915084779738e+01	2.050681695038090879e+01	2.048588875913318930e+01	1.963673642155228194e+01	2.007293166840584320e+01	2.019482648835255745e+01	1.966159442731360940e+01	1.949753491903761926e+01	1.991246586969108634e+01	1.997297543574015677e+01	1.978374744294916709e+01	1.983546009051426751e+01	2.029422155195612021e+01	1.966864387198132391e+01	2.009946720364323625e+01	2.003268076165946709e+01	2.003537768179619505e+01	2.046466891632514162e+01	2.017469708029465991e+01	1.996536553847939999e+01	1.984027208808063492e+01	2.005759039089885221e+01	1.993225794362286862e+01	2.011671791486150696e+01	2.011679163886377353e+01	1.936253732585200993e+01
2.039698772033485596e+01	2.051244807999897191e+01	1.902619651142076407e+01	1.959966895433117529e+01	2.030649337940161914e+01	1.973738034541929665e+01	1.955331055075465585e+01	1.971895824698788857e+01	2.003866625726398709e+01	1.934392280838024902e+01	1.976955165003741044e+01	2.960074034111670116e+01	1.977611814281094738e+01	1.970181414546741294e+01	2.030326593897627063e+01	1.976302989585566294e+01	1.991434897336457510e+01	1.983191105287677658e+01	1.981484415898046336e+01	1.909267028241250941e+01	1.973514539889020725e+01	1.981381339680521236e+01	1.987984305096631132e+01	2.054370107955168123e+01	1.973711892224829256e+01	2.006523568061153640e+01	2.049811821433209857e+01	1.973885074710705823e+01	1.977185042017113403e+01	2.019717011664510409e+01	1.951144868219106598e+01	1.966756178376350661e+01	1.939353508715622709e+01	2.008117217621753881e+01	1.950275017164124591e+01	1.983394327263171775e+01	2.003325532255713171e+01	1.961081380589359568e+01	1.984886780362246839e+01	2.003890860021006759e+01	2.003512527589656145e+01	2.034099398781042112e+01	2.029587459121327697e+01	1.996225819496001463e+01	1.982291686095884131e+01	1.986884792272057254e+01	1.921322475137058916e+01	1.990803063714075094e+01	1.980717947586295224e+01	1.933431375019203102e+01
1.972975429407604864e+01	2.059146344005833740e+01	1.886478895552326307e+01	1.998700180243732305e+01	2.006275012744696795e+01	1.992934223261276827e+01	1.961311121335785757e+01	1.985603722926400394e+01	1.940854336333856978e+01	1.974583542896118971e+01	2.038015436808515446e+01	1.977611814281094738e+01	2.960100271733857014e+01	1.970523411605428521e+01	1.997134454821462413e+01	1.944585564455984894e+01	2.007578843773161736e+01	2.032599024699673507e+01	1.989956735966381274e+01	1.954175338656356686e+01	1.924008639835367518e+01	1.999727812923379133e+01	2.003485440952846375e+01	2.027033674663784169e+01	1.983227935891459381e+01	1.995568802160858723e+01	2.043313641865282904e+01	1.984441084508420161e+01	1.975329260226527950e+01	1.985901598571001614e+01	1.921953106610777340e+01	1.984697043490135115e+01	1.928822426447758787e+01	2.037779547750372799e+01	1.958442933600803926e+01	1.961568610172713889e+01	1.954476001728620815e+01	2.016227253392663243e+01	2.000242398498791729e+01	1.986776929595314911e+01	1.989568369562031691e+01	2.015743800915107542e+01	1.996224889128169266e+01	1.970751262991823438e+01	1.961416619763931735e+01	1.987986983731144619e+01	1.938815940182778874e+01	2.003777417181811060e+01	2.019773749115674732e+01	1.977533743399257915e+01
1.996168877148075893e+01	2.041626033441601962e+01	1.927316306161723602e+01	1.938430658656028172e+01	1.979692984041636805e+01	1.994543252974204961e+01	1.955261525249385457e+01	1.956393837010872616e+01	1.980285153690351763e+01	1.985453021502740967e+01	1.985279069146344355e+01	1.970181414546741294e+01	1.970523411605428521e+01	2.987431292695976381e+01	2.022015694113164841e+01	1.966409486245887805e+01	1.970934649397573324e+01	2.026847328777856205e+01	1.985770676260512957e+01	1.938689798566703004e+01	2.016614602526706079e+01	2.014218521517441118e+01	2.004631111840338065e+01	2.052357242122425163e+01	1.959958121943516574e+01	2.004699223800711749e+01	2.043909639602806649e+01	1.962737323553111324e+01	1.993737279422333586e+01	2.028173661524343885e+01	1.968699056384807378e+01	2.002385504921049986e+01	1.957166353917314083e+01	2.026674935008691847e+01	1.964830951426980832e+01	1.999168691396469555e+01	2.021952771386425241e+01	1.972829839888587244e+01	2.005664117987911865e+01	2.006108347931770908e+01	1.982074494601838666e+01	2.036513366878348918e+01	2.017114287834736075e+01	2.010009053612955299e+01	1.956130198413710630e+01	2.006942931571277811e+01	1.950284987920219137e+01	2.007861568329876789e+01	2.020054611234328235e+01	1.972731015347050132e+01
2.043596770653771699e+01	2.073882909105430628e+01	1.925900251349871084e+01	1.995307219480728023e+01	2.016817388090014873e+01	2.015707399819231327e+01	1.986814145836489232e+01	1.969631909092542088e+01	1.984270522300371908e+01	1.980447191529599493e+01	2.040517076123290607e+01	2.030326593897627063e+01	1.997134454821462413e+01	2.022015694113164841e+01	2.984852152563861694e+01	1.955300515088848456e+01	2.011918733841998019e+01	2.035718533413528419e+01	1.995356052333713848e+01	1.963158010941335618e+01	1.972712511350094644e+01	1.996153990320389582e+01	2.040751852930905130e+01	2.051703159177909797e+01	2.048657100898478589e+01	2.066229204945459230e+01	2.066395680541149460e+01	1.971532478395033294e+01	1.980824884311546086e+01	2.020943709595586668e+01	1.955224024878711120e+01	1.987212026181715174e+01	2.012678239587085827e+01	2.010753436001686367e+01	1.977500994802816692e+01	2.017399832004889504e+01	2.024403376318566572e+01	1.994131418346636053e+01	1.995298218172674609e+01	2.014805402298419068e+01	1.985700106585442981e+01	2.057319948185541492e+01	2.077529674296664197e+01	1.970880336691550738e+01	2.016843785874509365e+01	2.025604309407265191e+01	1.940972097134052987e+01	1.989727934794536068e+01	2.024906069751327209e+01	1.979835581346349471e+01
2.060139081149495865e+01	2.062789922448321533e+01	1.927860350607386408e+01	2.013049416616044596e+01	2.019953549851999242e+01	1.983914977306933025e+01	1.968556288316513658e+01	1.978296047813219971e+01	1.966641752123761222e+01	1.945699561005141476e+01	1.983183860038102608e+01	1.976302989585566294e+01	1.944585564455984894e+01	1.966409486245887805e+01	1.955300515088848456e+01	2.945634464920153661e+01	2.013702195392216154e+01	2.006902490407281547e+01	1.950089109900888573e+01	1.946545348121738428e+01	1.961912796103214163e+01	2.015092477874267374e+01	2.003859852348458759e+01	2.021408832730048388e+01	1.979814034185292471e+01	1.989115297474500821e+01	2.047044306023124705e+01	1.989888047182991571e+01	1.968996108439936066e+01	1.960281174154928507e+01	1.945277446567400759e+01	2.025327366752878788e+01	1.961230155627370664e+01	1.986029600802529060e+01	2.006617119989619269e+01	1.978151794180653056e+01	2.015768540311235668e+01	1.985091246236614992e+01	1.990530163917067341e+01	2.013745838657194298e+01	1.976984904997624071e+01	1.993068211670351886e+01	2.025198133860091332e+01	1.984889218886867823e+01	1.934747826278857374e+01	1.995611731901917096e+01	1.953633698233308280e+01	2.048504175620458767e+01	1.958540464374216938e+01	1.950724858770334436e+01
1.989362343260094690e+01	2.059871125229032174e+01	1.944760766417089926e+01	1.972946942144962534e+01	2.027224851926451521e+01	2.010114477262830590e+01	2.018562311898554640e+01	1.980441723756096550e+01	1.969082258756620618e+01	1.959804011349588748e+01	1.992148480663325216e+01	1.991434897336457510e+01	2.007578843773161736e+01	1.970934649397573324e+01	2.011918733841998019e+01	2.013702195392216154e+01	2.961028035949064474e+01	2.032856459085178358e+01	1.968852028866986004e+01	1.973037089058616900e+01	2.002318564128328404e+01	1.995937940645078967e+01	2.015851205462905327e+01	2.045893857825011608e+01	2.010199670973350550e+01	2.026919738352212974e+01	2.062125004981285414e+01	1.976535741189436379e+01	1.984494062356746369e+01	2.038528014916295206e+01	1.967429943798672554e+01	1.987674665481833003e+01	1.963094001248693132e+01	2.057065319321986507e+01	1.987261299700913497e+01	2.031903851055771781e+01	2.020952111479713409e+01	1.999987024480205733e+01	1.990882197544817700e+01	2.055952330036659959e+01	1.990297018454376143e+01	2.044541470320941912e+01	2.054669201099305909e+01	1.992300447207551883e+01	2.021164026524115087e+01	2.008286005258129236e+01	1.949320812223163912e+01	2.037478691184612245e+01	2.006012734466967729e+01	1.959706869612634961e+01
2.060222858595227535e+01	2.121869451030704212e+01	1.952806790271954895e+01	2.025805693938184859e+01	2.063058752672100127e+01	2.069053987259594862e+01	2.013074863113034141e+01	2.029633115385038522e+01	1.977999951832017445e+01	1.979311526698996460e+01	1.978566767119222547e+01	1.983191105287677658e+01	2.032599024699673507e+01	2.026847328777856205e+01	2.035718533413528419e+01	2.006902490407281547e+01	2.032856459085178358e+01	2.996408707724193832e+01	2.037589006464967412e+01	1.983765804034224800e+01	2.037296619381155693e+01	2.031794642681751384e+01	2.014892261748488167e+01	2.074793585175903843e+01	2.016760219681955491e+01	2.055891275920711436e+01	2.086329382579494052e+01	2.024574359800465828e+01	1.998563942791253822e+01	2.041924970451587740e+01	2.008389757138175824e+01	2.010957380459148425e+01	1.978796867377055690e+01	2.058632951164110025e+01	1.987619830005624522e+01	1.992318293315658551e+01	1.982075852347354328e+01	2.028956274127008541e+01	2.036536640353735450e+01	2.020488391587839061e+01	2.025876492117100369e+01	2.068072931246755886e+01	2.089778308784805105e+01	2.003740203184942459e+01	1.992061255104237105e+01	2.029708902928637215e+01	2.013125365080760076e+01	2.039026133360852100e+01	2.031770347876505056e+01	1.985461573406705682e+01
1.992696790329632961e+01	2.051491810496273160e+01	1.882252693543361133e+01	1.965075760026095253e+01	2.030705452247638476e+01	2.036810421818127637e+01	1.930240856590842569e+01	1.947347670910772521e+01	1.927071301894617505e+01	1.930772444160573542e+01	1.945212500589505922e+01	1.981484415898046336e+01	1.989956735966381274e+01	1.985770676260512957e+01	1.995356052333713848e+01	1.950089109900888573e+01	1.968852028866986004e+01	2.037589006464967412e+01	2.940298561631203711e+01	1.939072593039626824e+01	1.990281416430343242e+01	1.993468860375282858e+01	1.981704503295398823e+01	2.028710173113062609e+01	2.014663850690164892e+01	1.992885114082852382e+01	2.026486989989548704e+01	1.972207481649655136e+01	1.995368892709035435e+01	1.961325682601869858e+01	1.949787534493554375e+01	1.977239719837582399e+01	1.951486360757838767e+01	1.989764264296109175e+01	1.948695556256454253e+01	1.979565021012990300e+01	1.977207344057861249e+01	2.007790335268897053e+01	2.000560183361388056e+01	1.983036966190711325e+01	1.965505557846790552e+01	2.048815359642497214e+01	2.013680406327285155e+01	2.014526229811127678e+01	1.956566299356666860e+01	1.953735582770737622e+01	1.944376706827879531e+01	2.007968513784058473e+01	1.975365825508307438e+01	1.978840218799397732e+01
1.960214314908371591e+01	2.005297801389546208e+01	1.867615284600440262e+01	1.944559150753005738e+01	2.022797423134519690e+01	1.973117546706586012e+01	1.974949226941449254e+01	1.962317948590849070e+01	1.953213652102013853e+01	1.925045574398335546e+01	1.945708317339516924e+01	1.909267028241250941e+01	1.954175338656356686e+01	1.938689798566703004e+01	1.963158010941335618e+01	1.946545348121738428e+01	1.973037089058616900e+01	1.983765804034224800e+01	1.939072593039626824e+01	2.897075169174312848e+01	1.940924838589412005e+01	1.977827238189394876e+01	1.945808874752486517e+01	1.977217959010989290e+01	1.979280737373056809e+01	1.976744289547322353e+01	1.972534254426473055e+01	1.924537957874633776e+01	1.905425937456776708e+01	1.984350975843868525e+01	1.927563282600525696e+01	1.926020291951902763e+01	1.912941808871353899e+01	1.972041444931466003e+01	1.938354001849031150e+01	1.973669350061619454e+01	1.960925216889627265e+01	1.965452788614590318e+01	1.986093722126033256e+01	1.962300853233031717e+01	1.971976074769248299e+01	1.999318626741801452e+01	1.961835495157675524e+01	1.958083907966387116e+01	1.946737982132440337e+01	1.969530999084874878e+01	1.914923431206404913e+01	1.981599378450112781e+01	1.943563593095703368e+01	1.959402109532978287e+01
2.013592856517769647e+01	2.065440119563643151e+01	1.956287351072463210e+01	1.932741409447774572e+01	2.013672231438747673e+01	2.006890906142301390e+01	2.001535483068791876e+01	2.003903574443841862e+01	1.983609054157893681e+01	1.981931558292997053e+01	1.947411499578224792e+01	1.973514539889020725e+01	1.924008639835367518e+01	2.016614602526706079e+01	1.972712511350094644e+01	1.961912796103214163e+01	2.002318564128328404e+01	2.037296619381155693e+01	1.990281416430343242e+01	1.940924838589412005e+01	2.981190472606106923e+01	2.004996483727168766e+01	2.047676851061022063e+01	2.035756711088616555e+01	1.997044667848353683e+01	2.046077319445742759e+01	2.043651870895106981e+01	2.002502364548146474e+01	1.967571513494613455e+01	2.002120648489435695e+01	1.974653047599802491e+01	2.025500356748071695e+01	1.948966803536557890e+01	1.978974013657833098e+01	1.999680362878187267e+01	1.996203658142629678e+01	1.958600351889827706e+01	1.989640916310327867e+01	2.002670576588755580e+01	2.033865966498540701e+01	1.996129041258057057e+01	2.022849179393631758e+01	2.014727587335213599e+01	2.002109837115164837e+01	1.975754480081885234e+01	2.017666805703665389e+01	1.950185557629708910e+01	2.028229540577670065e+01	2.001198582628365585e+01	1.932123188762996335e+01
2.042172949058249642e+01	2.084655644953507547e+01	1.921945932714029581e+01	2.006061787752571846e+01	2.049422511749464348e+01	2.034257140962710508e+01	1.984489317337550673e+01	2.027058058726830936e+01	2.029512177482177293e+01	1.947611210210107657e+01	2.027871236748252670e+01	1.981381339680521236e+01	1.999727812923379133e+01	2.014218521517441118e+01	1.996153990320389582e+01	2.015092477874267374e+01	1.995937940645078967e+01	2.031794642681751384e+01	1.993468860375282858e+01	1.977827238189394876e+01	2.004996483727168766e+01	3.045708081824702163e+01	2.019947178748909877e+01	2.055349528535047554e+01	2.026093462536714185e+01	2.078239233099853678e+01	2.045566045415374390e+01	2.020811059870751691e+01	1.993754816266239160e+01	2.076276327333657434e+01	2.043311695160023334e+01	2.020326697064266952e+01	2.015482702687267746e+01	2.067938474687432659e+01	2.012186421936561942e+01	2.031130078075762313e+01	2.028805234818179670e+01	2.037313050328059916e+01	2.049775949213591630e+01	2.032755516589221401e+01	2.041403458103466306e+01	2.088978738106477806e+01	2.044833900664235671e+01	2.011136818782710733e+01	2.015392780578176257e+01	2.051568044891224218e+01	1.974820850616984202e+01	2.082859068149330994e+01	2.040558808308009375e+01	1.998433936631503371e+01
2.030057616792907638e+01	2.101142439582980614e+01	1.930739824144981398e+01	1.987068595785445879e+01	2.070694903431478551e+01	2.013183416489621536e+01	2.017854927839652390e+01	1.986683839056720302e+01	1.969425210515855085e+01	1.941967657021730531e+01	1.991304104516633089e+01	1.987984305096631132e+01	2.003485440952846375e+01	2.004631111840338065e+01	2.040751852930905130e+01	2.003859852348458759e+01	2.015851205462905327e+01	2.014892261748488167e+01	1.981704503295398823e+01	1.945808874752486517e+01	2.047676851061022063e+01	2.019947178748909877e+01	3.010970545690106803e+01	2.053945529631449674e+01	2.040360990497006100e+01	2.061155396860789324e+01	2.011250815807157366e+01	2.021964844997178901e+01	1.991152092607531543e+01	2.023284374200060753e+01	2.000954085311857611e+01	1.994574584772540504e+01	2.004568630555631259e+01	2.017651808028487537e+01	1.993799049383623156e+01	2.031878945857657470e+01	2.039994789675209574e+01	2.004290423965365164e+01	2.011270918203600644e+01	2.026648074155939838e+01	1.990134677834204879e+01	2.074435971349737429e+01	2.074652407547807798e+01	1.985190951040047480e+01	2.008707315400387472e+01	2.033429966226687924e+01	1.981413134133655163e+01	2.042572063392811543e+01	2.042571893497432356e+01	1.979713900397360860e+01
2.046972672948719563e+01	2.116778681267207318e+01	1.959330674522137272e+01	1.979994024793174745e+01	2.082787731261605657e+01	2.035060079717349169e+01	2.034181280139633685e+01	2.066426487492088881e+01	2.030084591453817211e+01	1.992045942957284410e+01	2.003549423073250324e+01	2.054370107955168123e+01	2.027033674663784169e+01	2.052357242122425163e+01	2.051703159177909797e+01	2.021408832730048388e+01	2.045893857825011608e+01	2.074793585175903843e+01	2.028710173113062609e+01	1.977217959010989290e+01	2.035756711088616555e+01	2.055349528535047554e+01	2.053945529631449674e+01	3.073758629052248281e+01	2.061432686769252243e+01	2.084742071378224537e+01	2.090664433857147486e+01	2.030155709655484131e+01	2.030155005608686736e+01	2.072241994360293660e+01	2.037240658431503704e+01	2.035102393004466137e+01	2.019403095513904489e+01	2.075618367878347925e+01	1.978593669768357444e+01	2.034264601654230731e+01	2.084473986062099016e+01	2.068918859375340347e+01	2.057666408196830332e+01	2.054227598635323915e+01	2.084663610985684912e+01	2.125587039522226718e+01	2.090864024643842001e+01	2.038210442507463682e+01	2.055723689702601575e+01	2.043071152727777218e+01	1.987266967886659330e+01	2.062565279377386318e+01	2.027114337404447397e+01	2.000769846100569538e+01
2.031708306934320518e+01	2.042106313953207319e+01	1.973036833408410828e+01	2.028184246052590822e+01	2.013318057192916655e+01	2.016292978769145705e+01	2.029191474473167744e+01	2.046924136038309072e+01	2.005191508611724771e+01	1.972119589538471018e+01	2.046212915084779738e+01	1.973711892224829256e+01	1.983227935891459381e+01	1.959958121943516574e+01	2.048657100898478589e+01	1.979814034185292471e+01	2.010199670973350550e+01	2.016760219681955491e+01	2.014663850690164892e+01	1.979280737373056809e+01	1.997044667848353683e+01	2.026093462536714185e+01	2.040360990497006100e+01	2.061432686769252243e+01	3.019976459800999180e+01	2.090594563637383629e+01	2.105675899667018314e+01	1.979929988769174187e+01	1.994288636213328303e+01	2.056992999824409196e+01	2.012543770036085888e+01	1.973321099513387722e+01	1.986609692499525437e+01	2.019247546932742310e+01	1.980445807265930114e+01	2.049287102305502017e+01	2.046659950355175184e+01	2.025178066737031557e+01	2.051571011306239711e+01	2.022231973950765394e+01	2.025099583248406887e+01	2.081974360419862791e+01	2.053148813222221492e+01	2.005355815583878965e+01	2.019949617276487785e+01	2.030579780745877017e+01	1.990672234105025851e+01	2.027120677014782046e+01	2.029975371343249790e+01	1.987744673312590038e+01
2.073484640499039244e+01	2.105136014362019381e+01	1.981252133315912900e+01	2.025138745590320610e+01	2.082562364480526185e+01	2.009694680013324941e+01	2.017283784372465405e+01	2.038817640923616636e+01	2.069648531815746750e+01	1.989736775379438427e+01	2.050681695038090879e+01	2.006523568061153640e+01	1.995568802160858723e+01	2.004699223800711749e+01	2.066229204945459230e+01	1.989115297474500821e+01	2.026919738352212974e+01	2.055891275920711436e+01	1.992885114082852382e+01	1.976744289547322353e+01	2.046077319445742759e+01	2.078239233099853678e+01	2.061155396860789324e+01	2.084742071378224537e+01	2.090594563637383629e+01	3.072469353018862748e+01	2.090433021179530471e+01	2.044229711212152978e+01	2.033963740843592305e+01	2.043709901099531123e+01	1.993021937426538415e+01	2.022976169808378444e+01	2.019053393719134348e+01	2.068437014984198541e+01	2.007096631497109840e+01	2.046389867880734315e+01	2.060263874437633547e+01	2.031503950043290629e+01	2.041374730869522480e+01	2.029299076946050207e+01	2.030267662457158551e+01	2.099458619115579694e+01	2.069049264898813689e+01	2.047760369724580798e+01	2.034341422953441736e+01	2.055141605213917799e+01	2.015067127354140908e+01	2.081749480320605983e+01	2.070323194090828522e+01	2.002711476208614627e+01
2.107065612804757393e+01	2.120532950038895592e+01	1.994662000218254505e+01	2.035473608685296654e+01	2.082946188775772356e+01	2.042494412004806037e+01	2.007169776009316209e+01	2.029525438146749750e+01	1.999058104816821668e+01	2.023941670232931500e+01	2.048588875913318930e+01	2.049811821433209857e+01	2.043313641865282904e+01	2.043909639602806649e+01	2.066395680541149460e+01	2.047044306023124705e+01	2.062125004981285414e+01	2.086329382579494052e+01	2.026486989989548704e+01	1.972534254426473055e+01	2.043651870895106981e+01	2.045566045415374390e+01	2.011250815807157366e+01	2.090664433857147486e+01	2.105675899667018314e+01	2.090433021179530471e+01	3.068934384628586898e+01	2.043103283120357005e+01	1.988811803680734513e+01	2.097165470505355245e+01	2.057127102535116592e+01	2.063255530598969401e+01	2.033553575728162244e+01	2.079796102766889732e+01	2.024599777409077817e+01	2.035077662385474184e+01	2.057756682714462215e+01	2.111390701804691616e+01	2.022284060371975656e+01	2.025745666816065338e+01	2.041222616466317419e+01	2.117560363604929208e+01	2.117238558474533150e+01	2.080404798221642437e+01	2.032072786329209535e+01	2.061718485918131094e+01	1.986600952559263789e+01	2.120988824841843012e+01	2.024165579493103451e+01	1.992880515877219594e+01
1.998639729965855594e+01	2.042957716121436107e+01	1.978888167978497137e+01	2.006963676469123925e+01	1.998779487747221495e+01	1.973233299131583252e+01	1.974741999182706209e+01	2.002168983691211324e+01	1.955231968205695736e+01	1.928435684703742226e+01	1.963673642155228194e+01	1.973885074710705823e+01	1.984441084508420161e+01	1.962737323553111324e+01	1.971532478395033294e+01	1.989888047182991571e+01	1.976535741189436379e+01	2.024574359800465828e+01	1.972207481649655136e+01	1.924537957874633776e+01	2.002502364548146474e+01	2.020811059870751691e+01	2.021964844997178901e+01	2.030155709655484131e+01	1.979929988769174187e+01	2.044229711212152978e+01	2.043103283120357005e+01	2.979724032100193298e+01	1.983254060521127471e+01	2.013541785321863387e+01	1.993620394241093408e+01	1.975934537475294306e+01	1.944058815382451044e+01	2.036415995734462570e+01	1.976170222631706253e+01	2.028586421707323240e+01	1.977322258584914749e+01	1.981587154231234749e+01	1.990025271466413770e+01	1.985223513594961631e+01	2.030491726746021541e+01	2.015560210183707213e+01	2.016872520592121276e+01	1.959855068395818378e+01	1.968552424206765394e+01	1.992916395439573307e+01	1.948072706647156593e+01	2.005146304732781459e+01	1.978816649195174193e+01	1.962850501984199880e+01
1.997321396925435621e+01	2.050310700932590180e+01	1.957093419002343992e+01	1.982346170840450483e+01	2.007323355415584132e+01	1.968374193791161986e+01	1.976784143538160876e+01	1.968615098869711844e+01	1.961953130204961226e+01	1.976119954599964856e+01	2.007293166840584320e+01	1.977185042017113403e+01	1.975329260226527950e+01	1.993737279422333586e+01	1.980824884311546086e+01	1.968996108439936066e+01	1.984494062356746369e+01	1.998563942791253822e+01	1.995368892709035435e+01	1.905425937456776708e+01	1.967571513494613455e+01	1.993754816266239160e+01	1.991152092607531543e+01	2.030155005608686736e+01	1.994288636213328303e+01	2.033963740843592305e+01	1.988811803680734513e+01	1.983254060521127471e+01	2.934786915583849165e+01	2.004436058950524924e+01	1.949923542650650177e+01	1.982006367692541815e+01	1.950502718446713502e+01	1.990956130063319662e+01	2.004634514503852216e+01	2.000163344119149045e+01	1.981160820490345031e+01	1.989734973168299703e+01	1.977785630261943339e+01	2.012683195711662520e+01	1.989011147029628290e+01	2.031192218754776846e+01	2.056018225866064597e+01	2.014603724844057808e+01	2.001818138713124995e+01	1.989390368525049624e+01	1.986207211602874878e+01	2.031304764325051337e+01	1.971001890143357826e+01	1.899318984291667078e+01
2.029703083215424186e+01	2.081293933945100605e+01	1.943658866871867374e+01	2.019973973441631898e+01	2.047358154976703659e+01	2.010934109478949949e+01	1.981896475592246176e+01	2.023247414125334487e+01	1.976056202044709309e+01	1.990504749660135886e+01	2.019482648835255745e+01	2.019717011664510409e+01	1.985901598571001614e+01	2.028173661524343885e+01	2.020943709595586668e+01	1.960281174154928507e+01	2.038528014916295206e+01	2.041924970451587740e+01	1.961325682601869858e+01	1.984350975843868525e+01	2.002120648489435695e+01	2.076276327333657434e+01	2.023284374200060753e+01	2.072241994360293660e+01	2.056992999824409196e+01	2.043709901099531123e+01	2.097165470505355245e+01	2.013541785321863387e+01	2.004436058950524924e+01	3.000810450368183169e+01	2.035383086586258372e+01	2.012721899282557914e+01	1.979444871261710404e+01	2.053302653742336759e+01	1.994505026521258273e+01	2.050379344459891939e+01	2.016481501811087540e+01	2.037246007755640420e+01	2.044844985809377391e+01	2.015232955355639533e+01	2.065234735465432792e+01	2.092739825292299116e+01	2.091545949822954853e+01	2.039900035793542443e+01	2.040912532348776054e+01	2.023502635264562954e+01	1.985881334329892312e+01	2.065849385305443775e+01	2.037972607580848461e+01	1.972564724930186131e+01
2.036067903599729334e+01	2.042789035730298153e+01	1.956517284790933076e+01	1.966417981295514394e+01	2.035973155540368751e+01	1.998378901929515905e+01	1.955337072710224433e+01	1.970786658900663113e+01	1.936472512338092855e+01	1.910082494738721337e+01	1.966159442731360940e+01	1.951144868219106598e+01	1.921953106610777340e+01	1.968699056384807378e+01	1.955224024878711120e+01	1.945277446567400759e+01	1.967429943798672554e+01	2.008389757138175824e+01	1.949787534493554375e+01	1.927563282600525696e+01	1.974653047599802491e+01	2.043311695160023334e+01	2.000954085311857611e+01	2.037240658431503704e+01	2.012543770036085888e+01	1.993021937426538415e+01	2.057127102535116592e+01	1.993620394241093408e+01	1.949923542650650177e+01	2.035383086586258372e+01	2.952373629118162768e+01	1.956581526160745454e+01	1.973730981077853741e+01	2.016281553982168973e+01	1.933627223069781920e+01	2.024001432523085242e+01	2.038950209639944333e+01	2.003925707143008239e+01	1.963731312855648170e+01	1.962953639003286810e+01	2.013968779954000254e+01	2.054771740359271348e+01	2.014304514016838255e+01	1.955437695897935058e+01	1.951237259279928793e+01	1.973899034563787325e+01	1.969068282317874008e+01	2.084411686223422322e+01	2.014486724236155979e+01	1.976146374116867577e+01
1.981846690817965850e+01	2.031475986906927034e+01	1.950218988044889556e+01	1.980612498264865806e+01	1.986188178619028122e+01	1.974120416973785908e+01	1.957113584336502399e+01	1.971323202258986029e+01	2.008762511471127610e+01	1.992585636492066214e+01	1.949753491903761926e+01	1.966756178376350661e+01	1.984697043490135115e+01	2.002385504921049986e+01	1.987212026181715174e+01	2.025327366752878788e+01	1.987674665481833003e+01	2.010957380459148425e+01	1.977239719837582399e+01	1.926020291951902763e+01	2.025500356748071695e+01	2.020326697064266952e+01	1.994574584772540504e+01	2.035102393004466137e+01	1.973321099513387722e+01	2.022976169808378444e+01	2.063255530598969401e+01	1.975934537475294306e+01	1.982006367692541815e+01	2.012721899282557914e+01	1.956581526160745454e+01	2.962128604410915145e+01	1.936801188089594916e+01	1.979313764592763292e+01	1.958523376248991710e+01	2.006017126394451111e+01	1.992232193245462568e+01	2.006463376969997014e+01	1.989884872469815136e+01	2.019360006113072004e+01	1.991849187045306380e+01	2.053853883901066624e+01	2.026058428148231982e+01	1.976749532187609049e+01	1.974438618075733487e+01	2.015970502074917903e+01	1.940371333084242877e+01	2.032889031130916990e+01	2.007445938009455588e+01	1.960484153207332270e+01
