2.986993470608103962e+01	2.000223187014578130e+01	1.997144859371585923e+01	1.962056426670531195e+01	2.017319384778877733e+01	1.942317430199113559e+01	1.994514828356350833e+01	2.028654925804222131e+01	2.023762559378546300e+01	1.926623304499521794e+01	2.003507945787222866e+01	2.004536096981979298e+01	1.951832485488728253e+01	1.945252440678918759e+01	1.963188020694001779e+01	2.011582604722403289e+01	2.006255909052197595e+01	1.990122375736216043e+01	1.953097110288301863e+01	1.935547779756188191e+01	1.940402582036000823e+01	1.969795478013451984e+01	1.995080302901937230e+01	1.997184246019282838e+01	1.961626157879573640e+01	1.987981815558623566e+01	1.952876489046262876e+01	2.014156533471117072e+01	1.999115879161518805e+01	2.075594844847866582e+01	1.957503945110723009e+01	1.987098398812454647e+01	2.017953385675065903e+01	1.951030661353482287e+01	1.995152938492213579e+01	1.997005444784440797e+01	2.005140331454325064e+01	1.939816979423259369e+01	1.964743679825883760e+01	1.981121982066904863e+01	2.021001637507943727e+01	2.015318244552967997e+01	2.013697255964465072e+01	1.997187816677471872e+01	1.951941493023767649e+01	2.016031053830237241e+01	2.027817530030358384e+01	1.953769678724750136e+01	1.985871748585546115e+01	1.989372108083275847e+01
2.000223187014578130e+01	3.048220178213365372e+01	2.018211079377672945e+01	2.002628324004254168e+01	2.004558810673259472e+01	1.998662006040832750e+01	2.023882524105539460e+01	2.023256506642382746e+01	2.066821200633150823e+01	1.938097981165756067e+01	2.058017117926230100e+01	2.020974905273303435e+01	2.003274893850574045e+01	1.993012692358828275e+01	2.057128448799273457e+01	2.054680072046874173e+01	2.049548817524241784e+01	2.012770865447121693e+01	1.987417821951813579e+01	2.025387191897203820e+01	1.993439266874160509e+01	2.015683819180530634e+01	2.018772327034965741e+01	2.013831841215804275e+01	2.013326626976632383e+01	1.982506982122908923e+01	2.047491031372232229e+01	2.079696019116652650e+01	2.038757143544333417e+01	2.068723348105708482e+01	1.955714532113459114e+01	1.997508710637382379e+01	2.012902063215607384e+01	1.990474623218775818e+01	2.000452549291778226e+01	2.034303422061807964e+01	1.993137807606904843e+01	1.990123969821591743e+01	1.969517571233985009e+01	2.019131648784017230e+01	2.050040788340268350e+01	2.003197886694084318e+01	2.055901287778050701e+01	2.002286739429899143e+01	2.020008326483022643e+01	2.022202382857233260e+01	2.084789841002915978e+01	1.982855469580536578e+01	2.017891512327122427e+01	2.029060671335798816e+01
1.997144859371585923e+01	2.018211079377672945e+01	2.975339237606303300e+01	1.964532208486433973e+01	2.013376675555117501e+01	1.981718386251290909e+01	2.034109745369030620e+01	2.024131299202162282e+01	2.028871850824301504e+01	1.946527197004640541e+01	2.038005414243131952e+01	2.017099525747468647e+01	2.005845440141115432e+01	1.984156299903150966e+01	2.054475463657041701e+01	2.040056057462188477e+01	1.978130817799154073e+01	2.008027450574203243e+01	2.008974489378282868e+01	2.005960487953502636e+01	1.962283273407917861e+01	1.938995656066735762e+01	1.998877087939127861e+01	2.009829763117533119e+01	1.998600663723830451e+01	1.972750283299895813e+01	1.968592572441906796e+01	2.061183674305790348e+01	1.967505409309542586e+01	2.039508734058519579e+01	1.985893154385827231e+01	2.019293812981021574e+01	1.984023925208650851e+01	1.987441927566954192e+01	1.994478634497219716e+01	2.036261186541821644e+01	2.032706096391012807e+01	2.019724152736755940e+01	1.990318657586192685e+01	1.985737016036863523e+01	2.036351244329053145e+01	2.009486830667889379e+01	2.095189356446338635e+01	1.990826987886076083e+01	2.012302321591574739e+01	2.034823826609745723e+01	2.046886063733366257e+01	2.002568801395719333e+01	2.039074890583253818e+01	2.016569749524168031e+01
1.962056426670531195e+01	2.002628324004254168e+01	1.964532208486433973e+01	2.914692341981132273e+01	1.969346160169162019e+01	1.934056225160183828e+01	1.959345394994833356e+01	1.930371063759751848e+01	1.986048710839308384e+01	1.942119170705328557e+01	1.993533141298672717e+01	2.001720564153623272e+01	1.990844733341834072e+01	1.965210513932504810e+01	2.033226224335533061e+01	1.984339925124097803e+01	1.968999522126309643e+01	2.032837476622400885e+01	1.977690876624127370e+01	1.975712661877958709e+01	1.924703032507138900e+01	1.941815289032694736e+01	1.916398516659855744e+01	1.979013735938921670e+01	1.960321137481431819e+01	1.923465771718169393e+01	1.961444076783215706e+01	2.012034944373471745e+01	2.008193226858815450e+01	1.962647880229383546e+01	1.926713187974637265e+01	1.982955131423066675e+01	1.964118131189931304e+01	1.969610850656734513e+01	1.956227188068762857e+01	1.939902291822588154e+01	1.957398015348124076e+01	1.942829893395838425e+01	1.955808719623689029e+01	1.977876835638673825e+01	2.024675445432799137e+01	1.995706100893785973e+01	2.021183741600819062e+01	1.999732595849148353e+01	1.971931199815201907e+01	1.963978538443315713e+01	1.999744643833947322e+01	1.952707242263460330e+01	1.967376066685170954e+01	1.987925281874050754e+01
2.017319384778877733e+01	2.004558810673259472e+01	2.013376675555117501e+01	1.969346160169162019e+01	2.981366751160858897e+01	1.964527016102842794e+01	2.044185851513319818e+01	1.996919510774276674e+01	2.020895923564454932e+01	1.975186460243106623e+01	2.004596687613306116e+01	2.050023838292934286e+01	1.997259560215501395e+01	1.992319007441711065e+01	2.014522427107934277e+01	1.994218523707900204e+01	1.996816331920912546e+01	2.014741625009012438e+01	2.014853412793848619e+01	1.973699603680088188e+01	1.944659709442808193e+01	1.985746858808631998e+01	1.998664721382110088e+01	2.041265616103314784e+01	1.965334751865156804e+01	1.952345722562942498e+01	1.985152367909182303e+01	2.097264317469993600e+01	1.993226797227001157e+01	2.040370133461371438e+01	2.003983864302913176e+01	1.960800483061872157e+01	2.010090165223751413e+01	1.980101729245582121e+01	1.972504737331043501e+01	2.000865692762279124e+01	2.013630743456847227e+01	2.010652823399708211e+01	1.995134778974394152e+01	1.978020290507368983e+01	2.028106417634462133e+01	2.029640475544781708e+01	2.088467784687470541e+01	2.020410236067862542e+01	1.996758072589440403e+01	2.019102105266811975e+01	2.013548428825750847e+01	2.021130893577232968e+01	2.025534002988876026e+01	2.002800879732584249e+01
1.942317430199113559e+01	1.998662006040832750e+01	1.981718386251290909e+01	1.934056225160183828e+01	1.964527016102842794e+01	2.985219194014979394e+01	1.972185300455058865e+01	2.011669513013878685e+01	2.043378107276901900e+01	1.929661672873429268e+01	1.989027795930794085e+01	1.976568284045433899e+01	2.023318320337839182e+01	1.956930676875929720e+01	2.042861012179882607e+01	1.969478948589841494e+01	1.986732606746669916e+01	1.966584425474151843e+01	1.989056249976558988e+01	1.938995785735165001e+01	1.977063957670193872e+01	1.918390710012618072e+01	1.984733973474796542e+01	1.981149688502715378e+01	1.985202822342563067e+01	1.949285184300676121e+01	1.924702447647210946e+01	2.015788285533658097e+01	1.977920744415553855e+01	1.979997416932476284e+01	1.927496088794501716e+01	1.953639945670796862e+01	1.957824303165452307e+01	1.925445259103090123e+01	1.943456169796282040e+01	2.010638410527073461e+01	1.972974872863954943e+01	1.955893225794004664e+01	1.948223068239351718e+01	1.968904312482202812e+01	2.024273424811487843e+01	1.995984938579025325e+01	2.043153540961449011e+01	1.953601828951377328e+01	1.976999939711422627e+01	1.965303091527115242e+01	2.017494067462437002e+01	1.958816818008991589e+01	1.953321599367256667e+01	2.036659701193892857e+01
1.994514828356350833e+01	2.023882524105539460e+01	2.034109745369030620e+01	1.959345394994833356e+01	2.044185851513319818e+01	1.972185300455058865e+01	3.044818329605616114e+01	2.007996911621224712e+01	1.988692700774293343e+01	1.974134493280007874e+01	2.053257641131514433e+01	2.028497944535456909e+01	2.029774240957900844e+01	2.027273527021120358e+01	2.031272861662998608e+01	2.032567767909624834e+01	2.026574915173785385e+01	2.045532093573102017e+01	2.002986757406384299e+01	2.012474305847899458e+01	2.012111670583695044e+01	1.980512649552214199e+01	2.018034861553141823e+01	2.040309306474655315e+01	2.007974078485253600e+01	1.998149268270427115e+01	2.003420441097965821e+01	2.048032511852688842e+01	2.019732279039077127e+01	2.070105150176866715e+01	1.956749374693628951e+01	2.030014512541744764e+01	1.998345765457788659e+01	2.007863917590615799e+01	1.998761811994481263e+01	2.005188025392395090e+01	2.003538506358537674e+01	2.000955812902423503e+01	2.015033900226675456e+01	2.004949691457749239e+01	2.036993072612270339e+01	2.028473449153937480e+01	2.048467848115857848e+01	2.038583076837720753e+01	1.998420587042540220e+01	2.045225762324520247e+01	2.035342232151097264e+01	1.981871515980846965e+01	2.017981916591860170e+01	2.032939108782966287e+01
2.028654925804222131e+01	2.023256506642382746e+01	2.024131299202162282e+01	1.930371063759751848e+01	1.996919510774276674e+01	2.011669513013878685e+01	2.007996911621224712e+01	3.064615765186484353e+01	2.015892711948833593e+01	1.927755972887201708e+01	2.060702116453380839e+01	2.049903265308206812e+01	2.004868333865616492e+01	2.017775525576127649e+01	2.068131043148269299e+01	2.015609818057221148e+01	2.030636919383899297e+01	2.033120523324408424e+01	1.971793707262477113e+01	1.967811526158113011e+01	1.970204915291785497e+01	1.992396001146452633e+01	1.996971823657699474e+01	2.034440253329103854e+01	1.988494172436950791e+01	1.986271983281483955e+01	1.949626408110202291e+01	2.089965168846414301e+01	2.028370881677355086e+01	2.084856834723500185e+01	1.984237574090721523e+01	1.990632551481004242e+01	2.026540163007883422e+01	2.022029565918833427e+01	1.996653330524546988e+01	2.038195376183591634e+01	2.012780389197413555e+01	1.983095584219400820e+01	2.007567814337076229e+01	2.008386845358098682e+01	2.069248667301346956e+01	2.025560819754899455e+01	2.051335613378770617e+01	2.035164551918684239e+01	1.987165085908605988e+01	2.015001222452643859e+01	2.039930896173157038e+01	2.051487067626678495e+01	2.018466131740738945e+01	2.057869093971803665e+01
2.023762559378546300e+01	2.066821200633150823e+01	2.028871850824301504e+01	1.986048710839308384e+01	2.020895923564454932e+01	2.043378107276901900e+01	1.988692700774293343e+01	2.015892711948833593e+01	3.052348313146820757e+01	1.999602182091257063e+01	2.011223796639018957e+01	2.064529481040650793e+01	2.023188217259512101e+01	2.007044991390255717e+01	2.054477169829796424e+01	2.046652912457932416e+01	2.025816766333002050e+01	2.045243590430988334e+01	1.984861811627490980e+01	2.024831737787935992e+01	2.019999627609056603e+01	1.979394932983148081e+01	2.013850342442328412e+01	2.024647973299353865e+01	1.991234082448279352e+01	1.996611872423517653e+01	2.005349182376145123e+01	2.071448077891176709e+01	2.036594993795405273e+01	2.064178994852177595e+01	1.993743407522661215e+01	1.984883380970565625e+01	2.003219004194088626e+01	2.002705713745890392e+01	1.995352084806442861e+01	2.048535505211888719e+01	1.996715452534937185e+01	1.997274676838916818e+01	2.013892405778028305e+01	2.013276072128763516e+01	2.060473597864660888e+01	2.028712319094340444e+01	2.090206566935867016e+01	2.010654410472473330e+01	2.045336154006755436e+01	2.029318273764784664e+01	2.083593490356869538e+01	2.019949785566612377e+01	2.028364311927128227e+01	2.054986010361403714e+01
1.926623304499521794e+01	1.938097981165756067e+01	1.946527197004640541e+01	1.942119170705328557e+01	1.975186460243106623e+01	1.929661672873429268e+01	1.974134493280007874e+01	1.927755972887201708e+01	1.999602182091257063e+01	2.907481297974871381e+01	1.996169513940890283e+01	1.997065406490089146e+01	1.971920651230767518e+01	1.930465889053460060e+01	1.960193634446729760e+01	1.947520628402675769e+01	1.950977467518099928e+01	1.975190434040416676e+01	1.946027884201874869e+01	1.912538309808687487e+01	1.941595037279546432e+01	1.924104503468860372e+01	1.921139107414443004e+01	1.972003900964258705e+01	1.923678374500906330e+01	1.952402965837673321e+01	1.929664959028390214e+01	1.993724635079048824e+01	1.948712422544883083e+01	1.952169279779625555e+01	1.933344496817804270e+01	1.945434081655296055e+01	1.938780944028695075e+01	1.944536083289472472e+01	1.937339678459625603e+01	1.978452062141028023e+01	1.945415924905761429e+01	1.951152072456699926e+01	1.963832679578892026e+01	1.949195726078377788e+01	1.931835441861964142e+01	1.949916613789322639e+01	1.998257548297148745e+01	1.978313596594293600e+01	1.935233835410348746e+01	1.916416361609739027e+01	1.977780624020945410e+01	1.942213155318458817e+01	1.995165148095965790e+01	1.975175928330622099e+01
2.003507945787222866e+01	2.058017117926230100e+01	2.038005414243131952e+01	1.993533141298672717e+01	2.004596687613306116e+01	1.989027795930794085e+01	2.053257641131514433e+01	2.060702116453380839e+01	2.011223796639018957e+01	1.996169513940890283e+01	3.036311718364518697e+01	2.073837251028043127e+01	1.998145178957618384e+01	1.993580302209600319e+01	2.049763147792144480e+01	2.055319324697966721e+01	2.029649561390409573e+01	2.040752447308556938e+01	2.028523352611097863e+01	2.004672369038971880e+01	2.014891780246579955e+01	2.029996622326827449e+01	1.998893174978279674e+01	2.057134113240577022e+01	2.030992609742464694e+01	1.970551022942719044e+01	1.986362289998674413e+01	2.087277856794310082e+01	2.038621800013525842e+01	2.068241372476905227e+01	1.965674183460207303e+01	2.049463598651788487e+01	2.032602978824393603e+01	2.043043566554737112e+01	2.039287117495333490e+01	2.060780362080243222e+01	2.016585518692952661e+01	2.053320402240836273e+01	2.041961292536279160e+01	2.039573937417819849e+01	2.097282293114284002e+01	2.075138384170143269e+01	2.123053065035240294e+01	2.038832765506411704e+01	2.035973109119542812e+01	2.065692845994325566e+01	2.038380201720878659e+01	2.021085989604575417e+01	2.049010163306643406e+01	2.072986019489867004e+01
2.004536096981979298e+01	2.020974905273303435e+01	2.017099525747468647e+01	2.001720564153623272e+01	2.050023838292934286e+01	1.976568284045433899e+01	2.028497944535456909e+01	2.049903265308206812e+01	2.064529481040650793e+01	1.997065406490089146e+01	2.073837251028043127e+01	3.002876854414499874e+01	2.003863248894440119e+01	1.982565423944768668e+01	2.068883122999208979e+01	2.022493880514935327e+01	2.042482666581367923e+01	2.055313004923869968e+01	2.031109073824994482e+01	1.990551621335143651e+01	1.992863207634317391e+01	1.981280295873762398e+01	1.993393530524776480e+01	2.003729925010105362e+01	2.008489162991867971e+01	1.984155648796050286e+01	2.002546211970370393e+01	2.072241261449152816e+01	2.017675965612360400e+01	2.084663102830424819e+01	2.005904961822029620e+01	1.990776645883352813e+01	2.004639058003910534e+01	2.015263842710821152e+01	2.016165233828526837e+01	1.976103048961722308e+01	2.030508705357478050e+01	2.028404642071219754e+01	2.019378301861491920e+01	2.007412452794904212e+01	2.045043587401556096e+01	2.058001318094242293e+01	2.072073486281308519e+01	2.006564271926722043e+01	2.050464858040884408e+01	2.064202836397664598e+01	2.014048873341784329e+01	1.998311318221893629e+01	1.995329484143141485e+01	2.065241438509845295e+01
1.951832485488728253e+01	2.003274893850574045e+01	2.005845440141115432e+01	1.990844733341834072e+01	1.997259560215501395e+01	2.023318320337839182e+01	2.029774240957900844e+01	2.004868333865616492e+01	2.023188217259512101e+01	1.971920651230767518e+01	1.998145178957618384e+01	2.003863248894440119e+01	3.003458526972144327e+01	2.011333520563792376e+01	2.041668176492813203e+01	2.002560047008786270e+01	2.005560427424606118e+01	2.023542068676848515e+01	1.996287933418021865e+01	1.969851148431042631e+01	1.969813667638357657e+01	1.987144763422960736e+01	1.993076387818765127e+01	2.028914572406965178e+01	2.029293269481072670e+01	1.952699162202046779e+01	1.983844852439617412e+01	2.062592103133355437e+01	1.979330845950904560e+01	2.024183267569071987e+01	1.991763281020787346e+01	1.990999991431501215e+01	1.977139507789637918e+01	1.975790394092694413e+01	1.984484587209186657e+01	2.029088957746202837e+01	1.967832981616521337e+01	2.032280449301342173e+01	2.032036928802047981e+01	2.002229858773505455e+01	2.033345503514845021e+01	2.019295912533965520e+01	2.077834293183354220e+01	2.040915779801391849e+01	2.010888885134497528e+01	2.046188670304986346e+01	2.029347320655793396e+01	1.996068531265172652e+01	2.008115268749182292e+01	2.035905629570383013e+01
1.945252440678918759e+01	1.993012692358828275e+01	1.984156299903150966e+01	1.965210513932504810e+01	1.992319007441711065e+01	1.956930676875929720e+01	2.027273527021120358e+01	2.017775525576127649e+01	2.007044991390255717e+01	1.930465889053460060e+01	1.993580302209600319e+01	1.982565423944768668e+01	2.011333520563792376e+01	2.934026735382591511e+01	1.964836664356399965e+01	2.001519998134041955e+01	2.017867911433870631e+01	1.984685065935271808e+01	1.970565485394317307e+01	1.984667709685186665e+01	1.953872215251494282e+01	1.994045807259626102e+01	2.001659162040256490e+01	2.027907465576513601e+01	1.985435125520646693e+01	1.967853284580167994e+01	1.978691590468894645e+01	2.060849628610319328e+01	1.996007385998973405e+01	2.001467282574419571e+01	1.975849919713869696e+01	2.009460228356251577e+01	1.995272393743461947e+01	1.989141815012427728e+01	1.973051204132073977e+01	2.010117311249506855e+01	1.974759034860025864e+01	1.978602672043056998e+01	2.008354019465418006e+01	2.017055766102744485e+01	2.002005745830655314e+01	2.028254583711716208e+01	2.047984690318605061e+01	1.991113549309865860e+01	2.000076842022019363e+01	2.059085915489085750e+01	1.998226317501164218e+01	1.977991679929493429e+01	2.004173550433731776e+01	2.016739521912354149e+01
1.963188020694001779e+01	2.057128448799273457e+01	2.054475463657041701e+01	2.033226224335533061e+01	2.014522427107934277e+01	2.042861012179882607e+01	2.031272861662998608e+01	2.068131043148269299e+01	2.054477169829796424e+01	1.960193634446729760e+01	2.049763147792144480e+01	2.068883122999208979e+01	2.041668176492813203e+01	1.964836664356399965e+01	3.056763550345415226e+01	2.006295619582599699e+01	2.005446161326537435e+01	2.034713991532757404e+01	2.018379343221173272e+01	2.037420901501480941e+01	2.026516656487809342e+01	2.018931774610416596e+01	1.992391102015838911e+01	2.020965383456672271e+01	2.050237053365298223e+01	1.995035219263105120e+01	2.010946799533193641e+01	2.112714790539991938e+01	2.068035767142218972e+01	2.036652317401811629e+01	1.970759604596061720e+01	1.999554849020914915e+01	1.985655931986919853e+01	1.964791851272551426e+01	2.002797671905583954e+01	2.035481161915861037e+01	2.001565965921396995e+01	2.011038489900488813e+01	1.976515400684396440e+01	1.996997706235308812e+01	2.080556538394089472e+01	2.006484888447283410e+01	2.075602344979871816e+01	2.044232260418165836e+01	2.023926935195085264e+01	2.060127580389801949e+01	2.043656191093490904e+01	2.006818636459447802e+01	2.001804435390691950e+01	2.045212575487746420e+01
2.011582604722403289e+01	2.054680072046874173e+01	2.040056057462188477e+01	1.984339925124097803e+01	1.994218523707900204e+01	1.969478948589841494e+01	2.032567767909624834e+01	2.015609818057221148e+01	2.046652912457932416e+01	1.947520628402675769e+01	2.055319324697966721e+01	2.022493880514935327e+01	2.002560047008786270e+01	2.001519998134041955e+01	2.006295619582599699e+01	3.015286776067337726e+01	2.001225348567370332e+01	2.018735446418377322e+01	1.992670723932594257e+01	1.978413186010039482e+01	1.967088206280903151e+01	2.027233739299360593e+01	2.005162562523671355e+01	2.020428029788455504e+01	2.002399340517883175e+01	1.986138118053597879e+01	1.936951488356658402e+01	2.068752974438799797e+01	2.025557307565842891e+01	2.041435495416014945e+01	1.976152010246519097e+01	1.987653077344110031e+01	1.985941953171876406e+01	2.020818783462895496e+01	1.986139035153772880e+01	2.033519061397365491e+01	2.000855125855639116e+01	2.004430623345545115e+01	2.000983648220793043e+01	1.981300627698080064e+01	2.030725452642763429e+01	1.999128918160581136e+01	2.013573171557792918e+01	2.029757358328149763e+01	1.976574450967969554e+01	2.059468799400595174e+01	2.019655869170524198e+01	2.049087686756829996e+01	2.038386642810015559e+01	2.004244211745811910e+01
2.006255909052197595e+01	2.049548817524241784e+01	1.978130817799154073e+01	1.968999522126309643e+01	1.996816331920912546e+01	1.986732606746669916e+01	2.026574915173785385e+01	2.030636919383899297e+01	2.025816766333002050e+01	1.950977467518099928e+01	2.029649561390409573e+01	2.042482666581367923e+01	2.005560427424606118e+01	2.017867911433870631e+01	2.005446161326537435e+01	2.001225348567370332e+01	2.950315859755587411e+01	2.007703393867810604e+01	1.958112584300951653e+01	1.987298249405861483e+01	1.941684082981393544e+01	1.990172278042853904e+01	1.992989240482746638e+01	2.017644096111482455e+01	2.006053605762996384e+01	1.942851518414782319e+01	1.944599400684139212e+01	2.062940870640048274e+01	2.031231076912425593e+01	2.045881426786089818e+01	1.961411870113727574e+01	1.997439167038637109e+01	1.990911003648029975e+01	2.000855567952390146e+01	2.006415044108610957e+01	2.017944517182949227e+01	1.986096268298233980e+01	2.013869548213797600e+01	2.018789311764267680e+01	2.027648904123281426e+01	2.034235145923393162e+01	2.013783637191511389e+01	2.044685950224911153e+01	2.004296732347174270e+01	1.982415541087597077e+01	2.040869956635404847e+01	2.010242627222678635e+01	1.962345294460968859e+01	1.976585963125684486e+01	2.027763153137706809e+01
1.990122375736216043e+01	2.012770865447121693e+01	2.008027450574203243e+01	2.032837476622400885e+01	2.014741625009012438e+01	1.966584425474151843e+01	2.045532093573102017e+01	2.033120523324408424e+01	2.045243590430988334e+01	1.975190434040416676e+01	2.040752447308556938e+01	2.055313004923869968e+01	2.023542068676848515e+01	1.984685065935271808e+01	2.034713991532757404e+01	2.018735446418377322e+01	2.007703393867810604e+01	2.991828751081203563e+01	2.007978037627559686e+01	1.991280797332946051e+01	1.987189169735901828e+01	2.048301277981082436e+01	1.978898423221437852e+01	2.032017893669376818e+01	2.026981363945555259e+01	2.003509508648346582e+01	2.005296228736704478e+01	2.087257625605696987e+01	2.049588692818294078e+01	2.060106143635070808e+01	1.961752554552106531e+01	2.033296408887071749e+01	1.999277375611447027e+01	1.963237525971764441e+01	2.007638618102798134e+01	2.051998580248257298e+01	2.006362935241927659e+01	1.992895969262851708e+01	2.008325401362109375e+01	1.999654187577876741e+01	2.072065596198610393e+01	2.043280233698633452e+01	2.066961153893356240e+01	2.069616281002874913e+01	2.007768370706459393e+01	2.071649313487006339e+01	2.061744173727763041e+01	2.048806939457525544e+01	2.031176953472440871e+01	2.031673561858672628e+01
1.953097110288301863e+01	1.987417821951813579e+01	2.008974489378282868e+01	1.977690876624127370e+01	2.014853412793848619e+01	1.989056249976558988e+01	2.002986757406384299e+01	1.971793707262477113e+01	1.984861811627490980e+01	1.946027884201874869e+01	2.028523352611097863e+01	2.031109073824994482e+01	1.996287933418021865e+01	1.970565485394317307e+01	2.018379343221173272e+01	1.992670723932594257e+01	1.958112584300951653e+01	2.007978037627559686e+01	2.946031004726983582e+01	1.975863427910763548e+01	1.950819902886223645e+01	1.962630874201742870e+01	1.960709326516178308e+01	2.011043313579338943e+01	1.956525534110542353e+01	1.940774101747228286e+01	1.949033937860770749e+01	2.047164211709760906e+01	2.013687463091665819e+01	2.027027576200166337e+01	1.947273597116766197e+01	1.967954921583878658e+01	2.001115015407138742e+01	1.970435277832473631e+01	1.959417649910884407e+01	2.005483348735235793e+01	1.951416968506576666e+01	1.998150244098794914e+01	1.968149103690825541e+01	1.969572503444010536e+01	1.979740244215899025e+01	1.996607108573379108e+01	2.021231064079691819e+01	2.000425846179883393e+01	1.989141091982672194e+01	1.991499899171031629e+01	2.022463696489307594e+01	1.967199703464014604e+01	2.003709263302168608e+01	2.005269744863801762e+01
1.935547779756188191e+01	2.025387191897203820e+01	2.005960487953502636e+01	1.975712661877958709e+01	1.973699603680088188e+01	1.938995785735165001e+01	2.012474305847899458e+01	1.967811526158113011e+01	2.024831737787935992e+01	1.912538309808687487e+01	2.004672369038971880e+01	1.990551621335143651e+01	1.969851148431042631e+01	1.984667709685186665e+01	2.037420901501480941e+01	1.978413186010039482e+01	1.987298249405861483e+01	1.991280797332946051e+01	1.975863427910763548e+01	2.912597137492259236e+01	1.959231060306437300e+01	1.964104002739399846e+01	1.940709654435426401e+01	1.976176862034192894e+01	1.967307577941920727e+01	1.945513343119739957e+01	1.962514890519411637e+01	2.036062576595348972e+01	2.001148902352167624e+01	2.006629522200880800e+01	1.972121762825728553e+01	1.989716930616125978e+01	1.997581959281847119e+01	1.942642761022611353e+01	1.981629826763377267e+01	1.960504983998200146e+01	1.990148011773443670e+01	1.995385855263346642e+01	2.007183644523766120e+01	1.977767461713825270e+01	2.052940565427054054e+01	1.986001934534780133e+01	2.010739198047639320e+01	1.954879120254066294e+01	1.966392472611997988e+01	1.974889922947793508e+01	1.998852586819593569e+01	1.956394173352813937e+01	1.990883402452082152e+01	1.994493855378384239e+01
1.940402582036000823e+01	1.993439266874160509e+01	1.962283273407917861e+01	1.924703032507138900e+01	1.944659709442808193e+01	1.977063957670193872e+01	2.012111670583695044e+01	1.970204915291785497e+01	2.019999627609056603e+01	1.941595037279546432e+01	2.014891780246579955e+01	1.992863207634317391e+01	1.969813667638357657e+01	1.953872215251494282e+01	2.026516656487809342e+01	1.967088206280903151e+01	1.941684082981393544e+01	1.987189169735901828e+01	1.950819902886223645e+01	1.959231060306437300e+01	2.894775317877369858e+01	1.961981968784779795e+01	1.988273064926731237e+01	1.984506153879699752e+01	1.944892339400506032e+01	1.970538933183395258e+01	1.945377261949688474e+01	1.993031180214536846e+01	1.980334611079442553e+01	2.014131251928291633e+01	1.917467082012535329e+01	1.978965933273376265e+01	1.933541766531349992e+01	1.982656771039558308e+01	1.941395325553558848e+01	1.982996722688297453e+01	1.941345785508525879e+01	1.977905621294203797e+01	1.958703367864081812e+01	1.974770369175474727e+01	1.995339728523091694e+01	1.965780971227626139e+01	2.028087793191112809e+01	1.985991141856084496e+01	1.941845261780639476e+01	1.967015843134867836e+01	1.996656025555694569e+01	1.968601781475128476e+01	2.022369140224882145e+01	2.009072171732671208e+01
1.969795478013451984e+01	2.015683819180530634e+01	1.938995656066735762e+01	1.941815289032694736e+01	1.985746858808631998e+01	1.918390710012618072e+01	1.980512649552214199e+01	1.992396001146452633e+01	1.979394932983148081e+01	1.924104503468860372e+01	2.029996622326827449e+01	1.981280295873762398e+01	1.987144763422960736e+01	1.994045807259626102e+01	2.018931774610416596e+01	2.027233739299360593e+01	1.990172278042853904e+01	2.048301277981082436e+01	1.962630874201742870e+01	1.964104002739399846e+01	1.961981968784779795e+01	3.024772586365432048e+01	1.963620700994513157e+01	2.023029317508003544e+01	1.995748886219917040e+01	1.958845221292433791e+01	1.959386520954855371e+01	2.078723482235727715e+01	1.977265443532208522e+01	1.988253296909133283e+01	1.931749047816682818e+01	2.008835749553177052e+01	1.996843411698014492e+01	1.969312134237390666e+01	1.951055646180171976e+01	2.001255762744711575e+01	1.970686923513448008e+01	1.995570126261418409e+01	1.984562472127739241e+01	1.977981955100574041e+01	2.023960776866761080e+01	2.021921888712863691e+01	2.023693054534424007e+01	1.952223616780536375e+01	2.005202571773777720e+01	2.011025839217809619e+01	1.995105482140242614e+01	1.986243547351770999e+01	2.009908174193728314e+01	1.999657547428426696e+01
1.995080302901937230e+01	2.018772327034965741e+01	1.998877087939127861e+01	1.916398516659855744e+01	1.998664721382110088e+01	1.984733973474796542e+01	2.018034861553141823e+01	1.996971823657699474e+01	2.013850342442328412e+01	1.921139107414443004e+01	1.998893174978279674e+01	1.993393530524776480e+01	1.993076387818765127e+01	2.001659162040256490e+01	1.992391102015838911e+01	2.005162562523671355e+01	1.992989240482746638e+01	1.978898423221437852e+01	1.960709326516178308e+01	1.940709654435426401e+01	1.988273064926731237e+01	1.963620700994513157e+01	2.973612555188207907e+01	1.995826372993569819e+01	1.995545747793851277e+01	1.893661943100187983e+01	1.971639713966245466e+01	2.057132303008739171e+01	2.014251880772938819e+01	2.029596770479027512e+01	1.958479510653118183e+01	1.983670449908980515e+01	1.970140237329852084e+01	1.991041321559147903e+01	1.963453825390453034e+01	1.991471632987498097e+01	1.999349670098893839e+01	1.990720099872816817e+01	1.976670362308029638e+01	1.979272186977530978e+01	2.071870915828480264e+01	1.986586344989602537e+01	2.015327561820772928e+01	2.001297205267690771e+01	1.983760515282894588e+01	2.037257278855792109e+01	2.030358345813278476e+01	1.986969577913496465e+01	2.028226970467746781e+01	2.007923675394418694e+01
1.997184246019282838e+01	2.013831841215804275e+01	2.009829763117533119e+01	1.979013735938921670e+01	2.041265616103314784e+01	1.981149688502715378e+01	2.040309306474655315e+01	2.034440253329103854e+01	2.024647973299353865e+01	1.972003900964258705e+01	2.057134113240577022e+01	2.003729925010105362e+01	2.028914572406965178e+01	2.027907465576513601e+01	2.020965383456672271e+01	2.020428029788455504e+01	2.017644096111482455e+01	2.032017893669376818e+01	2.011043313579338943e+01	1.976176862034192894e+01	1.984506153879699752e+01	2.023029317508003544e+01	1.995826372993569819e+01	3.010214936286627108e+01	2.001603977361707365e+01	1.947199862777883084e+01	1.986907594898852381e+01	2.104571302345574324e+01	2.043263865523650225e+01	2.067518375259952279e+01	2.008664288174843549e+01	2.025082635797632946e+01	2.003192807619574367e+01	2.027389967867267373e+01	1.995602069927922884e+01	2.046240274052400920e+01	2.008631246268140558e+01	2.001389942284200529e+01	2.011220539102485816e+01	2.028816209079891664e+01	2.064671830034048483e+01	2.026437638978385181e+01	2.066446707045847475e+01	2.025597038132759664e+01	2.030837734556383012e+01	2.015010383668698779e+01	2.022462855321705888e+01	1.985985153402987535e+01	2.025072739080904327e+01	1.987725612300169686e+01
1.961626157879573640e+01	2.013326626976632383e+01	1.998600663723830451e+01	1.960321137481431819e+01	1.965334751865156804e+01	1.985202822342563067e+01	2.007974078485253600e+01	1.988494172436950791e+01	1.991234082448279352e+01	1.923678374500906330e+01	2.030992609742464694e+01	2.008489162991867971e+01	2.029293269481072670e+01	1.985435125520646693e+01	2.050237053365298223e+01	2.002399340517883175e+01	2.006053605762996384e+01	2.026981363945555259e+01	1.956525534110542353e+01	1.967307577941920727e+01	1.944892339400506032e+01	1.995748886219917040e+01	1.995545747793851277e+01	2.001603977361707365e+01	2.966780097261142046e+01	1.982439847016868839e+01	1.973496762544257166e+01	2.041795820743687173e+01	1.973327580209823751e+01	2.048874613103764375e+01	1.964687053797485206e+01	2.024633738505925606e+01	2.003046861037564952e+01	1.982628193041646725e+01	1.991575038504301887e+01	2.018167187385255446e+01	1.973169480896792294e+01	1.975447023825518400e+01	1.953379816971657590e+01	1.985208789804266161e+01	2.037639642324520750e+01	2.005104132921949400e+01	2.064298532086064952e+01	1.980261791331580667e+01	2.020794653559188347e+01	2.005072527421006257e+01	2.063685748310318147e+01	1.967083134458469118e+01	2.027514759348987994e+01	2.009135283498668656e+01
1.987981815558623566e+01	1.982506982122908923e+01	1.972750283299895813e+01	1.923465771718169393e+01	1.952345722562942498e+01	1.949285184300676121e+01	1.998149268270427115e+01	1.986271983281483955e+01	1.996611872423517653e+01	1.952402965837673321e+01	1.970551022942719044e+01	1.984155648796050286e+01	1.952699162202046779e+01	1.967853284580167994e+01	1.995035219263105120e+01	1.986138118053597879e+01	1.942851518414782319e+01	2.003509508648346582e+01	1.940774101747228286e+01	1.945513343119739957e+01	1.970538933183395258e+01	1.958845221292433791e+01	1.893661943100187983e+01	1.947199862777883084e+01	1.982439847016868839e+01	2.912683725439877946e+01	1.963656024385217336e+01	2.017306221285877044e+01	1.984278248692080027e+01	2.029310967757276529e+01	1.939160404613895139e+01	1.973234399851133958e+01	1.959254488532339167e+01	1.945247846408216219e+01	1.967247083273559838e+01	1.987182372180740586e+01	1.944147834596391888e+01	1.942064912543003530e+01	1.954247681279099069e+01	1.942077044056834367e+01	1.985754214133612550e+01	1.987505673778512616e+01	2.020035646740624813e+01	1.937978700834501922e+01	1.942675637090979279e+01	2.021436790014483265e+01	1.985309809993455232e+01	1.991771618951110412e+01	1.952356428771053487e+01	1.982652793715243078e+01
1.952876489046262876e+01	2.047491031372232229e+01	1.968592572441906796e+01	1.961444076783215706e+01	1.985152367909182303e+01	1.924702447647210946e+01	2.003420441097965821e+01	1.949626408110202291e+01	2.005349182376145123e+01	1.929664959028390214e+01	1.986362289998674413e+01	2.002546211970370393e+01	1.983844852439617412e+01	1.978691590468894645e+01	2.010946799533193641e+01	1.936951488356658402e+01	1.944599400684139212e+01	2.005296228736704478e+01	1.949033937860770749e+01	1.962514890519411637e+01	1.945377261949688474e+01	1.959386520954855371e+01	1.971639713966245466e+01	1.986907594898852381e+01	1.973496762544257166e+01	1.963656024385217336e+01	2.927750383521048860e+01	2.026717245569818715e+01	1.968426238215871038e+01	2.030137684510760465e+01	1.927879584269339830e+01	2.013616962236474706e+01	1.945670769960988267e+01	1.954725172052774340e+01	1.965797489661979824e+01	1.973889944051600409e+01	1.976317683418351834e+01	1.984074856495954720e+01	1.991117209382153774e+01	1.967020009389273838e+01	2.022662457865967056e+01	2.005825601272194092e+01	2.033565939215536389e+01	1.988518345764400763e+01	1.953194485647916423e+01	1.997615151812403411e+01	2.023917215198847686e+01	1.984100857339252144e+01	1.981110143621775066e+01	1.986002574175529745e+01
2.014156533471117072e+01	2.079696019116652650e+01	2.061183674305790348e+01	2.012034944373471745e+01	2.097264317469993600e+01	2.015788285533658097e+01	2.048032511852688842e+01	2.089965168846414301e+01	2.071448077891176709e+01	1.993724635079048824e+01	2.087277856794310082e+01	2.072241261449152816e+01	2.062592103133355437e+01	2.060849628610319328e+01	2.112714790539991938e+01	2.068752974438799797e+01	2.062940870640048274e+01	2.087257625605696987e+01	2.047164211709760906e+01	2.036062576595348972e+01	1.993031180214536846e+01	2.078723482235727715e+01	2.057132303008739171e+01	2.104571302345574324e+01	2.041795820743687173e+01	2.017306221285877044e+01	2.026717245569818715e+01	3.091595499688443383e+01	2.058248113403342927e+01	2.094079229645460671e+01	2.055630083983016121e+01	2.047534628111063881e+01	2.069047437503644460e+01	2.062659504641051811e+01	2.051263018819599182e+01	2.080566384904369670e+01	2.041521043950385916e+01	2.059251274071433713e+01	2.046852278526284152e+01	2.066581686892218173e+01	2.090214182321110314e+01	2.062947610293007372e+01	2.120995477344182945e+01	2.080177134778026371e+01	2.038570209803666700e+01	2.080792995367361087e+01	2.083687666368304292e+01	2.030193734488820922e+01	2.041733477606522484e+01	2.055666958323146787e+01
1.999115879161518805e+01	2.038757143544333417e+01	1.967505409309542586e+01	2.008193226858815450e+01	1.993226797227001157e+01	1.977920744415553855e+01	2.019732279039077127e+01	2.028370881677355086e+01	2.036594993795405273e+01	1.948712422544883083e+01	2.038621800013525842e+01	2.017675965612360400e+01	1.979330845950904560e+01	1.996007385998973405e+01	2.068035767142218972e+01	2.025557307565842891e+01	2.031231076912425593e+01	2.049588692818294078e+01	2.013687463091665819e+01	2.001148902352167624e+01	1.980334611079442553e+01	1.977265443532208522e+01	2.014251880772938819e+01	2.043263865523650225e+01	1.973327580209823751e+01	1.984278248692080027e+01	1.968426238215871038e+01	2.058248113403342927e+01	3.052837125935526430e+01	2.033879997660527295e+01	1.953800076983534595e+01	1.975175820201793542e+01	2.009688305694266575e+01	1.990326242628734121e+01	2.021551863290516948e+01	2.010414198790818574e+01	1.964940405374036558e+01	2.009974785744663350e+01	2.004562093739201956e+01	1.997222303700621993e+01	2.101773701815493212e+01	2.022361359964847338e+01	2.034341775764066895e+01	2.039297741225362870e+01	1.986232896854017227e+01	2.022554146424914379e+01	2.045464436373422856e+01	2.013374160358017662e+01	2.012295720680081601e+01	2.014612691791311150e+01
2.075594844847866582e+01	2.068723348105708482e+01	2.039508734058519579e+01	1.962647880229383546e+01	2.040370133461371438e+01	1.979997416932476284e+01	2.070105150176866715e+01	2.084856834723500185e+01	2.064178994852177595e+01	1.952169279779625555e+01	2.068241372476905227e+01	2.084663102830424819e+01	2.024183267569071987e+01	2.001467282574419571e+01	2.036652317401811629e+01	2.041435495416014945e+01	2.045881426786089818e+01	2.060106143635070808e+01	2.027027576200166337e+01	2.006629522200880800e+01	2.014131251928291633e+01	1.988253296909133283e+01	2.029596770479027512e+01	2.067518375259952279e+01	2.048874613103764375e+01	2.029310967757276529e+01	2.030137684510760465e+01	2.094079229645460671e+01	2.033879997660527295e+01	3.061883688144153126e+01	2.060805261195235261e+01	2.066926732569181624e+01	2.038808374226361408e+01	2.017886712385091741e+01	2.050905041269430029e+01	2.048566031353549732e+01	2.029396108025995815e+01	2.054067693543177597e+01	2.013071648632380928e+01	1.999298170274340336e+01	2.081038193489690258e+01	2.095012770111509681e+01	2.080327055881584286e+01	2.008867826003233503e+01	2.025792918253114649e+01	2.087168520944674910e+01	2.135541601207290441e+01	2.025260206281042841e+01	2.056675719124892865e+01	2.031695095009260399e+01
1.957503945110723009e+01	1.955714532113459114e+01	1.985893154385827231e+01	1.926713187974637265e+01	2.003983864302913176e+01	1.927496088794501716e+01	1.956749374693628951e+01	1.984237574090721523e+01	1.993743407522661215e+01	1.933344496817804270e+01	1.965674183460207303e+01	2.005904961822029620e+01	1.991763281020787346e+01	1.975849919713869696e+01	1.970759604596061720e+01	1.976152010246519097e+01	1.961411870113727574e+01	1.961752554552106531e+01	1.947273597116766197e+01	1.972121762825728553e+01	1.917467082012535329e+01	1.931749047816682818e+01	1.958479510653118183e+01	2.008664288174843549e+01	1.964687053797485206e+01	1.939160404613895139e+01	1.927879584269339830e+01	2.055630083983016121e+01	1.953800076983534595e+01	2.060805261195235261e+01	2.902705558751588200e+01	1.955528914870347279e+01	1.949713532713269259e+01	1.921229636438186716e+01	1.985391996224193534e+01	1.987409916104700258e+01	1.928871547511401374e+01	1.970963246443594841e+01	1.940787167218349296e+01	1.967438384307430610e+01	2.012105420649668375e+01	1.946062964377843940e+01	2.022797138328609634e+01	1.981180727140351294e+01	1.968614497934480312e+01	2.003230775675509889e+01	2.004982596649454862e+01	1.951461023315171417e+01	1.976903658027827149e+01	2.013761398447091366e+01
1.987098398812454647e+01	1.997508710637382379e+01	2.019293812981021574e+01	1.982955131423066675e+01	1.960800483061872157e+01	1.953639945670796862e+01	2.030014512541744764e+01	1.990632551481004242e+01	1.984883380970565625e+01	1.945434081655296055e+01	2.049463598651788487e+01	1.990776645883352813e+01	1.990999991431501215e+01	2.009460228356251577e+01	1.999554849020914915e+01	1.987653077344110031e+01	1.997439167038637109e+01	2.033296408887071749e+01	1.967954921583878658e+01	1.989716930616125978e+01	1.978965933273376265e+01	2.008835749553177052e+01	1.983670449908980515e+01	2.025082635797632946e+01	2.024633738505925606e+01	1.973234399851133958e+01	2.013616962236474706e+01	2.047534628111063881e+01	1.975175820201793542e+01	2.066926732569181624e+01	1.955528914870347279e+01	2.968243168662954901e+01	1.986756205743646220e+01	1.979809012961114334e+01	1.974526030052151526e+01	1.995375927951526052e+01	1.994718322029179802e+01	2.008783350623948749e+01	1.992782999554303558e+01	2.014913217037068094e+01	2.024865223441467421e+01	2.013298461545183926e+01	1.996421041085415737e+01	2.014731281323584611e+01	2.000483225445260871e+01	2.000506635401361777e+01	2.025318482116779961e+01	1.996890794065881991e+01	2.043606720899575180e+01	2.040468448916181998e+01
