2.894852598848436998e+01	1.876064946247911536e+01	1.921901740046657991e+01	1.941703779257953144e+01	1.957521879723499580e+01	1.939829145418606871e+01	1.963508562565511895e+01	1.988935171149722692e+01	1.930340365606578246e+01	1.941089693617190903e+01	2.007959001897696893e+01	1.902768019950071476e+01	1.892735678492750395e+01	1.898548006169858127e+01	1.959977242675046938e+01	2.032895020627134031e+01	1.884548769247160394e+01	1.946690906831423717e+01	1.937936469618538737e+01	1.939702947556053658e+01	1.996480308889324817e+01	1.925587666193177583e+01	1.885645155618708557e+01	1.873504290729112398e+01	1.939943454023875802e+01	1.984232340367346836e+01	1.940927500394317562e+01	1.965534951744536940e+01	2.005057803129180272e+01	1.958281780319107312e+01	1.865635717086672329e+01	1.952239434930174866e+01	1.972281757104980215e+01	1.920283401002467016e+01	1.994220141990906114e+01	1.972783018269831601e+01	1.933305236141201533e+01	1.920521843707964749e+01	1.944562111592541243e+01	1.973442821618322185e+01	1.975951569264135088e+01	1.941715542091095514e+01	1.997230884190088673e+01	1.962949450057210399e+01	1.892941230968403943e+01	1.934219464805556754e+01	1.977409000976287956e+01	1.991549305427647099e+01	1.928679774347542519e+01	1.994940713799846321e+01
1.876064946247911536e+01	2.769389647985857295e+01	1.894415911933354835e+01	1.909362228350673973e+01	1.937429138327695100e+01	1.898112532343816738e+01	1.912019250449989727e+01	1.906409192893924498e+01	1.867110352077528646e+01	1.950917740430398695e+01	1.958752373099693145e+01	1.896434363802412548e+01	1.882835609294442136e+01	1.878240868330744462e+01	1.901887771256048509e+01	1.939697882183389410e+01	1.862185470009510979e+01	1.896919475722884130e+01	1.875917078552382833e+01	1.919027324918370070e+01	1.923456836977316442e+01	1.889498793127952680e+01	1.862104433419097305e+01	1.802152782087966187e+01	1.924984531209069161e+01	1.956552364081577977e+01	1.899689998617203557e+01	1.920728469619359302e+01	1.953646832431127933e+01	1.904138782954849773e+01	1.863428782565167197e+01	1.893059440482351263e+01	1.922573965152497166e+01	1.927807222281795418e+01	1.917376447132074802e+01	1.911467812074558736e+01	1.933626750406908457e+01	1.890056420602921250e+01	1.921750616512293774e+01	1.898167444675423354e+01	1.889927612157651637e+01	1.892578093938136519e+01	1.978523996913723337e+01	1.910331218029073597e+01	1.853301262285665274e+01	1.888550061356884058e+01	1.949152321898991502e+01	1.933071683023294085e+01	1.891501343266022417e+01	1.965670097699529606e+01
1.921901740046657991e+01	1.894415911933354835e+01	2.930846458503650709e+01	1.978045774440765214e+01	1.980224295650453215e+01	1.970047996873289975e+01	1.968955093291926417e+01	1.945922887980021798e+01	1.927250510305078990e+01	1.986786765057938098e+01	2.051968781365087224e+01	1.969713876172240674e+01	1.977257764450067157e+01	1.952024786626406794e+01	1.997908960755364305e+01	2.037576370754220889e+01	1.901875314758949287e+01	1.985191052206530671e+01	1.938020282847434572e+01	1.960896615596870518e+01	1.979049558971231804e+01	1.976904110645303092e+01	1.914455934546269233e+01	1.894781360806962311e+01	1.967542166816292593e+01	1.999709767016857853e+01	1.993639775255089930e+01	2.014570792182728809e+01	2.037769437277815854e+01	1.956428915743396146e+01	1.933573567115649539e+01	1.939598083029278897e+01	2.015615592758249264e+01	1.987679587973762452e+01	1.981535716578351014e+01	1.982545906523321833e+01	1.968858330353787167e+01	1.941360064843741284e+01	1.972702680811022091e+01	1.952097179177090069e+01	1.972068716762755614e+01	1.972577263977573025e+01	2.024409368441524393e+01	1.996667238556957713e+01	1.909165166254760493e+01	1.943431348892083221e+01	2.006223639907245726e+01	2.023775871893211331e+01	1.950405306236734404e+01	2.052011119979419362e+01
1.941703779257953144e+01	1.909362228350673973e+01	1.978045774440765214e+01	2.997989928653302272e+01	2.005026129167621818e+01	1.992702313079163545e+01	1.981580218970270835e+01	1.980764071714888175e+01	1.964834708572822919e+01	2.052844269675837197e+01	2.048612178244618320e+01	1.984260337895651460e+01	2.000527957126521983e+01	1.978225480797467384e+01	2.021971195931170229e+01	2.056713950089465115e+01	1.935652600196075568e+01	2.028176583060222171e+01	1.960586626364861829e+01	2.005010014445788968e+01	2.023242034406758449e+01	2.005492499857913913e+01	1.895263567021769191e+01	1.904179823315889664e+01	1.974286998395087167e+01	2.072767436060642154e+01	2.029064829167736406e+01	2.022057116948197830e+01	2.041867265944238596e+01	2.009002755294757137e+01	1.971291185579436700e+01	1.956939416054452607e+01	1.993748977051413007e+01	2.005856996804193670e+01	2.033215462922436245e+01	1.963615398622869179e+01	1.963338242385983534e+01	1.958041150450242185e+01	1.981225476356154758e+01	1.999957945616279531e+01	1.981345022220851959e+01	1.996287023587285248e+01	2.018684863953691178e+01	2.022179219069128209e+01	1.940639742519480038e+01	1.987725087485799236e+01	2.013137477155644461e+01	2.000885277018678110e+01	2.003864801182930933e+01	2.038331098757175042e+01
1.957521879723499580e+01	1.937429138327695100e+01	1.980224295650453215e+01	2.005026129167621818e+01	3.030570757368978008e+01	2.008971638561204287e+01	1.993235267206220840e+01	1.986381387490601469e+01	1.932747154671802647e+01	2.076262169335475960e+01	2.028384047485191743e+01	2.004450180022643124e+01	1.996555190839088567e+01	2.027345898618433040e+01	2.022886242291368930e+01	2.096726354759626432e+01	1.940346557017612028e+01	2.033809440130167800e+01	2.012408699094811482e+01	2.000163572462681927e+01	1.985580734963317440e+01	1.970649224070642447e+01	1.958359047555230248e+01	1.930916929526258130e+01	1.985058039624961879e+01	2.030170041806294989e+01	2.041926470000173666e+01	1.996308841146459656e+01	2.043553819468111499e+01	2.004028851484530094e+01	1.941075573463859172e+01	2.003826109742225015e+01	2.020671491866833236e+01	2.020196908513030465e+01	2.009700566685780387e+01	1.979190758429879082e+01	2.006303194152420843e+01	1.965088862576415352e+01	2.016857454258753890e+01	1.975862448767078305e+01	1.979747732597151355e+01	1.981138201432662527e+01	2.037478868006314769e+01	2.037627780833810931e+01	1.978330087782462599e+01	1.974519652781383883e+01	2.042034778003277395e+01	2.011490906408551282e+01	1.957000852282779135e+01	2.058811743876142231e+01
1.939829145418606871e+01	1.898112532343816738e+01	1.970047996873289975e+01	1.992702313079163545e+01	2.008971638561204287e+01	2.932074449126476523e+01	1.983916609232920791e+01	1.996758449405729863e+01	1.955839063910536524e+01	1.979247291378701590e+01	2.026824732253095007e+01	1.986380518875738588e+01	1.969103975454758526e+01	1.929823380903800256e+01	1.968304646220281739e+01	2.060549447729838946e+01	1.932351312443704217e+01	2.025831437668017898e+01	1.973579805873907844e+01	1.994182976709588928e+01	1.993246503583774398e+01	1.971518381977622880e+01	1.907326388338304568e+01	1.885961101119268335e+01	1.981085914745267829e+01	2.044779672146918159e+01	2.045887659932717639e+01	2.023100302357586955e+01	2.041873274520261106e+01	2.001579462922291341e+01	1.915778738000699377e+01	1.977556902610215062e+01	2.004873228638591343e+01	2.006724683317737501e+01	2.035392480905164092e+01	2.002338415111015735e+01	2.019229944450104952e+01	1.979095814109883733e+01	2.013833891573285229e+01	2.009910687078729197e+01	2.009699582689055930e+01	2.012684804405281014e+01	2.056470197524269139e+01	1.989452832151127026e+01	1.945841253545668792e+01	1.964143824143361883e+01	2.032013598085901762e+01	2.025980002736210395e+01	2.000712686295605280e+01	2.058167548049969753e+01
1.963508562565511895e+01	1.912019250449989727e+01	1.968955093291926417e+01	1.981580218970270835e+01	1.993235267206220840e+01	1.983916609232920791e+01	2.907127740221315193e+01	1.980185515210168035e+01	1.945696630478027700e+01	2.049796955799028453e+01	1.998514179899494181e+01	1.920527269177395269e+01	1.975175009605026588e+01	1.934630348677869804e+01	1.981739720458219622e+01	2.013771328424093099e+01	1.933104507549085938e+01	1.956364035112874689e+01	1.967169185035527335e+01	1.983543755888315374e+01	2.011573146295228653e+01	1.980364423234870941e+01	1.934762174456977490e+01	1.921878818490438690e+01	1.969679802094296761e+01	2.019028898661187910e+01	1.958245142017235452e+01	1.985767236498718091e+01	2.041112969828446211e+01	1.982947724400654721e+01	1.965657811291439927e+01	1.989362562996685924e+01	2.019852798771123759e+01	1.975844526462771356e+01	2.031247427713851650e+01	1.974226011469045261e+01	1.995153240192183475e+01	1.928209645995609023e+01	1.987279366019019733e+01	1.994100049173311362e+01	1.981310685364847757e+01	1.945598046959794658e+01	2.028077147031650540e+01	1.990175624822312628e+01	1.922734179122923948e+01	1.988831874375793518e+01	2.011226734892676760e+01	2.036151882340129404e+01	1.977967309346431080e+01	2.040165738059676670e+01
1.988935171149722692e+01	1.906409192893924498e+01	1.945922887980021798e+01	1.980764071714888175e+01	1.986381387490601469e+01	1.996758449405729863e+01	1.980185515210168035e+01	2.931599054793173309e+01	1.927493911369328217e+01	2.039322335839206346e+01	2.031780739378832834e+01	1.961038604831281518e+01	1.963805134563770594e+01	1.966162230921013787e+01	2.019467462017607318e+01	2.058041321443647931e+01	1.898422631069896482e+01	1.963582136906331499e+01	1.929583569115116504e+01	1.974607281961311855e+01	2.012725946458177262e+01	2.000122395318351920e+01	1.905147311745050942e+01	1.891540712783544720e+01	1.975416189014294588e+01	2.006144046176498463e+01	2.011064083760113164e+01	1.988749113876294317e+01	2.045609779012000118e+01	1.975302378931072411e+01	1.931053024841668631e+01	1.986124181434887959e+01	2.018813484432705962e+01	2.006055037030132127e+01	2.021088200111844912e+01	1.941833055412256925e+01	2.014693961523893506e+01	1.933134079610205802e+01	1.977608022476717053e+01	1.966155535563488499e+01	1.985177678470327578e+01	2.002978108758959053e+01	2.004163994887725764e+01	1.971738737022297272e+01	1.957749447002997556e+01	1.948206322128131163e+01	2.021614089192576103e+01	1.988046746034740053e+01	1.934752604116225783e+01	2.004039397815385826e+01
1.930340365606578246e+01	1.867110352077528646e+01	1.927250510305078990e+01	1.964834708572822919e+01	1.932747154671802647e+01	1.955839063910536524e+01	1.945696630478027700e+01	1.927493911369328217e+01	2.896559251002993562e+01	2.058465425019178596e+01	2.002430996613993486e+01	1.940468480298214260e+01	1.942999522111177058e+01	1.930395801809290290e+01	1.973421225069024487e+01	2.039714135458490674e+01	1.879070256412223472e+01	1.956131249246715242e+01	1.957808112052679661e+01	1.920002832823771755e+01	1.988879933500091823e+01	1.941839060631530955e+01	1.874637288316499806e+01	1.893061410066410133e+01	1.965634532501614373e+01	1.993934420315203937e+01	2.014197616571544458e+01	1.947302155303552240e+01	2.021140824710489525e+01	1.956927399215787489e+01	1.908249155096080685e+01	1.976574851521524323e+01	1.951686378322532534e+01	1.944195318247431103e+01	2.018591200967629007e+01	1.972837267562473684e+01	1.954709685396272434e+01	1.959720710708115021e+01	1.944483042974526299e+01	1.948586490929655923e+01	1.963936307666528691e+01	1.951496614349355596e+01	1.975567109676800825e+01	1.950691570213892945e+01	1.867019464676704743e+01	1.934655230376449353e+01	2.004222001957842281e+01	1.960709155425659844e+01	1.920936191073603183e+01	1.992996944063878573e+01
1.941089693617190903e+01	1.950917740430398695e+01	1.986786765057938098e+01	2.052844269675837197e+01	2.076262169335475960e+01	1.979247291378701590e+01	2.049796955799028453e+01	2.039322335839206346e+01	2.058465425019178596e+01	3.074627486488305550e+01	2.116467610513567266e+01	2.024271078913479371e+01	2.022813616481340304e+01	2.003772752200453056e+01	2.026529063130688613e+01	2.091274326868519040e+01	1.956939630179665457e+01	2.026510329041508740e+01	2.027172082101145278e+01	2.001963475205911891e+01	2.064052681722165516e+01	2.063034669026232848e+01	1.897707068004793740e+01	1.967279717649531889e+01	1.972622479495864667e+01	2.038066616004687148e+01	2.032731420211416307e+01	2.018705603921332781e+01	2.067326646166290161e+01	2.010350218538221867e+01	2.012536922560663299e+01	2.019708720560773685e+01	2.028097720455775743e+01	2.007721896128237304e+01	2.044979608383286163e+01	2.029465751482728564e+01	2.002386046236720318e+01	1.954865836900872722e+01	1.981926370021244210e+01	2.014545015378310211e+01	2.018042022879776454e+01	1.990929052308220193e+01	2.064574760540684295e+01	2.042823078873932729e+01	1.983255774311898989e+01	1.986811218663692102e+01	2.066420470439441104e+01	2.035232492351752853e+01	2.019565622791315818e+01	2.031379371790625754e+01
2.007959001897696893e+01	1.958752373099693145e+01	2.051968781365087224e+01	2.048612178244618320e+01	2.028384047485191743e+01	2.026824732253095007e+01	1.998514179899494181e+01	2.031780739378832834e+01	2.002430996613993486e+01	2.116467610513567266e+01	3.077703244975571195e+01	1.981308319775699900e+01	2.024988092562539421e+01	2.026399374746304360e+01	2.059147764981554118e+01	2.059930961835595298e+01	1.950799597684713760e+01	2.075366757835741183e+01	2.032284857131373457e+01	2.052896227332980317e+01	2.062331478777415938e+01	2.050620167036097641e+01	1.917398516536389508e+01	2.007694137607461826e+01	2.023060180564541355e+01	2.038187382838083650e+01	2.074709549427323196e+01	2.121981050842478922e+01	2.038578734821076566e+01	2.032800319536492850e+01	1.958712759135778114e+01	2.000089169093602592e+01	2.051615998905472082e+01	2.050177755145541880e+01	2.052469764320474610e+01	2.061878480903908439e+01	2.028319286081073614e+01	2.000892148020022532e+01	2.048931187289402800e+01	2.031078413604251764e+01	2.032859919600695520e+01	2.019787596234636595e+01	2.081640313591139702e+01	2.029876771078836484e+01	1.979210490550611823e+01	2.016024635419040223e+01	2.095393551613464211e+01	2.064304751380744918e+01	2.043459431818309824e+01	2.104709784570663089e+01
1.902768019950071476e+01	1.896434363802412548e+01	1.969713876172240674e+01	1.984260337895651460e+01	2.004450180022643124e+01	1.986380518875738588e+01	1.920527269177395269e+01	1.961038604831281518e+01	1.940468480298214260e+01	2.024271078913479371e+01	1.981308319775699900e+01	2.974607483202953873e+01	1.975334056778773117e+01	1.964954862759529419e+01	1.982533346800844853e+01	2.062244407249667688e+01	1.931420115617235211e+01	2.010029503207302781e+01	1.976497817392123579e+01	1.978457271139687279e+01	2.027311070846747754e+01	1.993562685498944020e+01	1.954097419844646666e+01	1.919905111975826628e+01	1.968190635054742188e+01	2.034854600075618691e+01	2.008296393827075121e+01	1.983133711470404137e+01	2.038038011935251603e+01	1.991364118225726187e+01	1.903108847011471028e+01	1.961647982320193151e+01	1.968692254654324714e+01	2.002052288761642629e+01	2.011434517063139893e+01	1.960447496513625509e+01	1.990391139092304229e+01	1.938884246672644096e+01	2.017566423791850738e+01	1.969813934077403772e+01	1.940938620257172431e+01	1.979374176981264100e+01	2.013966603893758034e+01	2.026704446277335236e+01	1.957533008882716175e+01	1.968544885899355279e+01	2.026905786397797371e+01	2.044489316642315657e+01	1.962647494284671978e+01	2.051365588557634823e+01
1.892735678492750395e+01	1.882835609294442136e+01	1.977257764450067157e+01	2.000527957126521983e+01	1.996555190839088567e+01	1.969103975454758526e+01	1.975175009605026588e+01	1.963805134563770594e+01	1.942999522111177058e+01	2.022813616481340304e+01	2.024988092562539421e+01	1.975334056778773117e+01	2.909599511183957432e+01	1.930701678001102195e+01	1.953318822624713746e+01	2.077009841080454677e+01	1.930193027351984725e+01	2.003086776045211792e+01	1.961003821560357707e+01	1.919696302734438831e+01	1.982661943016190165e+01	2.006789368492043124e+01	1.911775981846204786e+01	1.873460418892799240e+01	1.953571363957884088e+01	2.039848448682656112e+01	2.005869608646127844e+01	1.987323019316625761e+01	2.040320425051897857e+01	2.000823194400967964e+01	1.917206179080250550e+01	1.949131791865654506e+01	1.976902373370336363e+01	1.993438953533182811e+01	2.029939858000708242e+01	1.984711411465864117e+01	1.969121924195166429e+01	1.918388076694978395e+01	1.965149577951406101e+01	1.973162576695156645e+01	1.982959664285457180e+01	1.975822262160027165e+01	2.031764277318215761e+01	2.000658163243245014e+01	1.957264301707414589e+01	1.984277295234616290e+01	1.992489056248495416e+01	2.002510059765440786e+01	1.924489444731210241e+01	2.027342080980854533e+01
1.898548006169858127e+01	1.878240868330744462e+01	1.952024786626406794e+01	1.978225480797467384e+01	2.027345898618433040e+01	1.929823380903800256e+01	1.934630348677869804e+01	1.966162230921013787e+01	1.930395801809290290e+01	2.003772752200453056e+01	2.026399374746304360e+01	1.964954862759529419e+01	1.930701678001102195e+01	2.914244141455464998e+01	1.995041575396952638e+01	2.023417008598930167e+01	1.897030968126905037e+01	1.978199373761347601e+01	1.920963017193237476e+01	1.953367989352072343e+01	2.001845610499197647e+01	1.946192742011615096e+01	1.875010864192191562e+01	1.859174448203737740e+01	1.967465153519706078e+01	1.974134299346633625e+01	1.985373618646598359e+01	1.938357133401828492e+01	2.030778413062980192e+01	1.973919608575613438e+01	1.885732053649159567e+01	1.968961078661842734e+01	1.943274979851451434e+01	2.002545779477073751e+01	1.985231045728653143e+01	1.937517031190919781e+01	1.959228302330508242e+01	1.919965736957538383e+01	1.950027896146112738e+01	1.985313616009883120e+01	1.964648932528605840e+01	1.966420893850777318e+01	2.014256232367211297e+01	1.991623332422724246e+01	1.939001004686870289e+01	1.928078280818179380e+01	2.001116998605726494e+01	1.970490451128303278e+01	1.980324042305646159e+01	1.978192620408486846e+01
1.959977242675046938e+01	1.901887771256048509e+01	1.997908960755364305e+01	2.021971195931170229e+01	2.022886242291368930e+01	1.968304646220281739e+01	1.981739720458219622e+01	2.019467462017607318e+01	1.973421225069024487e+01	2.026529063130688613e+01	2.059147764981554118e+01	1.982533346800844853e+01	1.953318822624713746e+01	1.995041575396952638e+01	2.962138599786868198e+01	2.046120984827066636e+01	1.928429851704966680e+01	1.972997556834727462e+01	1.980837700293255210e+01	2.005381586214010170e+01	2.050216288540678278e+01	1.990905814830589549e+01	1.887364888992364698e+01	1.913735248551344981e+01	1.987994344456182461e+01	1.998080027749941934e+01	2.029158586154115440e+01	2.041901321176663942e+01	2.069219631213674049e+01	2.015290352413394714e+01	1.961978727103467790e+01	2.014247411815332001e+01	2.021220440069981450e+01	1.990177203566724273e+01	2.012508936890853306e+01	1.968078126814203799e+01	1.998614592801314771e+01	1.982001712660445847e+01	1.980795793675835981e+01	2.004500257102077754e+01	1.974717539205854067e+01	2.001525805846707229e+01	1.993995634274122963e+01	2.046386762797587267e+01	1.922963261777592692e+01	1.984506906060283526e+01	1.994688226995885572e+01	2.008508113953498864e+01	1.983884081923217835e+01	2.037432518328282427e+01
2.032895020627134031e+01	1.939697882183389410e+01	2.037576370754220889e+01	2.056713950089465115e+01	2.096726354759626432e+01	2.060549447729838946e+01	2.013771328424093099e+01	2.058041321443647931e+01	2.039714135458490674e+01	2.091274326868519040e+01	2.059930961835595298e+01	2.062244407249667688e+01	2.077009841080454677e+01	2.023417008598930167e+01	2.046120984827066636e+01	3.077093697073726730e+01	1.959929137503446483e+01	2.080617631027301329e+01	2.048207675141048512e+01	2.011471760723511437e+01	2.070942789805850737e+01	2.054760393769594273e+01	1.957831279110428468e+01	1.967264205329350091e+01	2.066551741598974345e+01	2.091937248575619179e+01	2.063418989030081008e+01	2.070971929744428053e+01	2.077880788383982846e+01	2.083516200049256639e+01	1.966393736619711774e+01	2.000593644498363233e+01	2.063909948461428812e+01	2.040487604752567918e+01	2.072130698946140726e+01	2.045784114129716258e+01	2.093579875776175570e+01	2.020582919741474370e+01	2.094438433140210520e+01	2.036475594421659352e+01	2.111482485093180372e+01	2.067416418083304563e+01	2.126233655584300308e+01	2.058771828903960710e+01	2.010332258301852804e+01	2.038317397966613242e+01	2.108172283176842399e+01	2.067691665033668613e+01	2.002262164486267082e+01	2.079686930647044107e+01
1.884548769247160394e+01	1.862185470009510979e+01	1.901875314758949287e+01	1.935652600196075568e+01	1.940346557017612028e+01	1.932351312443704217e+01	1.933104507549085938e+01	1.898422631069896482e+01	1.879070256412223472e+01	1.956939630179665457e+01	1.950799597684713760e+01	1.931420115617235211e+01	1.930193027351984725e+01	1.897030968126905037e+01	1.928429851704966680e+01	1.959929137503446483e+01	2.796475444701561841e+01	1.926109091759646219e+01	1.922679198599815820e+01	1.922407633539534189e+01	1.911332161161063325e+01	1.886826584525381278e+01	1.856800365526953911e+01	1.851038764188572117e+01	1.918253124196758819e+01	1.950877369210240175e+01	1.921711159631388099e+01	1.921840740936283254e+01	2.003212875062759224e+01	1.953884306909457536e+01	1.884119134468176071e+01	1.911900814531571413e+01	1.942969902423579498e+01	1.914901891880884222e+01	1.975218314607266379e+01	1.932954831538524587e+01	1.922912189441948527e+01	1.922649472328936326e+01	1.939570387217188596e+01	1.976435634178650602e+01	1.935312943874444969e+01	1.910864208091182803e+01	1.991452774000255843e+01	1.951773154725792736e+01	1.915573231727953285e+01	1.883235442146916938e+01	1.984017434292031012e+01	1.940168780961946382e+01	1.896450925122895725e+01	1.994720019619896334e+01
1.946690906831423717e+01	1.896919475722884130e+01	1.985191052206530671e+01	2.028176583060222171e+01	2.033809440130167800e+01	2.025831437668017898e+01	1.956364035112874689e+01	1.963582136906331499e+01	1.956131249246715242e+01	2.026510329041508740e+01	2.075366757835741183e+01	2.010029503207302781e+01	2.003086776045211792e+01	1.978199373761347601e+01	1.972997556834727462e+01	2.080617631027301329e+01	1.926109091759646219e+01	3.004934966556330522e+01	1.961715656626900994e+01	2.000606967433845185e+01	2.060540955024532295e+01	2.023003580899393583e+01	1.941533401018050142e+01	1.903904746156893779e+01	2.035664609290382998e+01	2.078569605233759887e+01	2.034390051682009926e+01	2.016071508875537077e+01	2.068957688322141308e+01	2.010565196278687239e+01	1.972860687694024762e+01	1.939693209816611130e+01	2.041324337231568364e+01	1.995957333839036352e+01	2.066012005061818968e+01	2.050186011918417606e+01	2.016602204007625332e+01	1.966177673408389737e+01	2.046468085298693040e+01	1.989812516055611979e+01	1.993306679958182315e+01	2.028610834403076879e+01	2.030272215745230469e+01	2.043200299383059360e+01	1.956801695680800535e+01	1.981391848925450816e+01	2.067085989416997194e+01	2.007969470012390545e+01	1.945996174349362562e+01	2.077460736657333484e+01
1.937936469618538737e+01	1.875917078552382833e+01	1.938020282847434572e+01	1.960586626364861829e+01	2.012408699094811482e+01	1.973579805873907844e+01	1.967169185035527335e+01	1.929583569115116504e+01	1.957808112052679661e+01	2.027172082101145278e+01	2.032284857131373457e+01	1.976497817392123579e+01	1.961003821560357707e+01	1.920963017193237476e+01	1.980837700293255210e+01	2.048207675141048512e+01	1.922679198599815820e+01	1.961715656626900994e+01	2.915775015751436428e+01	1.973064664207493735e+01	2.014633602305818627e+01	1.970122278911019365e+01	1.885537248639950292e+01	1.906012525145871095e+01	1.953104331239334002e+01	2.015074051582228876e+01	1.985373223692925038e+01	2.030995540389412213e+01	2.051686521081424885e+01	1.984956416004243707e+01	1.934939640640501679e+01	1.989422059036029822e+01	1.992215091940371252e+01	2.002900934228503260e+01	2.017075451147310972e+01	1.989795716920635726e+01	1.985830227990168595e+01	1.962230715921797142e+01	1.960836199277490977e+01	1.994733847623260203e+01	1.970201525010801191e+01	1.988241978131835452e+01	2.062116080297278486e+01	2.021604767901652622e+01	1.945103520259161201e+01	1.946310974284136108e+01	1.989843771142225393e+01	1.972812372986224361e+01	1.951656260534337051e+01	2.057914022483997840e+01
1.939702947556053658e+01	1.919027324918370070e+01	1.960896615596870518e+01	2.005010014445788968e+01	2.000163572462681927e+01	1.994182976709588928e+01	1.983543755888315374e+01	1.974607281961311855e+01	1.920002832823771755e+01	2.001963475205911891e+01	2.052896227332980317e+01	1.978457271139687279e+01	1.919696302734438831e+01	1.953367989352072343e+01	2.005381586214010170e+01	2.011471760723511437e+01	1.922407633539534189e+01	2.000606967433845185e+01	1.973064664207493735e+01	2.953728567308123587e+01	2.024499415504430999e+01	2.003533835047176481e+01	1.918960136371169867e+01	1.884378529999078111e+01	1.987891381355267129e+01	2.044460028063885204e+01	1.996952170997150589e+01	2.033484321709086018e+01	2.023753881848140068e+01	1.998763720398099863e+01	1.960679552237434820e+01	1.969293983211203880e+01	1.994688670086295090e+01	1.986035239349815384e+01	2.006495090812269666e+01	1.981409355240128889e+01	1.978065502732178160e+01	1.959693351148806428e+01	1.986582603336412589e+01	1.996295938659360658e+01	2.016386071448242134e+01	1.982475985624317616e+01	2.016387449875010773e+01	2.018880443137614833e+01	1.937850906478496071e+01	1.951491620321265685e+01	2.043378195514286233e+01	2.022240754564950294e+01	1.992284150117216512e+01	2.021208868514571932e+01
1.996480308889324817e+01	1.923456836977316442e+01	1.979049558971231804e+01	2.023242034406758449e+01	1.985580734963317440e+01	1.993246503583774398e+01	2.011573146295228653e+01	2.012725946458177262e+01	1.988879933500091823e+01	2.064052681722165516e+01	2.062331478777415938e+01	2.027311070846747754e+01	1.982661943016190165e+01	2.001845610499197647e+01	2.050216288540678278e+01	2.070942789805850737e+01	1.911332161161063325e+01	2.060540955024532295e+01	2.014633602305818627e+01	2.024499415504430999e+01	3.011597052466779445e+01	2.011922946307889148e+01	1.910384022980190721e+01	1.926281882705489679e+01	1.995243279498521360e+01	2.043718119752664464e+01	2.003944453263290271e+01	2.029226406265803817e+01	2.096736240858916744e+01	2.021368034182996354e+01	1.935153679802151316e+01	1.995012165380103397e+01	1.994823212694306491e+01	2.037219151934746009e+01	2.046267255781187799e+01	2.018533275339897770e+01	1.998009759223021575e+01	1.938114929860916291e+01	1.986443376562188234e+01	2.032566289547463612e+01	2.023974548729520606e+01	2.007606775012325784e+01	2.057475762824469356e+01	2.059346159440847401e+01	1.963676647018968779e+01	1.995647552132455615e+01	2.032918010199754022e+01	2.028933554467666767e+01	1.991743629139627103e+01	2.088012648059469001e+01
1.925587666193177583e+01	1.889498793127952680e+01	1.976904110645303092e+01	2.005492499857913913e+01	1.970649224070642447e+01	1.971518381977622880e+01	1.980364423234870941e+01	2.000122395318351920e+01	1.941839060631530955e+01	2.063034669026232848e+01	2.050620167036097641e+01	1.993562685498944020e+01	2.006789368492043124e+01	1.946192742011615096e+01	1.990905814830589549e+01	2.054760393769594273e+01	1.886826584525381278e+01	2.023003580899393583e+01	1.970122278911019365e+01	2.003533835047176481e+01	2.011922946307889148e+01	2.988615131925855550e+01	1.925527049113785694e+01	1.877480308671799847e+01	2.003714287927100202e+01	2.061346255646390802e+01	1.964677986653195418e+01	2.014151379151503107e+01	2.035867248881525882e+01	1.989196312139953093e+01	1.975272157502975290e+01	1.978618954370539029e+01	1.986421108178875983e+01	1.989684844500955663e+01	1.995762733235747177e+01	1.994365045028676775e+01	2.013827762236865837e+01	1.946156015040567411e+01	1.999460573806310038e+01	1.995294300294844447e+01	2.015507047407859886e+01	1.967943444159583777e+01	2.013692672711576037e+01	1.977035570517543661e+01	1.984751872890963398e+01	1.979300996927640810e+01	2.014666398681100290e+01	2.002504714145402076e+01	1.971205059229885492e+01	2.095705836717228010e+01
1.885645155618708557e+01	1.862104433419097305e+01	1.914455934546269233e+01	1.895263567021769191e+01	1.958359047555230248e+01	1.907326388338304568e+01	1.934762174456977490e+01	1.905147311745050942e+01	1.874637288316499806e+01	1.897707068004793740e+01	1.917398516536389508e+01	1.954097419844646666e+01	1.911775981846204786e+01	1.875010864192191562e+01	1.887364888992364698e+01	1.957831279110428468e+01	1.856800365526953911e+01	1.941533401018050142e+01	1.885537248639950292e+01	1.918960136371169867e+01	1.910384022980190721e+01	1.925527049113785694e+01	2.834545414386596107e+01	1.833956761426512116e+01	1.913338830271585422e+01	1.979518011495317609e+01	1.952851362797209234e+01	1.938683765789455293e+01	1.996798765476960469e+01	1.888302697363699068e+01	1.852621716579280076e+01	1.892972409530840849e+01	1.936213386416960347e+01	1.932288613783692099e+01	1.947651591324087761e+01	1.883431403021457484e+01	1.938716229793636714e+01	1.897024277355389188e+01	1.934289856884529257e+01	1.931154034024126886e+01	1.926157245711293342e+01	1.921305869740834638e+01	1.960337583598354527e+01	1.943094016425566295e+01	1.860341727867110606e+01	1.883544068133662464e+01	1.964097482863875754e+01	1.921608589019453817e+01	1.889168586621654100e+01	1.990776563319015224e+01
1.873504290729112398e+01	1.802152782087966187e+01	1.894781360806962311e+01	1.904179823315889664e+01	1.930916929526258130e+01	1.885961101119268335e+01	1.921878818490438690e+01	1.891540712783544720e+01	1.893061410066410133e+01	1.967279717649531889e+01	2.007694137607461826e+01	1.919905111975826628e+01	1.873460418892799240e+01	1.859174448203737740e+01	1.913735248551344981e+01	1.967264205329350091e+01	1.851038764188572117e+01	1.903904746156893779e+01	1.906012525145871095e+01	1.884378529999078111e+01	1.926281882705489679e+01	1.877480308671799847e+01	1.833956761426512116e+01	2.806000109230260264e+01	1.929636796900383544e+01	1.937555604949277566e+01	1.914988008400079167e+01	1.932883514235926015e+01	1.982284598966219846e+01	1.885225356744862069e+01	1.871967531333947221e+01	1.914295827101370762e+01	1.929090464143169470e+01	1.897540568453833387e+01	1.914292900217919424e+01	1.900341848844219683e+01	1.904498576050853131e+01	1.885131010489157433e+01	1.933888796129197729e+01	1.918946247920134951e+01	1.901021080851498013e+01	1.894528497241378773e+01	1.955479322185479774e+01	1.938337206068790408e+01	1.816004912023091933e+01	1.852986072474328338e+01	1.952903862375046273e+01	1.919678588498463156e+01	1.857224325823061761e+01	1.973762876535660737e+01
1.939943454023875802e+01	1.924984531209069161e+01	1.967542166816292593e+01	1.974286998395087167e+01	1.985058039624961879e+01	1.981085914745267829e+01	1.969679802094296761e+01	1.975416189014294588e+01	1.965634532501614373e+01	1.972622479495864667e+01	2.023060180564541355e+01	1.968190635054742188e+01	1.953571363957884088e+01	1.967465153519706078e+01	1.987994344456182461e+01	2.066551741598974345e+01	1.918253124196758819e+01	2.035664609290382998e+01	1.953104331239334002e+01	1.987891381355267129e+01	1.995243279498521360e+01	2.003714287927100202e+01	1.913338830271585422e+01	1.929636796900383544e+01	2.961500301489252251e+01	2.031277877893174022e+01	2.015491330205286147e+01	1.968044456434505207e+01	2.005237431367540779e+01	1.971799873469451825e+01	1.983640811346827348e+01	1.950685299108460669e+01	1.996090525494665968e+01	1.984529773587619061e+01	2.029069145121349393e+01	2.005289652786109400e+01	1.977832032536150564e+01	1.942717002040538432e+01	1.977402984891609705e+01	1.970879217725557098e+01	2.003243420745582526e+01	1.983158005300031235e+01	2.053348086814884965e+01	2.030487842082976613e+01	1.930330871081840272e+01	1.907483302334909681e+01	2.029619299380461328e+01	2.001135825507042654e+01	2.003920767874355491e+01	2.043113064999339556e+01
1.984232340367346836e+01	1.956552364081577977e+01	1.999709767016857853e+01	2.072767436060642154e+01	2.030170041806294989e+01	2.044779672146918159e+01	2.019028898661187910e+01	2.006144046176498463e+01	1.993934420315203937e+01	2.038066616004687148e+01	2.038187382838083650e+01	2.034854600075618691e+01	2.039848448682656112e+01	1.974134299346633625e+01	1.998080027749941934e+01	2.091937248575619179e+01	1.950877369210240175e+01	2.078569605233759887e+01	2.015074051582228876e+01	2.044460028063885204e+01	2.043718119752664464e+01	2.061346255646390802e+01	1.979518011495317609e+01	1.937555604949277566e+01	2.031277877893174022e+01	3.089395640032951107e+01	2.052895715168849122e+01	2.026124732188437605e+01	2.092397594206580536e+01	2.044961821101249555e+01	1.970203159276221427e+01	2.029429227650703993e+01	2.055945988119290391e+01	2.047243877972350390e+01	2.093968506448716482e+01	2.063568649476459882e+01	2.052545413529057328e+01	2.013929082272934679e+01	2.044679566183160802e+01	2.034066064690919617e+01	2.034626105657288875e+01	2.022809063883770975e+01	2.063893138658385951e+01	2.097506060988912679e+01	2.004142088149903600e+01	1.987552154508500379e+01	2.048802777437527212e+01	2.066185945921969846e+01	1.997504409574214534e+01	2.069885937364313477e+01
1.940927500394317562e+01	1.899689998617203557e+01	1.993639775255089930e+01	2.029064829167736406e+01	2.041926470000173666e+01	2.045887659932717639e+01	1.958245142017235452e+01	2.011064083760113164e+01	2.014197616571544458e+01	2.032731420211416307e+01	2.074709549427323196e+01	2.008296393827075121e+01	2.005869608646127844e+01	1.985373618646598359e+01	2.029158586154115440e+01	2.063418989030081008e+01	1.921711159631388099e+01	2.034390051682009926e+01	1.985373223692925038e+01	1.996952170997150589e+01	2.003944453263290271e+01	1.964677986653195418e+01	1.952851362797209234e+01	1.914988008400079167e+01	2.015491330205286147e+01	2.052895715168849122e+01	3.029943057966042730e+01	2.049324886922783406e+01	2.049861586911408295e+01	1.948423406553528991e+01	1.987327218480208302e+01	2.001668595854464172e+01	2.085361411564188217e+01	2.005848105480697185e+01	2.026698190016965739e+01	2.028452070144797403e+01	2.006156975391992603e+01	1.997497269623634963e+01	2.031894559781103737e+01	2.009182288095507474e+01	2.013748950253719983e+01	2.054384574786672601e+01	2.052995699948030150e+01	2.058666431677755781e+01	1.965860930560797826e+01	1.993088075061838182e+01	1.998660391450514240e+01	2.039621556675909630e+01	1.993977789142438795e+01	2.077296223070804970e+01
1.965534951744536940e+01	1.920728469619359302e+01	2.014570792182728809e+01	2.022057116948197830e+01	1.996308841146459656e+01	2.023100302357586955e+01	1.985767236498718091e+01	1.988749113876294317e+01	1.947302155303552240e+01	2.018705603921332781e+01	2.121981050842478922e+01	1.983133711470404137e+01	1.987323019316625761e+01	1.938357133401828492e+01	2.041901321176663942e+01	2.070971929744428053e+01	1.921840740936283254e+01	2.016071508875537077e+01	2.030995540389412213e+01	2.033484321709086018e+01	2.029226406265803817e+01	2.014151379151503107e+01	1.938683765789455293e+01	1.932883514235926015e+01	1.968044456434505207e+01	2.026124732188437605e+01	2.049324886922783406e+01	3.011589847048213997e+01	2.043910276755962130e+01	1.994691085310240197e+01	1.966251698875805332e+01	1.993700707001736916e+01	2.037727691708483491e+01	2.017541153317439750e+01	2.067784319020996620e+01	2.004596616092296557e+01	2.062710590383651521e+01	1.984174889068134107e+01	2.037336729434709426e+01	2.032946163583547516e+01	2.004474441047707600e+01	2.009570037290128752e+01	2.039703805230140432e+01	2.034415243268254514e+01	1.971785770999166587e+01	1.997285789630333142e+01	2.029295906945306527e+01	2.018766560717276803e+01	1.992187309778599058e+01	2.093071766518195176e+01
2.005057803129180272e+01	1.953646832431127933e+01	2.037769437277815854e+01	2.041867265944238596e+01	2.043553819468111499e+01	2.041873274520261106e+01	2.041112969828446211e+01	2.045609779012000118e+01	2.021140824710489525e+01	2.067326646166290161e+01	2.038578734821076566e+01	2.038038011935251603e+01	2.040320425051897857e+01	2.030778413062980192e+01	2.069219631213674049e+01	2.077880788383982846e+01	2.003212875062759224e+01	2.068957688322141308e+01	2.051686521081424885e+01	2.023753881848140068e+01	2.096736240858916744e+01	2.035867248881525882e+01	1.996798765476960469e+01	1.982284598966219846e+01	2.005237431367540779e+01	2.092397594206580536e+01	2.049861586911408295e+01	2.043910276755962130e+01	3.076500308975629139e+01	2.063755284465790041e+01	1.950024257876328448e+01	2.026676139361278572e+01	2.033189502357398126e+01	2.066899630879563432e+01	2.068682525926603688e+01	2.066978784061753416e+01	2.055639297139347121e+01	2.014965125855690431e+01	2.031792425527042312e+01	2.032838817979268953e+01	2.049347451554925215e+01	2.047284812532162945e+01	2.098715563803680695e+01	2.061720595469992645e+01	2.010548870697335744e+01	2.043547730574542598e+01	2.089805924838362117e+01	2.070613866540816161e+01	1.965926154782321333e+01	2.098553684699441035e+01
1.958281780319107312e+01	1.904138782954849773e+01	1.956428915743396146e+01	2.009002755294757137e+01	2.004028851484530094e+01	2.001579462922291341e+01	1.982947724400654721e+01	1.975302378931072411e+01	1.956927399215787489e+01	2.010350218538221867e+01	2.032800319536492850e+01	1.991364118225726187e+01	2.000823194400967964e+01	1.973919608575613438e+01	2.015290352413394714e+01	2.083516200049256639e+01	1.953884306909457536e+01	2.010565196278687239e+01	1.984956416004243707e+01	1.998763720398099863e+01	2.021368034182996354e+01	1.989196312139953093e+01	1.888302697363699068e+01	1.885225356744862069e+01	1.971799873469451825e+01	2.044961821101249555e+01	1.948423406553528991e+01	1.994691085310240197e+01	2.063755284465790041e+01	2.959520819909265654e+01	1.960246700506836248e+01	2.012898975878208319e+01	2.017358218640664802e+01	2.012277482490205571e+01	2.006569108948577451e+01	1.970776937201602053e+01	1.990624309941885883e+01	1.942736809749130344e+01	1.989479893031141700e+01	1.947831734930452185e+01	1.966818890544162812e+01	1.976294269621015687e+01	2.008588154006410775e+01	2.050910323413013003e+01	1.944188502899502069e+01	1.958543796934324988e+01	2.024985705965837823e+01	2.008790053441250123e+01	1.962277134865880157e+01	2.048415812220785881e+01
1.865635717086672329e+01	1.863428782565167197e+01	1.933573567115649539e+01	1.971291185579436700e+01	1.941075573463859172e+01	1.915778738000699377e+01	1.965657811291439927e+01	1.931053024841668631e+01	1.908249155096080685e+01	2.012536922560663299e+01	1.958712759135778114e+01	1.903108847011471028e+01	1.917206179080250550e+01	1.885732053649159567e+01	1.961978727103467790e+01	1.966393736619711774e+01	1.884119134468176071e+01	1.972860687694024762e+01	1.934939640640501679e+01	1.960679552237434820e+01	1.935153679802151316e+01	1.975272157502975290e+01	1.852621716579280076e+01	1.871967531333947221e+01	1.983640811346827348e+01	1.970203159276221427e+01	1.987327218480208302e+01	1.966251698875805332e+01	1.950024257876328448e+01	1.960246700506836248e+01	2.836813536001654512e+01	1.944711369479721697e+01	1.928610794059463984e+01	1.969808053065314013e+01	1.980028297009589622e+01	1.934115357176018790e+01	1.944730689615794006e+01	1.907939559877171831e+01	1.921201511342430734e+01	1.939477361523009691e+01	1.923338070225377194e+01	1.956249245093439271e+01	1.973866735972417530e+01	1.963313477141035790e+01	1.898708982052895067e+01	1.933003440738541201e+01	1.974780071737509246e+01	1.956108032526422491e+01	1.924827050103004922e+01	1.998885236378102448e+01
1.952239434930174866e+01	1.893059440482351263e+01	1.939598083029278897e+01	1.956939416054452607e+01	2.003826109742225015e+01	1.977556902610215062e+01	1.989362562996685924e+01	1.986124181434887959e+01	1.976574851521524323e+01	2.019708720560773685e+01	2.000089169093602592e+01	1.961647982320193151e+01	1.949131791865654506e+01	1.968961078661842734e+01	2.014247411815332001e+01	2.000593644498363233e+01	1.911900814531571413e+01	1.939693209816611130e+01	1.989422059036029822e+01	1.969293983211203880e+01	1.995012165380103397e+01	1.978618954370539029e+01	1.892972409530840849e+01	1.914295827101370762e+01	1.950685299108460669e+01	2.029429227650703993e+01	2.001668595854464172e+01	1.993700707001736916e+01	2.026676139361278572e+01	2.012898975878208319e+01	1.944711369479721697e+01	2.944546611465573704e+01	1.970284723657337622e+01	1.979847030778861594e+01	2.001038336583741639e+01	1.984953884635589105e+01	1.989205754173131879e+01	1.946074932771943011e+01	1.992142914153808775e+01	1.993742544028064501e+01	1.990495582894791582e+01	1.950268389957673421e+01	2.036817151625342248e+01	1.979817950980483232e+01	1.946466896477896213e+01	1.970456013674685991e+01	2.058342875666222938e+01	2.029079435775793883e+01	1.978301221458348280e+01	2.028808645530773802e+01
