2.970313115596129805e+01	1.970250516976819810e+01	2.048312515974851422e+01	1.922075634951653811e+01	1.967160927275766369e+01	2.048342347867431457e+01	2.058362236253896427e+01	2.011359760918194794e+01	2.014625073800346300e+01	1.996801704693738699e+01	1.924308626208088313e+01	2.015378050314897251e+01	1.990883731532718670e+01	1.967750322448195277e+01	1.951760252865213729e+01	2.037104240012713774e+01	1.974124434433376152e+01	2.006208947865424008e+01	1.982536379761326728e+01	2.036223745366187288e+01	1.994676131965836774e+01	1.996719926435969228e+01	2.008269800338763034e+01	2.019320077844051298e+01	2.032802378369846963e+01	1.975683026200821146e+01	2.006587408655234483e+01	2.030964242024367294e+01	1.979359079663465337e+01	2.014335239502034369e+01	1.981861623935049010e+01	1.991137516935267726e+01	1.978718811146464063e+01	2.044133879992820724e+01	2.029740873795178047e+01	2.033139708444998917e+01	2.036951071337974639e+01	2.017885077527384041e+01	1.996048885400697515e+01	2.017927118000033815e+01	2.009800982987547258e+01	2.027208266539008008e+01	2.004076492844653856e+01	2.012747628244333953e+01	2.034662288496273064e+01	2.128726328827106329e+01	2.036149521511704208e+01	1.969961604770763230e+01	2.019587401921882730e+01	1.977908515391634836e+01
1.970250516976819810e+01	2.922403129338474415e+01	1.989080072856286208e+01	1.916312632503218438e+01	1.964988706038006328e+01	1.974632840743688789e+01	2.002776272876907981e+01	1.925030468876906653e+01	1.937089614264774440e+01	1.965362016584915850e+01	1.935422258131591278e+01	1.929686471579054086e+01	2.034758438418981896e+01	1.951853457446589601e+01	1.884100760890905235e+01	1.977418094950387228e+01	1.983425036305115086e+01	1.982941184187674466e+01	1.927013209070776156e+01	2.021710292276499032e+01	1.958293399501843624e+01	1.928677611875672326e+01	1.941674937451038829e+01	2.001310792413315554e+01	1.939011534919973201e+01	1.976038585124253544e+01	1.977681650501319766e+01	1.969243457560238397e+01	1.937452688369946330e+01	1.963742705199175020e+01	1.973869216708349583e+01	1.961898120690659297e+01	1.934522124967370260e+01	1.977874916597524901e+01	2.002639689722781213e+01	1.957194024201715976e+01	1.994756026043210539e+01	1.979983234360820532e+01	1.892675145583240237e+01	1.985817330551113002e+01	1.954760177208510541e+01	1.998206358596499754e+01	1.992941334032855849e+01	1.969676772354450378e+01	1.962539725277133584e+01	2.043914570817277365e+01	1.939046790506073492e+01	1.939764916934933936e+01	1.977051589281925459e+01	1.940427488378101017e+01
2.048312515974851422e+01	1.989080072856286208e+01	3.021486760627323420e+01	1.948329025661406533e+01	1.977802505066760830e+01	2.023619307646239207e+01	2.034902029961019565e+01	2.002165816335696746e+01	2.014871117966361069e+01	1.959052868183698237e+01	1.961572670500468973e+01	1.990502186460049927e+01	2.041584982707501084e+01	1.998442079809930405e+01	1.983394766751766269e+01	2.057173419571235939e+01	1.990880808016821391e+01	2.041208708142442774e+01	1.974195410937591078e+01	2.082849153975367784e+01	2.011110950661388230e+01	2.007476304637972930e+01	1.987056963425877854e+01	2.035340938596511506e+01	2.013501499045471732e+01	1.994306668614821731e+01	2.023917286955258277e+01	1.998872159998165898e+01	2.016117194635310383e+01	2.042139529785749374e+01	2.013819934427972669e+01	2.013797716665787974e+01	1.975754083757404445e+01	2.034463950296733969e+01	2.082966215066106486e+01	2.016826590615801251e+01	2.077651591970946754e+01	2.012072974163952210e+01	1.980281631005102128e+01	2.019740639790695624e+01	1.996478368958992178e+01	2.063235414047720795e+01	2.002392833448252318e+01	2.018281209398250553e+01	2.004111077211591052e+01	2.067776256282950342e+01	2.049797929911893135e+01	1.959490035242523120e+01	1.988086299380308475e+01	1.981861513009947018e+01
1.922075634951653811e+01	1.916312632503218438e+01	1.948329025661406533e+01	2.846199052119086659e+01	1.905406720057478509e+01	1.963550007955769416e+01	1.977282639200787173e+01	1.928629363427755550e+01	1.958193816275557708e+01	1.941659942499135738e+01	1.865755656199938528e+01	1.913194518232206320e+01	1.931861305115284466e+01	1.940568696210118205e+01	1.897267957280518047e+01	1.937847570787985418e+01	1.927336715266058675e+01	1.933402385335255502e+01	1.907018200609618219e+01	1.967717326355912277e+01	1.968029569519034894e+01	1.934627813818982744e+01	1.901692756431867792e+01	1.990665322848836638e+01	1.903830314776422128e+01	1.923437793232469417e+01	1.964625333998661461e+01	1.967135684441203480e+01	1.909365148463981399e+01	1.975159014440265537e+01	1.905744866189126796e+01	1.964778449498325585e+01	1.889182929154583590e+01	1.981295823429080727e+01	1.977487818956955223e+01	1.920110183798697179e+01	1.993521441321057708e+01	1.948389309649773082e+01	1.917570466444832533e+01	1.965029350709904321e+01	1.920841217924936828e+01	1.975859382617525739e+01	1.921278702886263190e+01	1.952026181984385289e+01	1.959549582015546676e+01	2.028468072639995867e+01	1.930506977441337213e+01	1.906310785769612082e+01	1.963893033258535326e+01	1.899089736149389651e+01
1.967160927275766369e+01	1.964988706038006328e+01	1.977802505066760830e+01	1.905406720057478509e+01	2.936134417428166543e+01	2.022386095475011558e+01	1.999131564163005592e+01	1.951964005524698464e+01	1.967589442969519098e+01	1.931200495182768506e+01	1.885698181736476542e+01	1.961907103046652168e+01	1.983602507495547584e+01	1.973182653961877264e+01	1.928954067709132403e+01	1.953589561124565321e+01	1.959825506044247589e+01	1.938996606180976912e+01	1.943287846302890287e+01	2.003441084150521689e+01	1.923606263818586726e+01	1.939816477855830357e+01	1.941601766981540322e+01	1.982982511148465932e+01	1.958685169265014281e+01	1.902993003106185554e+01	1.968081257110121740e+01	1.977543765566977996e+01	1.945240683282170480e+01	1.972600828367135151e+01	1.949073491361316357e+01	1.960444447167548176e+01	1.906879311960025802e+01	1.983115541332026055e+01	2.015714866096634950e+01	1.974652264131308854e+01	2.030725253146518483e+01	1.944287366099158376e+01	1.933132109478595240e+01	1.990520701344214061e+01	1.972607834925297965e+01	1.958669841433576408e+01	1.924211566053605083e+01	1.971396899258972368e+01	1.980455142028164417e+01	2.025384788103283995e+01	2.004018096590500519e+01	1.912029685871212692e+01	1.980701096588115107e+01	1.923731073467189390e+01
2.048342347867431457e+01	1.974632840743688789e+01	2.023619307646239207e+01	1.963550007955769416e+01	2.022386095475011558e+01	2.977728763845620819e+01	2.025921811013660800e+01	1.958612170413454834e+01	1.991842130965569879e+01	2.010463365129523083e+01	1.925393082611547513e+01	1.989533120080183437e+01	2.007872098152970963e+01	2.015377225369982739e+01	1.967481555901819590e+01	2.050100511953410276e+01	1.989192358673577132e+01	2.012279683031395905e+01	1.990374296612912275e+01	2.063895827805183458e+01	1.985197030284624731e+01	1.946580056238800438e+01	2.003717084962650219e+01	2.067973804879681055e+01	1.995763309301510446e+01	2.012853113512453618e+01	2.010232271841787721e+01	2.039175052152832990e+01	2.020292823948519967e+01	2.048993300782043292e+01	1.983126095676589173e+01	1.991194407443797942e+01	1.964845176906993629e+01	2.009415531956053158e+01	2.032909890598856606e+01	2.030121847975616944e+01	2.075498954523606088e+01	1.974838993272813426e+01	1.950756830342496073e+01	2.053111936884109667e+01	2.003332142173375630e+01	2.059114066220375960e+01	2.031612753729451981e+01	2.031273898571317460e+01	2.044743290801094560e+01	2.069924996037338616e+01	2.050745107969353853e+01	2.004074849811745551e+01	1.995506116938295094e+01	1.990842740110593923e+01
2.058362236253896427e+01	2.002776272876907981e+01	2.034902029961019565e+01	1.977282639200787173e+01	1.999131564163005592e+01	2.025921811013660800e+01	3.016908315512407057e+01	2.004985354004493558e+01	2.015033683145071208e+01	1.999376360291322285e+01	1.949287430293115975e+01	2.004391952726237491e+01	2.038083043212144219e+01	2.025081993110203626e+01	1.978144770843175593e+01	1.980452343151347350e+01	2.015978281880282097e+01	2.037879784628973212e+01	2.009432136755966880e+01	2.101792634098123713e+01	1.993483084947984807e+01	1.967162283273268386e+01	1.983985234600154257e+01	2.067466909072845738e+01	2.015886648754307942e+01	2.025745275344230123e+01	2.056264747788540959e+01	2.044264368606748050e+01	1.976972715423276128e+01	2.016608910558080936e+01	2.006041912502259450e+01	2.027774426104505778e+01	1.947756015296718246e+01	2.026051712427892681e+01	2.058388758095276216e+01	1.986687207638595254e+01	2.048282473445886964e+01	1.995327095781277293e+01	2.025322622945592954e+01	2.049607097541032630e+01	1.983380390191722142e+01	2.048517834936465931e+01	2.039319616880227670e+01	2.018516423528644665e+01	2.033970155859173445e+01	2.096227411908512650e+01	2.023440566880680080e+01	2.038010557752935625e+01	2.050903809228661601e+01	2.006976646351414928e+01
2.011359760918194794e+01	1.925030468876906653e+01	2.002165816335696746e+01	1.928629363427755550e+01	1.951964005524698464e+01	1.958612170413454834e+01	2.004985354004493558e+01	2.938177723819545406e+01	1.987547841848198615e+01	1.951491047445245997e+01	1.919657180854360945e+01	1.968840445686598173e+01	1.951789459968645346e+01	1.938588897295580793e+01	1.925801955543738586e+01	1.990370294790088579e+01	1.958066622435688586e+01	1.973919197741971843e+01	1.941560685995538194e+01	2.018059470515038711e+01	1.922634450652983773e+01	1.968943516043254505e+01	1.978436225002682392e+01	2.011388433219758909e+01	1.951322362628831542e+01	1.948189950531004655e+01	1.954357281193451712e+01	1.964150494459748231e+01	1.933339581605572377e+01	2.000444660946372011e+01	1.981639725000839292e+01	2.000768272150453342e+01	1.913100912985062507e+01	1.954641934093057642e+01	2.029456090678374380e+01	1.993630861608120597e+01	2.013112906090891485e+01	1.943899799828608010e+01	1.931092352856472871e+01	1.969922926296804988e+01	1.954192850703212869e+01	2.009529008040411568e+01	1.994615917096807323e+01	1.990769754816574988e+01	1.979912230389785321e+01	2.065113833074275362e+01	1.992858518112786825e+01	1.928846871385203698e+01	1.972948752947764461e+01	2.000360571449617453e+01
2.014625073800346300e+01	1.937089614264774440e+01	2.014871117966361069e+01	1.958193816275557708e+01	1.967589442969519098e+01	1.991842130965569879e+01	2.015033683145071208e+01	1.987547841848198615e+01	2.975526598373368969e+01	1.985406448007202229e+01	1.961084664427061952e+01	1.989765139703979457e+01	2.021191558558200896e+01	2.006478432187929783e+01	1.967423250786344724e+01	2.042206656010596788e+01	1.980277469322815875e+01	2.028896711755539073e+01	1.978570822025924869e+01	2.083312110752079604e+01	1.960270107824110042e+01	1.957561189898978427e+01	2.021759045099696195e+01	2.022777885281101362e+01	2.018954173269574781e+01	1.987455513263450868e+01	2.027152588848585779e+01	2.019172634888147400e+01	1.996386901940089942e+01	2.042005166184430820e+01	1.968621741943661618e+01	2.016966639234819780e+01	1.963196464361690019e+01	2.017793168174683416e+01	2.025546290950881101e+01	1.998841651125475138e+01	2.069581735200214823e+01	2.018955255446660857e+01	2.033677742418075951e+01	2.052753498891149064e+01	1.984774594389276459e+01	2.027960674181301215e+01	2.010516829105501913e+01	1.999823972251671833e+01	2.026047324809077566e+01	2.072949653915030055e+01	2.007364518895203176e+01	1.949365174380316290e+01	2.019408115620898414e+01	1.959028235666332307e+01
1.996801704693738699e+01	1.965362016584915850e+01	1.959052868183698237e+01	1.941659942499135738e+01	1.931200495182768506e+01	2.010463365129523083e+01	1.999376360291322285e+01	1.951491047445245997e+01	1.985406448007202229e+01	2.932323478463352373e+01	1.896946838006930491e+01	1.953904716921782736e+01	1.939267251323269647e+01	1.995578575309497538e+01	1.905675598733254006e+01	1.950699718418665540e+01	1.951675315554072654e+01	1.969993340689098105e+01	1.951463810826857070e+01	1.996863396408589253e+01	1.931617380134936823e+01	1.945628605794543731e+01	1.943021054205395615e+01	2.002854181908075759e+01	1.953238401818899206e+01	1.939683954340440408e+01	1.979187522366637708e+01	1.989210397548487919e+01	1.938163267813942170e+01	1.993371746766474573e+01	1.929729909391139842e+01	1.968325409244955537e+01	1.944868884673667253e+01	1.972213564274540687e+01	2.012902648123310811e+01	1.981690717354618059e+01	2.036640496536820422e+01	1.989361618210406135e+01	1.941944696262244463e+01	2.010853515000989589e+01	1.925526240995626637e+01	1.939083247133778443e+01	1.947571535908935303e+01	1.950052522835041557e+01	1.973310243251791007e+01	2.025398112202794110e+01	1.938817695972826627e+01	1.925517650827146809e+01	1.991100279978574150e+01	1.973017936343135759e+01
1.924308626208088313e+01	1.935422258131591278e+01	1.961572670500468973e+01	1.865755656199938528e+01	1.885698181736476542e+01	1.925393082611547513e+01	1.949287430293115975e+01	1.919657180854360945e+01	1.961084664427061952e+01	1.896946838006930491e+01	2.844918966162526885e+01	1.876216754555649757e+01	1.955463074669581047e+01	1.956012823772397624e+01	1.903751546169643305e+01	1.936387609587744052e+01	1.925933288350286432e+01	1.900329628339182975e+01	1.916227309446080795e+01	1.978884276507601214e+01	1.891747223082625595e+01	1.881100040458504452e+01	1.928283596590352289e+01	1.991826930390994477e+01	1.914504067473390947e+01	1.913934938590715618e+01	1.905674790486612835e+01	1.941446299861670255e+01	1.927833959984949885e+01	1.960447160772609720e+01	1.905052110167376611e+01	1.917000601316977537e+01	1.891191122837480521e+01	1.967418561923052778e+01	1.952469900723238538e+01	1.924804876092564498e+01	1.973663524732618413e+01	1.923534860197725749e+01	1.939809347390903582e+01	1.917961428070985974e+01	1.902294569641126643e+01	1.938292303071471423e+01	1.954568893991477552e+01	1.950415640703950970e+01	1.952766049712539598e+01	1.994024241415176846e+01	1.911427644892414790e+01	1.881984895046353756e+01	1.927684640259868232e+01	1.885734344560920661e+01
2.015378050314897251e+01	1.929686471579054086e+01	1.990502186460049927e+01	1.913194518232206320e+01	1.961907103046652168e+01	1.989533120080183437e+01	2.004391952726237491e+01	1.968840445686598173e+01	1.989765139703979457e+01	1.953904716921782736e+01	1.876216754555649757e+01	2.952500245653191513e+01	1.967629221900982373e+01	1.964968258242640076e+01	1.918951417171039964e+01	1.989017165511493701e+01	1.964100407046580443e+01	1.970976986921329654e+01	1.957781079128075064e+01	2.012468753755833362e+01	1.967020003155628416e+01	1.940765853574841415e+01	1.946969939581602560e+01	2.013639584866345800e+01	1.994569875624601707e+01	1.938702493228260693e+01	2.000926198351205088e+01	1.953160237480559402e+01	1.926228161711398457e+01	2.021243004523704201e+01	1.989354034593501552e+01	2.011654411434619760e+01	1.924255381686691990e+01	2.017838267494209958e+01	2.003512011875859500e+01	1.956628821787255035e+01	1.987534516771717108e+01	1.949189070001804680e+01	1.943683381012756328e+01	1.981496889650414062e+01	1.971971892762927325e+01	1.956273045638246089e+01	1.928491265142211120e+01	1.976176036971897432e+01	1.968223555632830823e+01	2.055255315539438143e+01	1.997278642169125007e+01	1.913132098637400347e+01	1.985731184165389251e+01	1.939443710522635556e+01
1.990883731532718670e+01	2.034758438418981896e+01	2.041584982707501084e+01	1.931861305115284466e+01	1.983602507495547584e+01	2.007872098152970963e+01	2.038083043212144219e+01	1.951789459968645346e+01	2.021191558558200896e+01	1.939267251323269647e+01	1.955463074669581047e+01	1.967629221900982373e+01	2.967919555584430569e+01	1.987528144874449509e+01	1.935433228258884597e+01	2.051493821742800350e+01	2.005509571865863805e+01	1.996323177435911944e+01	1.983091366005486478e+01	2.046111585364547381e+01	1.990445291879123602e+01	1.954573002343123278e+01	1.983946523304836518e+01	2.015960074456336670e+01	1.974558722913306852e+01	2.016085053698044049e+01	2.018823978763847293e+01	2.020747295681179168e+01	1.994177917347204954e+01	2.020249112872137331e+01	2.029279062716233284e+01	2.014542324198011514e+01	1.964817039544177746e+01	2.049845681235785833e+01	2.028133611705924721e+01	1.991205708943636665e+01	2.058095384971620945e+01	2.005933252185731774e+01	1.957376977058386558e+01	2.016138477314789768e+01	1.952287105026549696e+01	2.000828695580570482e+01	2.020402110110842742e+01	2.031509732563588599e+01	2.001570945189250139e+01	2.074984529393728394e+01	1.994469403076135450e+01	1.987230776467152182e+01	2.001930268868200002e+01	1.986218643768956937e+01
1.967750322448195277e+01	1.951853457446589601e+01	1.998442079809930405e+01	1.940568696210118205e+01	1.973182653961877264e+01	2.015377225369982739e+01	2.025081993110203626e+01	1.938588897295580793e+01	2.006478432187929783e+01	1.995578575309497538e+01	1.956012823772397624e+01	1.964968258242640076e+01	1.987528144874449509e+01	2.926105191362719182e+01	1.939792279756260029e+01	2.039197979414448270e+01	1.996712506048275060e+01	1.974543864295672790e+01	1.968320130196056894e+01	2.048807759919713689e+01	1.955784187754512971e+01	1.943196167296137844e+01	1.946187964552978755e+01	2.018510926423271101e+01	1.960920195847169367e+01	1.953670716534791651e+01	2.028776242193735868e+01	1.962259381841948880e+01	1.976653764948190073e+01	2.016034997185873578e+01	1.985970069922074188e+01	1.945146372259803869e+01	1.941562175610138041e+01	2.002271352357799827e+01	2.059989446286462211e+01	2.002694266641672627e+01	1.995930748071493710e+01	2.023284669323735585e+01	1.976841898424348898e+01	1.996530884813049056e+01	1.953410247054545579e+01	1.977816970605086055e+01	1.986257889843086488e+01	1.959311828738450600e+01	1.988949368182015931e+01	2.014540699740101459e+01	1.984355284092724148e+01	1.950799593195503334e+01	1.987331986187793476e+01	1.976809216662793034e+01
1.951760252865213729e+01	1.884100760890905235e+01	1.983394766751766269e+01	1.897267957280518047e+01	1.928954067709132403e+01	1.967481555901819590e+01	1.978144770843175593e+01	1.925801955543738586e+01	1.967423250786344724e+01	1.905675598733254006e+01	1.903751546169643305e+01	1.918951417171039964e+01	1.935433228258884597e+01	1.939792279756260029e+01	2.856843793085526428e+01	1.955216656175883827e+01	1.956113162515922355e+01	1.921284897308306938e+01	1.936103651989355612e+01	2.012028012281718858e+01	1.914285285424334759e+01	1.941676162165752118e+01	1.922292677650599657e+01	1.999611242795961275e+01	1.933312887756136078e+01	1.924893694961373569e+01	1.927368664546948906e+01	1.960125134282116477e+01	1.923392510584852388e+01	1.969007038385301200e+01	1.969464811540903781e+01	1.943445956448654854e+01	1.913337912774366245e+01	1.964883902495794388e+01	1.972818402502817037e+01	1.941555871091876284e+01	2.016334924777870796e+01	1.936633164938641727e+01	1.917252968963146742e+01	1.980689469036746075e+01	1.925384154220412469e+01	1.941344499085783681e+01	1.905653631558039507e+01	1.962757695669544944e+01	1.932317619514831009e+01	2.002142029370548215e+01	1.961364407816147803e+01	1.911009912514173692e+01	1.966420918972660914e+01	1.928622604030356769e+01
2.037104240012713774e+01	1.977418094950387228e+01	2.057173419571235939e+01	1.937847570787985418e+01	1.953589561124565321e+01	2.050100511953410276e+01	1.980452343151347350e+01	1.990370294790088579e+01	2.042206656010596788e+01	1.950699718418665540e+01	1.936387609587744052e+01	1.989017165511493701e+01	2.051493821742800350e+01	2.039197979414448270e+01	1.955216656175883827e+01	2.981438083993201715e+01	2.016027086377189192e+01	2.011443273833006629e+01	1.980693353832563730e+01	2.044612185153550499e+01	1.955434716197314060e+01	1.978795455013905169e+01	1.984307703988682547e+01	2.047163876712414776e+01	1.983915063015393443e+01	1.987639484083191022e+01	1.992453393305067877e+01	2.014174561976734168e+01	1.989127854476392088e+01	2.026609763124241326e+01	1.971120580799681932e+01	2.000563732256978611e+01	1.982410092021522630e+01	2.009510492832979267e+01	2.040446573784764794e+01	2.048521175843326247e+01	2.048840132614761700e+01	1.993709894953968842e+01	1.965619428803165292e+01	2.039658858602849278e+01	1.974983694973323267e+01	2.017837809228473844e+01	1.982982635706278884e+01	2.019604580234146596e+01	2.003296748826912577e+01	2.069834227412858141e+01	1.990400631853639624e+01	1.936053086482691654e+01	1.983422020988351520e+01	2.010481474365658983e+01
1.974124434433376152e+01	1.983425036305115086e+01	1.990880808016821391e+01	1.927336715266058675e+01	1.959825506044247589e+01	1.989192358673577132e+01	2.015978281880282097e+01	1.958066622435688586e+01	1.980277469322815875e+01	1.951675315554072654e+01	1.925933288350286432e+01	1.964100407046580443e+01	2.005509571865863805e+01	1.996712506048275060e+01	1.956113162515922355e+01	2.016027086377189192e+01	2.906825548420858141e+01	1.949922725161355785e+01	1.951502303790206128e+01	2.018871526897455126e+01	1.957483261492336268e+01	1.917159045893129132e+01	1.977241022473413423e+01	2.025221953292620825e+01	1.955367786333675539e+01	1.955042617748783584e+01	2.016014201535110928e+01	2.026517448823810241e+01	1.978148851467016911e+01	1.982770085990503972e+01	1.979945968431243131e+01	1.981655080718996231e+01	1.878043231404877389e+01	2.006273414691789370e+01	2.010861811778658392e+01	1.962979207337100362e+01	2.033717828565922758e+01	1.992018209478908375e+01	1.950763859824137469e+01	2.012498393109154904e+01	1.920260555180821171e+01	1.999262294913651417e+01	1.921219694021427671e+01	1.992639637183270906e+01	1.981403883744608052e+01	2.044994287925178256e+01	1.984547309822151107e+01	1.970742216711433770e+01	1.969156614253846627e+01	1.992705451981226616e+01
2.006208947865424008e+01	1.982941184187674466e+01	2.041208708142442774e+01	1.933402385335255502e+01	1.938996606180976912e+01	2.012279683031395905e+01	2.037879784628973212e+01	1.973919197741971843e+01	2.028896711755539073e+01	1.969993340689098105e+01	1.900329628339182975e+01	1.970976986921329654e+01	1.996323177435911944e+01	1.974543864295672790e+01	1.921284897308306938e+01	2.011443273833006629e+01	1.949922725161355785e+01	3.048417022976915902e+01	1.978644533742550138e+01	2.048397069310515661e+01	1.940957246494698296e+01	1.957397698498938254e+01	1.982313562416306496e+01	2.002085973240268402e+01	1.988665265077103683e+01	1.971954040495754512e+01	2.010487695906839178e+01	1.967173320430218553e+01	1.951219942300022936e+01	2.028387311755415823e+01	2.001453768569488645e+01	2.011541315821219200e+01	1.940143925548648696e+01	2.005795860724740010e+01	2.025398911599022611e+01	2.031802659100856445e+01	2.055349026187450079e+01	1.994943104494151953e+01	1.941389827898131415e+01	2.015076790686930153e+01	1.983310052208404883e+01	2.025594646460223203e+01	1.957221147259873106e+01	1.979433593343120279e+01	2.017838015789165240e+01	2.022482707548846292e+01	1.984502196373473382e+01	1.941001065850641183e+01	1.966924304534952839e+01	1.951374673590851572e+01
1.982536379761326728e+01	1.927013209070776156e+01	1.974195410937591078e+01	1.907018200609618219e+01	1.943287846302890287e+01	1.990374296612912275e+01	2.009432136755966880e+01	1.941560685995538194e+01	1.978570822025924869e+01	1.951463810826857070e+01	1.916227309446080795e+01	1.957781079128075064e+01	1.983091366005486478e+01	1.968320130196056894e+01	1.936103651989355612e+01	1.980693353832563730e+01	1.951502303790206128e+01	1.978644533742550138e+01	2.896956598586725917e+01	2.034686387957383147e+01	1.972399255964263887e+01	1.913810418895751653e+01	1.960270471961761274e+01	1.970558712221498610e+01	1.965043753621764111e+01	1.944027535385662375e+01	1.974536544358193169e+01	1.956460091869421447e+01	1.924541031395220259e+01	1.974268652714757266e+01	1.982284689510194298e+01	1.935264479699518603e+01	1.930914715748156141e+01	1.961412449260952329e+01	2.006582250267538114e+01	1.986327730678782899e+01	2.021638279770225566e+01	1.971077663382816070e+01	1.945885078777748944e+01	1.992789457887968751e+01	1.977704460011593213e+01	1.969547717119473873e+01	1.996951035192550705e+01	1.973885587868670299e+01	1.965051381504137140e+01	2.026435173718021687e+01	1.963727073164862702e+01	1.920994802696056780e+01	1.960348070520764452e+01	1.907683313724166396e+01
2.036223745366187288e+01	2.021710292276499032e+01	2.082849153975367784e+01	1.967717326355912277e+01	2.003441084150521689e+01	2.063895827805183458e+01	2.101792634098123713e+01	2.018059470515038711e+01	2.083312110752079604e+01	1.996863396408589253e+01	1.978884276507601214e+01	2.012468753755833362e+01	2.046111585364547381e+01	2.048807759919713689e+01	2.012028012281718858e+01	2.044612185153550499e+01	2.018871526897455126e+01	2.048397069310515661e+01	2.034686387957383147e+01	3.031696965929496557e+01	2.026786075943051912e+01	1.980925650687828465e+01	2.012149146892277329e+01	2.084390243591083447e+01	2.002711142942757760e+01	2.030677369268116195e+01	2.026208367982872005e+01	2.037299970116973924e+01	2.020206318077952190e+01	2.078801318413059462e+01	2.037308162194049288e+01	2.020563175669269285e+01	2.005974349365134657e+01	2.038971994453493508e+01	2.077749680850943292e+01	2.024386508189674672e+01	2.083665730818914952e+01	2.065134924659973592e+01	1.974875219058519704e+01	2.035998158594597029e+01	2.040490944559310904e+01	2.001204684348442342e+01	2.007289891995889164e+01	2.052839789162513995e+01	2.068564846232338539e+01	2.106464399510444352e+01	2.017226352888868846e+01	1.982868184296165737e+01	2.020121862781757116e+01	1.999877431802488914e+01
1.994676131965836774e+01	1.958293399501843624e+01	2.011110950661388230e+01	1.968029569519034894e+01	1.923606263818586726e+01	1.985197030284624731e+01	1.993483084947984807e+01	1.922634450652983773e+01	1.960270107824110042e+01	1.931617380134936823e+01	1.891747223082625595e+01	1.967020003155628416e+01	1.990445291879123602e+01	1.955784187754512971e+01	1.914285285424334759e+01	1.955434716197314060e+01	1.957483261492336268e+01	1.940957246494698296e+01	1.972399255964263887e+01	2.026786075943051912e+01	2.870944548258376372e+01	1.905439607345161690e+01	1.950798132511706129e+01	2.005214094748053455e+01	1.939727045394704064e+01	1.967113845544682249e+01	2.022544857072489677e+01	1.956817810882293784e+01	1.896022828119393822e+01	1.984553254363733288e+01	1.976707817789894150e+01	1.942806171884409139e+01	1.973577831005168903e+01	1.985909685301341909e+01	1.999799348732215876e+01	1.962733092229859366e+01	1.992851398042436628e+01	1.990104514231526522e+01	1.923999225071322883e+01	1.992918039434014688e+01	1.939846220946817468e+01	1.986731514800722564e+01	1.972307206278982861e+01	1.972093619763851535e+01	1.986703393639901449e+01	2.004927660700019842e+01	1.960842413872807199e+01	1.929942556622095395e+01	1.949822014270909776e+01	1.955015711602029427e+01
1.996719926435969228e+01	1.928677611875672326e+01	2.007476304637972930e+01	1.934627813818982744e+01	1.939816477855830357e+01	1.946580056238800438e+01	1.967162283273268386e+01	1.968943516043254505e+01	1.957561189898978427e+01	1.945628605794543731e+01	1.881100040458504452e+01	1.940765853574841415e+01	1.954573002343123278e+01	1.943196167296137844e+01	1.941676162165752118e+01	1.978795455013905169e+01	1.917159045893129132e+01	1.957397698498938254e+01	1.913810418895751653e+01	1.980925650687828465e+01	1.905439607345161690e+01	2.919436154204436562e+01	1.964296352705616755e+01	1.993477962177198037e+01	1.954330541609667904e+01	1.898124929425775065e+01	1.969025533171634024e+01	1.963715219112194887e+01	1.951724460623652391e+01	1.950077133527515016e+01	1.941695396665728168e+01	1.919189768873598823e+01	1.888756977467269493e+01	1.982884092947543664e+01	2.000607663026753968e+01	1.968157743497763335e+01	2.020647425914346584e+01	1.950519810914972396e+01	1.935190031406257916e+01	2.002430720145354570e+01	1.929600396615012770e+01	1.954182010868775166e+01	1.962152245536320549e+01	2.000332570518925834e+01	1.953796908494806672e+01	1.988036858270952933e+01	1.933726497133739031e+01	1.904165374617649320e+01	1.910280206095728062e+01	1.950458260692155577e+01
2.008269800338763034e+01	1.941674937451038829e+01	1.987056963425877854e+01	1.901692756431867792e+01	1.941601766981540322e+01	2.003717084962650219e+01	1.983985234600154257e+01	1.978436225002682392e+01	2.021759045099696195e+01	1.943021054205395615e+01	1.928283596590352289e+01	1.946969939581602560e+01	1.983946523304836518e+01	1.946187964552978755e+01	1.922292677650599657e+01	1.984307703988682547e+01	1.977241022473413423e+01	1.982313562416306496e+01	1.960270471961761274e+01	2.012149146892277329e+01	1.950798132511706129e+01	1.964296352705616755e+01	2.908681169657622689e+01	2.024307559594166861e+01	1.951379887900069221e+01	1.952212799340064819e+01	1.980963582606644735e+01	1.974142543872824263e+01	1.957538551496872969e+01	2.017588749176545448e+01	1.965912418729852362e+01	1.987372162649603169e+01	1.922552664737794359e+01	1.980587559063931735e+01	2.051545607837168816e+01	1.957001850308602897e+01	2.046259667379700531e+01	1.984359993474341621e+01	1.922495802696601785e+01	2.029482909962986525e+01	1.953155813131963114e+01	1.975974537877269199e+01	2.004523867287577588e+01	1.954718366100389915e+01	1.968907114481873677e+01	2.046294928904800514e+01	1.998448308181562183e+01	1.938604843823102186e+01	1.971215316238055237e+01	1.957450857180932147e+01
2.019320077844051298e+01	2.001310792413315554e+01	2.035340938596511506e+01	1.990665322848836638e+01	1.982982511148465932e+01	2.067973804879681055e+01	2.067466909072845738e+01	2.011388433219758909e+01	2.022777885281101362e+01	2.002854181908075759e+01	1.991826930390994477e+01	2.013639584866345800e+01	2.015960074456336670e+01	2.018510926423271101e+01	1.999611242795961275e+01	2.047163876712414776e+01	2.025221953292620825e+01	2.002085973240268402e+01	1.970558712221498610e+01	2.084390243591083447e+01	2.005214094748053455e+01	1.993477962177198037e+01	2.024307559594166861e+01	3.007289207236068762e+01	2.035615741478024887e+01	1.986805669551421971e+01	2.008920651679405722e+01	2.022686190046555765e+01	1.997168129899375799e+01	2.045382626432891726e+01	2.023689558426276136e+01	2.018992706880164079e+01	1.933832514126268265e+01	2.050720558449872044e+01	2.063663990207592391e+01	1.992144926173329367e+01	2.084884477672159520e+01	2.039757879081993508e+01	1.993790496059444095e+01	2.045767945159633783e+01	1.972562564526537088e+01	2.050818280457579590e+01	1.992631137081574266e+01	2.038308811070182358e+01	2.038904556578003380e+01	2.080275481730556919e+01	2.030442111853842491e+01	1.975298646201930097e+01	2.007744798081508364e+01	2.030842821663888031e+01
2.032802378369846963e+01	1.939011534919973201e+01	2.013501499045471732e+01	1.903830314776422128e+01	1.958685169265014281e+01	1.995763309301510446e+01	2.015886648754307942e+01	1.951322362628831542e+01	2.018954173269574781e+01	1.953238401818899206e+01	1.914504067473390947e+01	1.994569875624601707e+01	1.974558722913306852e+01	1.960920195847169367e+01	1.933312887756136078e+01	1.983915063015393443e+01	1.955367786333675539e+01	1.988665265077103683e+01	1.965043753621764111e+01	2.002711142942757760e+01	1.939727045394704064e+01	1.954330541609667904e+01	1.951379887900069221e+01	2.035615741478024887e+01	2.937703169250060853e+01	1.986522855290910528e+01	2.004447488820051504e+01	2.011919442698232174e+01	1.969708956869662231e+01	1.995950488476206885e+01	1.969578726397429946e+01	1.989927765266559234e+01	1.934156502367914143e+01	2.006326784130777696e+01	2.001939045956861918e+01	1.972178220158599871e+01	2.058057126155587468e+01	1.972640812410309508e+01	1.971035316255322556e+01	2.015623275726501618e+01	2.012449010114887926e+01	1.988321975504890204e+01	1.963239115622476660e+01	1.987838418713635491e+01	1.987799359568232660e+01	2.042402670797104491e+01	1.975248475035765594e+01	1.948639887620895905e+01	1.995235013665103807e+01	1.933137875685326179e+01
1.975683026200821146e+01	1.976038585124253544e+01	1.994306668614821731e+01	1.923437793232469417e+01	1.902993003106185554e+01	2.012853113512453618e+01	2.025745275344230123e+01	1.948189950531004655e+01	1.987455513263450868e+01	1.939683954340440408e+01	1.913934938590715618e+01	1.938702493228260693e+01	2.016085053698044049e+01	1.953670716534791651e+01	1.924893694961373569e+01	1.987639484083191022e+01	1.955042617748783584e+01	1.971954040495754512e+01	1.944027535385662375e+01	2.030677369268116195e+01	1.967113845544682249e+01	1.898124929425775065e+01	1.952212799340064819e+01	1.986805669551421971e+01	1.986522855290910528e+01	2.980770744676251738e+01	1.980920063343533144e+01	1.974030836932983846e+01	1.938348452838113190e+01	2.005540144912696476e+01	1.984760044830084880e+01	1.984123399567653223e+01	1.938422827203195808e+01	2.007844827022186251e+01	2.008430852496279684e+01	1.978775168697312026e+01	2.034953527483489211e+01	1.982297779456869335e+01	1.957789059898153994e+01	1.994457863376113593e+01	1.935817841721458166e+01	2.004102178827386638e+01	1.979909802768588634e+01	2.028496245453030511e+01	1.987348228966081720e+01	2.033765756015427328e+01	1.992997361339060802e+01	1.912997081384023801e+01	1.945368645354716719e+01	1.961559580971683658e+01
2.006587408655234483e+01	1.977681650501319766e+01	2.023917286955258277e+01	1.964625333998661461e+01	1.968081257110121740e+01	2.010232271841787721e+01	2.056264747788540959e+01	1.954357281193451712e+01	2.027152588848585779e+01	1.979187522366637708e+01	1.905674790486612835e+01	2.000926198351205088e+01	2.018823978763847293e+01	2.028776242193735868e+01	1.927368664546948906e+01	1.992453393305067877e+01	2.016014201535110928e+01	2.010487695906839178e+01	1.974536544358193169e+01	2.026208367982872005e+01	2.022544857072489677e+01	1.969025533171634024e+01	1.980963582606644735e+01	2.008920651679405722e+01	2.004447488820051504e+01	1.980920063343533144e+01	2.985242791943864660e+01	1.991881388968249311e+01	1.996826569520420946e+01	2.023445120515347639e+01	1.974814354564393071e+01	1.999912633957730534e+01	1.974573434094744329e+01	2.038591926377867125e+01	2.072062741444668887e+01	2.033426635381996306e+01	2.088768155548321559e+01	2.008184815021169101e+01	1.991473729744959087e+01	2.026537077949290477e+01	1.975933883737974384e+01	2.015774337407430394e+01	1.993063760760484016e+01	2.014570836809924970e+01	1.990354424421164481e+01	2.067686129005098294e+01	2.020518494828662170e+01	1.952118553131183631e+01	2.019574457323897931e+01	1.987816319024421219e+01
2.030964242024367294e+01	1.969243457560238397e+01	1.998872159998165898e+01	1.967135684441203480e+01	1.977543765566977996e+01	2.039175052152832990e+01	2.044264368606748050e+01	1.964150494459748231e+01	2.019172634888147400e+01	1.989210397548487919e+01	1.941446299861670255e+01	1.953160237480559402e+01	2.020747295681179168e+01	1.962259381841948880e+01	1.960125134282116477e+01	2.014174561976734168e+01	2.026517448823810241e+01	1.967173320430218553e+01	1.956460091869421447e+01	2.037299970116973924e+01	1.956817810882293784e+01	1.963715219112194887e+01	1.974142543872824263e+01	2.022686190046555765e+01	2.011919442698232174e+01	1.974030836932983846e+01	1.991881388968249311e+01	2.975175871815051210e+01	1.983075112931604878e+01	2.013817738563065873e+01	1.978423708321126639e+01	1.992765622147686244e+01	1.946660679094837576e+01	2.026159772454118979e+01	2.030637947967182200e+01	1.964975930184741770e+01	2.061320117737420077e+01	2.005483956314998650e+01	1.945927029777315553e+01	2.017992247870022027e+01	1.983551704821586270e+01	2.030417027004964226e+01	1.963864107310381968e+01	1.991979423376253777e+01	2.023508859555809636e+01	2.032000447807791588e+01	2.021552022899768986e+01	1.993882021010854189e+01	1.989068405673323525e+01	1.991845962541112769e+01
1.979359079663465337e+01	1.937452688369946330e+01	2.016117194635310383e+01	1.909365148463981399e+01	1.945240683282170480e+01	2.020292823948519967e+01	1.976972715423276128e+01	1.933339581605572377e+01	1.996386901940089942e+01	1.938163267813942170e+01	1.927833959984949885e+01	1.926228161711398457e+01	1.994177917347204954e+01	1.976653764948190073e+01	1.923392510584852388e+01	1.989127854476392088e+01	1.978148851467016911e+01	1.951219942300022936e+01	1.924541031395220259e+01	2.020206318077952190e+01	1.896022828119393822e+01	1.951724460623652391e+01	1.957538551496872969e+01	1.997168129899375799e+01	1.969708956869662231e+01	1.938348452838113190e+01	1.996826569520420946e+01	1.983075112931604878e+01	2.950491128443363920e+01	2.007590495163841737e+01	1.932447001674642806e+01	1.956576628621603220e+01	1.948523150437524976e+01	2.007901793722671258e+01	2.044402782823595643e+01	1.957904671856916323e+01	2.010145097740987552e+01	1.965129226841391485e+01	1.962241631064936342e+01	1.998536348145878705e+01	1.941542696358148490e+01	2.000864294064218996e+01	1.957735216070970807e+01	1.961416114650774745e+01	1.981397578299504403e+01	1.984485333338319535e+01	1.981842796868756196e+01	1.904023721728996321e+01	1.954062465385108283e+01	1.966008555383301371e+01
2.014335239502034369e+01	1.963742705199175020e+01	2.042139529785749374e+01	1.975159014440265537e+01	1.972600828367135151e+01	2.048993300782043292e+01	2.016608910558080936e+01	2.000444660946372011e+01	2.042005166184430820e+01	1.993371746766474573e+01	1.960447160772609720e+01	2.021243004523704201e+01	2.020249112872137331e+01	2.016034997185873578e+01	1.969007038385301200e+01	2.026609763124241326e+01	1.982770085990503972e+01	2.028387311755415823e+01	1.974268652714757266e+01	2.078801318413059462e+01	1.984553254363733288e+01	1.950077133527515016e+01	2.017588749176545448e+01	2.045382626432891726e+01	1.995950488476206885e+01	2.005540144912696476e+01	2.023445120515347639e+01	2.013817738563065873e+01	2.007590495163841737e+01	2.983789621577880879e+01	1.984792166810058234e+01	2.040478750593283408e+01	1.970253717065093113e+01	2.003844419418464540e+01	2.064031953154969301e+01	2.034404668610380185e+01	2.112882313150134550e+01	2.039170241487532209e+01	1.983518810513233532e+01	2.043291417227515083e+01	1.990812517402127924e+01	2.037770388724260329e+01	2.017367565941868435e+01	2.012693356579233495e+01	1.973304826881770069e+01	2.070265386335548641e+01	2.041981575013677030e+01	1.963584847054825744e+01	2.043416219530282518e+01	1.995625044931924208e+01
1.981861623935049010e+01	1.973869216708349583e+01	2.013819934427972669e+01	1.905744866189126796e+01	1.949073491361316357e+01	1.983126095676589173e+01	2.006041912502259450e+01	1.981639725000839292e+01	1.968621741943661618e+01	1.929729909391139842e+01	1.905052110167376611e+01	1.989354034593501552e+01	2.029279062716233284e+01	1.985970069922074188e+01	1.969464811540903781e+01	1.971120580799681932e+01	1.979945968431243131e+01	2.001453768569488645e+01	1.982284689510194298e+01	2.037308162194049288e+01	1.976707817789894150e+01	1.941695396665728168e+01	1.965912418729852362e+01	2.023689558426276136e+01	1.969578726397429946e+01	1.984760044830084880e+01	1.974814354564393071e+01	1.978423708321126639e+01	1.932447001674642806e+01	1.984792166810058234e+01	2.932499485241098824e+01	1.976087703972893195e+01	1.902708039650127603e+01	1.963255626310121471e+01	1.991075123390569601e+01	1.969518323004298921e+01	2.026320042681871669e+01	1.957433666638057446e+01	1.940921292942595855e+01	2.016213204919436208e+01	1.913480232277136750e+01	1.997276908845518761e+01	1.981985805727105898e+01	1.985383474718686259e+01	1.997961314467866245e+01	2.022401462156363650e+01	1.960753740278385493e+01	1.970814880791884249e+01	1.945942064454435538e+01	1.996942568493989256e+01
1.991137516935267726e+01	1.961898120690659297e+01	2.013797716665787974e+01	1.964778449498325585e+01	1.960444447167548176e+01	1.991194407443797942e+01	2.027774426104505778e+01	2.000768272150453342e+01	2.016966639234819780e+01	1.968325409244955537e+01	1.917000601316977537e+01	2.011654411434619760e+01	2.014542324198011514e+01	1.945146372259803869e+01	1.943445956448654854e+01	2.000563732256978611e+01	1.981655080718996231e+01	2.011541315821219200e+01	1.935264479699518603e+01	2.020563175669269285e+01	1.942806171884409139e+01	1.919189768873598823e+01	1.987372162649603169e+01	2.018992706880164079e+01	1.989927765266559234e+01	1.984123399567653223e+01	1.999912633957730534e+01	1.992765622147686244e+01	1.956576628621603220e+01	2.040478750593283408e+01	1.976087703972893195e+01	2.953246854992058701e+01	1.917605840189385802e+01	1.990316081689349659e+01	2.000270726710828484e+01	1.949493961218174576e+01	2.046382144677064474e+01	1.963730063944881721e+01	1.943594875535790933e+01	1.995655005009886551e+01	1.950739305048728056e+01	2.025746708380963312e+01	1.957303089123862350e+01	2.000623749102987503e+01	2.016270695218156916e+01	2.065374715515023141e+01	2.027019831389833371e+01	1.978751480408026708e+01	2.011897266492218250e+01	1.953415862197610764e+01
