2.973005188277196353e+01	1.956965957550196578e+01	1.992317173069735148e+01	2.002886052841594378e+01	1.995468541606858537e+01	2.055876693359181573e+01	1.958685707869588555e+01	1.991872561314250234e+01	1.966710158580730905e+01	1.985183330353258313e+01	2.027212278650692312e+01	2.035874008756956144e+01	1.932817942002664324e+01	2.036318807113836016e+01	2.044510829610430491e+01	1.963258966180179499e+01	2.002905669895457308e+01	1.931631438720186011e+01	2.037908737796749747e+01	2.001258939230122280e+01	2.055183079890554509e+01	1.943105578997787575e+01	1.958316665926496114e+01	1.963310911892567745e+01	2.003667760513498308e+01	2.017468415565112849e+01	1.987695044066949279e+01	2.018335429242568679e+01	1.973938057143646674e+01	2.021821963933690824e+01	2.010276086242568994e+01	1.977310157187945805e+01	1.961616691172668681e+01	2.033996171232895378e+01	2.017069642533430240e+01	2.051012508467815110e+01	1.942532231572118917e+01	1.998667862700074593e+01	2.002487086820798723e+01	1.973072346085582751e+01	2.042801928334334249e+01	1.973304131372571035e+01	1.992345066973736323e+01	1.962952346563367456e+01	1.989982152019771178e+01	2.039265851333695423e+01	1.989656260495699058e+01	1.988610879831801981e+01	1.998253717923600092e+01	2.116296730986884356e+01
1.956965957550196578e+01	2.825719754824448060e+01	1.974392564295003538e+01	1.978960916400714254e+01	1.974930441643894952e+01	1.976066091507045641e+01	1.919935733068612649e+01	1.958789749158399118e+01	1.959038386715088009e+01	1.952092180457058390e+01	1.996811542388298477e+01	1.969038544031082694e+01	1.943546858276293321e+01	2.001927835250083731e+01	1.992314850926161895e+01	1.956812328782106647e+01	2.010298235723692883e+01	1.876253139917276158e+01	1.963739386205057613e+01	1.976055852658407730e+01	2.027595954129192535e+01	1.931769515689634176e+01	1.931160540014627358e+01	1.940389689303844278e+01	1.932118372841414100e+01	1.990126260310377049e+01	1.969686242882192673e+01	1.962667301267660847e+01	1.971521842007519609e+01	1.978141576442953209e+01	1.993158280973392138e+01	1.902544770157209797e+01	1.935773374801627611e+01	1.969541766615045830e+01	1.954060662036042828e+01	2.041825027404440007e+01	1.915101145094940094e+01	1.956873289921785286e+01	1.958404113063473062e+01	1.952517727879052600e+01	1.993343168754577377e+01	1.943137741308898470e+01	2.005674951780931536e+01	1.984163322507240679e+01	1.996190047262861356e+01	2.014604850613176268e+01	1.992298518837998245e+01	1.956887532238001270e+01	1.963985212532149660e+01	2.008979559592205177e+01
1.992317173069735148e+01	1.974392564295003538e+01	3.058144278893270140e+01	2.018478086096371626e+01	2.065657311685772513e+01	2.102743129845801917e+01	2.005389205309249334e+01	1.968368278761455770e+01	2.036147315717112605e+01	1.998035330370590756e+01	2.047125018215350423e+01	2.065869935299128812e+01	1.986472286285143696e+01	2.109808535443027111e+01	2.092241043937338318e+01	1.972812002328002023e+01	2.073082234495819876e+01	1.962707212997554507e+01	2.056563297854566130e+01	2.017389506093740792e+01	2.050023927329305096e+01	1.979189067885456410e+01	2.003534734587478638e+01	2.006555105684781992e+01	2.027645811040543933e+01	2.016591329040008773e+01	1.986399565324119720e+01	2.065582734156875588e+01	2.005645341286105676e+01	2.049077581659923908e+01	2.032680598302267327e+01	1.993619337953080262e+01	2.015964777202078295e+01	2.020411551110012383e+01	2.059238877880878960e+01	2.109831583515219577e+01	1.978869340840456559e+01	2.043583343453552459e+01	2.037288263430444246e+01	2.006037271695679891e+01	1.997033799985926805e+01	2.015594930516003913e+01	2.061691561748919455e+01	1.984607782048588476e+01	1.997107911941133906e+01	2.089110127154666330e+01	2.042093786167575686e+01	2.052791138592219156e+01	2.036762649073002862e+01	2.106601630002010239e+01
2.002886052841594378e+01	1.978960916400714254e+01	2.018478086096371626e+01	3.045861008886835108e+01	2.038159756485902818e+01	2.065337577829355808e+01	2.016567426596981605e+01	2.006722126525937711e+01	2.007637589810398993e+01	1.976269686890742605e+01	2.013334512375664787e+01	2.073933815233612776e+01	1.982455920799116100e+01	2.045997926851526572e+01	2.066457790152592011e+01	2.050492282740410133e+01	2.037327960257810489e+01	1.918275312802530053e+01	2.067598332138729944e+01	2.027685314506939562e+01	2.030499748206807098e+01	1.977879410897520174e+01	1.947785932981696178e+01	2.023476304914965951e+01	1.989699833503474835e+01	2.031224822861865320e+01	2.005810342901923349e+01	2.042055262682136174e+01	2.004191807626832755e+01	2.031455170530617949e+01	2.039293358300186654e+01	2.047211421451628510e+01	2.006119029306069024e+01	2.016987213314808258e+01	2.008151974674624540e+01	2.054789438063665585e+01	1.962585731231703789e+01	2.046339761450260397e+01	2.010676679296443581e+01	1.969644635150719481e+01	2.050101102163173650e+01	2.002017261510021839e+01	2.050036115472660825e+01	1.989883593856330180e+01	2.019195752039505720e+01	2.087996265710476962e+01	2.038706413179714616e+01	2.000889032482109187e+01	2.015193125196866220e+01	2.095894169061421053e+01
1.995468541606858537e+01	1.974930441643894952e+01	2.065657311685772513e+01	2.038159756485902818e+01	3.034164117944662564e+01	2.073305921316097766e+01	1.997048433569126047e+01	2.007140287646178578e+01	2.013873761986930333e+01	1.984673688976085870e+01	1.995632943152864058e+01	2.063524838714740994e+01	1.954054698816414160e+01	2.062623676263303096e+01	2.066011574088998870e+01	2.020508069923365824e+01	2.050033549918254039e+01	1.943318972044691506e+01	2.007051193469347794e+01	2.059308246205052484e+01	2.086289173449385359e+01	1.996125034733223913e+01	2.018450855949985012e+01	2.055160174856464650e+01	2.009696955029398069e+01	2.057455355900350114e+01	2.024186349860875822e+01	2.026531071498638426e+01	2.011183020582501157e+01	2.046120258274718395e+01	2.036110166227335583e+01	1.999261869478412379e+01	2.019265506447617042e+01	2.051760321580424318e+01	2.008911254796318957e+01	2.074389661073336200e+01	1.991075220202892027e+01	2.049629228586173824e+01	2.066120371954452040e+01	2.039260423156001778e+01	2.052333477866678280e+01	1.953700072831307821e+01	2.049178958143378892e+01	2.017665193903295062e+01	2.064888794089766222e+01	2.129665658802751338e+01	2.040241197820554575e+01	2.031522626967136347e+01	2.011662794011739308e+01	2.146610195486341865e+01
2.055876693359181573e+01	1.976066091507045641e+01	2.102743129845801917e+01	2.065337577829355808e+01	2.073305921316097766e+01	3.056942537727997689e+01	2.024952290443252423e+01	2.024101418868886171e+01	2.045899476593137223e+01	2.023186910035715869e+01	2.029324902928217256e+01	2.107156275365402465e+01	2.006498276803901959e+01	2.101521409570931453e+01	2.075727491733792007e+01	2.050013253642457656e+01	2.097114771820174184e+01	1.979847249712900492e+01	2.094227659121380469e+01	2.079163949785243304e+01	2.113246827721684795e+01	2.024315652286453115e+01	2.004656586765559467e+01	2.047097812030774477e+01	2.011924156642554351e+01	2.130066033738975406e+01	2.051060897886297951e+01	2.078339981246826795e+01	2.038072629468044994e+01	2.035007261101455356e+01	2.065543622655040679e+01	2.049137929783935874e+01	2.025459003243255651e+01	2.073632494742263077e+01	2.030917591438531034e+01	2.094240173294704732e+01	1.983406889570403209e+01	2.069645553576420838e+01	2.074019829231810519e+01	2.044227972119667669e+01	2.074965301546072638e+01	2.025025126285824584e+01	2.094839590403838514e+01	2.066254665188483131e+01	2.068002396569745471e+01	2.084797683732527673e+01	2.053941115386816563e+01	2.009579681315263855e+01	2.030065859512281534e+01	2.149844999356640685e+01
1.958685707869588555e+01	1.919935733068612649e+01	2.005389205309249334e+01	2.016567426596981605e+01	1.997048433569126047e+01	2.024952290443252423e+01	2.977675776530344720e+01	1.936106993751812055e+01	1.940093395825025624e+01	1.952106823671372737e+01	1.989223080217205464e+01	1.978702124438652632e+01	1.936641298944220324e+01	2.027674500982364947e+01	2.013297712896143921e+01	2.001668262333157600e+01	1.994763652120701636e+01	1.903916006462559096e+01	2.039471135353426234e+01	2.033445301345878775e+01	2.013119606527633820e+01	1.962902558397299657e+01	1.910893792650313117e+01	1.981877583674442178e+01	1.927843812534772283e+01	1.937401086433689557e+01	2.006047316437597061e+01	1.982056431413156616e+01	1.965877506582880230e+01	2.017218182082557831e+01	2.021210460509918505e+01	1.975428433908564330e+01	1.931878283247216288e+01	1.992065180667073676e+01	1.978272816090371933e+01	1.997305126065745640e+01	1.952364490959939758e+01	2.033006937630257838e+01	2.018184595490016875e+01	2.012830431603027748e+01	1.972232612923209061e+01	1.944497685376008533e+01	2.007090065267548340e+01	1.958789725773163326e+01	1.949244699513140588e+01	2.054884171012339067e+01	1.972043989262248687e+01	1.969441593244639321e+01	1.999297936776953577e+01	2.056510225688388260e+01
1.991872561314250234e+01	1.958789749158399118e+01	1.968368278761455770e+01	2.006722126525937711e+01	2.007140287646178578e+01	2.024101418868886171e+01	1.936106993751812055e+01	2.965370312100716532e+01	1.944248830862342103e+01	1.987772497313831366e+01	1.985052559327177590e+01	1.975224893431082762e+01	1.908156619343057869e+01	2.028092985543887750e+01	2.003772747174022584e+01	1.967415942237553850e+01	1.983502143390297334e+01	1.919515872064436834e+01	1.949585358111594502e+01	1.980807325584894940e+01	2.030635122766964074e+01	1.950093969563760865e+01	1.970573657184521821e+01	1.973326861502990681e+01	1.951980093591259546e+01	2.016166812400713226e+01	2.000010222615506805e+01	1.975897890790445643e+01	1.987578870629140937e+01	2.032585869370105058e+01	2.005698478361900783e+01	1.928274146430864633e+01	1.953259016616728161e+01	1.988894872257422364e+01	1.927957146950710765e+01	2.007955702143812005e+01	1.941404411635186378e+01	2.011087156811691656e+01	1.976548571687502331e+01	2.008278015916145520e+01	1.985332809556879852e+01	1.971773432774505963e+01	1.994472647551540945e+01	1.952488121478265981e+01	2.003084913984048754e+01	2.027603712740635089e+01	1.980315506453615981e+01	1.978996261698326720e+01	1.982939432549131098e+01	2.101925245430342315e+01
1.966710158580730905e+01	1.959038386715088009e+01	2.036147315717112605e+01	2.007637589810398993e+01	2.013873761986930333e+01	2.045899476593137223e+01	1.940093395825025624e+01	1.944248830862342103e+01	2.947609191801154793e+01	1.976690896927748042e+01	2.003315181657917421e+01	2.014241843186497860e+01	1.975466861619560888e+01	2.063372073558824482e+01	2.038991888161759292e+01	2.009968845653959235e+01	2.034444718057921619e+01	1.928616172099951598e+01	2.014220742807479425e+01	2.023442106825773834e+01	2.031121415839182376e+01	1.897564137192874156e+01	1.960604468422353719e+01	1.979472499522278639e+01	1.952304016936579600e+01	2.033224335377443737e+01	1.976832335235124916e+01	1.992516312903538633e+01	2.024419730845636067e+01	1.993302767929402819e+01	1.984787646517273174e+01	1.978479200217143230e+01	1.976503530412479392e+01	1.978380598370569743e+01	1.995151532183078658e+01	2.065382908175085319e+01	1.917324289063524034e+01	1.996812738567154710e+01	2.018141854981510264e+01	1.986007054534710292e+01	2.003832471017119232e+01	1.978203015275409982e+01	2.024725638435498709e+01	1.985263463573888032e+01	2.013391122587794158e+01	2.032461270415305776e+01	2.016993542365399961e+01	1.982722190914759963e+01	1.964477400234569160e+01	2.080657799836100708e+01
1.985183330353258313e+01	1.952092180457058390e+01	1.998035330370590756e+01	1.976269686890742605e+01	1.984673688976085870e+01	2.023186910035715869e+01	1.952106823671372737e+01	1.987772497313831366e+01	1.976690896927748042e+01	2.932964784041372752e+01	1.954240324071565738e+01	2.002244687962244640e+01	1.939641022530733494e+01	2.028219284594331029e+01	2.022921971171272659e+01	1.975964962985795381e+01	2.027377916653765055e+01	1.914571614291465806e+01	1.972523638699257731e+01	1.961437445962186032e+01	2.003494505742512644e+01	1.983574394779060412e+01	1.946300296299536470e+01	1.965452841072292856e+01	1.962677596847461103e+01	2.030318222525459149e+01	1.939736419768107112e+01	2.000477286046962533e+01	1.967845201135474653e+01	1.990550269307592401e+01	1.949023797173657613e+01	1.961158263326448647e+01	1.969892334996060512e+01	1.988369148048788659e+01	2.006808983233060673e+01	2.029129963381042145e+01	1.942182014461416983e+01	1.990819651379779032e+01	2.020120883017885660e+01	1.999003251850094287e+01	2.020869681102998783e+01	1.935779219873582235e+01	2.049726305804919591e+01	1.962721355660324107e+01	1.992021611655111002e+01	2.010742442042538514e+01	1.988469315090024025e+01	1.984911713733607286e+01	1.976813229014321038e+01	2.029909662071294818e+01
2.027212278650692312e+01	1.996811542388298477e+01	2.047125018215350423e+01	2.013334512375664787e+01	1.995632943152864058e+01	2.029324902928217256e+01	1.989223080217205464e+01	1.985052559327177590e+01	2.003315181657917421e+01	1.954240324071565738e+01	2.991921785259540911e+01	2.029330621060458739e+01	1.928003477938885268e+01	2.062706492685887127e+01	2.050379300286012096e+01	1.983591674875599509e+01	2.002643136853253125e+01	1.920351249078064271e+01	2.046737746762863353e+01	2.039068123135429644e+01	2.065622784346124874e+01	1.995818505545372901e+01	1.961563313944493103e+01	1.974349958105912606e+01	2.003283244133487884e+01	2.021349748482753483e+01	2.008715176748701481e+01	2.037094897032909202e+01	2.031202309711714804e+01	2.048933421861546478e+01	2.014859606050895735e+01	1.997147636173487584e+01	1.964833102713954460e+01	2.012077815618387788e+01	1.993661052906479370e+01	2.107935466668623548e+01	1.949295814777490321e+01	2.059303847728775949e+01	1.958936147279924356e+01	1.970227732406243959e+01	2.022810358946066245e+01	1.994315519422386984e+01	2.038577606119481089e+01	2.008558537934163368e+01	2.002116499811881667e+01	2.039635904723753868e+01	1.999351587564151345e+01	1.970353083894813651e+01	1.986776071402425359e+01	2.092332388327120540e+01
2.035874008756956144e+01	1.969038544031082694e+01	2.065869935299128812e+01	2.073933815233612776e+01	2.063524838714740994e+01	2.107156275365402465e+01	1.978702124438652632e+01	1.975224893431082762e+01	2.014241843186497860e+01	2.002244687962244640e+01	2.029330621060458739e+01	3.029049706499093375e+01	1.966446716715758214e+01	2.070610487429814484e+01	2.073858077781522624e+01	2.065482452265057844e+01	2.032243092011045960e+01	2.024858962723491373e+01	2.075773479421559387e+01	2.052025239290593106e+01	2.079770200640764344e+01	1.999958912815685608e+01	1.953533759431613603e+01	2.005575861229017676e+01	2.027316787211407245e+01	2.023586660052761488e+01	2.017673269067975994e+01	2.049997917720938290e+01	2.045395407422919476e+01	2.020924755581215138e+01	2.049633405109663897e+01	2.007082693401474671e+01	2.010819049046324380e+01	2.056852385125360883e+01	2.027728239760211082e+01	2.071059296697693242e+01	1.976913985324573630e+01	2.081598720833050109e+01	1.990374500502457522e+01	2.034682927141599151e+01	2.065842133480637699e+01	2.024308851784448393e+01	2.054326256617282809e+01	2.029373920228367467e+01	2.076743022225502600e+01	2.102251288447721222e+01	2.014219542133114871e+01	1.992165416449985216e+01	2.024163306287233155e+01	2.101058332093436931e+01
1.932817942002664324e+01	1.943546858276293321e+01	1.986472286285143696e+01	1.982455920799116100e+01	1.954054698816414160e+01	2.006498276803901959e+01	1.936641298944220324e+01	1.908156619343057869e+01	1.975466861619560888e+01	1.939641022530733494e+01	1.928003477938885268e+01	1.966446716715758214e+01	2.883187037413533460e+01	2.020251483283339411e+01	1.981018829145853033e+01	1.960463367680322833e+01	1.998762731260302061e+01	1.914225141970528199e+01	1.979529127392489585e+01	1.939152425420522974e+01	2.009808269687905380e+01	1.956817338369313219e+01	1.879008098048490538e+01	1.956610799585677185e+01	1.930349689864335616e+01	1.985726967962231626e+01	1.966177267602990142e+01	2.019370606665579970e+01	1.935200107215512588e+01	2.011796402994443866e+01	2.009010504328219326e+01	1.920531028422289310e+01	1.940656101033501812e+01	1.971877309923439725e+01	1.941308137001184164e+01	2.030140655502193425e+01	1.905868142614611216e+01	1.982217505599215102e+01	2.007264649596669415e+01	1.982493934728722351e+01	1.971131834572438279e+01	1.938390853867889163e+01	2.020977045034225128e+01	1.940641620597431327e+01	1.950428376236785866e+01	2.016790879702514161e+01	1.974781301262602540e+01	1.946057616671643942e+01	1.962916177782949134e+01	2.051131795775153677e+01
2.036318807113836016e+01	2.001927835250083731e+01	2.109808535443027111e+01	2.045997926851526572e+01	2.062623676263303096e+01	2.101521409570931453e+01	2.027674500982364947e+01	2.028092985543887750e+01	2.063372073558824482e+01	2.028219284594331029e+01	2.062706492685887127e+01	2.070610487429814484e+01	2.020251483283339411e+01	3.054258710399291132e+01	2.107336152975687327e+01	2.071363889582019269e+01	2.060345155707843645e+01	2.031221470544624097e+01	2.082536422512337637e+01	2.057219495168047985e+01	2.076528703701134049e+01	1.992860313507795311e+01	2.002167089828461144e+01	2.047271479370469294e+01	2.047559483784527146e+01	2.086064499053395593e+01	2.032301617003102479e+01	2.044845565895065320e+01	2.046587875902248754e+01	2.080115534057020454e+01	2.073434944292757720e+01	2.006795311706197893e+01	2.049003937313620582e+01	2.065046005258702522e+01	2.054684254391256104e+01	2.106170492048950749e+01	2.012641041592434732e+01	2.097626105212315295e+01	2.053955368785095814e+01	2.031706561786320009e+01	2.108356848463096256e+01	2.069430506539784531e+01	2.057966042514741645e+01	2.043684947098214977e+01	2.056330528927452050e+01	2.129971704062511151e+01	2.091694873341788607e+01	2.028962989799683214e+01	2.054712581832300700e+01	2.168550540286323880e+01
2.044510829610430491e+01	1.992314850926161895e+01	2.092241043937338318e+01	2.066457790152592011e+01	2.066011574088998870e+01	2.075727491733792007e+01	2.013297712896143921e+01	2.003772747174022584e+01	2.038991888161759292e+01	2.022921971171272659e+01	2.050379300286012096e+01	2.073858077781522624e+01	1.981018829145853033e+01	2.107336152975687327e+01	3.039880468501688426e+01	2.084737002249155324e+01	2.076946406030389625e+01	1.955643061000658633e+01	2.075653782646109491e+01	2.105270883525498249e+01	2.072707738127816768e+01	2.010660479381228782e+01	2.002679585591554101e+01	2.019875109659057344e+01	2.007663975782180543e+01	2.062146677496929215e+01	2.005464587461785086e+01	2.068562721916603309e+01	2.092261135799088478e+01	2.075681861725594857e+01	2.086315202899179155e+01	1.983959871891819304e+01	2.027436382186234454e+01	2.031970018463179883e+01	2.016648981123960382e+01	2.089357075270362074e+01	1.971103381975818536e+01	2.106886151633202076e+01	2.047925555435332257e+01	2.053246600654057730e+01	2.063078889634583390e+01	2.046570295571315512e+01	2.055140983575210356e+01	2.026473300859590765e+01	2.052229563108897636e+01	2.115296907188385944e+01	2.054967651023922670e+01	2.042529015577663998e+01	2.050724714292340778e+01	2.156113386757103356e+01
1.963258966180179499e+01	1.956812328782106647e+01	1.972812002328002023e+01	2.050492282740410133e+01	2.020508069923365824e+01	2.050013253642457656e+01	2.001668262333157600e+01	1.967415942237553850e+01	2.009968845653959235e+01	1.975964962985795381e+01	1.983591674875599509e+01	2.065482452265057844e+01	1.960463367680322833e+01	2.071363889582019269e+01	2.084737002249155324e+01	3.010153063621428160e+01	2.047106070064259598e+01	1.951773938390837770e+01	2.095274851190676912e+01	2.035333169422993649e+01	2.024038441515994791e+01	1.955589232793029453e+01	1.973063516626413971e+01	2.036123523792646495e+01	1.995765867431590124e+01	2.047719597950471737e+01	2.032063311674359340e+01	2.032085367188351199e+01	2.024299687155569316e+01	2.071332499574518593e+01	2.061442888976695187e+01	1.965466908989576567e+01	1.997875463969307930e+01	2.019946120474286744e+01	1.993799399160376140e+01	2.045365737553227348e+01	1.940346859184591821e+01	2.069903046212117914e+01	2.023065979124368496e+01	2.051113105900550337e+01	2.043941844970841970e+01	2.001838976765955636e+01	2.074917948334730156e+01	2.028711692163331648e+01	2.048119332185461872e+01	2.095098582993403369e+01	2.028805938812277176e+01	1.996502344689009689e+01	2.028091130380916240e+01	2.114319212016057037e+01
2.002905669895457308e+01	2.010298235723692883e+01	2.073082234495819876e+01	2.037327960257810489e+01	2.050033549918254039e+01	2.097114771820174184e+01	1.994763652120701636e+01	1.983502143390297334e+01	2.034444718057921619e+01	2.027377916653765055e+01	2.002643136853253125e+01	2.032243092011045960e+01	1.998762731260302061e+01	2.060345155707843645e+01	2.076946406030389625e+01	2.047106070064259598e+01	2.981786393596489049e+01	1.952004261694092691e+01	2.050150141056761299e+01	2.047093702598316156e+01	2.064249999702434479e+01	1.982173251121091795e+01	1.987522934358208104e+01	1.998493112038929453e+01	2.005727026173388339e+01	2.051250566917894957e+01	2.019549714058586432e+01	2.046713061699982106e+01	2.027193578815454700e+01	2.056396223958262937e+01	2.044567011708701898e+01	1.991797703245255136e+01	2.003020922145308802e+01	2.027790122466759470e+01	2.029248479763690582e+01	2.092502479864458564e+01	1.975111634038162833e+01	2.051216906935463768e+01	2.027001704857284636e+01	2.034542678965984308e+01	2.063486947157315754e+01	2.026601269768504565e+01	2.044533558941272133e+01	1.979529151530366704e+01	2.030763878820578583e+01	2.064181346588545196e+01	2.053211547977640095e+01	2.020531794662279879e+01	2.032964593475771409e+01	2.102184720612482849e+01
1.931631438720186011e+01	1.876253139917276158e+01	1.962707212997554507e+01	1.918275312802530053e+01	1.943318972044691506e+01	1.979847249712900492e+01	1.903916006462559096e+01	1.919515872064436834e+01	1.928616172099951598e+01	1.914571614291465806e+01	1.920351249078064271e+01	2.024858962723491373e+01	1.914225141970528199e+01	2.031221470544624097e+01	1.955643061000658633e+01	1.951773938390837770e+01	1.952004261694092691e+01	2.882907274584434987e+01	1.945997834786698988e+01	1.936027539956103283e+01	1.985343204579867304e+01	1.929720472538589249e+01	1.848639988742745999e+01	1.936464065949931879e+01	1.890525646952738725e+01	1.975578625210954087e+01	1.971875425901459167e+01	1.977170782140611394e+01	1.920911381647467664e+01	1.962607528501352405e+01	1.935511730093696769e+01	1.869691167075066929e+01	1.910915339941898239e+01	1.948492544621228006e+01	1.943474051074348097e+01	1.990503703141553871e+01	1.922437036426994794e+01	1.954868442122809213e+01	1.924054487968689386e+01	1.949933173324167512e+01	1.956396954018989831e+01	1.933513653635632679e+01	1.940152835466961889e+01	1.960800054530289671e+01	1.913298082817774670e+01	2.015878079034460413e+01	1.952722046395311395e+01	1.920136381543116855e+01	1.927190889019700748e+01	2.015395278895094933e+01
2.037908737796749747e+01	1.963739386205057613e+01	2.056563297854566130e+01	2.067598332138729944e+01	2.007051193469347794e+01	2.094227659121380469e+01	2.039471135353426234e+01	1.949585358111594502e+01	2.014220742807479425e+01	1.972523638699257731e+01	2.046737746762863353e+01	2.075773479421559387e+01	1.979529127392489585e+01	2.082536422512337637e+01	2.075653782646109491e+01	2.095274851190676912e+01	2.050150141056761299e+01	1.945997834786698988e+01	3.076514533836082421e+01	2.038111206399624820e+01	2.062154470613422319e+01	1.987209408727297699e+01	1.988203692418320045e+01	2.022174757476764384e+01	2.019817528298945675e+01	2.089612512230623054e+01	2.049324498526572924e+01	2.084959826808212568e+01	2.036166292039521153e+01	2.026249987880996883e+01	2.045898483212127417e+01	1.990293642916305927e+01	1.990736452207736562e+01	2.039391187030736674e+01	2.018098549158740340e+01	2.073049000535249320e+01	1.965941068567713401e+01	2.063982324250128997e+01	2.006617997046047819e+01	2.006911765620801091e+01	2.065076952391936871e+01	2.056883067123283126e+01	2.071224713854223154e+01	2.010826159569219129e+01	2.066767707222671646e+01	2.104439038656751038e+01	2.040022173993468613e+01	2.016912202428936141e+01	2.039619362053859319e+01	2.117815285004054360e+01
2.001258939230122280e+01	1.976055852658407730e+01	2.017389506093740792e+01	2.027685314506939562e+01	2.059308246205052484e+01	2.079163949785243304e+01	2.033445301345878775e+01	1.980807325584894940e+01	2.023442106825773834e+01	1.961437445962186032e+01	2.039068123135429644e+01	2.052025239290593106e+01	1.939152425420522974e+01	2.057219495168047985e+01	2.105270883525498249e+01	2.035333169422993649e+01	2.047093702598316156e+01	1.936027539956103283e+01	2.038111206399624820e+01	3.004718504386768174e+01	2.078373960236555007e+01	1.981258231183587881e+01	1.977293455426958957e+01	2.011820716044750057e+01	1.987676360124155295e+01	2.037879778289000043e+01	1.999785109728166788e+01	2.076026189698336211e+01	2.060331055165422143e+01	2.068206431678142465e+01	2.005296816488649370e+01	1.968734316801197082e+01	1.987547292877277982e+01	2.026455902392053687e+01	2.015545193189496231e+01	2.054771164453683241e+01	1.943719991614252152e+01	2.050702965698743085e+01	2.017213485162119113e+01	2.013494670276050513e+01	2.044046258488672763e+01	1.986715026979697996e+01	2.047643227746619488e+01	2.003246045286907773e+01	2.028030936529210138e+01	2.105335050374885242e+01	2.007826381954615513e+01	1.981595955670714204e+01	2.043236697778289468e+01	2.088718624539443880e+01
2.055183079890554509e+01	2.027595954129192535e+01	2.050023927329305096e+01	2.030499748206807098e+01	2.086289173449385359e+01	2.113246827721684795e+01	2.013119606527633820e+01	2.030635122766964074e+01	2.031121415839182376e+01	2.003494505742512644e+01	2.065622784346124874e+01	2.079770200640764344e+01	2.009808269687905380e+01	2.076528703701134049e+01	2.072707738127816768e+01	2.024038441515994791e+01	2.064249999702434479e+01	1.985343204579867304e+01	2.062154470613422319e+01	2.078373960236555007e+01	3.095598105688680945e+01	2.038199076909949881e+01	1.987955628838669142e+01	2.042063593860694226e+01	2.052090927903136119e+01	2.117198783142834628e+01	2.043080284396066659e+01	2.058352591537948939e+01	2.051988485229163572e+01	2.056917286187344018e+01	2.103042112688237353e+01	1.997378243856979907e+01	2.037918500939895949e+01	2.059353734964367177e+01	2.036472823399505927e+01	2.084385245055290525e+01	2.016258267756796840e+01	2.066884586055366668e+01	2.028952039365785609e+01	2.036146178920691696e+01	2.055506289705989076e+01	2.012909419792183741e+01	2.042286921555164980e+01	2.053378457596358686e+01	2.063481404560047494e+01	2.113806881460495646e+01	2.062229935140885217e+01	2.032655246632999280e+01	2.035364744278338023e+01	2.141537437596131355e+01
1.943105578997787575e+01	1.931769515689634176e+01	1.979189067885456410e+01	1.977879410897520174e+01	1.996125034733223913e+01	2.024315652286453115e+01	1.962902558397299657e+01	1.950093969563760865e+01	1.897564137192874156e+01	1.983574394779060412e+01	1.995818505545372901e+01	1.999958912815685608e+01	1.956817338369313219e+01	1.992860313507795311e+01	2.010660479381228782e+01	1.955589232793029453e+01	1.982173251121091795e+01	1.929720472538589249e+01	1.987209408727297699e+01	1.981258231183587881e+01	2.038199076909949881e+01	2.940150506955294318e+01	1.878840813358748818e+01	1.949441508048038330e+01	1.953597406964502881e+01	1.988776102291041781e+01	1.969404080052526496e+01	1.995658288660613167e+01	1.970393280187148122e+01	1.982516688006072414e+01	2.001967214243467552e+01	1.923082210979714191e+01	1.963320154222335745e+01	1.999766857290986621e+01	1.942294851446111181e+01	2.016314323989285029e+01	1.942530762475106698e+01	1.969875855598782621e+01	1.971334127570579398e+01	1.968049960535714860e+01	1.968220368746779769e+01	1.953577701101718844e+01	1.966802647718113306e+01	1.990374674578753300e+01	1.985169838979336632e+01	2.032422971921544530e+01	1.962178427344232290e+01	1.973529027292224924e+01	1.974804175822486840e+01	2.076303958037065911e+01
1.958316665926496114e+01	1.931160540014627358e+01	2.003534734587478638e+01	1.947785932981696178e+01	2.018450855949985012e+01	2.004656586765559467e+01	1.910893792650313117e+01	1.970573657184521821e+01	1.960604468422353719e+01	1.946300296299536470e+01	1.961563313944493103e+01	1.953533759431613603e+01	1.879008098048490538e+01	2.002167089828461144e+01	2.002679585591554101e+01	1.973063516626413971e+01	1.987522934358208104e+01	1.848639988742745999e+01	1.988203692418320045e+01	1.977293455426958957e+01	1.987955628838669142e+01	1.878840813358748818e+01	2.924922409358751807e+01	1.943846248357490580e+01	1.968013809063469566e+01	2.009524972347788463e+01	1.923936531029283614e+01	2.008396693702245628e+01	1.963777034203275562e+01	1.995926261232640897e+01	1.969328563376314634e+01	1.917935125167472421e+01	1.957675953373269806e+01	1.953865525100940204e+01	1.936670528661539592e+01	2.067609080897706164e+01	1.936061326045668807e+01	1.974607107727837985e+01	1.933440051948875293e+01	1.975986773358073734e+01	1.999044521092635307e+01	1.948690560657533766e+01	1.965594401477484610e+01	1.959389724942160882e+01	1.993772011342243644e+01	2.021686797716174766e+01	1.953587652121842311e+01	1.967400726791889909e+01	1.988979268064900197e+01	2.048844233108807700e+01
1.963310911892567745e+01	1.940389689303844278e+01	2.006555105684781992e+01	2.023476304914965951e+01	2.055160174856464650e+01	2.047097812030774477e+01	1.981877583674442178e+01	1.973326861502990681e+01	1.979472499522278639e+01	1.965452841072292856e+01	1.974349958105912606e+01	2.005575861229017676e+01	1.956610799585677185e+01	2.047271479370469294e+01	2.019875109659057344e+01	2.036123523792646495e+01	1.998493112038929453e+01	1.936464065949931879e+01	2.022174757476764384e+01	2.011820716044750057e+01	2.042063593860694226e+01	1.949441508048038330e+01	1.943846248357490580e+01	2.916000673466463056e+01	1.973496477791845649e+01	2.018329832335340868e+01	1.974677254916447566e+01	2.013656140243408998e+01	1.990688878264602835e+01	2.025049417660919104e+01	2.027629141810655611e+01	1.965284581577959599e+01	1.950465389243956338e+01	1.965924934903815213e+01	1.946709980943762019e+01	2.046119642570452513e+01	1.927894559867330315e+01	2.015370489467286674e+01	2.002988202137362350e+01	1.998394397129644062e+01	2.010839310031713723e+01	1.970924413936584330e+01	2.010204682914873331e+01	1.965785703980549215e+01	2.017335650825999593e+01	2.068417044761709533e+01	2.011977356831033248e+01	2.000052963247879845e+01	2.010698854713988126e+01	2.055683711210579645e+01
2.003667760513498308e+01	1.932118372841414100e+01	2.027645811040543933e+01	1.989699833503474835e+01	2.009696955029398069e+01	2.011924156642554351e+01	1.927843812534772283e+01	1.951980093591259546e+01	1.952304016936579600e+01	1.962677596847461103e+01	2.003283244133487884e+01	2.027316787211407245e+01	1.930349689864335616e+01	2.047559483784527146e+01	2.007663975782180543e+01	1.995765867431590124e+01	2.005727026173388339e+01	1.890525646952738725e+01	2.019817528298945675e+01	1.987676360124155295e+01	2.052090927903136119e+01	1.953597406964502881e+01	1.968013809063469566e+01	1.973496477791845649e+01	2.917258040603518765e+01	1.986015732381338594e+01	2.016861672242238512e+01	2.024682432984948122e+01	1.984664360989014753e+01	1.986368803689074625e+01	2.001051924492585954e+01	1.975207456914224480e+01	1.964167718982137600e+01	1.991946850869267749e+01	1.946581097538108907e+01	2.041764666555987162e+01	1.933233446540590350e+01	2.024429722704061163e+01	1.996273960221079591e+01	2.010812906599288041e+01	2.002160373223219025e+01	1.998524796449085983e+01	1.997612242851587538e+01	1.982699661669759905e+01	2.030943568765677298e+01	2.090063138847727942e+01	2.014373439684537814e+01	1.980410471327545352e+01	1.987242948891326932e+01	2.076755550187115418e+01
2.017468415565112849e+01	1.990126260310377049e+01	2.016591329040008773e+01	2.031224822861865320e+01	2.057455355900350114e+01	2.130066033738975406e+01	1.937401086433689557e+01	2.016166812400713226e+01	2.033224335377443737e+01	2.030318222525459149e+01	2.021349748482753483e+01	2.023586660052761488e+01	1.985726967962231626e+01	2.086064499053395593e+01	2.062146677496929215e+01	2.047719597950471737e+01	2.051250566917894957e+01	1.975578625210954087e+01	2.089612512230623054e+01	2.037879778289000043e+01	2.117198783142834628e+01	1.988776102291041781e+01	2.009524972347788463e+01	2.018329832335340868e+01	1.986015732381338594e+01	2.991318635478449295e+01	2.040697120021824773e+01	2.046914143542373665e+01	2.047866231587731534e+01	2.007782628819451887e+01	2.041967158998708598e+01	2.001579530479653712e+01	2.047223854484735028e+01	2.044259953142853803e+01	2.038619749662483827e+01	2.101221348330716054e+01	1.994113237140468442e+01	2.056281704408820588e+01	2.014886823642178726e+01	2.067208846196250249e+01	2.044043341711730832e+01	2.011179547854002791e+01	2.030218013072502714e+01	1.994790854707822447e+01	2.086453787083863176e+01	2.103889262002550709e+01	2.006735403687072505e+01	1.993699031886864859e+01	2.043184316351006657e+01	2.109518815593618868e+01
1.987695044066949279e+01	1.969686242882192673e+01	1.986399565324119720e+01	2.005810342901923349e+01	2.024186349860875822e+01	2.051060897886297951e+01	2.006047316437597061e+01	2.000010222615506805e+01	1.976832335235124916e+01	1.939736419768107112e+01	2.008715176748701481e+01	2.017673269067975994e+01	1.966177267602990142e+01	2.032301617003102479e+01	2.005464587461785086e+01	2.032063311674359340e+01	2.019549714058586432e+01	1.971875425901459167e+01	2.049324498526572924e+01	1.999785109728166788e+01	2.043080284396066659e+01	1.969404080052526496e+01	1.923936531029283614e+01	1.974677254916447566e+01	2.016861672242238512e+01	2.040697120021824773e+01	2.994853612370705420e+01	1.998961014372773093e+01	1.976382064309137121e+01	2.012251469606270859e+01	2.016078687892178323e+01	1.948327555821346024e+01	1.974035986542270393e+01	2.012772030263970535e+01	1.987506039449191775e+01	2.079833893991400018e+01	1.946493747692956333e+01	1.995788246651503073e+01	1.988134163255980624e+01	1.996879057880387265e+01	2.017878400691737184e+01	1.960059505912493805e+01	2.023824980979585675e+01	2.021949086290151953e+01	2.051984531644968968e+01	2.059267571500989291e+01	1.990035310613902553e+01	1.963763538021579436e+01	1.990774217349570563e+01	2.114684057052795652e+01
2.018335429242568679e+01	1.962667301267660847e+01	2.065582734156875588e+01	2.042055262682136174e+01	2.026531071498638426e+01	2.078339981246826795e+01	1.982056431413156616e+01	1.975897890790445643e+01	1.992516312903538633e+01	2.000477286046962533e+01	2.037094897032909202e+01	2.049997917720938290e+01	2.019370606665579970e+01	2.044845565895065320e+01	2.068562721916603309e+01	2.032085367188351199e+01	2.046713061699982106e+01	1.977170782140611394e+01	2.084959826808212568e+01	2.076026189698336211e+01	2.058352591537948939e+01	1.995658288660613167e+01	2.008396693702245628e+01	2.013656140243408998e+01	2.024682432984948122e+01	2.046914143542373665e+01	1.998961014372773093e+01	3.010072115401294823e+01	2.036380610419373838e+01	2.057994729219449326e+01	2.079751941050723474e+01	1.964903633076015765e+01	2.020402232498971884e+01	2.041069767170582239e+01	2.006191372686368624e+01	2.135432564764481711e+01	1.970207136389716496e+01	2.043452694244082579e+01	2.021189443561929977e+01	1.995900893797949749e+01	2.019797349449869017e+01	1.998276778691135647e+01	2.025857749083442627e+01	2.014936102460317358e+01	2.007045903700472422e+01	2.097731010647192562e+01	2.052805156271646325e+01	1.987014296109587264e+01	2.030092527719529372e+01	2.110850002808859216e+01
1.973938057143646674e+01	1.971521842007519609e+01	2.005645341286105676e+01	2.004191807626832755e+01	2.011183020582501157e+01	2.038072629468044994e+01	1.965877506582880230e+01	1.987578870629140937e+01	2.024419730845636067e+01	1.967845201135474653e+01	2.031202309711714804e+01	2.045395407422919476e+01	1.935200107215512588e+01	2.046587875902248754e+01	2.092261135799088478e+01	2.024299687155569316e+01	2.027193578815454700e+01	1.920911381647467664e+01	2.036166292039521153e+01	2.060331055165422143e+01	2.051988485229163572e+01	1.970393280187148122e+01	1.963777034203275562e+01	1.990688878264602835e+01	1.984664360989014753e+01	2.047866231587731534e+01	1.976382064309137121e+01	2.036380610419373838e+01	3.008790501866383948e+01	1.976526106680602979e+01	2.055208680290955314e+01	2.020576014980877844e+01	1.949094187670597123e+01	2.027658077601355302e+01	1.985681183822174845e+01	2.060239387464936200e+01	1.926887735177202998e+01	1.996772989207573801e+01	2.015267148113888496e+01	2.005014972358980074e+01	2.033716590539802382e+01	1.975069191969071269e+01	2.046324489864810658e+01	2.002788140312248544e+01	1.988661763062046006e+01	2.061654174251386351e+01	2.004683514067041727e+01	2.000983560509371628e+01	2.016117764307481508e+01	2.128173260974949699e+01
2.021821963933690824e+01	1.978141576442953209e+01	2.049077581659923908e+01	2.031455170530617949e+01	2.046120258274718395e+01	2.035007261101455356e+01	2.017218182082557831e+01	2.032585869370105058e+01	1.993302767929402819e+01	1.990550269307592401e+01	2.048933421861546478e+01	2.020924755581215138e+01	2.011796402994443866e+01	2.080115534057020454e+01	2.075681861725594857e+01	2.071332499574518593e+01	2.056396223958262937e+01	1.962607528501352405e+01	2.026249987880996883e+01	2.068206431678142465e+01	2.056917286187344018e+01	1.982516688006072414e+01	1.995926261232640897e+01	2.025049417660919104e+01	1.986368803689074625e+01	2.007782628819451887e+01	2.012251469606270859e+01	2.057994729219449326e+01	1.976526106680602979e+01	3.039038153159277655e+01	2.051457859945571727e+01	2.017067746593604483e+01	1.981654488170792305e+01	2.037139132665107155e+01	1.991349480205343170e+01	2.101719349487796507e+01	1.979370949461531382e+01	2.048997401446782263e+01	2.016535424393568832e+01	2.025044049507352284e+01	2.018261164208886171e+01	2.004661725891273250e+01	2.066772574293925757e+01	2.002938548898904614e+01	2.051703136552451667e+01	2.090363294946169859e+01	2.011690814952201478e+01	2.036845809280764996e+01	1.998071962069476726e+01	2.126935425328500173e+01
2.010276086242568994e+01	1.993158280973392138e+01	2.032680598302267327e+01	2.039293358300186654e+01	2.036110166227335583e+01	2.065543622655040679e+01	2.021210460509918505e+01	2.005698478361900783e+01	1.984787646517273174e+01	1.949023797173657613e+01	2.014859606050895735e+01	2.049633405109663897e+01	2.009010504328219326e+01	2.073434944292757720e+01	2.086315202899179155e+01	2.061442888976695187e+01	2.044567011708701898e+01	1.935511730093696769e+01	2.045898483212127417e+01	2.005296816488649370e+01	2.103042112688237353e+01	2.001967214243467552e+01	1.969328563376314634e+01	2.027629141810655611e+01	2.001051924492585954e+01	2.041967158998708598e+01	2.016078687892178323e+01	2.079751941050723474e+01	2.055208680290955314e+01	2.051457859945571727e+01	3.031248292024361390e+01	1.981473896554499703e+01	1.981566172146361993e+01	2.059763906821126156e+01	1.998018004989531349e+01	2.078756386105377274e+01	1.966119820525651463e+01	2.035911831537806194e+01	2.032082376595924700e+01	1.975851826673591205e+01	2.042701841367836479e+01	2.015843753006245720e+01	2.045749213663598454e+01	2.001201812341583164e+01	2.035724263733360573e+01	2.081514260901875701e+01	2.025790046274288159e+01	1.983178022444738176e+01	2.078167695477058530e+01	2.110735463216767727e+01
1.977310157187945805e+01	1.902544770157209797e+01	1.993619337953080262e+01	2.047211421451628510e+01	1.999261869478412379e+01	2.049137929783935874e+01	1.975428433908564330e+01	1.928274146430864633e+01	1.978479200217143230e+01	1.961158263326448647e+01	1.997147636173487584e+01	2.007082693401474671e+01	1.920531028422289310e+01	2.006795311706197893e+01	1.983959871891819304e+01	1.965466908989576567e+01	1.991797703245255136e+01	1.869691167075066929e+01	1.990293642916305927e+01	1.968734316801197082e+01	1.997378243856979907e+01	1.923082210979714191e+01	1.917935125167472421e+01	1.965284581577959599e+01	1.975207456914224480e+01	2.001579530479653712e+01	1.948327555821346024e+01	1.964903633076015765e+01	2.020576014980877844e+01	2.017067746593604483e+01	1.981473896554499703e+01	2.971608283455102395e+01	1.950495822554347569e+01	1.966337476562353714e+01	1.962911832549722746e+01	2.026291172000325957e+01	1.972410899698493481e+01	1.988877368429065839e+01	1.996720243036291720e+01	1.970892051947253165e+01	1.979962106875428418e+01	1.956089732080463861e+01	1.966099059655016035e+01	1.974372179322162424e+01	1.967466621088666656e+01	2.053900445010970444e+01	1.952482852766455679e+01	1.976930134637222025e+01	1.993836654046073065e+01	2.088517461890022986e+01
