2.930869273666802854e+01	1.996197407647806799e+01	1.959320051008699437e+01	2.056062591152311114e+01	1.994212798293025912e+01	1.997755047495022040e+01	2.005296046454766667e+01	2.044624217895520246e+01	1.990199392879550899e+01	2.027820710751719346e+01	2.003313264076529521e+01	1.982978865007123304e+01	2.059973228135345380e+01	1.965357310614205133e+01	2.042892939850062106e+01	2.016408859678554322e+01	1.996496609072981343e+01	2.001520563300788069e+01	2.022246962973385109e+01	2.002078844615088116e+01	1.950628937331280000e+01	2.035620677706414483e+01	2.011230090588492558e+01	1.983032908443577824e+01	2.027331564730431879e+01	1.999381340346106128e+01	1.981302629914837610e+01	2.080451330610577543e+01	2.015231446111334179e+01	1.954197632296942544e+01	1.986757781010074453e+01	2.019157960402723972e+01	2.001222015804484045e+01	1.964270112814948988e+01	1.935709885741673375e+01	1.990077668533405841e+01	2.077477204702448077e+01	1.957316093515702349e+01	2.028360164990048276e+01	1.973345926270993189e+01	2.013022547212739966e+01	1.999171835862365398e+01	1.966900204935004126e+01	2.042470196423463591e+01	2.015092563026415107e+01	1.995203166618099999e+01	1.954567146457782911e+01	2.056853501806356732e+01	2.003770112801447922e+01	2.061322782775007667e+01
1.996197407647806799e+01	2.976045885187465601e+01	1.954808695488236481e+01	2.020340381884549785e+01	2.004227511635513537e+01	1.952726794515044162e+01	2.015617476239778583e+01	2.047356838530523859e+01	1.981169957600998544e+01	2.025267271097620636e+01	1.950577670436129551e+01	1.968185875124935791e+01	2.073679790252067079e+01	1.983297651604798872e+01	2.003078428271568967e+01	2.013696556804642768e+01	1.931699294621514795e+01	1.983293562251921927e+01	2.061235103528637325e+01	1.989801645296834565e+01	1.964614536528502242e+01	2.047581171296361191e+01	2.056750362832353574e+01	1.961149372044585348e+01	2.023304240817805777e+01	1.972757107354173556e+01	2.013582731645269064e+01	2.049176466177048894e+01	2.016325755512536944e+01	1.919489662263051599e+01	1.965890805995628909e+01	2.014965576142917314e+01	1.964853721559180499e+01	1.907407911063546635e+01	1.964149862468646646e+01	1.980963923719136588e+01	1.995638510359521334e+01	1.967598095206983189e+01	2.022189714052404597e+01	2.021638767811325721e+01	2.007547941792517676e+01	1.950788294471933426e+01	2.002330687475335935e+01	2.040167471327968585e+01	1.985103949583389848e+01	1.992113612309347559e+01	1.946668168851767433e+01	1.998313322990051333e+01	2.012261111778582645e+01	2.003575004070163956e+01
1.959320051008699437e+01	1.954808695488236481e+01	2.884558245961978784e+01	2.003640409677729650e+01	1.966944145121797405e+01	1.952634158360638850e+01	1.932566352978778568e+01	1.998152861484619791e+01	1.974362928545004081e+01	2.016697194892414302e+01	1.918030361164002784e+01	1.965377522276871858e+01	2.015209091550855902e+01	1.930238209804095817e+01	2.067601946456105821e+01	1.991419848158193417e+01	1.933511865932524998e+01	1.965489750480904263e+01	2.008005248048683811e+01	1.953553857668935123e+01	1.974577704881249929e+01	2.002733647263845995e+01	1.975409937665821047e+01	1.977088244609165812e+01	2.030150580364913893e+01	1.974017527732701183e+01	1.993288506505086488e+01	2.022573273050628728e+01	1.999321874602778237e+01	1.916359857460810900e+01	1.963527072010724339e+01	1.981107751381994930e+01	1.982983776894875660e+01	1.933528408165160073e+01	1.929100502187560551e+01	1.927779096078085885e+01	1.992600581694559381e+01	1.949264434839603055e+01	1.977104186894485949e+01	1.982112765026498025e+01	1.966922837720250072e+01	1.977732573899881530e+01	1.946622784077780821e+01	2.032517905310281492e+01	1.934632789477460690e+01	2.013220340383480433e+01	1.974743532563437398e+01	1.963744035137165511e+01	1.995764109419342702e+01	1.987444117621513229e+01
2.056062591152311114e+01	2.020340381884549785e+01	2.003640409677729650e+01	3.045767661409920635e+01	2.017748954420802932e+01	2.053085334407792928e+01	2.016992402743997559e+01	2.072017719412411196e+01	2.037346461254717411e+01	2.094623342682436729e+01	2.004419200728229455e+01	2.048764002961941344e+01	2.075631217584534127e+01	2.014355371301891395e+01	2.097105685674074493e+01	2.038636751198197672e+01	2.014897682380167510e+01	2.046657083658770659e+01	2.084176184995271797e+01	2.046875732339468712e+01	2.051654287474373817e+01	2.052548160221799733e+01	2.042975861941724247e+01	2.020503340883422183e+01	2.043274149668526007e+01	2.030457268420223826e+01	2.009789887264905417e+01	2.133469237881719494e+01	2.038956861279288901e+01	1.998400722583892986e+01	2.011681402427540988e+01	2.063899537491552394e+01	2.021181411793549998e+01	1.968792821955461747e+01	2.034035409676738126e+01	2.032630826320815842e+01	2.043077174147791553e+01	2.042498337347638682e+01	2.043759425072222413e+01	2.064063038237140191e+01	2.045148261462353645e+01	2.032657411137004289e+01	2.049517854102017722e+01	2.046569071371392212e+01	2.049407032894663772e+01	2.034178679774920084e+01	1.986333470359305764e+01	2.076253354938680218e+01	2.073519777133870789e+01	2.120021939651904219e+01
1.994212798293025912e+01	2.004227511635513537e+01	1.966944145121797405e+01	2.017748954420802932e+01	2.989188507958104069e+01	2.015310608676993098e+01	1.989223851791175335e+01	2.076872899070225387e+01	1.987562184564395906e+01	2.058656112466249866e+01	1.969609582703929007e+01	1.997126755295156286e+01	2.046795341099117493e+01	1.955741894158146010e+01	2.051504023880376693e+01	2.030794756401390089e+01	2.006494235464004916e+01	2.010291999295613152e+01	2.013729004766751629e+01	2.021597911432282046e+01	1.978613259959864834e+01	2.034007828920808336e+01	2.032581358403822591e+01	1.994536458246673050e+01	2.058315228821654230e+01	1.981464523266110689e+01	1.982768168677459641e+01	2.067418681440101835e+01	2.034479248699884124e+01	1.966191511493289568e+01	2.011957041060188800e+01	1.996357378550350603e+01	1.978963668301997458e+01	1.964724530675836789e+01	1.973959912813544904e+01	1.973184474640761366e+01	2.062825191727115737e+01	1.992407337819234669e+01	2.073719199609217867e+01	2.047210519163370535e+01	2.010921179518541990e+01	1.970606304789522412e+01	2.006841732810041634e+01	2.051014336240696778e+01	2.032084538780563676e+01	2.045044398834718180e+01	1.994857231115910778e+01	1.998097704544584730e+01	1.998474035650085767e+01	2.024459077001601770e+01
1.997755047495022040e+01	1.952726794515044162e+01	1.952634158360638850e+01	2.053085334407792928e+01	2.015310608676993098e+01	2.936012305023465174e+01	1.971091646955697385e+01	2.031706649068044257e+01	1.996378625444134158e+01	2.016421512932965143e+01	1.971362869853750865e+01	2.013983123787118501e+01	2.027547781856640796e+01	1.971930988288676900e+01	1.994626694198320038e+01	1.992317360287395900e+01	1.937250837089641209e+01	1.950582921925751023e+01	2.052768079742814678e+01	2.041975326999903828e+01	1.948770067285770935e+01	1.981804769250750198e+01	2.015601809313215043e+01	1.980316454566034423e+01	2.009955191329919089e+01	1.987760199990255927e+01	1.969768312541019384e+01	2.054662530777923379e+01	1.994111380763942165e+01	1.933930475610783262e+01	1.963372957030876620e+01	1.970794393483810225e+01	1.957692534285677510e+01	1.979323717360307811e+01	1.983255749084031194e+01	1.976686480439330751e+01	2.018371930417880478e+01	1.975903538237908563e+01	2.043044413753559141e+01	2.021108263388607185e+01	2.009133153550997619e+01	2.000067700564126127e+01	1.961089382713874940e+01	2.049481039044862385e+01	1.997824286932571525e+01	2.014751986599315359e+01	1.967675787558511402e+01	2.034234801031371376e+01	2.002917958722837000e+01	2.051348726471739425e+01
2.005296046454766667e+01	2.015617476239778583e+01	1.932566352978778568e+01	2.016992402743997559e+01	1.989223851791175335e+01	1.971091646955697385e+01	2.996849710246293697e+01	2.042299868871177182e+01	1.992376616626420116e+01	2.053817880371588345e+01	1.932870373434683131e+01	2.026889789950937271e+01	2.021421257610688116e+01	1.997278857460864288e+01	2.033533752927997895e+01	2.055216853545723410e+01	1.965107314822737195e+01	1.966123570175041735e+01	2.019972123378471451e+01	2.015595486428665950e+01	1.990412243078801779e+01	2.013269420875235127e+01	2.034718324748451224e+01	1.973759681141490319e+01	2.023385282201044433e+01	1.956413141711815484e+01	1.996400566538018140e+01	2.051151499276608803e+01	1.968849577440968091e+01	1.916529835933028991e+01	2.010576637168974656e+01	2.000851876798523676e+01	1.989235836014196579e+01	1.941558964576426760e+01	1.956470961846868661e+01	1.958253871011762470e+01	2.021134583739165080e+01	1.981006630624464648e+01	2.026856174706867364e+01	1.998019044035241620e+01	2.033294127490070835e+01	1.986444187315547438e+01	1.983171698268125027e+01	2.032625279622509851e+01	1.997261962223445764e+01	1.993010644021935818e+01	1.947271720345918666e+01	2.000681710872245489e+01	1.947639447404195678e+01	2.028966334671238769e+01
2.044624217895520246e+01	2.047356838530523859e+01	1.998152861484619791e+01	2.072017719412411196e+01	2.076872899070225387e+01	2.031706649068044257e+01	2.042299868871177182e+01	3.062691425222329755e+01	2.055890485755599428e+01	2.094121049429308812e+01	1.989206859935934801e+01	2.064357292861361159e+01	2.084606607592798255e+01	2.031536075031340260e+01	2.103988052741899750e+01	2.065131651357507891e+01	2.027627303031141182e+01	2.025898692281512581e+01	2.033098633185417015e+01	2.037944070919955664e+01	2.048164275813940449e+01	2.105543779067722809e+01	2.085986589763746579e+01	2.010161599592642645e+01	2.099461169601246979e+01	2.035615759000210190e+01	2.042542584289310170e+01	2.136138521719597350e+01	2.048957844831063468e+01	2.004518546773581633e+01	2.042727380076026478e+01	2.052583416542404393e+01	2.002229116213288407e+01	1.988420611357975076e+01	2.030756751822607598e+01	2.026089633888188146e+01	2.036027254345289350e+01	2.039406253350228226e+01	2.067847497177665161e+01	2.049907838291780138e+01	2.035845902952478070e+01	2.030200988253175609e+01	2.032662937733788056e+01	2.090341174496417054e+01	2.029056404331046437e+01	2.072060349594141826e+01	2.025341886955134285e+01	2.066431960402537982e+01	2.036600302423362407e+01	2.107820806281208448e+01
1.990199392879550899e+01	1.981169957600998544e+01	1.974362928545004081e+01	2.037346461254717411e+01	1.987562184564395906e+01	1.996378625444134158e+01	1.992376616626420116e+01	2.055890485755599428e+01	2.962719550102633193e+01	2.034944993634537980e+01	1.920284667436588322e+01	1.997049302790864189e+01	2.019339751812123041e+01	1.937321263407443084e+01	2.038113891843257974e+01	1.963822953040714481e+01	1.966298812529617734e+01	1.968392189230035427e+01	2.042156566557526887e+01	2.016115005745312772e+01	1.982730976757124708e+01	2.016995314938455408e+01	1.999409065520634243e+01	1.987310980787815140e+01	2.048866313911773673e+01	1.956668546112240392e+01	1.970999213494901525e+01	2.076946332409141149e+01	2.052855899123142080e+01	1.954324858137488619e+01	1.966612363246736805e+01	2.008406787656532799e+01	1.990544453700396232e+01	1.950190098206487832e+01	1.930418949836862907e+01	1.972665907306136290e+01	1.968396922235464785e+01	1.970085513558187884e+01	1.995312508292379761e+01	2.007630433855801755e+01	1.998486083986870554e+01	1.985988641380097519e+01	2.000443456741648873e+01	1.976778916745048065e+01	1.970047272494949553e+01	2.030366930717751472e+01	2.023746001642521009e+01	1.992869563900276830e+01	1.991518531284615534e+01	2.009255569920805939e+01
2.027820710751719346e+01	2.025267271097620636e+01	2.016697194892414302e+01	2.094623342682436729e+01	2.058656112466249866e+01	2.016421512932965143e+01	2.053817880371588345e+01	2.094121049429308812e+01	2.034944993634537980e+01	3.051997566048262911e+01	1.991778966693183506e+01	2.043500762138415894e+01	2.079799092308920194e+01	2.044636955464239847e+01	2.106673842008832054e+01	2.037315270210315177e+01	2.021414344220241688e+01	2.031126879615237968e+01	2.144231546257046972e+01	2.058288773414171047e+01	2.056764305121614456e+01	2.099598176468812838e+01	2.080489059044350597e+01	2.056736518356181165e+01	2.105172192476783266e+01	2.043070484813876320e+01	2.070791904017181295e+01	2.133142646706124523e+01	2.087739184212835042e+01	1.970514919665627218e+01	2.050202157048017071e+01	2.030834977963690946e+01	2.019505668927564557e+01	2.026544094704011911e+01	2.005880533087960416e+01	2.061574715612085740e+01	2.081485135873333903e+01	2.037760741823342059e+01	2.068309231652136759e+01	2.064531584894564631e+01	2.088117648403451909e+01	2.075270507097976136e+01	2.025917869240676339e+01	2.088418526665004293e+01	2.047972090604978845e+01	2.074200509538633241e+01	2.039012591896189264e+01	2.087225519323587974e+01	2.052342702781002259e+01	2.073135220685338354e+01
2.003313264076529521e+01	1.950577670436129551e+01	1.918030361164002784e+01	2.004419200728229455e+01	1.969609582703929007e+01	1.971362869853750865e+01	1.932870373434683131e+01	1.989206859935934801e+01	1.920284667436588322e+01	1.991778966693183506e+01	2.876049137438815251e+01	1.959955727050714103e+01	2.004355726068793686e+01	1.994489355876755354e+01	1.966086622783178939e+01	1.942232940647387451e+01	1.916688240665392584e+01	1.960552358684623186e+01	2.050750081079216613e+01	1.995079151524827665e+01	1.960179595367980454e+01	2.030334284009289547e+01	1.981649738403778827e+01	1.946512063657672797e+01	2.005719670677550681e+01	1.953862331945963504e+01	1.969435653921680540e+01	2.087264553012920842e+01	1.955834156970366067e+01	1.951184362227527913e+01	1.963697835294364324e+01	1.966022096761715332e+01	1.936829305176452820e+01	1.906266382000825388e+01	1.947041427953683979e+01	1.966525870121217423e+01	1.985612858553975713e+01	1.972981088401439465e+01	2.009355939708322936e+01	1.912285002515239896e+01	1.999600685130005573e+01	2.014570704556374281e+01	1.961126940938330065e+01	1.986551326386985750e+01	1.960577138943577324e+01	1.962178938783184634e+01	1.942383087730858549e+01	1.989279565048414256e+01	1.994525072766917617e+01	2.002562239625290275e+01
1.982978865007123304e+01	1.968185875124935791e+01	1.965377522276871858e+01	2.048764002961941344e+01	1.997126755295156286e+01	2.013983123787118501e+01	2.026889789950937271e+01	2.064357292861361159e+01	1.997049302790864189e+01	2.043500762138415894e+01	1.959955727050714103e+01	2.964396911195867546e+01	2.036897844560708037e+01	2.026772791773344551e+01	2.034482646064425282e+01	2.025024340064602058e+01	2.000378099275789268e+01	1.990046006412332247e+01	2.087039440603988893e+01	2.024464883192337084e+01	1.977432977726932251e+01	2.044638734973578664e+01	2.019923500757754198e+01	1.970545451281899574e+01	2.062733287737091459e+01	2.020584172859828698e+01	2.017856008046029714e+01	2.107026154297052400e+01	2.002134783429654519e+01	1.963754466842057411e+01	2.002211618002282023e+01	1.994210595369239414e+01	2.030924091142165722e+01	1.945425883347751039e+01	2.025772759913285270e+01	1.953538328166361993e+01	2.062926453650412029e+01	1.962706866592000310e+01	2.031114276289131837e+01	1.965277175264647624e+01	2.035208722250304092e+01	2.014747677015778393e+01	2.004656983902079403e+01	2.065643765348206173e+01	2.016744742418541136e+01	2.028551973010501186e+01	2.002236717892481721e+01	2.022609386055856362e+01	1.967066414604373392e+01	2.013952171491387233e+01
2.059973228135345380e+01	2.073679790252067079e+01	2.015209091550855902e+01	2.075631217584534127e+01	2.046795341099117493e+01	2.027547781856640796e+01	2.021421257610688116e+01	2.084606607592798255e+01	2.019339751812123041e+01	2.079799092308920194e+01	2.004355726068793686e+01	2.036897844560708037e+01	3.066908692803618308e+01	2.047102486159279877e+01	2.082776157409394102e+01	2.058214762307936496e+01	2.038012562875135458e+01	2.020257469190823585e+01	2.096317516876439058e+01	2.044331745755341601e+01	1.997618208489510039e+01	2.134787669534270904e+01	2.071694212571059523e+01	2.005451929475621498e+01	2.092003555088674460e+01	2.041954906087937616e+01	2.050803973931906299e+01	2.098778645177658220e+01	2.053267862719651760e+01	1.983016701608766041e+01	2.006528556835241517e+01	2.102236225558637273e+01	2.061346460789338408e+01	2.036947528527041840e+01	2.028052986857580109e+01	2.074169334800213349e+01	2.073125225129860638e+01	2.011250188537572114e+01	2.083589890855408555e+01	2.103842360950058676e+01	2.062793250169655224e+01	2.039761648236136793e+01	2.030304969319874431e+01	2.116228971928602220e+01	2.051235685290053823e+01	2.050877445830180434e+01	2.018197657699737846e+01	2.055523285396757416e+01	2.058363104725685133e+01	2.081711163079435423e+01
1.965357310614205133e+01	1.983297651604798872e+01	1.930238209804095817e+01	2.014355371301891395e+01	1.955741894158146010e+01	1.971930988288676900e+01	1.997278857460864288e+01	2.031536075031340260e+01	1.937321263407443084e+01	2.044636955464239847e+01	1.994489355876755354e+01	2.026772791773344551e+01	2.047102486159279877e+01	2.957148950512816654e+01	2.042287470857640130e+01	1.967007243574814268e+01	1.938128559637532433e+01	1.995835692439334608e+01	2.054581087714739240e+01	2.017129747584009181e+01	1.988882531513782226e+01	2.003463916045947002e+01	2.009085310004179448e+01	1.991419969558936032e+01	2.029927256458904239e+01	1.946693082946257647e+01	1.956026240863822707e+01	2.073790722695562039e+01	2.020194276268910372e+01	1.933416426732255999e+01	1.978408242707108755e+01	1.981163695448155693e+01	1.969729106975936617e+01	1.980186971123690753e+01	1.975937349677114696e+01	1.974455438607470015e+01	2.017919432623754972e+01	2.020001256811779911e+01	2.033592260103427307e+01	1.982480603966447674e+01	1.990844722746458828e+01	1.986724150936754540e+01	1.993530978572365697e+01	2.028086466799365795e+01	1.980738400003389543e+01	1.995054215301117395e+01	1.930625606949906725e+01	2.017808936579950085e+01	1.985375000205403495e+01	2.020670463612087175e+01
2.042892939850062106e+01	2.003078428271568967e+01	2.067601946456105821e+01	2.097105685674074493e+01	2.051504023880376693e+01	1.994626694198320038e+01	2.033533752927997895e+01	2.103988052741899750e+01	2.038113891843257974e+01	2.106673842008832054e+01	1.966086622783178939e+01	2.034482646064425282e+01	2.082776157409394102e+01	2.042287470857640130e+01	3.083473552297888887e+01	2.033396609459159166e+01	2.037579193212251027e+01	2.033961094828088534e+01	2.095509543681139419e+01	2.069957135861412212e+01	2.041125432659056571e+01	2.080871633944766330e+01	2.058711007391839232e+01	2.009091354178132605e+01	2.069124740218223479e+01	1.996475796713855999e+01	2.026742456771324541e+01	2.144194667981409808e+01	2.046323529296242327e+01	2.020827611326871320e+01	2.048865965522635335e+01	2.028067966695012103e+01	2.028678551207609004e+01	2.020491789495567048e+01	2.037126636151580428e+01	2.073691261268868402e+01	2.107861646209845219e+01	2.038603378411287892e+01	2.094595753042486308e+01	2.076670479015320581e+01	2.024410501560633335e+01	2.060831120127287974e+01	2.005502321787069420e+01	2.078137828007454146e+01	2.101479532832809838e+01	2.050765423807570187e+01	1.991043375669942961e+01	2.079684839463444135e+01	2.035350405562037679e+01	2.089226462364817749e+01
2.016408859678554322e+01	2.013696556804642768e+01	1.991419848158193417e+01	2.038636751198197672e+01	2.030794756401390089e+01	1.992317360287395900e+01	2.055216853545723410e+01	2.065131651357507891e+01	1.963822953040714481e+01	2.037315270210315177e+01	1.942232940647387451e+01	2.025024340064602058e+01	2.058214762307936496e+01	1.967007243574814268e+01	2.033396609459159166e+01	2.962201033630934788e+01	1.971650613798994911e+01	2.053250900180404415e+01	2.041118263599114968e+01	2.024425476522877432e+01	2.005863573089411034e+01	2.051611722837080265e+01	2.071237522375755447e+01	2.015026386967231176e+01	2.083691071850344301e+01	1.993344459320361040e+01	1.988083432661894889e+01	2.080414718794261120e+01	2.029164104349595377e+01	1.922443102610240118e+01	2.037733006906046285e+01	1.999857508055117705e+01	1.976426871567449695e+01	1.941126354643497720e+01	2.000897649292678437e+01	1.949777653116210985e+01	2.042081510579878056e+01	2.011115237960775914e+01	2.014966666894088831e+01	1.989846516320614711e+01	2.030649574764971987e+01	2.015361231942502940e+01	1.994546397941299887e+01	2.050917777137346931e+01	2.020512033547065300e+01	2.019023907398256412e+01	1.989190907401377117e+01	2.013166584823985161e+01	2.009703246929726106e+01	2.030039571333580284e+01
1.996496609072981343e+01	1.931699294621514795e+01	1.933511865932524998e+01	2.014897682380167510e+01	2.006494235464004916e+01	1.937250837089641209e+01	1.965107314822737195e+01	2.027627303031141182e+01	1.966298812529617734e+01	2.021414344220241688e+01	1.916688240665392584e+01	2.000378099275789268e+01	2.038012562875135458e+01	1.938128559637532433e+01	2.037579193212251027e+01	1.971650613798994911e+01	2.939009054500280271e+01	1.996119954170518440e+01	2.019698486970938234e+01	1.954733543922785444e+01	1.982444027849573587e+01	2.025301875000220875e+01	2.023900294017791524e+01	1.977558166930846539e+01	2.056360171886298005e+01	1.922215082106546902e+01	1.959150370566529986e+01	2.044367724912910234e+01	1.990831805204938121e+01	1.901380938811782784e+01	2.003512507268103349e+01	2.033362582626005377e+01	2.005607293189697771e+01	1.959874691595657836e+01	1.967714348736573271e+01	1.961202922077685784e+01	2.026067317493369302e+01	2.009990310315516027e+01	2.042482397926374915e+01	1.961758320018034851e+01	2.002296475122222219e+01	2.018955637590799412e+01	1.978679497691427613e+01	2.014815091174641637e+01	2.021171352213406536e+01	1.999890913502447276e+01	1.964830925237355785e+01	2.007573375240529145e+01	2.015856909226884142e+01	1.980322667497226519e+01
2.001520563300788069e+01	1.983293562251921927e+01	1.965489750480904263e+01	2.046657083658770659e+01	2.010291999295613152e+01	1.950582921925751023e+01	1.966123570175041735e+01	2.025898692281512581e+01	1.968392189230035427e+01	2.031126879615237968e+01	1.960552358684623186e+01	1.990046006412332247e+01	2.020257469190823585e+01	1.995835692439334608e+01	2.033961094828088534e+01	2.053250900180404415e+01	1.996119954170518440e+01	2.953362017691918595e+01	2.021539003013289459e+01	2.035662488020975758e+01	1.980602632880043146e+01	2.007379209067979886e+01	2.018140330236849422e+01	1.994516482674642788e+01	2.064814714488545988e+01	1.962550671319944584e+01	1.980666697788408115e+01	2.113425702358196645e+01	1.993184874924219230e+01	1.998225378268396923e+01	2.010024408465677226e+01	2.019093373461071650e+01	2.011612197741801467e+01	1.969783754074794047e+01	2.008819299272159853e+01	2.008470500963945682e+01	2.038434253353221948e+01	1.987198883975053931e+01	2.017120317497161253e+01	1.985436240140943198e+01	2.023734787433334859e+01	2.012643084592594889e+01	1.935920420205559012e+01	2.043290107127154798e+01	2.024863944057818443e+01	1.995663472465960098e+01	1.992525501188013592e+01	2.007606447961602214e+01	2.032577948578248694e+01	2.055681177086913536e+01
2.022246962973385109e+01	2.061235103528637325e+01	2.008005248048683811e+01	2.084176184995271797e+01	2.013729004766751629e+01	2.052768079742814678e+01	2.019972123378471451e+01	2.033098633185417015e+01	2.042156566557526887e+01	2.144231546257046972e+01	2.050750081079216613e+01	2.087039440603988893e+01	2.096317516876439058e+01	2.054581087714739240e+01	2.095509543681139419e+01	2.041118263599114968e+01	2.019698486970938234e+01	2.021539003013289459e+01	3.111176810906152213e+01	2.082769056761931026e+01	2.039009621382334814e+01	2.085638744312123904e+01	2.112484688314115289e+01	2.067504748244642698e+01	2.109338573360456337e+01	2.064818255658047264e+01	2.060300385656427125e+01	2.124698254328798086e+01	2.027532871110948776e+01	1.988240190103249461e+01	2.015057104744482430e+01	2.034055200397314422e+01	2.008763694085086371e+01	2.004353604276793988e+01	2.017163959503761106e+01	2.005528844204205896e+01	2.104358182607537842e+01	2.037130952428177366e+01	2.075337569771901158e+01	2.081573865182421201e+01	2.056614808537792172e+01	2.042543563550442087e+01	2.066261721333048484e+01	2.060407439062341339e+01	2.044851038340095783e+01	2.031734116052076189e+01	2.009784414099474148e+01	2.069832075356785950e+01	2.062819980804426123e+01	2.046449523228316991e+01
2.002078844615088116e+01	1.989801645296834565e+01	1.953553857668935123e+01	2.046875732339468712e+01	2.021597911432282046e+01	2.041975326999903828e+01	2.015595486428665950e+01	2.037944070919955664e+01	2.016115005745312772e+01	2.058288773414171047e+01	1.995079151524827665e+01	2.024464883192337084e+01	2.044331745755341601e+01	2.017129747584009181e+01	2.069957135861412212e+01	2.024425476522877432e+01	1.954733543922785444e+01	2.035662488020975758e+01	2.082769056761931026e+01	3.011573363591732999e+01	1.985291448383170732e+01	2.009759119826715690e+01	2.039864140734155384e+01	2.007281311807090773e+01	2.041387178666630575e+01	1.989469977849272553e+01	2.015896455473517079e+01	2.102801458099830967e+01	2.024477141917504142e+01	1.974062281372655647e+01	1.983627551855144588e+01	1.959534161198085300e+01	2.000781913682772384e+01	1.958231940575094043e+01	1.961189693424633163e+01	2.004657069809179504e+01	2.042829594040643926e+01	2.015816398074750282e+01	2.044373894694485472e+01	2.016001770295340378e+01	2.025846343682695405e+01	2.009338419199040260e+01	2.016552375223478322e+01	2.040549152701177604e+01	2.068877149237295043e+01	2.017864783877518775e+01	1.965415682007882836e+01	2.027235386511576820e+01	2.000445883996491858e+01	2.039539885723805313e+01
1.950628937331280000e+01	1.964614536528502242e+01	1.974577704881249929e+01	2.051654287474373817e+01	1.978613259959864834e+01	1.948770067285770935e+01	1.990412243078801779e+01	2.048164275813940449e+01	1.982730976757124708e+01	2.056764305121614456e+01	1.960179595367980454e+01	1.977432977726932251e+01	1.997618208489510039e+01	1.988882531513782226e+01	2.041125432659056571e+01	2.005863573089411034e+01	1.982444027849573587e+01	1.980602632880043146e+01	2.039009621382334814e+01	1.985291448383170732e+01	2.993820927510818564e+01	1.981920085600997794e+01	2.022111577489369694e+01	1.939296089561274883e+01	2.059131692483229514e+01	1.990475584947693477e+01	1.974422249372704385e+01	2.046661267720068267e+01	2.026136019110498410e+01	1.945605125699832527e+01	2.002885568475149114e+01	2.059607884508454845e+01	1.997063061144572416e+01	1.958057522593643895e+01	1.937743316350890765e+01	1.974728416542806642e+01	2.016694512626225233e+01	1.967638554987543031e+01	2.007784675849121925e+01	1.996532711755943268e+01	2.042342246795632121e+01	1.990132895024901316e+01	1.958751542994364669e+01	2.013100518373608594e+01	1.981677977682984348e+01	2.007500300981390851e+01	1.914365285579602372e+01	2.023958723046547803e+01	2.003240274227498929e+01	2.029401364831493382e+01
2.035620677706414483e+01	2.047581171296361191e+01	2.002733647263845995e+01	2.052548160221799733e+01	2.034007828920808336e+01	1.981804769250750198e+01	2.013269420875235127e+01	2.105543779067722809e+01	2.016995314938455408e+01	2.099598176468812838e+01	2.030334284009289547e+01	2.044638734973578664e+01	2.134787669534270904e+01	2.003463916045947002e+01	2.080871633944766330e+01	2.051611722837080265e+01	2.025301875000220875e+01	2.007379209067979886e+01	2.085638744312123904e+01	2.009759119826715690e+01	1.981920085600997794e+01	3.077289495322974133e+01	2.079406474917416503e+01	2.042997629013194683e+01	2.087855665785890480e+01	2.053153684521851474e+01	2.054806190305008329e+01	2.107774691810035961e+01	2.044255681374588818e+01	2.006601684888966020e+01	2.046183232763348059e+01	2.051492081380161991e+01	2.027545241981462709e+01	2.017480713948713955e+01	2.026897158856477077e+01	2.011784446903762813e+01	2.070743159128639377e+01	2.027552736154889246e+01	2.038157468207272771e+01	2.040185288427511523e+01	2.041301606437246363e+01	2.016112011691249961e+01	2.049129945455051427e+01	2.080526175811063538e+01	2.005507930713514142e+01	1.995564150971399542e+01	2.036308952952666118e+01	2.067850371976145496e+01	2.066363359265197630e+01	2.072562574533828794e+01
2.011230090588492558e+01	2.056750362832353574e+01	1.975409937665821047e+01	2.042975861941724247e+01	2.032581358403822591e+01	2.015601809313215043e+01	2.034718324748451224e+01	2.085986589763746579e+01	1.999409065520634243e+01	2.080489059044350597e+01	1.981649738403778827e+01	2.019923500757754198e+01	2.071694212571059523e+01	2.009085310004179448e+01	2.058711007391839232e+01	2.071237522375755447e+01	2.023900294017791524e+01	2.018140330236849422e+01	2.112484688314115289e+01	2.039864140734155384e+01	2.022111577489369694e+01	2.079406474917416503e+01	3.057769120628608306e+01	2.015593074211866664e+01	2.101886425744993048e+01	1.984873136340199551e+01	2.018151171333677141e+01	2.111506235461327563e+01	2.048206378110020154e+01	1.970337129562214784e+01	2.021260148671099444e+01	2.021895798019747659e+01	2.029673722572891492e+01	1.966591264957821394e+01	2.011107001730096044e+01	2.009420025738955218e+01	2.069485841148295435e+01	2.013405904533848556e+01	2.086244868678145892e+01	2.012623215542826216e+01	2.054718833273871326e+01	2.055140804347721684e+01	2.017279504843182636e+01	2.100896847557347158e+01	2.019031292182497950e+01	2.051822123797886732e+01	2.004834587552707603e+01	2.034212860933979172e+01	2.046009658137301201e+01	2.063906932721466703e+01
1.983032908443577824e+01	1.961149372044585348e+01	1.977088244609165812e+01	2.020503340883422183e+01	1.994536458246673050e+01	1.980316454566034423e+01	1.973759681141490319e+01	2.010161599592642645e+01	1.987310980787815140e+01	2.056736518356181165e+01	1.946512063657672797e+01	1.970545451281899574e+01	2.005451929475621498e+01	1.991419969558936032e+01	2.009091354178132605e+01	2.015026386967231176e+01	1.977558166930846539e+01	1.994516482674642788e+01	2.067504748244642698e+01	2.007281311807090773e+01	1.939296089561274883e+01	2.042997629013194683e+01	2.015593074211866664e+01	2.965433442585300128e+01	2.045328636751333562e+01	1.963140590408393393e+01	1.966806350036404893e+01	2.059305141030650788e+01	1.991231471556053023e+01	1.966829052275648948e+01	1.972017545114190895e+01	1.988857603942886598e+01	1.969451051200974234e+01	1.933856923834815689e+01	1.958864738009342332e+01	1.922513767930988138e+01	1.992765609518134440e+01	1.956675911163114634e+01	2.044339927868818663e+01	1.970029646474007734e+01	1.967770413326718071e+01	1.942060720080848313e+01	1.983577688711372389e+01	2.019494970288670643e+01	2.011986804468050494e+01	2.003505544489241075e+01	1.944544864450281807e+01	2.001358568067880839e+01	2.002368810260656673e+01	2.063826048530458834e+01
2.027331564730431879e+01	2.023304240817805777e+01	2.030150580364913893e+01	2.043274149668526007e+01	2.058315228821654230e+01	2.009955191329919089e+01	2.023385282201044433e+01	2.099461169601246979e+01	2.048866313911773673e+01	2.105172192476783266e+01	2.005719670677550681e+01	2.062733287737091459e+01	2.092003555088674460e+01	2.029927256458904239e+01	2.069124740218223479e+01	2.083691071850344301e+01	2.056360171886298005e+01	2.064814714488545988e+01	2.109338573360456337e+01	2.041387178666630575e+01	2.059131692483229514e+01	2.087855665785890480e+01	2.101886425744993048e+01	2.045328636751333562e+01	3.044130165204597205e+01	2.050008836777947252e+01	2.063320680804070761e+01	2.113112743337349997e+01	2.043381456687624720e+01	2.045584321856625465e+01	2.060162762222891430e+01	2.081066928662118087e+01	2.044865005143985925e+01	1.988877353060770403e+01	2.025608580521980073e+01	2.024465197305899622e+01	2.064635732201785601e+01	2.044042274176098672e+01	2.094757916055203495e+01	2.075544172305600554e+01	2.082678097827980324e+01	2.073247839566212392e+01	2.028860248417504408e+01	2.084622744112727588e+01	2.036572903965656067e+01	2.072261229359773793e+01	2.054986072389878871e+01	2.075511631250273936e+01	2.070352372278152941e+01	2.073752858406349020e+01
1.999381340346106128e+01	1.972757107354173556e+01	1.974017527732701183e+01	2.030457268420223826e+01	1.981464523266110689e+01	1.987760199990255927e+01	1.956413141711815484e+01	2.035615759000210190e+01	1.956668546112240392e+01	2.043070484813876320e+01	1.953862331945963504e+01	2.020584172859828698e+01	2.041954906087937616e+01	1.946693082946257647e+01	1.996475796713855999e+01	1.993344459320361040e+01	1.922215082106546902e+01	1.962550671319944584e+01	2.064818255658047264e+01	1.989469977849272553e+01	1.990475584947693477e+01	2.053153684521851474e+01	1.984873136340199551e+01	1.963140590408393393e+01	2.050008836777947252e+01	2.922893505159489180e+01	1.952556610565915207e+01	2.034719221851005244e+01	2.006417885912846444e+01	1.938858472301097180e+01	1.987306211824430591e+01	1.976243081381547384e+01	1.944082421727649646e+01	1.954948586771119423e+01	1.963212263187444862e+01	1.968238361928743529e+01	2.015065233444148163e+01	1.971101995424497488e+01	2.015435978625995617e+01	2.009560721657344473e+01	2.004200484419586203e+01	1.944301475359861442e+01	1.970690682159056450e+01	2.030625164005721217e+01	2.014704028191711416e+01	1.994775647078784075e+01	1.960744982017633475e+01	1.998906958086290331e+01	1.993741830295773809e+01	2.005802908859838496e+01
1.981302629914837610e+01	2.013582731645269064e+01	1.993288506505086488e+01	2.009789887264905417e+01	1.982768168677459641e+01	1.969768312541019384e+01	1.996400566538018140e+01	2.042542584289310170e+01	1.970999213494901525e+01	2.070791904017181295e+01	1.969435653921680540e+01	2.017856008046029714e+01	2.050803973931906299e+01	1.956026240863822707e+01	2.026742456771324541e+01	1.988083432661894889e+01	1.959150370566529986e+01	1.980666697788408115e+01	2.060300385656427125e+01	2.015896455473517079e+01	1.974422249372704385e+01	2.054806190305008329e+01	2.018151171333677141e+01	1.966806350036404893e+01	2.063320680804070761e+01	1.952556610565915207e+01	2.986293565243239811e+01	2.082091322075934769e+01	2.040974634047839942e+01	1.942852986728642151e+01	2.021942837806476589e+01	2.012292158354695459e+01	1.973286637215961647e+01	1.938902902755438618e+01	1.998527857962731957e+01	1.963670695119585474e+01	2.022206176259494015e+01	1.992771084402466997e+01	2.034720418882063697e+01	2.036279267616408362e+01	2.026088785118045621e+01	2.017388796448978638e+01	1.998966188743878902e+01	2.040261375710863589e+01	2.000165812708622681e+01	2.020400386064324039e+01	2.010161598545778361e+01	2.018650586448404027e+01	2.013331685596682519e+01	1.993403096186561285e+01
2.080451330610577543e+01	2.049176466177048894e+01	2.022573273050628728e+01	2.133469237881719494e+01	2.067418681440101835e+01	2.054662530777923379e+01	2.051151499276608803e+01	2.136138521719597350e+01	2.076946332409141149e+01	2.133142646706124523e+01	2.087264553012920842e+01	2.107026154297052400e+01	2.098778645177658220e+01	2.073790722695562039e+01	2.144194667981409808e+01	2.080414718794261120e+01	2.044367724912910234e+01	2.113425702358196645e+01	2.124698254328798086e+01	2.102801458099830967e+01	2.046661267720068267e+01	2.107774691810035961e+01	2.111506235461327563e+01	2.059305141030650788e+01	2.113112743337349997e+01	2.034719221851005244e+01	2.082091322075934769e+01	3.124830939384263573e+01	2.078657295164314078e+01	2.064243522066860947e+01	2.090564954544291609e+01	2.115797622730712035e+01	2.074702291013575461e+01	2.040352442353968598e+01	2.083319734881764873e+01	2.089376008464927281e+01	2.110930067247709019e+01	2.034454975248059228e+01	2.082450455982919379e+01	2.058666576871663167e+01	2.114526270068042990e+01	2.088094746735247043e+01	2.066406352532924018e+01	2.120787682659167928e+01	2.116811192575220701e+01	2.107112364770654978e+01	2.047069981785395854e+01	2.078482324422787642e+01	2.128687555986740776e+01	2.126603164770422438e+01
2.015231446111334179e+01	2.016325755512536944e+01	1.999321874602778237e+01	2.038956861279288901e+01	2.034479248699884124e+01	1.994111380763942165e+01	1.968849577440968091e+01	2.048957844831063468e+01	2.052855899123142080e+01	2.087739184212835042e+01	1.955834156970366067e+01	2.002134783429654519e+01	2.053267862719651760e+01	2.020194276268910372e+01	2.046323529296242327e+01	2.029164104349595377e+01	1.990831805204938121e+01	1.993184874924219230e+01	2.027532871110948776e+01	2.024477141917504142e+01	2.026136019110498410e+01	2.044255681374588818e+01	2.048206378110020154e+01	1.991231471556053023e+01	2.043381456687624720e+01	2.006417885912846444e+01	2.040974634047839942e+01	2.078657295164314078e+01	3.003244828983702419e+01	1.959802657910801571e+01	2.004765313116928738e+01	2.031665822297512136e+01	1.983327414430449309e+01	1.975075475243091105e+01	1.959881303844546707e+01	1.986331575882638489e+01	2.033599954270458454e+01	1.980536367203729853e+01	2.038239005048799868e+01	2.023723026616582032e+01	2.028080997502889460e+01	2.021229555515971299e+01	2.029537484948659909e+01	2.049185948690277215e+01	1.996869279525380847e+01	2.062510836138509163e+01	1.982795094203031638e+01	2.045616361827847740e+01	2.024366535699972403e+01	2.053102564581445932e+01
1.954197632296942544e+01	1.919489662263051599e+01	1.916359857460810900e+01	1.998400722583892986e+01	1.966191511493289568e+01	1.933930475610783262e+01	1.916529835933028991e+01	2.004518546773581633e+01	1.954324858137488619e+01	1.970514919665627218e+01	1.951184362227527913e+01	1.963754466842057411e+01	1.983016701608766041e+01	1.933416426732255999e+01	2.020827611326871320e+01	1.922443102610240118e+01	1.901380938811782784e+01	1.998225378268396923e+01	1.988240190103249461e+01	1.974062281372655647e+01	1.945605125699832527e+01	2.006601684888966020e+01	1.970337129562214784e+01	1.966829052275648948e+01	2.045584321856625465e+01	1.938858472301097180e+01	1.942852986728642151e+01	2.064243522066860947e+01	1.959802657910801571e+01	2.863838680126490388e+01	1.965294380845217148e+01	1.963277779680201007e+01	1.946941976447353895e+01	1.928755845413287773e+01	1.936683097711273760e+01	1.969915730506017226e+01	2.008496047783065563e+01	1.962510979047786464e+01	1.992973362039700547e+01	1.957965083529730776e+01	1.990971597316626784e+01	1.942802316547061636e+01	1.970300767511641027e+01	2.022721783531853035e+01	1.963433679231641804e+01	1.989321346317335681e+01	1.953448169942558010e+01	1.967795363270240472e+01	2.002449959917442257e+01	1.994563181745242275e+01
1.986757781010074453e+01	1.965890805995628909e+01	1.963527072010724339e+01	2.011681402427540988e+01	2.011957041060188800e+01	1.963372957030876620e+01	2.010576637168974656e+01	2.042727380076026478e+01	1.966612363246736805e+01	2.050202157048017071e+01	1.963697835294364324e+01	2.002211618002282023e+01	2.006528556835241517e+01	1.978408242707108755e+01	2.048865965522635335e+01	2.037733006906046285e+01	2.003512507268103349e+01	2.010024408465677226e+01	2.015057104744482430e+01	1.983627551855144588e+01	2.002885568475149114e+01	2.046183232763348059e+01	2.021260148671099444e+01	1.972017545114190895e+01	2.060162762222891430e+01	1.987306211824430591e+01	2.021942837806476589e+01	2.090564954544291609e+01	2.004765313116928738e+01	1.965294380845217148e+01	3.001442212838171741e+01	2.021478055646931082e+01	1.992081027683222771e+01	1.995638955068294607e+01	1.980424301496688599e+01	1.964152401645789325e+01	2.035434766015707808e+01	1.960186653933278933e+01	2.043568821973569172e+01	2.007248656151906729e+01	2.038564306826413741e+01	2.000879651867473896e+01	1.979574776206422015e+01	2.032524476141854919e+01	2.041272367007389477e+01	2.003990397067525464e+01	2.018542932079486363e+01	1.982664439098047993e+01	2.013059779780857994e+01	2.058973875306853429e+01
2.019157960402723972e+01	2.014965576142917314e+01	1.981107751381994930e+01	2.063899537491552394e+01	1.996357378550350603e+01	1.970794393483810225e+01	2.000851876798523676e+01	2.052583416542404393e+01	2.008406787656532799e+01	2.030834977963690946e+01	1.966022096761715332e+01	1.994210595369239414e+01	2.102236225558637273e+01	1.981163695448155693e+01	2.028067966695012103e+01	1.999857508055117705e+01	2.033362582626005377e+01	2.019093373461071650e+01	2.034055200397314422e+01	1.959534161198085300e+01	2.059607884508454845e+01	2.051492081380161991e+01	2.021895798019747659e+01	1.988857603942886598e+01	2.081066928662118087e+01	1.976243081381547384e+01	2.012292158354695459e+01	2.115797622730712035e+01	2.031665822297512136e+01	1.963277779680201007e+01	2.021478055646931082e+01	2.964922536663837249e+01	1.993327607402185819e+01	1.962867569734703821e+01	1.986199369253534996e+01	1.994232502486871894e+01	2.035003873936136998e+01	1.995535539632465571e+01	2.039649630891888421e+01	2.002082613245753606e+01	2.031649215887358295e+01	1.989701953689358760e+01	2.024632900280515813e+01	2.054079784126502162e+01	2.022133260445480829e+01	2.028770632997997225e+01	1.981511249391143892e+01	2.012414010914566376e+01	2.055339559910243352e+01	2.032450994160858215e+01
