2.937717906845301385e+01	2.034045727433419515e+01	1.980135607547384069e+01	1.980897564358813767e+01	2.001479024701978915e+01	2.018305928180230424e+01	1.996993149946491641e+01	1.983636551481609089e+01	2.025541148217425658e+01	1.971511412746956537e+01	1.964938572443510978e+01	2.016315357907773986e+01	2.012209356708691388e+01	1.970834784646091364e+01	1.966378153032480824e+01	2.019058347596244118e+01	2.016652374194117314e+01	1.934858539234323160e+01	1.970153473704671399e+01	1.992907300514313818e+01	1.933972566253744674e+01	2.014834051000284632e+01	1.998326124449564389e+01	1.942920080895015644e+01	1.995970276129933296e+01	1.955869453863590479e+01	2.018556186765530569e+01	1.899876633572909768e+01	1.978201371943985620e+01	1.988102085308920053e+01	1.956143807062780837e+01	1.994475471808624079e+01	2.027423572239018768e+01	2.003677811795657249e+01	2.088850751509549042e+01	2.068815086718587892e+01	2.031420460497117730e+01	2.006436123700349938e+01	2.013014206529525651e+01	1.988443093354515057e+01	1.980842927137147313e+01	2.023421662118695608e+01	1.993185339247816046e+01	1.941291399974826959e+01	2.000333494813273560e+01	2.005744668447253076e+01	2.013231680796718948e+01	2.016474599672464763e+01	1.990951482360207692e+01	2.008445135999367892e+01
2.034045727433419515e+01	3.119758123877927858e+01	2.063926522249186490e+01	2.065777889162425396e+01	2.059025890092634370e+01	2.076219518652808560e+01	2.054370581711563659e+01	2.063784613295357673e+01	2.078821018677177079e+01	2.056047935644813052e+01	2.038143083360098373e+01	2.122687389377630751e+01	2.109582963241924958e+01	2.058944975469185579e+01	2.081884024836129754e+01	2.096795784423855125e+01	2.085144798086367501e+01	2.029048045860192317e+01	2.052550817690190499e+01	2.052217612676662384e+01	2.053075592424749729e+01	2.088876972712038338e+01	2.083714394432033501e+01	2.085373650904855225e+01	2.037109262769710227e+01	2.041765305232071626e+01	2.062429116096766180e+01	1.980090248054199620e+01	2.050442069881368568e+01	2.075249917355152363e+01	2.038906672006389442e+01	2.014132211832376029e+01	2.078531979648012751e+01	2.067398228427534335e+01	2.123903974326592348e+01	2.092376356587807251e+01	2.121655545261299736e+01	2.046955718188522155e+01	2.129006889296409355e+01	2.088033472425604131e+01	2.016571593026375453e+01	2.097765841354806682e+01	2.051233649635270595e+01	2.017038620939537452e+01	2.068074933621058165e+01	2.092452040850449535e+01	2.089120034521395297e+01	2.146402776904133702e+01	2.049778300409050047e+01	2.084749399356759625e+01
1.980135607547384069e+01	2.063926522249186490e+01	2.957390017079240963e+01	1.999260929744118442e+01	1.990386774710815843e+01	2.002464196412923059e+01	2.016992712538143095e+01	2.002251005715613630e+01	2.007331612540254540e+01	2.001506156787710111e+01	1.958873573318861006e+01	2.032125932223251752e+01	2.030802450183750452e+01	2.005999934811708840e+01	1.995527186938288011e+01	2.014151391995874718e+01	2.016937403106244986e+01	1.967678391272753302e+01	1.987193153759091757e+01	1.988077556202704699e+01	1.996744369936084595e+01	2.023382936999752246e+01	2.000495906806419200e+01	2.008368776039094428e+01	2.001304366687396197e+01	1.943369020362984756e+01	2.042770273195093012e+01	1.874312902884968324e+01	1.994573386423841299e+01	2.014352356245654008e+01	1.962334024334180071e+01	1.950174357696007732e+01	1.981860547452159338e+01	1.984918719573960644e+01	2.032057905070632486e+01	2.040731702483383714e+01	2.054034166816233409e+01	1.961112588125051914e+01	2.076025870585892008e+01	2.010760920134484664e+01	1.971391929671723275e+01	2.037444837918419793e+01	1.999988066768321460e+01	2.000485474287908616e+01	2.001699317515402399e+01	2.023979238519122248e+01	1.972180654641378084e+01	2.031008194343176498e+01	2.019169648290781538e+01	2.025723598896768962e+01
1.980897564358813767e+01	2.065777889162425396e+01	1.999260929744118442e+01	3.025407284100942462e+01	1.990763348522019882e+01	2.007177649567215028e+01	2.020198799612907692e+01	2.036583069235804544e+01	2.033400957313694235e+01	1.994246721459514049e+01	1.983737328216509965e+01	2.034411071927461379e+01	2.004819800861987389e+01	2.007918754227677738e+01	2.002530420777677733e+01	2.056553857030949573e+01	2.035042669427147644e+01	1.931115829059200451e+01	1.960454660868839127e+01	1.997437072308391492e+01	1.959763828340228287e+01	2.039170723439908883e+01	2.031257105133297713e+01	2.039935084125076514e+01	2.018849813228604617e+01	1.962983957663346501e+01	2.063008791954070276e+01	1.928784885965293228e+01	1.987293408128077132e+01	2.019462032805780893e+01	1.999438262497566399e+01	1.969083174290243576e+01	2.006509919484962268e+01	2.004992327741194202e+01	2.073948743566461062e+01	2.050691570783520490e+01	2.030885078108871511e+01	2.011553690640191405e+01	2.064639868818848356e+01	2.009221078890531231e+01	1.955787803826727611e+01	2.065109837588730457e+01	1.986932228490223906e+01	2.006759247748614428e+01	1.976359958069257772e+01	2.000462571971045378e+01	1.993735493335427122e+01	2.046461320426891106e+01	1.996052954931300860e+01	2.014511499868886091e+01
2.001479024701978915e+01	2.059025890092634370e+01	1.990386774710815843e+01	1.990763348522019882e+01	2.887274438082250683e+01	2.007517893335091230e+01	2.000070715349610850e+01	2.027730796302525107e+01	1.993507824459920741e+01	1.973010505557022043e+01	1.954562466537879217e+01	2.043194199316089765e+01	1.993216263174644354e+01	2.003653603450167964e+01	2.002130297881009469e+01	2.034375501161198230e+01	2.023982828744204809e+01	1.915119107654027530e+01	2.006741317992175411e+01	1.982784474495604599e+01	1.956670487388018742e+01	2.018830072269494380e+01	2.047178536790958958e+01	2.015175039202230423e+01	2.015175976183486739e+01	1.933912848657033479e+01	2.010959534144261340e+01	1.918981146128997395e+01	1.985829944166391314e+01	2.034487699077763168e+01	1.972207649797095641e+01	1.925788671246027661e+01	1.995321355583458001e+01	2.024133302221274988e+01	2.041306230755832374e+01	2.016558372962142087e+01	2.067017120952655063e+01	2.001278809458010954e+01	2.049794117024437767e+01	1.954330865741238199e+01	1.960465855225715970e+01	1.990643729494490799e+01	2.018174618926308739e+01	1.947646263662766231e+01	2.016224107420197242e+01	1.998850671376144206e+01	1.971673673020470119e+01	2.027327888915849030e+01	2.009621337279914854e+01	2.028610500071212996e+01
2.018305928180230424e+01	2.076219518652808560e+01	2.002464196412923059e+01	2.007177649567215028e+01	2.007517893335091230e+01	2.953380112519823086e+01	1.963452252217696525e+01	2.047940453265163896e+01	2.022522029184025882e+01	1.999043415220364395e+01	1.986342411230966221e+01	2.072347808138566450e+01	2.050793873453088167e+01	2.020664223547681004e+01	2.018019584068462180e+01	2.048557340007019079e+01	2.033944045694182279e+01	1.958486302795892087e+01	1.989426705392305550e+01	2.021712823164885364e+01	1.991507740272048821e+01	2.060577798254126236e+01	2.047163625655338848e+01	2.037601046058015086e+01	2.010695932362426674e+01	1.998622774662359092e+01	2.031118397313060697e+01	1.998682775412726187e+01	1.992427879570488258e+01	2.043066781093492423e+01	2.003260487823435199e+01	2.010931125652346552e+01	2.039447724340127621e+01	2.030839938393521038e+01	2.096788690892799067e+01	2.043999232062367000e+01	2.074298125227769063e+01	2.027738676121189698e+01	2.083953285995869820e+01	2.028042219817325531e+01	1.982312972623780922e+01	2.057384780954934556e+01	2.012835382748539459e+01	1.995935322912496090e+01	2.041729469439942690e+01	2.019842018024457175e+01	2.002489627918956927e+01	2.059564512660513103e+01	2.036691146354888104e+01	2.044322397442605777e+01
1.996993149946491641e+01	2.054370581711563659e+01	2.016992712538143095e+01	2.020198799612907692e+01	2.000070715349610850e+01	1.963452252217696525e+01	3.016380494819380687e+01	2.015025075376146901e+01	2.062936806173809501e+01	1.978470222081030627e+01	1.979083980923878272e+01	2.065560310924108478e+01	2.003734873418055074e+01	2.054639065779980101e+01	1.983960801424139220e+01	2.046052148523932246e+01	2.012812469213665523e+01	1.995965413007109390e+01	1.965070307429583352e+01	1.995576130567038575e+01	2.006206772787683690e+01	2.004349670505492753e+01	1.996806134408185684e+01	2.007917257929270605e+01	2.031169473510562540e+01	1.999396331791976422e+01	2.056301560619301938e+01	1.931822504340313529e+01	2.006999559850545012e+01	1.996752772384820673e+01	1.991920600725264023e+01	1.966930833855702687e+01	2.020484805651546267e+01	2.024355640214426089e+01	2.047717626159929694e+01	2.044823305308696604e+01	2.018312500639603257e+01	2.029299012242918465e+01	2.055857491477916454e+01	2.035594620475287542e+01	1.967014844425926157e+01	2.013370028047537730e+01	2.032739569597821472e+01	1.950797599159140461e+01	2.019885070728496856e+01	2.029239079763600984e+01	2.012329195216666733e+01	2.082150022663819300e+01	1.990482688574497772e+01	2.055978581174808895e+01
1.983636551481609089e+01	2.063784613295357673e+01	2.002251005715613630e+01	2.036583069235804544e+01	2.027730796302525107e+01	2.047940453265163896e+01	2.015025075376146901e+01	3.031054566117620297e+01	2.056664681739806966e+01	2.040537559780455013e+01	2.002889632391734409e+01	2.062254793460279956e+01	2.068029259952840704e+01	2.049065092410793554e+01	2.003556658210113284e+01	2.059332352550553580e+01	2.086845385360600957e+01	2.010916571850724566e+01	1.985223294064376987e+01	1.995945847461142719e+01	1.989867778593777459e+01	2.046513072141862111e+01	2.037884552498578472e+01	2.043362476653687310e+01	2.033001203990416172e+01	1.970400393458721666e+01	2.062495119583466874e+01	1.959995435633260286e+01	1.977881708932283900e+01	2.049869391113962891e+01	2.004086177446133377e+01	1.981458451878960147e+01	2.023640722526130986e+01	2.020143969836900766e+01	2.126195660405368670e+01	2.079085017646512767e+01	2.042360291688328289e+01	2.012248489469361346e+01	2.077743306220589048e+01	2.028362309616951009e+01	1.950485406971666436e+01	2.059443104431199245e+01	2.051346191745498615e+01	2.034411258411605417e+01	2.038472366790108126e+01	2.020172501853248903e+01	2.043195871611587933e+01	2.097767778543432016e+01	2.035451614293390321e+01	2.081465265239389240e+01
2.025541148217425658e+01	2.078821018677177079e+01	2.007331612540254540e+01	2.033400957313694235e+01	1.993507824459920741e+01	2.022522029184025882e+01	2.062936806173809501e+01	2.056664681739806966e+01	3.056307760993690792e+01	1.999114075046763261e+01	1.967414829805224841e+01	2.057565003171347584e+01	2.042499712735442330e+01	2.072560162894547275e+01	2.021497478224441124e+01	2.023677277727631818e+01	2.050345258952360439e+01	2.006916631127859318e+01	2.006880549557548576e+01	2.031301043441450105e+01	2.036581714303932955e+01	2.068068173404989807e+01	2.033957601910966773e+01	2.067299635122400758e+01	1.994502104842773704e+01	1.981895262359336485e+01	2.074904481662835209e+01	1.958339530030145426e+01	1.997647408552152015e+01	2.032793470048928341e+01	1.998252248390943464e+01	1.988896239098678720e+01	2.002570920800700804e+01	2.066873971987752867e+01	2.139474973765085508e+01	2.075306793386368298e+01	2.095997396599656426e+01	2.046319470881918079e+01	2.107213837705570825e+01	2.017631874278770709e+01	1.991762925964923880e+01	2.013046023305764720e+01	2.041560960116413881e+01	1.974668157150949099e+01	2.022853302765195238e+01	2.076206335022020966e+01	2.030720703904821178e+01	2.090220476165106334e+01	2.037392462597744824e+01	2.048776825525236589e+01
1.971511412746956537e+01	2.056047935644813052e+01	2.001506156787710111e+01	1.994246721459514049e+01	1.973010505557022043e+01	1.999043415220364395e+01	1.978470222081030627e+01	2.040537559780455013e+01	1.999114075046763261e+01	2.904572365923253585e+01	1.947561947927705006e+01	2.022616508113372191e+01	1.974050027550987707e+01	2.025718517535268859e+01	1.995714105620748668e+01	2.067915755787527132e+01	1.995138029605464425e+01	1.953107259189025058e+01	1.969317463723913519e+01	2.001668995896126546e+01	1.933386397615387864e+01	1.995493404551999106e+01	1.973790265483533446e+01	1.998590422497571240e+01	1.976458828506717325e+01	1.917364445097078374e+01	2.001925861688227926e+01	1.923697794209105538e+01	1.985287972386019106e+01	1.976909532720251406e+01	1.943247435472406437e+01	1.968605668445565371e+01	2.000009515594729592e+01	2.000607354716095898e+01	2.047160877039463855e+01	2.003366749394935908e+01	2.048214770683155450e+01	1.976222238730993297e+01	2.054159656702450931e+01	1.963496688550699787e+01	1.944587903836484344e+01	2.023138976392352717e+01	1.972452559377525105e+01	1.972915536434244643e+01	2.016656212088117428e+01	1.998553470370271867e+01	2.007027312035607736e+01	2.037206684033748161e+01	1.951495762519623867e+01	2.025237988450716387e+01
1.964938572443510978e+01	2.038143083360098373e+01	1.958873573318861006e+01	1.983737328216509965e+01	1.954562466537879217e+01	1.986342411230966221e+01	1.979083980923878272e+01	2.002889632391734409e+01	1.967414829805224841e+01	1.947561947927705006e+01	2.935980586897658284e+01	2.025435633515915157e+01	2.007963202692490157e+01	2.008366918917847244e+01	1.989990689853058115e+01	2.007260391047195824e+01	2.031804828110130146e+01	1.927425878398129910e+01	1.930914725322138281e+01	2.000458292214552714e+01	1.950681593506034517e+01	2.013685252968590689e+01	1.981039319564573731e+01	1.941179352466175345e+01	1.975158195946213624e+01	1.926989570183660305e+01	1.997382411439123473e+01	1.868157498211360945e+01	1.958474302703417536e+01	1.984911238878496320e+01	2.006967493594270735e+01	1.945561501166523044e+01	1.959615836587175863e+01	1.955797519777377858e+01	2.076756787999819309e+01	2.009532810083734944e+01	1.987147976267610616e+01	1.959756722349249713e+01	2.056005926756767010e+01	1.970885031917243424e+01	1.944269918222589766e+01	1.970836935125133849e+01	1.999643171343419823e+01	1.969813465333923119e+01	1.981182729422292965e+01	1.963230591256444768e+01	1.994330204316165123e+01	2.049883619413199654e+01	1.961215155084493844e+01	2.045204551626500944e+01
2.016315357907773986e+01	2.122687389377630751e+01	2.032125932223251752e+01	2.034411071927461379e+01	2.043194199316089765e+01	2.072347808138566450e+01	2.065560310924108478e+01	2.062254793460279956e+01	2.057565003171347584e+01	2.022616508113372191e+01	2.025435633515915157e+01	3.070898460111872907e+01	2.108474020877768140e+01	2.035898235919470878e+01	2.031341979543772780e+01	2.045975393681853305e+01	2.085064867931942700e+01	1.946401402338975828e+01	2.006333193092949685e+01	2.023262354507318861e+01	2.005169223012382673e+01	2.074064064342094227e+01	2.055852387916418422e+01	2.055881246987166833e+01	2.026946400147449978e+01	1.958953335337751867e+01	2.065354496642211402e+01	1.951643408251979750e+01	1.995065596992981938e+01	2.053054497943342227e+01	2.008582835495973740e+01	2.012791800421144472e+01	2.066304100518982523e+01	2.046644984009926560e+01	2.118989314212754138e+01	2.075080662485517990e+01	2.087352923923035064e+01	2.063390070912674190e+01	2.106669910319523709e+01	2.021034246784451938e+01	2.023854328549549919e+01	2.080870094143653404e+01	2.062100516435620534e+01	2.019971148999793087e+01	2.006873479073508548e+01	2.058456863214290422e+01	2.050648604196486247e+01	2.101822009002830782e+01	2.045031514139586903e+01	2.047027721158864111e+01
2.012209356708691388e+01	2.109582963241924958e+01	2.030802450183750452e+01	2.004819800861987389e+01	1.993216263174644354e+01	2.050793873453088167e+01	2.003734873418055074e+01	2.068029259952840704e+01	2.042499712735442330e+01	1.974050027550987707e+01	2.007963202692490157e+01	2.108474020877768140e+01	3.009322171735063733e+01	2.020403929183254377e+01	2.020050011942492318e+01	2.039466954285962785e+01	2.033998610653482331e+01	1.971330698940243309e+01	1.993021449373410192e+01	2.002749870091302853e+01	1.952155050361262667e+01	2.053191930503582086e+01	2.004647294220729492e+01	2.030234805151168942e+01	2.001912018064109944e+01	1.986049416699619741e+01	2.035176896037453176e+01	1.929686088923079268e+01	2.034872906290006256e+01	2.004091178999089351e+01	1.979664767031850303e+01	1.980312643918028570e+01	2.008092155822850700e+01	2.000333206410250853e+01	2.102703329492852191e+01	2.057832202753695583e+01	2.041746533143738063e+01	2.013059863360120261e+01	2.086794850572047011e+01	2.034427869734590999e+01	2.003594993982328631e+01	2.032429663672292719e+01	2.023685739473062029e+01	2.006992990220498996e+01	2.014555756386709362e+01	1.998957868231453716e+01	2.032688395018112359e+01	2.076523478916423571e+01	2.035912314374135335e+01	2.049422055872062742e+01
1.970834784646091364e+01	2.058944975469185579e+01	2.005999934811708840e+01	2.007918754227677738e+01	2.003653603450167964e+01	2.020664223547681004e+01	2.054639065779980101e+01	2.049065092410793554e+01	2.072560162894547275e+01	2.025718517535268859e+01	2.008366918917847244e+01	2.035898235919470878e+01	2.020403929183254377e+01	3.013686958673787331e+01	2.016770616320023279e+01	1.986375684294285549e+01	2.043675087498405318e+01	1.950255279476066050e+01	2.016866802657895974e+01	2.033751299723156691e+01	1.968778508908335567e+01	2.061714776940230820e+01	2.004283441540814792e+01	2.050840190863012680e+01	2.002614639973423749e+01	1.975270254356805921e+01	2.035872437063071771e+01	1.932820186795140316e+01	2.028150642598373565e+01	2.028666005574927667e+01	1.993409182476594665e+01	1.974262473366652415e+01	2.013988349801938682e+01	2.014138856912958175e+01	2.077190228714796660e+01	2.037022146003482348e+01	2.048983245190044045e+01	2.014765531321017633e+01	2.062029000858325389e+01	2.036309824985289652e+01	1.985954431150490151e+01	2.032122360346114931e+01	1.989996458319488681e+01	2.015288588616688514e+01	2.000621384047460793e+01	2.008468763164131232e+01	2.007891625083790643e+01	2.030582952611337433e+01	2.029046993673695098e+01	2.061800105029796271e+01
1.966378153032480824e+01	2.081884024836129754e+01	1.995527186938288011e+01	2.002530420777677733e+01	2.002130297881009469e+01	2.018019584068462180e+01	1.983960801424139220e+01	2.003556658210113284e+01	2.021497478224441124e+01	1.995714105620748668e+01	1.989990689853058115e+01	2.031341979543772780e+01	2.020050011942492318e+01	2.016770616320023279e+01	2.976248277078837745e+01	2.016972804357870075e+01	2.029041528442159859e+01	1.959614918590735400e+01	1.985589111905218829e+01	2.024343396603863354e+01	2.006557929565764908e+01	2.050143258400539281e+01	2.043293235984483402e+01	2.032639467832084534e+01	2.009066328279364200e+01	1.976895492451192027e+01	2.058278342955223295e+01	1.933122520341392203e+01	2.025166447139439896e+01	2.018200270073854341e+01	1.960804051087036370e+01	1.962123585802181225e+01	1.997665024094808928e+01	2.008160962398113014e+01	2.043884614231308205e+01	2.061625479126169935e+01	2.046549991707922445e+01	2.009783071882702288e+01	2.111069167255955037e+01	1.998269773263833571e+01	1.953548387619225224e+01	2.043717958851379279e+01	1.989028623942155249e+01	1.993889520104137958e+01	2.040964610535680279e+01	1.984076642868351925e+01	1.970444573288921220e+01	2.031781595719158773e+01	1.999213710004151778e+01	2.049655318120441194e+01
2.019058347596244118e+01	2.096795784423855125e+01	2.014151391995874718e+01	2.056553857030949573e+01	2.034375501161198230e+01	2.048557340007019079e+01	2.046052148523932246e+01	2.059332352550553580e+01	2.023677277727631818e+01	2.067915755787527132e+01	2.007260391047195824e+01	2.045975393681853305e+01	2.039466954285962785e+01	1.986375684294285549e+01	2.016972804357870075e+01	3.044514750160180228e+01	2.068600646515551489e+01	1.963717782933987976e+01	2.020380695751558875e+01	2.037896080279780264e+01	2.014765816011734145e+01	2.043265972690225496e+01	2.064232258856928937e+01	2.051317487328907774e+01	2.028560671288277462e+01	2.007989378686039217e+01	2.034149624927140110e+01	1.973708421290509563e+01	1.994820333242065402e+01	2.056362620793214546e+01	2.028006516375487323e+01	1.993562239681836346e+01	2.065958672444465094e+01	2.064182116972578740e+01	2.097122937031720369e+01	2.088222926610356822e+01	2.110377286581613987e+01	2.022390787143314839e+01	2.105603061251685304e+01	2.015099782172952914e+01	1.998727553927153622e+01	2.040008591620243195e+01	2.056249234118520164e+01	1.989460377404671121e+01	2.011190273140318396e+01	2.030269844394369017e+01	2.025237365459746997e+01	2.106664615659692785e+01	2.035213131203004266e+01	2.085094037701781744e+01
2.016652374194117314e+01	2.085144798086367501e+01	2.016937403106244986e+01	2.035042669427147644e+01	2.023982828744204809e+01	2.033944045694182279e+01	2.012812469213665523e+01	2.086845385360600957e+01	2.050345258952360439e+01	1.995138029605464425e+01	2.031804828110130146e+01	2.085064867931942700e+01	2.033998610653482331e+01	2.043675087498405318e+01	2.029041528442159859e+01	2.068600646515551489e+01	3.014230232928129638e+01	1.996071373542413596e+01	1.978859260117414109e+01	2.017151177097874282e+01	1.992765323584502468e+01	2.039072179845632249e+01	2.036061759039107244e+01	2.040236889290181210e+01	2.015277003013388324e+01	1.968592046946721652e+01	2.071732890830408280e+01	1.932823426017956692e+01	2.040695423150365073e+01	2.038265234248890678e+01	2.027490897990738006e+01	1.971569889296825195e+01	2.051969830473504786e+01	2.064469016129721979e+01	2.119504636544540688e+01	2.063484759986093309e+01	2.085278676670460385e+01	2.019234440006420428e+01	2.068579492142526632e+01	2.035699060431975482e+01	1.988046090950193445e+01	2.037860749243225200e+01	2.045265923091855242e+01	2.001228368014741932e+01	2.033273774286710989e+01	2.029760035732902068e+01	2.039736392337741577e+01	2.084744179134244746e+01	2.024500092088294423e+01	2.010267645775585521e+01
1.934858539234323160e+01	2.029048045860192317e+01	1.967678391272753302e+01	1.931115829059200451e+01	1.915119107654027530e+01	1.958486302795892087e+01	1.995965413007109390e+01	2.010916571850724566e+01	2.006916631127859318e+01	1.953107259189025058e+01	1.927425878398129910e+01	1.946401402338975828e+01	1.971330698940243309e+01	1.950255279476066050e+01	1.959614918590735400e+01	1.963717782933987976e+01	1.996071373542413596e+01	2.975144998415076358e+01	1.921735749868576093e+01	1.978747210789378386e+01	1.966521652852346946e+01	1.973398808063906884e+01	1.937714350520153772e+01	1.967392614637339321e+01	1.960560189295489053e+01	1.936891886071487434e+01	1.978974270000791336e+01	1.903933681187156068e+01	1.951275425510893058e+01	1.995453477696160149e+01	1.915933721906907650e+01	1.883742420640832904e+01	1.984383044662554596e+01	1.978812410474710504e+01	2.006661616156969075e+01	1.962482376688900487e+01	1.962099469344086700e+01	1.948986144038611812e+01	2.045934709017318909e+01	1.990626275985651716e+01	1.924461853246089049e+01	1.982817678526404848e+01	1.965547247977213274e+01	1.953672320772733784e+01	1.974421160186490454e+01	1.973617767386512512e+01	1.985942824651414185e+01	2.015594484574480560e+01	1.979348324736017872e+01	1.954476882479219668e+01
1.970153473704671399e+01	2.052550817690190499e+01	1.987193153759091757e+01	1.960454660868839127e+01	2.006741317992175411e+01	1.989426705392305550e+01	1.965070307429583352e+01	1.985223294064376987e+01	2.006880549557548576e+01	1.969317463723913519e+01	1.930914725322138281e+01	2.006333193092949685e+01	1.993021449373410192e+01	2.016866802657895974e+01	1.985589111905218829e+01	2.020380695751558875e+01	1.978859260117414109e+01	1.921735749868576093e+01	2.903577013850911825e+01	1.983341657869393160e+01	1.937754311246979810e+01	1.994769079339907947e+01	1.972623638592840578e+01	1.981714014876679641e+01	1.991352807877733611e+01	1.951531139251230229e+01	1.995712600519191682e+01	1.931972776001357417e+01	1.941634443662064768e+01	1.998440093045181598e+01	1.953212324270500488e+01	1.939888743444646479e+01	1.941166113547737382e+01	1.999339753521537943e+01	2.020532472339100494e+01	1.992501226353856225e+01	2.005399808504785497e+01	1.989837967714027300e+01	2.020637872083747766e+01	1.982447482831496544e+01	1.934597950969350677e+01	1.996961041244086843e+01	2.018035215983221065e+01	1.976962530157821263e+01	1.990202667156232863e+01	1.990213341977032968e+01	1.938116155725538547e+01	2.039162250936498921e+01	1.980796546726895002e+01	2.020759766963149673e+01
1.992907300514313818e+01	2.052217612676662384e+01	1.988077556202704699e+01	1.997437072308391492e+01	1.982784474495604599e+01	2.021712823164885364e+01	1.995576130567038575e+01	1.995945847461142719e+01	2.031301043441450105e+01	2.001668995896126546e+01	2.000458292214552714e+01	2.023262354507318861e+01	2.002749870091302853e+01	2.033751299723156691e+01	2.024343396603863354e+01	2.037896080279780264e+01	2.017151177097874282e+01	1.978747210789378386e+01	1.983341657869393160e+01	2.986584994525936310e+01	1.996255842325755481e+01	2.037556863881506430e+01	1.997114293074795199e+01	2.011750225381360835e+01	1.998807891455513186e+01	1.921496480462965550e+01	2.055248428451110598e+01	1.933753707133998034e+01	1.971586241325915978e+01	1.989774508651846219e+01	1.956327515039844300e+01	1.966927306317367297e+01	2.007135117036289529e+01	2.000902075785567291e+01	2.083290861706391794e+01	2.001444176980897538e+01	2.042578276642670332e+01	2.012467763631403628e+01	2.048330233923481458e+01	2.009287963246553588e+01	1.967111444852409718e+01	2.040357710047442197e+01	2.021909403724542642e+01	1.978919551592899850e+01	2.021853543454244218e+01	1.981989684473239421e+01	1.994221096378439029e+01	2.058756492007257677e+01	2.025679085008342639e+01	2.054756982850607372e+01
1.933972566253744674e+01	2.053075592424749729e+01	1.996744369936084595e+01	1.959763828340228287e+01	1.956670487388018742e+01	1.991507740272048821e+01	2.006206772787683690e+01	1.989867778593777459e+01	2.036581714303932955e+01	1.933386397615387864e+01	1.950681593506034517e+01	2.005169223012382673e+01	1.952155050361262667e+01	1.968778508908335567e+01	2.006557929565764908e+01	2.014765816011734145e+01	1.992765323584502468e+01	1.966521652852346946e+01	1.937754311246979810e+01	1.996255842325755481e+01	2.957050101656416885e+01	2.002206613516964140e+01	1.989852080299406012e+01	2.002040179868303937e+01	1.995146926892466865e+01	1.953741203513781954e+01	2.040894001144327774e+01	1.888345820366840400e+01	1.995729240474571142e+01	2.012845797111044632e+01	1.931961216633894551e+01	1.953702085046446157e+01	1.980357526479384234e+01	1.993421837099278449e+01	2.100977151375704466e+01	2.017361961861429975e+01	1.994402662784977309e+01	1.955677999957750046e+01	2.025337258973954135e+01	1.986954681920345323e+01	1.947259464371655824e+01	2.013467780856862532e+01	1.999558443974659738e+01	1.958045985743829576e+01	1.951371906699410275e+01	1.993594221031379732e+01	2.000050528825002516e+01	2.018957435750567697e+01	1.960433180865184966e+01	2.023127873696522627e+01
2.014834051000284632e+01	2.088876972712038338e+01	2.023382936999752246e+01	2.039170723439908883e+01	2.018830072269494380e+01	2.060577798254126236e+01	2.004349670505492753e+01	2.046513072141862111e+01	2.068068173404989807e+01	1.995493404551999106e+01	2.013685252968590689e+01	2.074064064342094227e+01	2.053191930503582086e+01	2.061714776940230820e+01	2.050143258400539281e+01	2.043265972690225496e+01	2.039072179845632249e+01	1.973398808063906884e+01	1.994769079339907947e+01	2.037556863881506430e+01	2.002206613516964140e+01	3.012925791498874872e+01	2.014837992941211198e+01	2.056305164209911851e+01	2.031520807802110085e+01	1.974549216953692010e+01	2.035490718129003795e+01	1.928677275893977949e+01	2.002437888249410847e+01	2.050425688345627862e+01	1.971148924630104204e+01	1.950746775069163164e+01	2.037155237923143147e+01	2.015608552362012418e+01	2.103423971605442944e+01	2.056441254198823287e+01	2.070659957751745495e+01	2.046972084044944395e+01	2.101887188434241338e+01	2.014248095611519318e+01	1.984372680104760533e+01	2.028476330660752680e+01	1.994449067207358439e+01	1.992648782781968819e+01	2.053265738293961107e+01	2.029027163420293789e+01	2.081577052549161877e+01	2.064913747259499033e+01	2.047925331604649912e+01	2.017282262706199347e+01
1.998326124449564389e+01	2.083714394432033501e+01	2.000495906806419200e+01	2.031257105133297713e+01	2.047178536790958958e+01	2.047163625655338848e+01	1.996806134408185684e+01	2.037884552498578472e+01	2.033957601910966773e+01	1.973790265483533446e+01	1.981039319564573731e+01	2.055852387916418422e+01	2.004647294220729492e+01	2.004283441540814792e+01	2.043293235984483402e+01	2.064232258856928937e+01	2.036061759039107244e+01	1.937714350520153772e+01	1.972623638592840578e+01	1.997114293074795199e+01	1.989852080299406012e+01	2.014837992941211198e+01	2.972673384109489447e+01	2.001849351086394790e+01	1.972437692207844506e+01	1.954744632448398889e+01	2.051910762519194265e+01	1.942147436592825116e+01	1.965185940642336604e+01	2.035264867423706647e+01	1.984610225190796484e+01	1.963057003297574710e+01	2.017587041026579087e+01	2.034522387413358757e+01	2.076112370525884998e+01	2.044905290436126322e+01	2.049528267748887345e+01	1.998126266672822027e+01	2.095256291499620360e+01	1.997705429343755767e+01	1.989014665728007003e+01	2.067714241107153939e+01	2.054357712453666451e+01	2.003271925148199273e+01	2.053069481823733966e+01	2.027677448675440885e+01	1.992462878255126668e+01	2.072339305181278846e+01	2.006932746323025896e+01	2.044032585995991269e+01
1.942920080895015644e+01	2.085373650904855225e+01	2.008368776039094428e+01	2.039935084125076514e+01	2.015175039202230423e+01	2.037601046058015086e+01	2.007917257929270605e+01	2.043362476653687310e+01	2.067299635122400758e+01	1.998590422497571240e+01	1.941179352466175345e+01	2.055881246987166833e+01	2.030234805151168942e+01	2.050840190863012680e+01	2.032639467832084534e+01	2.051317487328907774e+01	2.040236889290181210e+01	1.967392614637339321e+01	1.981714014876679641e+01	2.011750225381360835e+01	2.002040179868303937e+01	2.056305164209911851e+01	2.001849351086394790e+01	3.028495935516325233e+01	1.984427600044500650e+01	2.000212915171582395e+01	2.021999139828078995e+01	1.922146285453580816e+01	1.984213598229404951e+01	2.034974250859288247e+01	2.000264820832677160e+01	1.944176022944409254e+01	2.007654325631678915e+01	2.005195612947033013e+01	2.055362002213584560e+01	2.064674271914550729e+01	2.012272159205161870e+01	2.022856702660672568e+01	2.095258785451416728e+01	2.005043730355263421e+01	1.953668913981545785e+01	2.109809883283396914e+01	2.016020524114292911e+01	2.001972958512497414e+01	2.013152851331015114e+01	2.059340370609384507e+01	2.025166985201651215e+01	2.045475445831536376e+01	2.025182753616613596e+01	2.068966244985227476e+01
1.995970276129933296e+01	2.037109262769710227e+01	2.001304366687396197e+01	2.018849813228604617e+01	2.015175976183486739e+01	2.010695932362426674e+01	2.031169473510562540e+01	2.033001203990416172e+01	1.994502104842773704e+01	1.976458828506717325e+01	1.975158195946213624e+01	2.026946400147449978e+01	2.001912018064109944e+01	2.002614639973423749e+01	2.009066328279364200e+01	2.028560671288277462e+01	2.015277003013388324e+01	1.960560189295489053e+01	1.991352807877733611e+01	1.998807891455513186e+01	1.995146926892466865e+01	2.031520807802110085e+01	1.972437692207844506e+01	1.984427600044500650e+01	2.993072606310344241e+01	1.942307505736821582e+01	2.012433651754038166e+01	1.922537292125583974e+01	1.981169211266293573e+01	2.032876844124965388e+01	1.945996396884506652e+01	1.938457335917806645e+01	1.991102105506343634e+01	2.022103811365500903e+01	2.068440362349340944e+01	2.039136344651029376e+01	2.030782681212739860e+01	2.019215032451509728e+01	2.057492024994293445e+01	1.970126844456154913e+01	1.939546105978615032e+01	2.032528650124693215e+01	1.993842467794378592e+01	1.954496529009968953e+01	2.012978527874448176e+01	1.996475181690408363e+01	2.008719566674151835e+01	2.096334749474210923e+01	2.017939493239480697e+01	2.021024650421463065e+01
1.955869453863590479e+01	2.041765305232071626e+01	1.943369020362984756e+01	1.962983957663346501e+01	1.933912848657033479e+01	1.998622774662359092e+01	1.999396331791976422e+01	1.970400393458721666e+01	1.981895262359336485e+01	1.917364445097078374e+01	1.926989570183660305e+01	1.958953335337751867e+01	1.986049416699619741e+01	1.975270254356805921e+01	1.976895492451192027e+01	2.007989378686039217e+01	1.968592046946721652e+01	1.936891886071487434e+01	1.951531139251230229e+01	1.921496480462965550e+01	1.953741203513781954e+01	1.974549216953692010e+01	1.954744632448398889e+01	2.000212915171582395e+01	1.942307505736821582e+01	2.929678208430405562e+01	2.008788555207138060e+01	1.875676572977776146e+01	1.973680874397945928e+01	1.965613220687679785e+01	1.906299257884645826e+01	1.903518899342233439e+01	1.976735134620966505e+01	1.972508820917079575e+01	2.001251941823835523e+01	1.992845557941587131e+01	2.035664935121703678e+01	1.943879733412756394e+01	1.990179658141814301e+01	1.958058006870822254e+01	1.923639435336334813e+01	1.984952262168474491e+01	1.983748112090340854e+01	1.951639857219791807e+01	1.947807928034958636e+01	1.995370700026310828e+01	1.966212511628759074e+01	1.996852256182840790e+01	1.983558702621642666e+01	1.986645324718995909e+01
2.018556186765530569e+01	2.062429116096766180e+01	2.042770273195093012e+01	2.063008791954070276e+01	2.010959534144261340e+01	2.031118397313060697e+01	2.056301560619301938e+01	2.062495119583466874e+01	2.074904481662835209e+01	2.001925861688227926e+01	1.997382411439123473e+01	2.065354496642211402e+01	2.035176896037453176e+01	2.035872437063071771e+01	2.058278342955223295e+01	2.034149624927140110e+01	2.071732890830408280e+01	1.978974270000791336e+01	1.995712600519191682e+01	2.055248428451110598e+01	2.040894001144327774e+01	2.035490718129003795e+01	2.051910762519194265e+01	2.021999139828078995e+01	2.012433651754038166e+01	2.008788555207138060e+01	3.083985313748112844e+01	1.966440440326805117e+01	2.033264809157066821e+01	2.033686005664563368e+01	2.021315026792640168e+01	2.003549825239945648e+01	2.034663532490795745e+01	2.056241838241402320e+01	2.120570767303156501e+01	2.062054932741775204e+01	2.082978894769307487e+01	2.047874652425446840e+01	2.089230687981582335e+01	2.027516575819792877e+01	1.984637222979788618e+01	2.079515125919474272e+01	2.084490746420980045e+01	2.036844983780701313e+01	2.097464008751963860e+01	2.013254957882207208e+01	2.018935972568988646e+01	2.080801963449572867e+01	2.081028178440558207e+01	2.055584233960163232e+01
1.899876633572909768e+01	1.980090248054199620e+01	1.874312902884968324e+01	1.928784885965293228e+01	1.918981146128997395e+01	1.998682775412726187e+01	1.931822504340313529e+01	1.959995435633260286e+01	1.958339530030145426e+01	1.923697794209105538e+01	1.868157498211360945e+01	1.951643408251979750e+01	1.929686088923079268e+01	1.932820186795140316e+01	1.933122520341392203e+01	1.973708421290509563e+01	1.932823426017956692e+01	1.903933681187156068e+01	1.931972776001357417e+01	1.933753707133998034e+01	1.888345820366840400e+01	1.928677275893977949e+01	1.942147436592825116e+01	1.922146285453580816e+01	1.922537292125583974e+01	1.875676572977776146e+01	1.966440440326805117e+01	2.818266839882424790e+01	1.939461379578481370e+01	1.961581251258031600e+01	1.905397407068616289e+01	1.898689838073298120e+01	1.943215149827251409e+01	1.929033283036652691e+01	2.004347873082248910e+01	1.977931427845258838e+01	1.990690265078850985e+01	1.938159139685518539e+01	1.993095143826092652e+01	1.953344826291392877e+01	1.908319483278299700e+01	1.970287046949784582e+01	1.982674930969860583e+01	1.897928207752179830e+01	1.937568052096987969e+01	1.943369277215460400e+01	1.914075413417839400e+01	1.981264035162775272e+01	1.971040374621310676e+01	1.942800409609994006e+01
1.978201371943985620e+01	2.050442069881368568e+01	1.994573386423841299e+01	1.987293408128077132e+01	1.985829944166391314e+01	1.992427879570488258e+01	2.006999559850545012e+01	1.977881708932283900e+01	1.997647408552152015e+01	1.985287972386019106e+01	1.958474302703417536e+01	1.995065596992981938e+01	2.034872906290006256e+01	2.028150642598373565e+01	2.025166447139439896e+01	1.994820333242065402e+01	2.040695423150365073e+01	1.951275425510893058e+01	1.941634443662064768e+01	1.971586241325915978e+01	1.995729240474571142e+01	2.002437888249410847e+01	1.965185940642336604e+01	1.984213598229404951e+01	1.981169211266293573e+01	1.973680874397945928e+01	2.033264809157066821e+01	1.939461379578481370e+01	3.021266222249868605e+01	1.990830073233219721e+01	1.998197155881135600e+01	1.975470549958863131e+01	1.989511938021064097e+01	2.009573456751595444e+01	2.019120669882741836e+01	2.051102088647999366e+01	2.028159804572887737e+01	1.998991663037968181e+01	2.045177911737371446e+01	1.998856450331917856e+01	1.923957201934777572e+01	2.009109505140659735e+01	2.025074238575048469e+01	1.968195556687354753e+01	1.987546884242179956e+01	2.000532302305633081e+01	1.994046135985757928e+01	2.042844454373103247e+01	1.977458952852460783e+01	2.013542262965888341e+01
1.988102085308920053e+01	2.075249917355152363e+01	2.014352356245654008e+01	2.019462032805780893e+01	2.034487699077763168e+01	2.043066781093492423e+01	1.996752772384820673e+01	2.049869391113962891e+01	2.032793470048928341e+01	1.976909532720251406e+01	1.984911238878496320e+01	2.053054497943342227e+01	2.004091178999089351e+01	2.028666005574927667e+01	2.018200270073854341e+01	2.056362620793214546e+01	2.038265234248890678e+01	1.995453477696160149e+01	1.998440093045181598e+01	1.989774508651846219e+01	2.012845797111044632e+01	2.050425688345627862e+01	2.035264867423706647e+01	2.034974250859288247e+01	2.032876844124965388e+01	1.965613220687679785e+01	2.033686005664563368e+01	1.961581251258031600e+01	1.990830073233219721e+01	2.989842283609723239e+01	1.977221135312236910e+01	1.992275174838983531e+01	1.991979921566173672e+01	2.044870752898178168e+01	2.059156278361110637e+01	2.055996364672686738e+01	2.063041927135238041e+01	1.984191638692292514e+01	2.114507910797138379e+01	2.000262525953581161e+01	1.948631969407642472e+01	2.032197511083962738e+01	2.053680892216100062e+01	1.992742479028797931e+01	1.989800992154837189e+01	2.001867072271883430e+01	2.031763774151065860e+01	2.069840817816821854e+01	2.023643447906812654e+01	2.073896109553716371e+01
1.956143807062780837e+01	2.038906672006389442e+01	1.962334024334180071e+01	1.999438262497566399e+01	1.972207649797095641e+01	2.003260487823435199e+01	1.991920600725264023e+01	2.004086177446133377e+01	1.998252248390943464e+01	1.943247435472406437e+01	2.006967493594270735e+01	2.008582835495973740e+01	1.979664767031850303e+01	1.993409182476594665e+01	1.960804051087036370e+01	2.028006516375487323e+01	2.027490897990738006e+01	1.915933721906907650e+01	1.953212324270500488e+01	1.956327515039844300e+01	1.931961216633894551e+01	1.971148924630104204e+01	1.984610225190796484e+01	2.000264820832677160e+01	1.945996396884506652e+01	1.906299257884645826e+01	2.021315026792640168e+01	1.905397407068616289e+01	1.998197155881135600e+01	1.977221135312236910e+01	2.927980346979774851e+01	1.929253364511930968e+01	1.979881032516731665e+01	1.981112286966390101e+01	2.053069455124170517e+01	2.004354417458011639e+01	2.052379095445290602e+01	1.952423757062468113e+01	2.034865544941891713e+01	1.986861531024614536e+01	1.941867056286842796e+01	2.006434027589752134e+01	1.972282649838721014e+01	1.949577619330137779e+01	1.987565303468924682e+01	1.963462940372378895e+01	1.963174097294487552e+01	2.046033464363443599e+01	1.981528184288351824e+01	2.000400402734002725e+01
1.994475471808624079e+01	2.014132211832376029e+01	1.950174357696007732e+01	1.969083174290243576e+01	1.925788671246027661e+01	2.010931125652346552e+01	1.966930833855702687e+01	1.981458451878960147e+01	1.988896239098678720e+01	1.968605668445565371e+01	1.945561501166523044e+01	2.012791800421144472e+01	1.980312643918028570e+01	1.974262473366652415e+01	1.962123585802181225e+01	1.993562239681836346e+01	1.971569889296825195e+01	1.883742420640832904e+01	1.939888743444646479e+01	1.966927306317367297e+01	1.953702085046446157e+01	1.950746775069163164e+01	1.963057003297574710e+01	1.944176022944409254e+01	1.938457335917806645e+01	1.903518899342233439e+01	2.003549825239945648e+01	1.898689838073298120e+01	1.975470549958863131e+01	1.992275174838983531e+01	1.929253364511930968e+01	2.935368438759089216e+01	1.979200236183219275e+01	1.969417276296705310e+01	2.043109147030838102e+01	2.014450515297207644e+01	1.997426149532144990e+01	1.991957509935954818e+01	2.007173466304609022e+01	1.986132876520506585e+01	1.928116952699584274e+01	2.001756751363001996e+01	1.969613702565252922e+01	1.960469350599558425e+01	1.977217378998163611e+01	1.976771274910911202e+01	1.971826296171218118e+01	2.032423595184161158e+01	1.970184033371597465e+01	1.990676467638222746e+01
