3.014961639623347267e+01	2.010452092237854771e+01	2.039474423403265391e+01	1.992655374370434629e+01	2.016347398744032660e+01	1.965967262462271492e+01	1.964249616982556645e+01	1.993384041704058163e+01	2.042142405649859782e+01	1.980973995407057231e+01	1.972640636456134189e+01	2.024119031150839731e+01	2.053788933152628005e+01	2.001596755716666465e+01	2.035096787872567603e+01	1.998328187054208271e+01	1.956030086267600865e+01	1.965513297264647719e+01	1.973499372371991356e+01	1.956036955280200473e+01	1.984350808461081073e+01	1.992984276763297657e+01	2.091374704352589120e+01	2.017219312796365926e+01	1.993489352358374944e+01	1.990355235515103871e+01	1.925308654610942938e+01	2.045657516697436051e+01	2.008771455112073312e+01	1.999563827063579424e+01	2.036732932766570059e+01	2.029845905465023037e+01	2.004095337673607702e+01	2.006979567073535620e+01	2.003644275954220078e+01	1.997817247272450913e+01	1.995234896706629257e+01	2.012681033678858000e+01	2.031956781786011135e+01	1.988258746466047455e+01	2.001170690908217864e+01	2.048803241749218884e+01	2.023318487190229575e+01	1.953356044254775981e+01	1.973056509504128897e+01	2.022011755664233235e+01	1.947348627310108427e+01	2.023417798739185613e+01	2.016250911761106934e+01	1.982652433662375202e+01
2.010452092237854771e+01	3.039207140333315138e+01	2.025499052697505320e+01	2.014130604429664473e+01	2.018984564505815626e+01	1.976289783569092506e+01	1.964229785317649046e+01	2.011334949274484174e+01	2.012698715143043415e+01	1.981265260967630937e+01	2.000056992987256876e+01	2.078709037998874720e+01	2.014840136403653048e+01	1.991620384336641791e+01	2.032933151180830578e+01	2.002751335844358138e+01	1.964902181609472009e+01	1.975235044666775153e+01	1.990439547342646875e+01	1.976218861558194106e+01	2.009377591503233162e+01	1.960742778108405204e+01	2.095710472119268886e+01	1.994630603589452988e+01	2.002419557902650382e+01	1.954008072073493452e+01	1.924509110653388433e+01	2.035430386714164541e+01	1.968786449713424247e+01	2.034643273464211788e+01	2.035623708975433388e+01	2.015838552097359937e+01	1.998019534207811532e+01	2.067229878285415623e+01	2.004773954772126388e+01	1.999252461914455736e+01	1.991253979554759468e+01	1.984145691361201003e+01	2.020808294918043657e+01	1.992872560777151492e+01	2.016641831585996414e+01	2.018393714038334963e+01	2.019596741057754130e+01	1.968548375734285827e+01	1.989543061995714979e+01	2.040908594416361055e+01	2.030109343747778894e+01	2.023151863998601740e+01	1.983258261233259034e+01	1.954339591996374992e+01
2.039474423403265391e+01	2.025499052697505320e+01	2.990179299856182737e+01	1.974336346512960816e+01	2.027762553494392961e+01	1.960086032786684740e+01	1.994325814483082482e+01	2.036345344375176225e+01	2.043899289918623552e+01	2.006155191191957599e+01	1.997978460652247179e+01	2.019512709306895459e+01	1.968676240116866438e+01	2.031211533632568589e+01	2.014534630102294699e+01	1.984197095566918279e+01	1.963735817904404257e+01	1.971107319679659042e+01	1.953634159871865350e+01	1.954822613600514458e+01	2.004670102574238655e+01	2.009402180239791846e+01	2.057104353211575187e+01	2.012239049545496172e+01	1.936045934919227562e+01	1.970521101542788145e+01	1.881654879059937002e+01	2.009917984722076056e+01	1.959902648108123913e+01	1.997894606747576418e+01	2.016700224445667899e+01	1.985450424610624864e+01	2.008100773327630861e+01	2.035925199990191103e+01	1.967610705408868199e+01	1.963240808845122487e+01	1.989997330613124760e+01	2.017286475241999355e+01	2.043470340376761030e+01	1.988608756669678002e+01	1.983161565400171611e+01	2.020694601441526927e+01	2.057037697712730662e+01	1.981480296337934988e+01	2.005124341032405155e+01	2.008918374138744412e+01	2.004657669529054687e+01	2.050938638461708408e+01	1.986305407935827461e+01	1.991408829325026275e+01
1.992655374370434629e+01	2.014130604429664473e+01	1.974336346512960816e+01	2.929572438692874670e+01	1.966009499498971280e+01	1.930699548983754354e+01	1.966513867263991955e+01	1.978874106032790792e+01	1.973093676745268255e+01	1.948432496525696678e+01	1.962170238669937916e+01	1.993964711257403621e+01	1.960201468036240868e+01	1.989017217931306547e+01	1.975617295135064566e+01	1.965991745730728724e+01	1.896571253958845205e+01	1.936024913942389247e+01	1.940938895576145029e+01	1.941026165819310023e+01	1.953444214358750131e+01	1.973643937459634046e+01	2.029231470126002890e+01	1.990794354912107522e+01	1.985500487489502675e+01	1.970187129104483148e+01	1.894748849470508389e+01	1.997493824105272964e+01	1.973128601366575197e+01	1.982138818626798482e+01	1.939822364322762738e+01	1.958534791448769496e+01	1.939289550334477141e+01	2.026823849152036416e+01	1.959153957192397044e+01	1.936807544495606237e+01	1.936546540565645458e+01	2.000839892428398770e+01	1.964778461516145569e+01	1.957416767922507006e+01	1.954381519391280264e+01	1.950988248932075209e+01	2.003282015693667972e+01	1.935825737685857462e+01	1.905121238472325373e+01	1.970957519877226360e+01	1.961624864956151626e+01	2.010894014877143476e+01	1.960788040946247790e+01	1.942401816044735696e+01
2.016347398744032660e+01	2.018984564505815626e+01	2.027762553494392961e+01	1.966009499498971280e+01	3.003108066242791452e+01	1.967876242617935745e+01	1.971116697943210383e+01	2.026049112687605458e+01	1.994000609286005954e+01	1.956937689791412183e+01	1.969951608337985149e+01	2.050079541069339228e+01	1.988460413310541597e+01	1.988097635966771648e+01	2.046294882607061894e+01	1.980807086662271033e+01	1.967303477398976241e+01	1.968167525302164478e+01	1.999758624054843281e+01	1.969509098351699805e+01	1.984249143479647159e+01	2.012118791117622507e+01	2.054276828062788240e+01	2.025349071716763660e+01	2.009445607720945404e+01	1.976928472203852749e+01	1.916835706685860075e+01	2.000421038335478485e+01	1.967691011754032360e+01	1.999631458134115292e+01	2.020371004574455753e+01	1.967971223801861669e+01	1.965420644509481107e+01	2.035121589967207356e+01	1.990798105894591075e+01	1.985168055875334403e+01	1.994952531669868279e+01	1.994882256409748322e+01	2.017596950162644021e+01	1.966624136021747660e+01	1.958847610115163462e+01	2.010071633599594065e+01	1.992403085812252428e+01	1.956212569806375967e+01	1.964849488853873893e+01	1.991973447045195655e+01	2.006964017755987584e+01	2.039182566869765623e+01	2.005911818243322031e+01	1.984852042833794883e+01
1.965967262462271492e+01	1.976289783569092506e+01	1.960086032786684740e+01	1.930699548983754354e+01	1.967876242617935745e+01	2.899079596884129373e+01	1.925700258808327803e+01	1.956168417354585642e+01	1.996424550956729504e+01	1.913601287829749609e+01	1.926112985401761435e+01	1.981839315203576035e+01	1.984023120658712713e+01	1.940133443179990635e+01	1.972803828838382856e+01	1.962853427274831120e+01	1.899979510131174365e+01	1.949479267970179919e+01	1.931620922968932064e+01	1.920837311146540216e+01	1.931022705076401280e+01	1.938453571173264933e+01	2.019546754135299338e+01	1.958725182075357552e+01	1.914625118403307269e+01	1.893329183566505236e+01	1.887394988460004797e+01	1.986050146199917776e+01	1.956182771851155877e+01	1.935615400387565899e+01	1.987674921646532056e+01	1.927500973560971786e+01	1.931526741545713577e+01	1.969907341421791713e+01	2.029376256875842799e+01	1.952297904407170748e+01	1.922520906061522794e+01	1.981595037501598355e+01	1.969430985553506375e+01	1.935749583368792059e+01	1.935840198669576395e+01	1.961819944432937390e+01	1.985373814432061224e+01	1.935640010776445408e+01	1.928347425950419236e+01	1.967369158082930625e+01	1.953531028715125117e+01	2.002005229915003071e+01	1.953133269529303107e+01	1.926428278683339457e+01
1.964249616982556645e+01	1.964229785317649046e+01	1.994325814483082482e+01	1.966513867263991955e+01	1.971116697943210383e+01	1.925700258808327803e+01	2.952051969902039019e+01	2.002971170561708902e+01	2.015333703398538390e+01	1.934294915949797655e+01	1.927513828165317733e+01	2.031012955106470130e+01	2.021124389663902576e+01	1.985039914209120937e+01	1.976677871675971332e+01	2.001546184996336564e+01	1.946962903376222798e+01	1.958208265453501795e+01	1.908084234840094240e+01	1.924520003395717893e+01	1.965336315088310570e+01	1.955010070151408641e+01	2.024360787288737384e+01	1.968736191065684693e+01	1.959945254996799946e+01	1.971164449461054247e+01	1.910548285526077095e+01	1.976830039508178061e+01	1.962765722219921827e+01	1.996511745818644812e+01	1.983164732395331953e+01	1.942718960693946073e+01	1.962865575807666474e+01	1.998756152559343136e+01	1.969948158368852731e+01	1.980580866962611353e+01	1.973583574803317475e+01	1.962791012406494318e+01	2.013610058093065547e+01	1.951890128168205152e+01	1.942092352181934345e+01	1.985972360181593643e+01	2.014058574383884093e+01	1.929267528089228634e+01	1.921868104156195045e+01	2.002092813976585717e+01	1.924898195812381374e+01	2.037389881561951910e+01	1.953482302288658090e+01	1.944551647663049110e+01
1.993384041704058163e+01	2.011334949274484174e+01	2.036345344375176225e+01	1.978874106032790792e+01	2.026049112687605458e+01	1.956168417354585642e+01	2.002971170561708902e+01	2.974742589328656450e+01	2.019729500702965197e+01	1.963968132400698963e+01	1.987275962969723153e+01	2.076480672493630664e+01	2.014919637571887989e+01	2.041225113047042328e+01	2.027477340393295790e+01	1.983003087408300757e+01	1.988643626579012036e+01	1.974400763706840678e+01	1.970095630136536258e+01	1.999565600946125699e+01	1.998724607848278012e+01	2.012305065697333362e+01	2.055597972764257264e+01	2.022048744606330928e+01	1.981504397185335264e+01	1.965936396247445472e+01	1.937503592923001605e+01	2.029003710566070495e+01	1.969294595356574717e+01	1.996490607405464601e+01	1.999356999226180776e+01	1.975582294285232621e+01	1.979752659098740253e+01	2.006776862648435511e+01	2.031027983218493205e+01	1.987002074223881110e+01	1.993020571242873729e+01	2.013197691413396484e+01	2.046064524607414015e+01	1.967422706524602205e+01	1.952624026522360268e+01	2.031973378218033588e+01	2.006590637349909656e+01	2.002687788138646141e+01	1.916983192755519738e+01	2.000769592237060124e+01	2.016296094351428891e+01	2.034168053527595887e+01	1.992786574168893665e+01	1.946370912799727648e+01
2.042142405649859782e+01	2.012698715143043415e+01	2.043899289918623552e+01	1.973093676745268255e+01	1.994000609286005954e+01	1.996424550956729504e+01	2.015333703398538390e+01	2.019729500702965197e+01	3.027945579745253823e+01	1.997699096268129182e+01	2.001971813631302410e+01	2.090876171770610981e+01	2.031936899655367768e+01	1.989888924066239895e+01	2.006453481886082457e+01	2.034522197109823693e+01	2.008626942676010074e+01	2.020361365023600797e+01	1.978314985972541251e+01	1.981298389009739580e+01	2.009237764724361597e+01	1.995128529828331310e+01	2.033414334689771152e+01	2.019111884571533366e+01	2.018231297238651223e+01	1.977889329983543476e+01	1.924482630103462100e+01	2.025429739106332860e+01	1.988877237740002002e+01	2.040531142727566305e+01	1.987886373003577845e+01	1.980637813979718587e+01	1.983209242378386250e+01	2.042437356582803432e+01	2.064365407424402932e+01	2.008473225437946397e+01	2.025911695534234269e+01	2.021995196046540144e+01	2.033081848604754427e+01	1.992859987449768155e+01	2.015342006968468169e+01	2.018419733721698961e+01	2.033323326947347809e+01	1.984474743026237675e+01	1.940252391940896359e+01	2.004267144808244794e+01	1.975307791668379309e+01	2.054338126223294836e+01	2.031956435633616209e+01	2.013261102897543608e+01
1.980973995407057231e+01	1.981265260967630937e+01	2.006155191191957599e+01	1.948432496525696678e+01	1.956937689791412183e+01	1.913601287829749609e+01	1.934294915949797655e+01	1.963968132400698963e+01	1.997699096268129182e+01	2.893962124668842151e+01	1.983583736062996650e+01	1.973672787380773386e+01	1.997361395968232145e+01	1.962235268364009144e+01	1.971446124457237303e+01	1.946791661263652529e+01	1.916547601318563210e+01	1.923440095048353982e+01	1.939401886603353020e+01	1.955249748575235813e+01	1.992389207838505172e+01	1.953279443874376398e+01	2.010048738804575308e+01	1.961290213593791876e+01	1.948162020708678455e+01	1.951064689976153588e+01	1.891502104808155238e+01	1.981602730052851058e+01	1.954069731999511106e+01	1.982924367977299340e+01	1.984278821269806414e+01	1.951306048864448428e+01	1.988321066592368425e+01	2.006693708123505360e+01	1.964597059912118127e+01	1.973988619387744592e+01	1.954889895400703637e+01	1.949802921977367021e+01	1.995066193095247797e+01	1.947604864844161554e+01	1.948751007849079286e+01	2.004851068652488522e+01	1.954931236506571324e+01	1.917214197824704414e+01	1.931931781277732796e+01	1.963217269448897895e+01	1.964393315023561826e+01	2.018596662276542730e+01	1.952904644671693646e+01	1.988228583083682821e+01
1.972640636456134189e+01	2.000056992987256876e+01	1.997978460652247179e+01	1.962170238669937916e+01	1.969951608337985149e+01	1.926112985401761435e+01	1.927513828165317733e+01	1.987275962969723153e+01	2.001971813631302410e+01	1.983583736062996650e+01	2.950055608280981190e+01	2.019545961942474577e+01	1.974678829693574045e+01	1.987536102626496515e+01	1.977626834947921353e+01	1.962768702027988965e+01	1.949161442883983142e+01	1.905385584667814314e+01	1.961126014231994930e+01	1.957591249858489491e+01	1.941495600587367676e+01	1.977027644431443676e+01	2.028152298488057426e+01	1.957731149005747184e+01	1.948099978086638018e+01	1.960656496823309070e+01	1.882999746845337796e+01	2.012492082695731099e+01	1.949567899025399598e+01	1.980784874425950548e+01	1.970618241108798685e+01	1.959030444739558163e+01	1.966038214848939347e+01	1.975334166918237955e+01	1.985052480852710843e+01	1.977812917723401398e+01	2.015523329523160001e+01	2.013441228958491891e+01	2.003177988725967040e+01	1.964014957308799225e+01	1.959143130924876530e+01	1.970103395629103105e+01	1.995110061306799665e+01	1.933204276000305910e+01	1.908124140968143578e+01	2.001662841276230154e+01	1.975291490130494765e+01	2.048212139745218607e+01	1.969635627284262824e+01	1.921289842368770096e+01
2.024119031150839731e+01	2.078709037998874720e+01	2.019512709306895459e+01	1.993964711257403621e+01	2.050079541069339228e+01	1.981839315203576035e+01	2.031012955106470130e+01	2.076480672493630664e+01	2.090876171770610981e+01	1.973672787380773386e+01	2.019545961942474577e+01	3.005235189371672178e+01	2.055101167998610023e+01	2.009401669644215005e+01	2.063283644170760667e+01	2.066917661042053211e+01	1.979491428008643439e+01	2.027050368582029805e+01	2.016736346478876385e+01	2.008507022657220276e+01	2.036778704435322140e+01	2.035515964175210968e+01	2.091382811000672959e+01	2.038644801818245611e+01	2.033759338963697516e+01	2.020869297717046820e+01	1.943221826044857536e+01	2.072677153317419751e+01	2.026744328109689164e+01	2.051142717615342193e+01	2.025826707462314857e+01	2.062009612418939142e+01	2.021617755518010995e+01	2.073369513682510856e+01	2.074071298836814137e+01	2.026848991350515661e+01	2.014243966789244666e+01	2.000465495129470028e+01	2.085257659369894867e+01	2.041519948931325601e+01	1.988415294327234761e+01	2.056978071718966916e+01	2.040801647224079929e+01	1.995763179116334030e+01	1.972950715385964671e+01	2.038611832454555284e+01	2.031571915227805292e+01	2.078974075949708222e+01	2.017459499662514588e+01	1.998834085231821334e+01
2.053788933152628005e+01	2.014840136403653048e+01	1.968676240116866438e+01	1.960201468036240868e+01	1.988460413310541597e+01	1.984023120658712713e+01	2.021124389663902576e+01	2.014919637571887989e+01	2.031936899655367768e+01	1.997361395968232145e+01	1.974678829693574045e+01	2.055101167998610023e+01	3.011405218562871866e+01	2.001268564423329366e+01	2.033005584251146303e+01	2.044346809617329086e+01	1.920578122874740856e+01	1.993128243292098389e+01	1.951827850145325982e+01	1.896475627457776625e+01	1.977044129414846907e+01	2.002257869766166465e+01	2.066327826354766017e+01	1.998099597204073774e+01	1.985178620832209617e+01	1.997829134200500434e+01	1.901940481285176787e+01	2.026895671825957024e+01	1.974140069691965849e+01	2.001634376121453940e+01	2.008200009274373343e+01	1.972400021753453103e+01	2.000385196175237823e+01	1.997423520913959294e+01	2.000745441683146453e+01	2.003700224424490628e+01	1.988683198338350877e+01	1.988590033417658276e+01	2.001643722527022717e+01	1.963003414012381143e+01	1.994746209609890641e+01	2.033748993640150005e+01	1.995498428598177298e+01	1.960026762378511123e+01	1.927201120319353933e+01	1.995332384776251189e+01	1.941123627156877163e+01	2.043713014668264094e+01	1.960979307886082879e+01	1.994395619157337407e+01
2.001596755716666465e+01	1.991620384336641791e+01	2.031211533632568589e+01	1.989017217931306547e+01	1.988097635966771648e+01	1.940133443179990635e+01	1.985039914209120937e+01	2.041225113047042328e+01	1.989888924066239895e+01	1.962235268364009144e+01	1.987536102626496515e+01	2.009401669644215005e+01	2.001268564423329366e+01	2.970652425386450801e+01	2.016335700405756981e+01	2.036322473438545799e+01	1.961168415972021251e+01	1.985063379765148639e+01	1.932090886176407096e+01	1.955884899826915557e+01	2.008825484761970159e+01	2.025025125771476198e+01	2.078970790839414207e+01	2.003767872947591044e+01	1.979691667965083113e+01	1.971220657948302346e+01	1.900854288345681908e+01	2.067880535026170463e+01	1.981408848129665046e+01	2.041189386902740921e+01	2.002237481806817954e+01	2.025462879968160479e+01	1.992767693960301045e+01	2.019014907335094478e+01	2.032435890621340491e+01	1.967220281441769458e+01	1.958161471291407807e+01	2.023012617023327664e+01	2.040006082101503182e+01	2.006790757339671671e+01	2.017283515167190089e+01	2.005965313340022860e+01	2.037447825628809639e+01	1.958402110168996302e+01	1.966962977651960287e+01	2.006867734305479445e+01	1.994778610666662289e+01	2.064685338620578392e+01	1.999528629932728307e+01	1.979136787088765814e+01
2.035096787872567603e+01	2.032933151180830578e+01	2.014534630102294699e+01	1.975617295135064566e+01	2.046294882607061894e+01	1.972803828838382856e+01	1.976677871675971332e+01	2.027477340393295790e+01	2.006453481886082457e+01	1.971446124457237303e+01	1.977626834947921353e+01	2.063283644170760667e+01	2.033005584251146303e+01	2.016335700405756981e+01	3.015118093232664265e+01	2.044888116130017508e+01	1.950107469142912464e+01	2.017663099415645789e+01	1.999070141481679741e+01	1.996034600193631547e+01	1.981714172194545398e+01	2.046786909432726631e+01	2.083843226230052181e+01	2.043937641661677063e+01	1.982812053901338700e+01	2.022479167955004442e+01	1.946131167165673403e+01	2.072041436953922755e+01	2.011555826448455520e+01	2.007406993254588556e+01	2.018995832932827028e+01	2.003905962324943246e+01	1.997775793059808436e+01	2.032570103820121687e+01	2.038698597443427118e+01	1.995882931821376616e+01	1.997042448676126725e+01	2.017743083594085363e+01	2.062145835675145733e+01	1.983183019547824699e+01	1.989207871313665166e+01	2.044541680017474050e+01	2.006063582127408651e+01	1.946421374890115175e+01	1.974691340014795671e+01	2.021594975619827750e+01	2.000083761713719710e+01	2.081710391564687868e+01	2.015995690289439324e+01	1.983710748496935850e+01
1.998328187054208271e+01	2.002751335844358138e+01	1.984197095566918279e+01	1.965991745730728724e+01	1.980807086662271033e+01	1.962853427274831120e+01	2.001546184996336564e+01	1.983003087408300757e+01	2.034522197109823693e+01	1.946791661263652529e+01	1.962768702027988965e+01	2.066917661042053211e+01	2.044346809617329086e+01	2.036322473438545799e+01	2.044888116130017508e+01	2.991439665848496432e+01	1.932582640130750562e+01	1.991977940029861927e+01	1.928803533045187280e+01	2.000428009567858822e+01	1.970341899722128787e+01	2.011855350924142627e+01	2.075496228663912390e+01	2.018492252421737021e+01	2.011031193056109956e+01	1.993148739423904559e+01	1.897028845018323651e+01	2.030190550533809102e+01	1.952756728150135501e+01	2.019159776568131548e+01	2.016106991175623619e+01	2.010025345569978228e+01	2.031353301204037365e+01	2.029539898821145627e+01	2.035966832754042244e+01	1.960396199929846617e+01	1.998772078247074901e+01	1.970599812506279491e+01	1.967000452172145941e+01	1.972999319310038047e+01	1.976831129472637372e+01	2.042404593956818104e+01	1.994434014306304803e+01	1.971009151464475551e+01	1.936844487562822081e+01	2.041368721301925859e+01	1.991662650040015947e+01	2.027584322331050970e+01	1.990189814863228435e+01	1.975776127065529408e+01
1.956030086267600865e+01	1.964902181609472009e+01	1.963735817904404257e+01	1.896571253958845205e+01	1.967303477398976241e+01	1.899979510131174365e+01	1.946962903376222798e+01	1.988643626579012036e+01	2.008626942676010074e+01	1.916547601318563210e+01	1.949161442883983142e+01	1.979491428008643439e+01	1.920578122874740856e+01	1.961168415972021251e+01	1.950107469142912464e+01	1.932582640130750562e+01	2.896901124235892411e+01	1.944339508186786603e+01	1.940252299268086844e+01	1.969432891377265804e+01	1.913891566603180650e+01	1.900344658482480398e+01	1.971459771594114230e+01	1.931199249797060702e+01	1.921202684354699386e+01	1.924578984850053942e+01	1.898457283100530901e+01	1.962984819914112222e+01	1.947159307188116983e+01	1.953206475436589784e+01	1.934932726710301765e+01	1.960287331643028708e+01	1.960580878108084590e+01	1.998838161143737580e+01	1.932441553241750754e+01	1.948691082700108268e+01	1.944867255976508247e+01	1.957031468328004919e+01	1.989704619030142396e+01	1.931379595101054747e+01	1.918676712806649931e+01	1.986728687553926775e+01	1.960058383795592363e+01	1.916989325865770510e+01	1.887321980757245754e+01	1.921816903057025883e+01	1.947241375798250829e+01	1.983716945743156046e+01	1.931579929427470077e+01	1.898405555016200097e+01
1.965513297264647719e+01	1.975235044666775153e+01	1.971107319679659042e+01	1.936024913942389247e+01	1.968167525302164478e+01	1.949479267970179919e+01	1.958208265453501795e+01	1.974400763706840678e+01	2.020361365023600797e+01	1.923440095048353982e+01	1.905385584667814314e+01	2.027050368582029805e+01	1.993128243292098389e+01	1.985063379765148639e+01	2.017663099415645789e+01	1.991977940029861927e+01	1.944339508186786603e+01	2.927634718824895188e+01	1.935970187563295397e+01	1.950529163129774446e+01	1.980836111191022297e+01	1.984375794151137740e+01	2.047035912744339470e+01	2.013063865392118146e+01	1.964144401589152977e+01	1.958842640721323747e+01	1.872199687904188536e+01	1.996940690694072629e+01	1.945596038241085068e+01	2.011706215615841487e+01	1.971379194942776536e+01	1.955939819394163948e+01	1.970813036038741117e+01	1.999283168583041359e+01	1.954264605004916078e+01	1.959767207130493460e+01	1.930105854409985966e+01	1.971475340237725504e+01	1.974829761658648053e+01	1.970533912375708852e+01	1.984174828999939066e+01	2.026817081841753065e+01	1.998553337807238961e+01	1.953967038001395906e+01	1.927077637987967407e+01	2.001790068720563909e+01	1.937456915333399365e+01	2.013241487261965545e+01	1.949155166408461071e+01	1.957627070674875824e+01
1.973499372371991356e+01	1.990439547342646875e+01	1.953634159871865350e+01	1.940938895576145029e+01	1.999758624054843281e+01	1.931620922968932064e+01	1.908084234840094240e+01	1.970095630136536258e+01	1.978314985972541251e+01	1.939401886603353020e+01	1.961126014231994930e+01	2.016736346478876385e+01	1.951827850145325982e+01	1.932090886176407096e+01	1.999070141481679741e+01	1.928803533045187280e+01	1.940252299268086844e+01	1.935970187563295397e+01	2.942694600206606736e+01	1.907895579514887885e+01	1.925796985674393369e+01	1.947053453181581517e+01	2.011055493887384316e+01	1.924758572952390168e+01	1.966669534938455399e+01	1.930784009383694411e+01	1.895885425655484013e+01	1.979982294583200542e+01	1.927848643591687505e+01	1.960085447309579010e+01	1.956847434184469492e+01	1.977878823489294291e+01	1.915564503691954101e+01	2.011668897938226408e+01	1.955988742854813367e+01	1.989638837867535059e+01	1.970069284599164661e+01	1.974767718418777207e+01	1.992650908916868246e+01	1.965306248527897992e+01	1.937588486085693873e+01	1.918478517676495443e+01	1.986108488894697288e+01	1.914020372725221009e+01	1.905615229230626539e+01	1.984634710962509274e+01	1.913648150376945622e+01	2.018821793215171922e+01	1.983635102071772849e+01	1.934392506394678790e+01
1.956036955280200473e+01	1.976218861558194106e+01	1.954822613600514458e+01	1.941026165819310023e+01	1.969509098351699805e+01	1.920837311146540216e+01	1.924520003395717893e+01	1.999565600946125699e+01	1.981298389009739580e+01	1.955249748575235813e+01	1.957591249858489491e+01	2.008507022657220276e+01	1.896475627457776625e+01	1.955884899826915557e+01	1.996034600193631547e+01	2.000428009567858822e+01	1.969432891377265804e+01	1.950529163129774446e+01	1.907895579514887885e+01	2.949526989497434570e+01	1.936737692738887517e+01	1.938375698986747508e+01	2.028021675492595577e+01	1.981755006916562678e+01	1.994732382336833965e+01	1.931734676866040346e+01	1.849565977777386294e+01	1.991063316494294355e+01	1.937309745018631801e+01	1.946185032850481988e+01	1.965971469862587284e+01	1.954199128542942532e+01	1.941160822641072414e+01	1.971057117841631268e+01	1.980097976553597761e+01	1.937529904639706047e+01	1.984584369055871989e+01	1.942067975097028665e+01	1.964820740892055539e+01	1.971848294411499580e+01	1.918801163652654651e+01	1.963558763707187893e+01	1.998784949344951301e+01	1.927672408820028593e+01	1.923268879392882980e+01	1.938896626809439638e+01	1.964562312045701731e+01	1.976142238834824383e+01	1.946321376063079001e+01	1.946125190015245465e+01
1.984350808461081073e+01	2.009377591503233162e+01	2.004670102574238655e+01	1.953444214358750131e+01	1.984249143479647159e+01	1.931022705076401280e+01	1.965336315088310570e+01	1.998724607848278012e+01	2.009237764724361597e+01	1.992389207838505172e+01	1.941495600587367676e+01	2.036778704435322140e+01	1.977044129414846907e+01	2.008825484761970159e+01	1.981714172194545398e+01	1.970341899722128787e+01	1.913891566603180650e+01	1.980836111191022297e+01	1.925796985674393369e+01	1.936737692738887517e+01	2.959358150365275364e+01	1.975708918853105800e+01	2.008884592687785897e+01	1.966044586877861278e+01	1.930902773993440036e+01	1.933305314842718658e+01	1.878049453405642311e+01	2.001535398446163683e+01	1.962894550570056040e+01	1.976963188738367094e+01	2.025040394863165361e+01	1.954109766820413441e+01	1.992896314177801997e+01	2.031582134123762984e+01	2.013567882841883616e+01	1.942823782355925388e+01	1.957763203673062335e+01	1.962215288975622585e+01	2.010726977248179992e+01	1.959793307766849679e+01	1.984141238454842338e+01	2.023288625620166670e+01	1.990939220324288428e+01	1.939841574652472289e+01	1.902839877794027146e+01	1.999336817143938916e+01	1.973023289374486922e+01	2.015750871064170724e+01	1.979548660869879839e+01	1.972727314043843094e+01
1.992984276763297657e+01	1.960742778108405204e+01	2.009402180239791846e+01	1.973643937459634046e+01	2.012118791117622507e+01	1.938453571173264933e+01	1.955010070151408641e+01	2.012305065697333362e+01	1.995128529828331310e+01	1.953279443874376398e+01	1.977027644431443676e+01	2.035515964175210968e+01	2.002257869766166465e+01	2.025025125771476198e+01	2.046786909432726631e+01	2.011855350924142627e+01	1.900344658482480398e+01	1.984375794151137740e+01	1.947053453181581517e+01	1.938375698986747508e+01	1.975708918853105800e+01	2.925040163851265618e+01	2.036058082420566251e+01	1.977872198099006340e+01	1.990843831833575095e+01	1.996087305298618020e+01	1.920120266130362907e+01	2.014121159657088711e+01	1.971498700342171873e+01	1.987055169972278534e+01	1.985730368363471143e+01	1.995836964540000480e+01	1.958164704330709682e+01	2.020069483976220326e+01	2.021355013596842198e+01	1.974823315845718241e+01	1.992352332036945128e+01	1.967287262257246994e+01	2.011435474531636913e+01	1.962777695784527765e+01	1.972410917082152082e+01	1.999114381667707718e+01	2.005710148647554902e+01	1.950032061942603079e+01	1.922674731528325154e+01	1.999784967446199602e+01	1.976751712294308660e+01	2.021553505518561522e+01	1.972947603604960776e+01	1.986121477633681209e+01
2.091374704352589120e+01	2.095710472119268886e+01	2.057104353211575187e+01	2.029231470126002890e+01	2.054276828062788240e+01	2.019546754135299338e+01	2.024360787288737384e+01	2.055597972764257264e+01	2.033414334689771152e+01	2.010048738804575308e+01	2.028152298488057426e+01	2.091382811000672959e+01	2.066327826354766017e+01	2.078970790839414207e+01	2.083843226230052181e+01	2.075496228663912390e+01	1.971459771594114230e+01	2.047035912744339470e+01	2.011055493887384316e+01	2.028021675492595577e+01	2.008884592687785897e+01	2.036058082420566251e+01	3.014560244431880420e+01	2.057571718285471363e+01	2.039176599922631894e+01	2.001308925008612505e+01	1.932424284372542900e+01	2.077956330893944425e+01	2.008023516297030042e+01	2.047002338946792932e+01	2.036895897309837977e+01	2.057897303837816949e+01	2.053192092096074362e+01	2.072909096399782314e+01	2.043054173517114336e+01	2.031544567571176430e+01	2.022161524177552394e+01	1.986573400727804284e+01	2.094254260835517201e+01	1.997558120046409513e+01	2.046287857871696758e+01	2.066037107598173606e+01	2.074387201018424065e+01	1.988612973409360052e+01	1.991190180945272914e+01	2.013894715973772520e+01	2.051207014044412702e+01	2.066829558507745901e+01	2.048961430638057024e+01	2.027754937835122107e+01
2.017219312796365926e+01	1.994630603589452988e+01	2.012239049545496172e+01	1.990794354912107522e+01	2.025349071716763660e+01	1.958725182075357552e+01	1.968736191065684693e+01	2.022048744606330928e+01	2.019111884571533366e+01	1.961290213593791876e+01	1.957731149005747184e+01	2.038644801818245611e+01	1.998099597204073774e+01	2.003767872947591044e+01	2.043937641661677063e+01	2.018492252421737021e+01	1.931199249797060702e+01	2.013063865392118146e+01	1.924758572952390168e+01	1.981755006916562678e+01	1.966044586877861278e+01	1.977872198099006340e+01	2.057571718285471363e+01	2.932327053087920277e+01	1.978181044257435417e+01	1.973282219230284085e+01	1.934882310765727453e+01	2.049477519980209905e+01	1.991615999555658334e+01	1.975334661077175369e+01	2.004846026540318960e+01	1.991858632208109370e+01	2.001092339000108211e+01	2.093650012016442830e+01	1.987444018711067173e+01	1.970352865888549942e+01	1.968865643874547544e+01	2.004800357405190780e+01	1.988785816322684141e+01	1.997234808668546790e+01	1.978883791157099381e+01	2.028408085866474408e+01	1.983805831094445082e+01	1.934388963953928098e+01	1.962200135435553250e+01	2.001291361256776824e+01	1.982094622762021885e+01	2.033045550644024857e+01	1.969402775237503533e+01	2.004105929602011216e+01
1.993489352358374944e+01	2.002419557902650382e+01	1.936045934919227562e+01	1.985500487489502675e+01	2.009445607720945404e+01	1.914625118403307269e+01	1.959945254996799946e+01	1.981504397185335264e+01	2.018231297238651223e+01	1.948162020708678455e+01	1.948099978086638018e+01	2.033759338963697516e+01	1.985178620832209617e+01	1.979691667965083113e+01	1.982812053901338700e+01	2.011031193056109956e+01	1.921202684354699386e+01	1.964144401589152977e+01	1.966669534938455399e+01	1.994732382336833965e+01	1.930902773993440036e+01	1.990843831833575095e+01	2.039176599922631894e+01	1.978181044257435417e+01	2.948971476704597450e+01	1.966041637410599918e+01	1.897539575139700219e+01	2.031811211500495062e+01	1.966365314524696473e+01	2.015486432211092804e+01	1.978411973298319637e+01	2.011386762165620112e+01	1.965296351872602898e+01	2.036465910277231117e+01	1.988821495530563155e+01	1.975019002638713062e+01	1.979315089189315202e+01	1.929382235637413245e+01	2.003537964307999530e+01	1.950041821423868527e+01	1.953966155564275553e+01	1.958884636004159674e+01	2.020553024722049074e+01	1.936356757761662450e+01	1.945712335882599220e+01	2.008779554682335089e+01	1.985613669338671627e+01	2.048936025684725593e+01	1.970736101413136865e+01	1.965598671364410777e+01
1.990355235515103871e+01	1.954008072073493452e+01	1.970521101542788145e+01	1.970187129104483148e+01	1.976928472203852749e+01	1.893329183566505236e+01	1.971164449461054247e+01	1.965936396247445472e+01	1.977889329983543476e+01	1.951064689976153588e+01	1.960656496823309070e+01	2.020869297717046820e+01	1.997829134200500434e+01	1.971220657948302346e+01	2.022479167955004442e+01	1.993148739423904559e+01	1.924578984850053942e+01	1.958842640721323747e+01	1.930784009383694411e+01	1.931734676866040346e+01	1.933305314842718658e+01	1.996087305298618020e+01	2.001308925008612505e+01	1.973282219230284085e+01	1.966041637410599918e+01	2.946357480504778081e+01	1.876428587916469581e+01	1.962366196586526712e+01	1.964455092268137548e+01	1.947001855333371623e+01	1.970538194558667655e+01	1.974877461920523558e+01	1.949992346807302113e+01	1.978270605061461751e+01	2.002915457233203611e+01	1.963694315004064705e+01	1.990051305053453845e+01	1.968354757767032481e+01	1.990136899944903348e+01	1.966395753811382008e+01	1.940459455866721328e+01	2.010310951437559623e+01	1.993181868780397537e+01	1.937585320572118519e+01	1.902060548888682945e+01	1.977095662254564346e+01	1.965660383534583744e+01	2.035643875697653016e+01	1.945085767691431045e+01	1.933575551291605521e+01
1.925308654610942938e+01	1.924509110653388433e+01	1.881654879059937002e+01	1.894748849470508389e+01	1.916835706685860075e+01	1.887394988460004797e+01	1.910548285526077095e+01	1.937503592923001605e+01	1.924482630103462100e+01	1.891502104808155238e+01	1.882999746845337796e+01	1.943221826044857536e+01	1.901940481285176787e+01	1.900854288345681908e+01	1.946131167165673403e+01	1.897028845018323651e+01	1.898457283100530901e+01	1.872199687904188536e+01	1.895885425655484013e+01	1.849565977777386294e+01	1.878049453405642311e+01	1.920120266130362907e+01	1.932424284372542900e+01	1.934882310765727453e+01	1.897539575139700219e+01	1.876428587916469581e+01	2.786581346057849373e+01	1.925950849177464619e+01	1.923067652620771639e+01	1.944537462534101024e+01	1.925428172846439168e+01	1.920468863768106615e+01	1.901636291299355364e+01	1.941918571937608817e+01	1.949372352050090740e+01	1.891064739250527182e+01	1.891931087484140050e+01	1.942346433096489733e+01	1.950756700456853920e+01	1.901191148140107501e+01	1.914664457175533485e+01	1.922848030812347275e+01	1.909210430054675456e+01	1.882797508954139332e+01	1.905398405175649046e+01	1.904184010429628415e+01	1.916930774275122928e+01	1.942516166907306996e+01	1.880856521880630083e+01	1.891960932969800879e+01
2.045657516697436051e+01	2.035430386714164541e+01	2.009917984722076056e+01	1.997493824105272964e+01	2.000421038335478485e+01	1.986050146199917776e+01	1.976830039508178061e+01	2.029003710566070495e+01	2.025429739106332860e+01	1.981602730052851058e+01	2.012492082695731099e+01	2.072677153317419751e+01	2.026895671825957024e+01	2.067880535026170463e+01	2.072041436953922755e+01	2.030190550533809102e+01	1.962984819914112222e+01	1.996940690694072629e+01	1.979982294583200542e+01	1.991063316494294355e+01	2.001535398446163683e+01	2.014121159657088711e+01	2.077956330893944425e+01	2.049477519980209905e+01	2.031811211500495062e+01	1.962366196586526712e+01	1.925950849177464619e+01	2.995245957245634116e+01	2.019792532643358030e+01	2.042790269178722795e+01	2.051450784366828373e+01	2.000231479646536670e+01	2.011436976226054441e+01	2.039581462060334971e+01	2.012223788197254848e+01	2.012961059690431043e+01	2.007635276586612960e+01	2.029865101405796679e+01	1.986407452883857516e+01	1.984507298654969532e+01	2.008959364443041551e+01	1.999329183091730400e+01	2.039259889138229553e+01	1.967949970895057987e+01	1.945477218437645206e+01	2.050383539522964327e+01	1.998823092177357097e+01	2.056218277211439371e+01	2.028210893607828424e+01	1.987025189643584966e+01
2.008771455112073312e+01	1.968786449713424247e+01	1.959902648108123913e+01	1.973128601366575197e+01	1.967691011754032360e+01	1.956182771851155877e+01	1.962765722219921827e+01	1.969294595356574717e+01	1.988877237740002002e+01	1.954069731999511106e+01	1.949567899025399598e+01	2.026744328109689164e+01	1.974140069691965849e+01	1.981408848129665046e+01	2.011555826448455520e+01	1.952756728150135501e+01	1.947159307188116983e+01	1.945596038241085068e+01	1.927848643591687505e+01	1.937309745018631801e+01	1.962894550570056040e+01	1.971498700342171873e+01	2.008023516297030042e+01	1.991615999555658334e+01	1.966365314524696473e+01	1.964455092268137548e+01	1.923067652620771639e+01	2.019792532643358030e+01	2.962036760926687506e+01	2.019585842446810631e+01	1.973996131025118217e+01	2.000477274956120866e+01	1.987415756946019840e+01	2.001784742754657742e+01	2.004291417958463484e+01	2.004703841355349425e+01	1.985285146560990910e+01	1.982633369472842944e+01	1.996987231077523361e+01	1.959478028443846398e+01	1.939435852031104801e+01	1.989231340825013206e+01	1.984458509144677052e+01	1.927024786038926507e+01	1.933266445858569682e+01	1.991563520269202314e+01	1.996123172188270445e+01	2.018116682094417769e+01	1.980861217541357178e+01	1.957166416929843322e+01
1.999563827063579424e+01	2.034643273464211788e+01	1.997894606747576418e+01	1.982138818626798482e+01	1.999631458134115292e+01	1.935615400387565899e+01	1.996511745818644812e+01	1.996490607405464601e+01	2.040531142727566305e+01	1.982924367977299340e+01	1.980784874425950548e+01	2.051142717615342193e+01	2.001634376121453940e+01	2.041189386902740921e+01	2.007406993254588556e+01	2.019159776568131548e+01	1.953206475436589784e+01	2.011706215615841487e+01	1.960085447309579010e+01	1.946185032850481988e+01	1.976963188738367094e+01	1.987055169972278534e+01	2.047002338946792932e+01	1.975334661077175369e+01	2.015486432211092804e+01	1.947001855333371623e+01	1.944537462534101024e+01	2.042790269178722795e+01	2.019585842446810631e+01	2.980263646902561447e+01	1.993684840716158035e+01	2.005235670584236018e+01	1.997971826074098445e+01	2.029666563570616233e+01	2.002922899057340445e+01	2.000758236527999401e+01	2.011870998603603411e+01	1.972962311893516230e+01	1.987262371023486196e+01	1.990544934118701192e+01	1.973866705573541935e+01	2.026420247135374808e+01	2.013887984439832834e+01	1.963510983457207004e+01	1.947368065258157088e+01	1.952118728319878826e+01	1.987660794800728681e+01	2.035639183184993684e+01	1.962634052991910849e+01	1.969449060052535572e+01
2.036732932766570059e+01	2.035623708975433388e+01	2.016700224445667899e+01	1.939822364322762738e+01	2.020371004574455753e+01	1.987674921646532056e+01	1.983164732395331953e+01	1.999356999226180776e+01	1.987886373003577845e+01	1.984278821269806414e+01	1.970618241108798685e+01	2.025826707462314857e+01	2.008200009274373343e+01	2.002237481806817954e+01	2.018995832932827028e+01	2.016106991175623619e+01	1.934932726710301765e+01	1.971379194942776536e+01	1.956847434184469492e+01	1.965971469862587284e+01	2.025040394863165361e+01	1.985730368363471143e+01	2.036895897309837977e+01	2.004846026540318960e+01	1.978411973298319637e+01	1.970538194558667655e+01	1.925428172846439168e+01	2.051450784366828373e+01	1.973996131025118217e+01	1.993684840716158035e+01	2.984260188642293343e+01	1.981129187022918359e+01	2.002161206337125776e+01	2.041286152484966365e+01	2.010106037166114135e+01	1.955532060083401547e+01	1.994596691874482630e+01	2.020198053447043307e+01	2.020304721372948364e+01	1.977505097602339745e+01	1.963981207905067450e+01	2.006683046340494769e+01	2.013416093349338354e+01	1.959990958309947473e+01	1.963612669721563364e+01	2.024802361858743538e+01	1.995137701801053964e+01	2.035074140671697407e+01	1.999163611409660035e+01	2.013831311821747150e+01
2.029845905465023037e+01	2.015838552097359937e+01	1.985450424610624864e+01	1.958534791448769496e+01	1.967971223801861669e+01	1.927500973560971786e+01	1.942718960693946073e+01	1.975582294285232621e+01	1.980637813979718587e+01	1.951306048864448428e+01	1.959030444739558163e+01	2.062009612418939142e+01	1.972400021753453103e+01	2.025462879968160479e+01	2.003905962324943246e+01	2.010025345569978228e+01	1.960287331643028708e+01	1.955939819394163948e+01	1.977878823489294291e+01	1.954199128542942532e+01	1.954109766820413441e+01	1.995836964540000480e+01	2.057897303837816949e+01	1.991858632208109370e+01	2.011386762165620112e+01	1.974877461920523558e+01	1.920468863768106615e+01	2.000231479646536670e+01	2.000477274956120866e+01	2.005235670584236018e+01	1.981129187022918359e+01	2.971310948771834148e+01	1.965144717565698684e+01	2.013266470658525975e+01	1.964816154579411034e+01	1.939721995555225931e+01	1.968481050878461858e+01	1.943172772367124779e+01	2.040203669203488346e+01	1.951725814167520667e+01	1.985579599003570905e+01	2.022114132992301450e+01	1.967366422763142708e+01	1.934474229788100530e+01	1.917426156318322228e+01	1.979325439400367159e+01	1.983430261479476187e+01	2.012819355148833012e+01	1.969623229370046147e+01	1.939090634817268111e+01
