3.052081400870643435e+01	2.078169561355622363e+01	2.062399482182261323e+01	2.039857627126496453e+01	1.958977108837529002e+01	1.989813754219851560e+01	2.071656064827846322e+01	2.016647102787357326e+01	2.064770123249100919e+01	1.982960087542552685e+01	2.066560700021911501e+01	1.971896260175333992e+01	2.031920692925105598e+01	2.009632202145925461e+01	2.000223763520837750e+01	2.006500768945106827e+01	1.991216392164200144e+01	2.056546950683099340e+01	2.033808248836506749e+01	2.013896451101112461e+01	2.029147921382796227e+01	2.035851508860713821e+01	1.999980341515715310e+01	2.022699410733195080e+01	2.067089897600746440e+01	1.986232064242425821e+01	2.038717554237220142e+01	2.017144702429303393e+01	2.025871670666196778e+01	2.080744602923564202e+01	2.062230116109595102e+01	2.044110120812255360e+01	1.985500866914555473e+01	2.007882373423076316e+01	2.088282889983690893e+01	2.064909714334112323e+01	2.096662079863300931e+01	1.998251171315559205e+01	2.064596107206121189e+01	1.946547483715540494e+01	2.048862516670687128e+01	2.027175077692773186e+01	1.998070465481031377e+01	2.017929920676369804e+01	2.047756579648817521e+01	2.046079997448644505e+01	2.009351875243939389e+01	2.085688960049673568e+01	2.063524120706116349e+01	2.076083024118895182e+01
2.078169561355622363e+01	3.087385961697233938e+01	2.052454153436336881e+01	2.050656246485704770e+01	1.992171647890335251e+01	2.037372982453959125e+01	2.097447014461127424e+01	2.055077871715852211e+01	2.034219086633334328e+01	2.034411797714300718e+01	2.098889859741938579e+01	2.023510967970442564e+01	2.057820548952097894e+01	2.021010380139291129e+01	2.084492915600877083e+01	2.047720629345274190e+01	2.032588078779608765e+01	2.038413119660481954e+01	2.064776859378278573e+01	2.054776358496299693e+01	2.009853959837233006e+01	2.034780602332079624e+01	2.032583665111475213e+01	1.997335991825488222e+01	2.112543629921178123e+01	2.002605207919915742e+01	2.118503897749865672e+01	2.004133891154221914e+01	2.052507081774650644e+01	2.077587273718006244e+01	2.124276842287114775e+01	2.058994278506231623e+01	2.007188340223157041e+01	2.034748715680812126e+01	2.089826962226380047e+01	2.095035706060278713e+01	2.080376991399123909e+01	2.016082399392842461e+01	2.115942732914921010e+01	2.027119742432758542e+01	2.061639048450753009e+01	2.068145404155183087e+01	1.983546273584873632e+01	2.077572759736655783e+01	2.097069253268362488e+01	2.071852505799665067e+01	2.009516266384946803e+01	2.073772896746675798e+01	2.066351981353443890e+01	2.118989335696383947e+01
2.062399482182261323e+01	2.052454153436336881e+01	2.924114224584620203e+01	2.048928492216701613e+01	1.932742321878177094e+01	1.966810088942006018e+01	2.018819833567627242e+01	1.964426923598750818e+01	2.041172338455267621e+01	1.974099108622668908e+01	2.008173328623015763e+01	1.955264964307701803e+01	2.000346244220120795e+01	1.948836618217497119e+01	1.999592260532937260e+01	1.966145903884608614e+01	1.933255056613601397e+01	2.012912029978011930e+01	1.988494305295090214e+01	1.962228440673690955e+01	1.915856547684414934e+01	2.013185623168709171e+01	2.004304037008630601e+01	1.988424093709249973e+01	2.054137737979289113e+01	1.971876595637466778e+01	2.036339189735980426e+01	1.987411604735688897e+01	1.973375305637890875e+01	2.065498143050633573e+01	2.024034424349406791e+01	1.979603756964907646e+01	1.966966301097187397e+01	1.960567427699190546e+01	2.062147589617002197e+01	2.063928093018355270e+01	2.064284580995109053e+01	1.954019903360458343e+01	2.021162618361806551e+01	1.959033998157415368e+01	1.989517326215715087e+01	2.014126920035389645e+01	1.990683054540701136e+01	1.990274944334089824e+01	2.007249380447068887e+01	1.981937731268985203e+01	1.965964785738637843e+01	2.058811649886037642e+01	2.021810127534974200e+01	2.030763009898857518e+01
2.039857627126496453e+01	2.050656246485704770e+01	2.048928492216701613e+01	3.000950183684495087e+01	1.946636501418273468e+01	1.980196344371676886e+01	2.017045357321761756e+01	2.000241936460642833e+01	2.004030894020838360e+01	1.997889704632203944e+01	2.034820666071387762e+01	1.947709185748864869e+01	2.002320736279158453e+01	1.984516651403973242e+01	1.995794155508991352e+01	2.009647550416868000e+01	2.015079207017950580e+01	2.069347521355722463e+01	2.012788403555891037e+01	2.019686807338721479e+01	1.971449080939005682e+01	2.009572202886147707e+01	1.997195962961471238e+01	2.014234389957586302e+01	2.067022941732710706e+01	1.975134120803132731e+01	2.039204606493701633e+01	2.020619194659586526e+01	2.011260286993228519e+01	2.029910455925124424e+01	2.075080812176926415e+01	2.035275658061894077e+01	1.971038744213509375e+01	1.976504595812085441e+01	2.089724948606462718e+01	1.989570152202226083e+01	2.079195468201858077e+01	1.976499510020009609e+01	2.062364403483909925e+01	1.961666969140222960e+01	2.092095010761594764e+01	2.019606937335679220e+01	1.978429530679104431e+01	2.017859311686843782e+01	2.019082234228591943e+01	2.014478717976508193e+01	2.006274187922670293e+01	2.050120235474283703e+01	2.009000918825287130e+01	2.067811978230351144e+01
1.958977108837529002e+01	1.992171647890335251e+01	1.932742321878177094e+01	1.946636501418273468e+01	2.812922260300122446e+01	1.904630908394237210e+01	1.964037851062633067e+01	1.883568436179781358e+01	1.930957123929949404e+01	1.932616947837870924e+01	1.977909131325924008e+01	1.912079227576674967e+01	1.907664094730985482e+01	1.873824108631675500e+01	1.954742501435377733e+01	1.916921412095008748e+01	1.897161538667793934e+01	1.939564870265940755e+01	1.952903033584210846e+01	1.954495501552598569e+01	1.899475814788012329e+01	1.945340783180016331e+01	1.916198743154636830e+01	1.902514669028086658e+01	1.980146553749301930e+01	1.920911126135982627e+01	1.976131361333340664e+01	1.936769672757749206e+01	1.893850023428021601e+01	1.976056011757219721e+01	1.968631442764590744e+01	1.921537991543597101e+01	1.904200563080297570e+01	1.893147784758530605e+01	2.007720239243470317e+01	2.002790717983872781e+01	1.983286585856669504e+01	1.924980563499553909e+01	1.969785194453369570e+01	1.865535498350523724e+01	1.961792364570121805e+01	1.923045422793754966e+01	1.876065081412835056e+01	1.913510476248627512e+01	1.940061023530492434e+01	1.911416068417359071e+01	1.946760238899080164e+01	2.004499874889978983e+01	1.960192628400182002e+01	1.984628046659659972e+01
1.989813754219851560e+01	2.037372982453959125e+01	1.966810088942006018e+01	1.980196344371676886e+01	1.904630908394237210e+01	2.908336855700902746e+01	1.991125494256123574e+01	1.973442938410835268e+01	1.957491002983053363e+01	1.935266900073525420e+01	1.994038835442696822e+01	1.941340625090928995e+01	1.978576807092318290e+01	1.939183086078003271e+01	1.972846579716858884e+01	1.963606340616042445e+01	1.903035470172811827e+01	1.996765510879114913e+01	1.999121490113751065e+01	1.976938630747626036e+01	1.920673841817341909e+01	1.957501459787688347e+01	1.936835945861678354e+01	1.950102677233006787e+01	2.002728102508831398e+01	1.955922154017840597e+01	1.996351967797315652e+01	1.957785810421211536e+01	1.915650780663831299e+01	2.045595739251185918e+01	2.013209425432448896e+01	1.950644246339566834e+01	1.914267529380374810e+01	1.966607865350678352e+01	2.019559267723769480e+01	2.000666960557317253e+01	2.004988137663763226e+01	1.970347255659168084e+01	2.008084003551726937e+01	1.904167926022126878e+01	2.004635891276247506e+01	1.991422068211377905e+01	1.961153603049209693e+01	1.980609375384100446e+01	1.972477874439437073e+01	1.936691894003277525e+01	1.976910286758858604e+01	1.969530550446222961e+01	1.984301100309783905e+01	2.013489056303398783e+01
2.071656064827846322e+01	2.097447014461127424e+01	2.018819833567627242e+01	2.017045357321761756e+01	1.964037851062633067e+01	1.991125494256123574e+01	3.046949978989743713e+01	1.969412528046666111e+01	2.007373337102738020e+01	2.006104833623034622e+01	2.051682137491113167e+01	1.950768836508528636e+01	2.006736189958985861e+01	2.014073917228413890e+01	2.029011755484871671e+01	2.014878813972386240e+01	1.980762162777147140e+01	2.012446459758141870e+01	2.023909038919078895e+01	2.013301974809824912e+01	1.937681532258618944e+01	2.027648393986644848e+01	1.976040731217314672e+01	1.962545470875586062e+01	2.062794627983745954e+01	2.018512604435302293e+01	2.062115140283631121e+01	1.978534653923884434e+01	2.009188240533629255e+01	2.070778318228190784e+01	2.089830157010228717e+01	2.019013071216181032e+01	2.001728822323888934e+01	1.995413032023790123e+01	2.041213619794838863e+01	2.058700766589727493e+01	2.045110786949917170e+01	1.999958797421488654e+01	2.065083133802781390e+01	1.989660076766900332e+01	2.053461356131095883e+01	2.024299571198912062e+01	1.980890155512020101e+01	2.003572820448523828e+01	2.023843761480495829e+01	2.013955812951303059e+01	2.031131646264172730e+01	2.045072710724344489e+01	2.014089328562846859e+01	2.071103254854342879e+01
2.016647102787357326e+01	2.055077871715852211e+01	1.964426923598750818e+01	2.000241936460642833e+01	1.883568436179781358e+01	1.973442938410835268e+01	1.969412528046666111e+01	2.946888566168315293e+01	1.995363673484625622e+01	1.941144680899425978e+01	2.003989716418612232e+01	1.963787560669883447e+01	1.983643353745697979e+01	1.957828221347854836e+01	2.010226293437459688e+01	1.970068620548575211e+01	1.928934215776612149e+01	1.996271954877246202e+01	1.991523695409157213e+01	1.957952213752278681e+01	1.952910808174872415e+01	1.955305075276682203e+01	1.961409024123076250e+01	2.013665561367843182e+01	2.046695625754910708e+01	1.971425055162844586e+01	2.017112307995921938e+01	1.975632595184379880e+01	1.964680712478359581e+01	2.057486921096167976e+01	2.038815489611055654e+01	1.966633536936888405e+01	1.923994906356260159e+01	1.988416667038232077e+01	2.035238565455997417e+01	2.031521315842980613e+01	2.018422651432486958e+01	1.942403518980308164e+01	2.057460442086087937e+01	1.934045897472198305e+01	1.996716108552476854e+01	1.994016871811153990e+01	1.979076111323938036e+01	1.976497941474092812e+01	1.949262992764182556e+01	1.973308087916076659e+01	1.985888446384051065e+01	2.001624943111368893e+01	2.009324691832188492e+01	2.021263680748283775e+01
2.064770123249100919e+01	2.034219086633334328e+01	2.041172338455267621e+01	2.004030894020838360e+01	1.930957123929949404e+01	1.957491002983053363e+01	2.007373337102738020e+01	1.995363673484625622e+01	3.021014887745686650e+01	1.960638225926037137e+01	2.010855065515178808e+01	1.999140871860472046e+01	2.014110128836459168e+01	2.004019762048375952e+01	1.986236956795531938e+01	2.009066406400555493e+01	1.949979365457691927e+01	2.018807408794087266e+01	2.028341708063537752e+01	2.005874646253680638e+01	1.969869046189038642e+01	2.006490775528298798e+01	1.953939986299960907e+01	1.996823736835543528e+01	2.039956756040383112e+01	1.978960110031663433e+01	2.057349271116755673e+01	1.989181744058624091e+01	2.002607408408239920e+01	2.058265480640379508e+01	2.073001826004652060e+01	1.992483137442446051e+01	1.942185037525940672e+01	2.006909566651962606e+01	2.031628867453526865e+01	2.061104482682228678e+01	2.070609274056009852e+01	1.954200546260221572e+01	2.029852189058061285e+01	1.931487872617037738e+01	2.017167031208591510e+01	2.054145737773829339e+01	1.978702991287163471e+01	2.052753321934858022e+01	1.993162777803647501e+01	1.980395975929669206e+01	2.001778657056476973e+01	2.010007008062288847e+01	2.019520945145851343e+01	2.078735312116438649e+01
1.982960087542552685e+01	2.034411797714300718e+01	1.974099108622668908e+01	1.997889704632203944e+01	1.932616947837870924e+01	1.935266900073525420e+01	2.006104833623034622e+01	1.941144680899425978e+01	1.960638225926037137e+01	2.913521709779617908e+01	1.972023999431161911e+01	1.919257232722722506e+01	1.972623257302992883e+01	1.921790076806327008e+01	1.925705472758012249e+01	1.918997202109407141e+01	1.914636678549875626e+01	1.973906570674052929e+01	2.005234442983898902e+01	1.965435223006051757e+01	1.934254386760813205e+01	1.960460045527128869e+01	1.914566513295262595e+01	1.901384964323118965e+01	2.013965802952431972e+01	1.925328158478231089e+01	2.024584875681940588e+01	1.947700002218847004e+01	1.925629616408433264e+01	1.993957444391224243e+01	2.046598124938540408e+01	1.943500535693454268e+01	1.938850282465850583e+01	1.933643214501916319e+01	1.996690858417668579e+01	1.999067859189177554e+01	2.031474931516578764e+01	1.941573473284913831e+01	2.013575826297200067e+01	1.923948324419685463e+01	2.004926909399810953e+01	2.009785387877669294e+01	1.905930994065064610e+01	1.974846696810831048e+01	1.972515103263821601e+01	1.948599446335346030e+01	1.955932958180536119e+01	2.003978677405015674e+01	1.934252426517480572e+01	2.020323488586475946e+01
2.066560700021911501e+01	2.098889859741938579e+01	2.008173328623015763e+01	2.034820666071387762e+01	1.977909131325924008e+01	1.994038835442696822e+01	2.051682137491113167e+01	2.003989716418612232e+01	2.010855065515178808e+01	1.972023999431161911e+01	3.038219021122769448e+01	1.990836446668468085e+01	2.017705467689326326e+01	1.987671240151277274e+01	2.068881438252042315e+01	2.032801689249075139e+01	1.966631224408630629e+01	2.040515323679206361e+01	1.993074224024556074e+01	2.033114381617265565e+01	1.975297117496517885e+01	2.018448093455423376e+01	2.015560198366906164e+01	2.018514212715943756e+01	2.038143756619359337e+01	2.022484499654524015e+01	2.084336223031077040e+01	2.017671088371671217e+01	1.982708566890489266e+01	2.048692400397495916e+01	2.072520222392351386e+01	2.032216562525601589e+01	1.984787010756721770e+01	2.003020715671917173e+01	2.047945093217544610e+01	2.088086465206886189e+01	2.063025510629383774e+01	2.022643811121649193e+01	2.068294964438412364e+01	1.949203309782730287e+01	2.061591727389308204e+01	2.050279698579483778e+01	1.971465533295322814e+01	2.033306333107168129e+01	2.023084900007252429e+01	1.990827201339616082e+01	2.017660666061019370e+01	2.058177761521148597e+01	2.035299555396418114e+01	2.055569961125303990e+01
1.971896260175333992e+01	2.023510967970442564e+01	1.955264964307701803e+01	1.947709185748864869e+01	1.912079227576674967e+01	1.941340625090928995e+01	1.950768836508528636e+01	1.963787560669883447e+01	1.999140871860472046e+01	1.919257232722722506e+01	1.990836446668468085e+01	2.922734280669708440e+01	1.956520296836143658e+01	1.971716167824913768e+01	1.920335812824416166e+01	1.900160642564999947e+01	1.905418810490172632e+01	1.974733348471927030e+01	1.984490350795018188e+01	1.927939570502499222e+01	1.919205688849573832e+01	1.981005531936140684e+01	1.928332021277138963e+01	1.934032206293370848e+01	2.005006812020969775e+01	1.932841827758744202e+01	2.011887281821112339e+01	1.928408926287820790e+01	1.920889667150999358e+01	1.996550136022767319e+01	2.016162064871131321e+01	1.893396806368235730e+01	1.915715329572512360e+01	1.963359850136578899e+01	2.011548865022217569e+01	2.006362338543633328e+01	1.998155812785974916e+01	1.923183283909256502e+01	1.995204454403359406e+01	1.908706907588138080e+01	2.003064505876135115e+01	1.963086918392087910e+01	1.917278349483599342e+01	1.959784346869448868e+01	1.959803682645327783e+01	1.979250836222229282e+01	1.928916781406471515e+01	1.982534873959912503e+01	1.935314161945995437e+01	2.006680116610763775e+01
2.031920692925105598e+01	2.057820548952097894e+01	2.000346244220120795e+01	2.002320736279158453e+01	1.907664094730985482e+01	1.978576807092318290e+01	2.006736189958985861e+01	1.983643353745697979e+01	2.014110128836459168e+01	1.972623257302992883e+01	2.017705467689326326e+01	1.956520296836143658e+01	3.039951399188961645e+01	1.965584565051603505e+01	1.978654645846014049e+01	1.982946014909048316e+01	1.934144619850466285e+01	2.024826789070947086e+01	2.022693468357695679e+01	1.997008542835046185e+01	1.977162790059546538e+01	1.965385560522128472e+01	2.004954023625745307e+01	2.005641038694318468e+01	2.045047614413430992e+01	1.940830382643412477e+01	2.032547861812129497e+01	1.987223764546302007e+01	1.975123650757632277e+01	2.040077944838214208e+01	2.038736203608116071e+01	1.987295152708960444e+01	1.941588673938627707e+01	1.990895929326190839e+01	2.034139415080550251e+01	2.088374776269295552e+01	2.081969231134473119e+01	1.955491650233980039e+01	2.041199890998320754e+01	1.942274498614299105e+01	2.033738034451211263e+01	2.001121836418290911e+01	2.005737000580479190e+01	1.972644864447215696e+01	2.015031055851394015e+01	2.031314679619159236e+01	1.992598942612290358e+01	2.086220464941145281e+01	2.018477945892183456e+01	2.040594894209473509e+01
2.009632202145925461e+01	2.021010380139291129e+01	1.948836618217497119e+01	1.984516651403973242e+01	1.873824108631675500e+01	1.939183086078003271e+01	2.014073917228413890e+01	1.957828221347854836e+01	2.004019762048375952e+01	1.921790076806327008e+01	1.987671240151277274e+01	1.971716167824913768e+01	1.965584565051603505e+01	2.955875059847817354e+01	1.978276747604633812e+01	1.970509445096539025e+01	1.935142190868359080e+01	1.990721814593676697e+01	1.973446794112624048e+01	1.960018044431079431e+01	1.941529218864052808e+01	1.977092612264938154e+01	1.945046976771653391e+01	1.965028453403785491e+01	2.006126183884973102e+01	1.963025723215296736e+01	2.011806246049679459e+01	1.983937781577500559e+01	1.948639886612882677e+01	2.044051637036588787e+01	2.036469193144309031e+01	1.990196632756849482e+01	1.916577469214450602e+01	1.968746397133541848e+01	2.043940661418611882e+01	1.992930321102106106e+01	1.998960585464034878e+01	1.969454817146479542e+01	2.014391826040584377e+01	1.901649047423872219e+01	2.029922649076729968e+01	1.988001892125176795e+01	1.919132837453283358e+01	1.979721662134555515e+01	1.993315433595032005e+01	1.980001411592377636e+01	1.972967305758248457e+01	2.002012449017674101e+01	1.991764705039584626e+01	2.041509095409890762e+01
2.000223763520837750e+01	2.084492915600877083e+01	1.999592260532937260e+01	1.995794155508991352e+01	1.954742501435377733e+01	1.972846579716858884e+01	2.029011755484871671e+01	2.010226293437459688e+01	1.986236956795531938e+01	1.925705472758012249e+01	2.068881438252042315e+01	1.920335812824416166e+01	1.978654645846014049e+01	1.978276747604633812e+01	3.006913110415178991e+01	1.964024956621643270e+01	1.937691836546688862e+01	1.995775355514135185e+01	1.984180286648640745e+01	2.002722793344489105e+01	1.951195046578967052e+01	1.963109228091966685e+01	1.970747151411510600e+01	1.982219428130204264e+01	2.032376922181323309e+01	1.982306031322321971e+01	2.038832025399893055e+01	1.975567746033654615e+01	1.968477939662771803e+01	2.049816207897533360e+01	2.036700370757038669e+01	1.968581443265950881e+01	1.934763984720025931e+01	1.963909304780393583e+01	2.034186845686687306e+01	2.024318361140066003e+01	2.011175960063523149e+01	1.949943284861059567e+01	2.026324096409519271e+01	1.941129626518598883e+01	2.005920577807473748e+01	1.975205684697374053e+01	1.967710011271438830e+01	1.969447072028179946e+01	2.013801829539184851e+01	1.973788235872482488e+01	2.017893871134200978e+01	1.972136787226421006e+01	2.008047317119974196e+01	2.068147086683828206e+01
2.006500768945106827e+01	2.047720629345274190e+01	1.966145903884608614e+01	2.009647550416868000e+01	1.916921412095008748e+01	1.963606340616042445e+01	2.014878813972386240e+01	1.970068620548575211e+01	2.009066406400555493e+01	1.918997202109407141e+01	2.032801689249075139e+01	1.900160642564999947e+01	1.982946014909048316e+01	1.970509445096539025e+01	1.964024956621643270e+01	2.918447328490721659e+01	1.939955814779996146e+01	1.995271573398572684e+01	1.969836016992535477e+01	2.027401974180043354e+01	1.938397337563452183e+01	1.940112023241967165e+01	1.951319474414201238e+01	1.980941178084644605e+01	2.033151438586637028e+01	1.989401382279682196e+01	2.045766879535780092e+01	1.961723709258945192e+01	1.930348347529164243e+01	2.002637198712786670e+01	2.033676147700808556e+01	1.960527295393239555e+01	1.957537318933629678e+01	1.973944449933064860e+01	2.083309848606224080e+01	2.025035620457259355e+01	2.011153757714846790e+01	1.931399110466051283e+01	2.052578566554810635e+01	1.918159975595034439e+01	2.013142900371743238e+01	1.989449098007888139e+01	1.962854485931614335e+01	1.989012150029446957e+01	1.967212996642407674e+01	1.974067232463827892e+01	1.975268282076412163e+01	2.022097687878849825e+01	1.988168246088342528e+01	2.057606592057769035e+01
1.991216392164200144e+01	2.032588078779608765e+01	1.933255056613601397e+01	2.015079207017950580e+01	1.897161538667793934e+01	1.903035470172811827e+01	1.980762162777147140e+01	1.928934215776612149e+01	1.949979365457691927e+01	1.914636678549875626e+01	1.966631224408630629e+01	1.905418810490172632e+01	1.934144619850466285e+01	1.935142190868359080e+01	1.937691836546688862e+01	1.939955814779996146e+01	2.833149935458616753e+01	1.935310732279928203e+01	1.970730160097720329e+01	1.900694335888441344e+01	1.893383652341260159e+01	1.921198745965178034e+01	1.911231812348750481e+01	1.877854095803882117e+01	1.981915447731188706e+01	1.908680377473757872e+01	1.988227176153212739e+01	1.940294609784518798e+01	1.924844422698948421e+01	1.989121210056977063e+01	2.007372027721051566e+01	1.942274589806197227e+01	1.888845040003872455e+01	1.904515395614018658e+01	1.991798018490937139e+01	1.951410289584390867e+01	1.977233487491745123e+01	1.925327215229313182e+01	2.008948617881086562e+01	1.887623875013463604e+01	2.000195939093010722e+01	1.949229606551314120e+01	1.898959435366779758e+01	1.941682274893340221e+01	1.979492877815204466e+01	1.969204505090296564e+01	1.955919549273077251e+01	1.951394012630715125e+01	2.003015625712093239e+01	2.012745537369292848e+01
2.056546950683099340e+01	2.038413119660481954e+01	2.012912029978011930e+01	2.069347521355722463e+01	1.939564870265940755e+01	1.996765510879114913e+01	2.012446459758141870e+01	1.996271954877246202e+01	2.018807408794087266e+01	1.973906570674052929e+01	2.040515323679206361e+01	1.974733348471927030e+01	2.024826789070947086e+01	1.990721814593676697e+01	1.995775355514135185e+01	1.995271573398572684e+01	1.935310732279928203e+01	2.985369177844514610e+01	2.027368055874376296e+01	2.028792821794460366e+01	1.927507445330140001e+01	2.017204045993320705e+01	1.975550265369277270e+01	2.005151959424525643e+01	2.057913338477723997e+01	1.979922966767454540e+01	2.048375907525501560e+01	2.035053602672043382e+01	1.956456134165957650e+01	2.060559157563648824e+01	2.045745203549387625e+01	2.017675102971936596e+01	1.947822436834151816e+01	2.010835625409230687e+01	2.063487488791350444e+01	2.042944324122971977e+01	2.064008568023981027e+01	1.948182162656118166e+01	2.055699517473193083e+01	1.971092523106320371e+01	2.021484400097909173e+01	2.013919861234855446e+01	1.956742591203600057e+01	2.021882380858179218e+01	2.051377230542662744e+01	2.010151704652759364e+01	2.005115303328756937e+01	2.026162865672892366e+01	1.986308138698275982e+01	2.025913620395715142e+01
2.033808248836506749e+01	2.064776859378278573e+01	1.988494305295090214e+01	2.012788403555891037e+01	1.952903033584210846e+01	1.999121490113751065e+01	2.023909038919078895e+01	1.991523695409157213e+01	2.028341708063537752e+01	2.005234442983898902e+01	1.993074224024556074e+01	1.984490350795018188e+01	2.022693468357695679e+01	1.973446794112624048e+01	1.984180286648640745e+01	1.969836016992535477e+01	1.970730160097720329e+01	2.027368055874376296e+01	3.013663932920236022e+01	1.981699202625578593e+01	1.959562737060910464e+01	2.014333396886717154e+01	1.980899400482435624e+01	1.941810658892081776e+01	2.053141747121130223e+01	1.967539412714604552e+01	2.046181842925279781e+01	2.024140231204750506e+01	1.972774871235596450e+01	2.033425304549368207e+01	2.030843051160715973e+01	1.989429116636940975e+01	1.960966269015841590e+01	2.006791101066148286e+01	2.049880364584546655e+01	2.063484238827540551e+01	2.032124952929050821e+01	1.975691973239009158e+01	2.048111130647192013e+01	1.956710530434616047e+01	2.038329576334946935e+01	2.031191156395241748e+01	1.987791011896301185e+01	1.986778633702778762e+01	1.994101846142836365e+01	1.999255562447686074e+01	2.013152127295619920e+01	2.002831228582220646e+01	2.018625755014216949e+01	2.045612124361819184e+01
2.013896451101112461e+01	2.054776358496299693e+01	1.962228440673690955e+01	2.019686807338721479e+01	1.954495501552598569e+01	1.976938630747626036e+01	2.013301974809824912e+01	1.957952213752278681e+01	2.005874646253680638e+01	1.965435223006051757e+01	2.033114381617265565e+01	1.927939570502499222e+01	1.997008542835046185e+01	1.960018044431079431e+01	2.002722793344489105e+01	2.027401974180043354e+01	1.900694335888441344e+01	2.028792821794460366e+01	1.981699202625578593e+01	2.986101326596478600e+01	1.952234819008350541e+01	1.984281772970861724e+01	1.959881441869814722e+01	1.973880521838981750e+01	2.045267626583680709e+01	1.996508552334895725e+01	2.044348968498496433e+01	1.971377885045900413e+01	1.923523511250885321e+01	2.051029776761351897e+01	2.042337996167875502e+01	1.996486189097504749e+01	1.946260865198631151e+01	1.993437047325970113e+01	2.034286899390665937e+01	2.073100590424309786e+01	2.018022720349284072e+01	1.945109363898448152e+01	2.038111516703668258e+01	1.934081096601001448e+01	1.978148842782299965e+01	2.016357617096741350e+01	1.961636441895438665e+01	1.997350929604077407e+01	2.014185911686745456e+01	1.969634119855539112e+01	1.969042184684090913e+01	2.014111866418467045e+01	1.980531499809115203e+01	2.067580293322193086e+01
2.029147921382796227e+01	2.009853959837233006e+01	1.915856547684414934e+01	1.971449080939005682e+01	1.899475814788012329e+01	1.920673841817341909e+01	1.937681532258618944e+01	1.952910808174872415e+01	1.969869046189038642e+01	1.934254386760813205e+01	1.975297117496517885e+01	1.919205688849573832e+01	1.977162790059546538e+01	1.941529218864052808e+01	1.951195046578967052e+01	1.938397337563452183e+01	1.893383652341260159e+01	1.927507445330140001e+01	1.959562737060910464e+01	1.952234819008350541e+01	2.910718488289436578e+01	1.940070377608601149e+01	1.967866962400576369e+01	1.962144675827167006e+01	2.029049607665836774e+01	1.944414544979266424e+01	1.959384045436565458e+01	1.941221478886572527e+01	1.908820367327447798e+01	2.012823362699548824e+01	1.982802725865034787e+01	1.977151882578191433e+01	1.918787102988829929e+01	1.948039449738741880e+01	1.994866672653262896e+01	1.982863931139189617e+01	2.016259165122294661e+01	1.891908272984998618e+01	2.012519072598591663e+01	1.878226011891815972e+01	1.973297218678407461e+01	1.976303979433336977e+01	1.933032835409565564e+01	1.946695272145039723e+01	1.916694315450221708e+01	1.959278795663012929e+01	1.975363363587655741e+01	1.984760434963114406e+01	1.948923652363438563e+01	2.020333456566903152e+01
2.035851508860713821e+01	2.034780602332079624e+01	2.013185623168709171e+01	2.009572202886147707e+01	1.945340783180016331e+01	1.957501459787688347e+01	2.027648393986644848e+01	1.955305075276682203e+01	2.006490775528298798e+01	1.960460045527128869e+01	2.018448093455423376e+01	1.981005531936140684e+01	1.965385560522128472e+01	1.977092612264938154e+01	1.963109228091966685e+01	1.940112023241967165e+01	1.921198745965178034e+01	2.017204045993320705e+01	2.014333396886717154e+01	1.984281772970861724e+01	1.940070377608601149e+01	2.941513525411021490e+01	2.003065332874354709e+01	2.003784147639051838e+01	2.040788276598394191e+01	1.969305200608406281e+01	2.017716644847270047e+01	1.994779223351957853e+01	1.970091642139958665e+01	2.033369348491084239e+01	2.029353207327121567e+01	1.990981418843496442e+01	1.961168359677148132e+01	2.019265171591968056e+01	2.070102616598984469e+01	2.039835136051681985e+01	2.053650181259216012e+01	1.961080861680463272e+01	2.048286457783887116e+01	1.954575932020094342e+01	2.004925878964597885e+01	2.045930074360644824e+01	1.967532987818551860e+01	2.019711735403192421e+01	1.986700435780119633e+01	1.992522018343008483e+01	2.004314708955005031e+01	2.057648857097344219e+01	1.997798923363190937e+01	2.028896842927894539e+01
1.999980341515715310e+01	2.032583665111475213e+01	2.004304037008630601e+01	1.997195962961471238e+01	1.916198743154636830e+01	1.936835945861678354e+01	1.976040731217314672e+01	1.961409024123076250e+01	1.953939986299960907e+01	1.914566513295262595e+01	2.015560198366906164e+01	1.928332021277138963e+01	2.004954023625745307e+01	1.945046976771653391e+01	1.970747151411510600e+01	1.951319474414201238e+01	1.911231812348750481e+01	1.975550265369277270e+01	1.980899400482435624e+01	1.959881441869814722e+01	1.967866962400576369e+01	2.003065332874354709e+01	2.916494032353038435e+01	1.948559454279732961e+01	2.024353279190346200e+01	1.967037272060452935e+01	1.988554970356024754e+01	1.978213384313775691e+01	1.932456786818515937e+01	1.995129550499975579e+01	2.026166117372790154e+01	1.971710935680139443e+01	1.908659409231775328e+01	1.948826623499184052e+01	2.007548926071121187e+01	2.043139128898875256e+01	2.008093296780159065e+01	1.929151362185954000e+01	1.998614837453616033e+01	1.915557737726479814e+01	2.019424194086359847e+01	1.955510079664622225e+01	1.925340007559004363e+01	1.969691865168774569e+01	1.956839372405221411e+01	1.980955410306924236e+01	1.982179048872212235e+01	2.008213838810017293e+01	1.979403881621006533e+01	2.009708097307531460e+01
2.022699410733195080e+01	1.997335991825488222e+01	1.988424093709249973e+01	2.014234389957586302e+01	1.902514669028086658e+01	1.950102677233006787e+01	1.962545470875586062e+01	2.013665561367843182e+01	1.996823736835543528e+01	1.901384964323118965e+01	2.018514212715943756e+01	1.934032206293370848e+01	2.005641038694318468e+01	1.965028453403785491e+01	1.982219428130204264e+01	1.980941178084644605e+01	1.877854095803882117e+01	2.005151959424525643e+01	1.941810658892081776e+01	1.973880521838981750e+01	1.962144675827167006e+01	2.003784147639051838e+01	1.948559454279732961e+01	2.955726416544056434e+01	2.010568223865412207e+01	1.966298276803995648e+01	2.023801886628526603e+01	2.002909174362282485e+01	1.987229125066727775e+01	2.063051169560807807e+01	2.005715748369905782e+01	1.937057996978074570e+01	1.978136084384223992e+01	1.974251674064574757e+01	2.042280110539799054e+01	2.033168501096293923e+01	2.024926778197193400e+01	1.976900824030008863e+01	2.042857806963819201e+01	1.908290263654311758e+01	1.989394462759513260e+01	2.001723799627336930e+01	1.964851750227240501e+01	1.983011804253408528e+01	1.994600539709138687e+01	1.978838790698654648e+01	1.963203860939402290e+01	2.030522994465319897e+01	2.021444071122150277e+01	2.035606245371199918e+01
2.067089897600746440e+01	2.112543629921178123e+01	2.054137737979289113e+01	2.067022941732710706e+01	1.980146553749301930e+01	2.002728102508831398e+01	2.062794627983745954e+01	2.046695625754910708e+01	2.039956756040383112e+01	2.013965802952431972e+01	2.038143756619359337e+01	2.005006812020969775e+01	2.045047614413430992e+01	2.006126183884973102e+01	2.032376922181323309e+01	2.033151438586637028e+01	1.981915447731188706e+01	2.057913338477723997e+01	2.053141747121130223e+01	2.045267626583680709e+01	2.029049607665836774e+01	2.040788276598394191e+01	2.024353279190346200e+01	2.010568223865412207e+01	3.073229954761969296e+01	2.058699394800360594e+01	2.055490516201425066e+01	2.041204615215430351e+01	1.998249038783475129e+01	2.081644079593081642e+01	2.084967040442808894e+01	2.042025662840208255e+01	1.986658200366058935e+01	2.036228627085603193e+01	2.093814688286055059e+01	2.062808397274644889e+01	2.076223515401196096e+01	2.043657398053376184e+01	2.102651792142607334e+01	2.000536181531213131e+01	2.051374245080166503e+01	2.065157795564704912e+01	1.962069615261521349e+01	2.032291919512340783e+01	2.073430673981612671e+01	2.027364665255153753e+01	2.014857480634394449e+01	2.076730623227323136e+01	2.043088001918486540e+01	2.089963009752069212e+01
1.986232064242425821e+01	2.002605207919915742e+01	1.971876595637466778e+01	1.975134120803132731e+01	1.920911126135982627e+01	1.955922154017840597e+01	2.018512604435302293e+01	1.971425055162844586e+01	1.978960110031663433e+01	1.925328158478231089e+01	2.022484499654524015e+01	1.932841827758744202e+01	1.940830382643412477e+01	1.963025723215296736e+01	1.982306031322321971e+01	1.989401382279682196e+01	1.908680377473757872e+01	1.979922966767454540e+01	1.967539412714604552e+01	1.996508552334895725e+01	1.944414544979266424e+01	1.969305200608406281e+01	1.967037272060452935e+01	1.966298276803995648e+01	2.058699394800360594e+01	2.943474841155406452e+01	2.011833959309682740e+01	1.965458356748801449e+01	1.934220560699349178e+01	1.986053616751856055e+01	2.035899660877095130e+01	1.976492863799443356e+01	1.889799873497123883e+01	1.944755559433479064e+01	2.028865157830193411e+01	2.028460493174901202e+01	2.009299318870436224e+01	1.947699614969818427e+01	2.004757628233551969e+01	1.932864825750844417e+01	1.977820118085628565e+01	2.006790743220029327e+01	1.929356111266447016e+01	1.982911602373399518e+01	1.961448211511682516e+01	1.980115831214606814e+01	1.970178729796212025e+01	2.020122074940505996e+01	1.968706220244605021e+01	2.040911786728719690e+01
2.038717554237220142e+01	2.118503897749865672e+01	2.036339189735980426e+01	2.039204606493701633e+01	1.976131361333340664e+01	1.996351967797315652e+01	2.062115140283631121e+01	2.017112307995921938e+01	2.057349271116755673e+01	2.024584875681940588e+01	2.084336223031077040e+01	2.011887281821112339e+01	2.032547861812129497e+01	2.011806246049679459e+01	2.038832025399893055e+01	2.045766879535780092e+01	1.988227176153212739e+01	2.048375907525501560e+01	2.046181842925279781e+01	2.044348968498496433e+01	1.959384045436565458e+01	2.017716644847270047e+01	1.988554970356024754e+01	2.023801886628526603e+01	2.055490516201425066e+01	2.011833959309682740e+01	3.051036908121176694e+01	2.012988082983456195e+01	2.015295339090363669e+01	2.081853213654740387e+01	2.065746175340134272e+01	1.994144176142179603e+01	1.991890549144666522e+01	2.029663812834129999e+01	2.078537258880902883e+01	2.058211826420873081e+01	2.048322274020726752e+01	2.000428011766023317e+01	2.090817871885906243e+01	1.971254753488623379e+01	2.043307249633516065e+01	2.047397634921941645e+01	2.012012111691464256e+01	2.062351281381792489e+01	2.061614217699584373e+01	2.015897135499151105e+01	2.035405111173475490e+01	2.061358875308775751e+01	2.038203703795357313e+01	2.106381292850666398e+01
2.017144702429303393e+01	2.004133891154221914e+01	1.987411604735688897e+01	2.020619194659586526e+01	1.936769672757749206e+01	1.957785810421211536e+01	1.978534653923884434e+01	1.975632595184379880e+01	1.989181744058624091e+01	1.947700002218847004e+01	2.017671088371671217e+01	1.928408926287820790e+01	1.987223764546302007e+01	1.983937781577500559e+01	1.975567746033654615e+01	1.961723709258945192e+01	1.940294609784518798e+01	2.035053602672043382e+01	2.024140231204750506e+01	1.971377885045900413e+01	1.941221478886572527e+01	1.994779223351957853e+01	1.978213384313775691e+01	2.002909174362282485e+01	2.041204615215430351e+01	1.965458356748801449e+01	2.012988082983456195e+01	2.924035967762374000e+01	1.958489779787539220e+01	2.019638597220698983e+01	2.033919696943123512e+01	1.998542424387281713e+01	1.962297632676537873e+01	1.960363250305792349e+01	2.045592213914597224e+01	2.048927312740234541e+01	2.039661858397517591e+01	1.969048097652295226e+01	2.060696712335534997e+01	1.956157974607744521e+01	2.002743623273647344e+01	1.966785101164701999e+01	1.956837920420920085e+01	2.049705727957892165e+01	1.969698330024212751e+01	1.951951208514523017e+01	1.993813903961501666e+01	1.999197342706759528e+01	2.008094637488638412e+01	1.989588136816475128e+01
2.025871670666196778e+01	2.052507081774650644e+01	1.973375305637890875e+01	2.011260286993228519e+01	1.893850023428021601e+01	1.915650780663831299e+01	2.009188240533629255e+01	1.964680712478359581e+01	2.002607408408239920e+01	1.925629616408433264e+01	1.982708566890489266e+01	1.920889667150999358e+01	1.975123650757632277e+01	1.948639886612882677e+01	1.968477939662771803e+01	1.930348347529164243e+01	1.924844422698948421e+01	1.956456134165957650e+01	1.972774871235596450e+01	1.923523511250885321e+01	1.908820367327447798e+01	1.970091642139958665e+01	1.932456786818515937e+01	1.987229125066727775e+01	1.998249038783475129e+01	1.934220560699349178e+01	2.015295339090363669e+01	1.958489779787539220e+01	2.941529974544462789e+01	2.007270571272644588e+01	2.031730243606303432e+01	1.951066357181961664e+01	1.946368549965803396e+01	1.963157657094442854e+01	2.026152484671578335e+01	1.967962373510052032e+01	2.047095354145539758e+01	1.927591471655763300e+01	1.987587883756285834e+01	1.909512161457340085e+01	1.980511390029911567e+01	1.990835345771960974e+01	1.961718322824657079e+01	1.975511717807944123e+01	1.999722945761758552e+01	1.944842620809775724e+01	1.933409106262684674e+01	2.000864587753720514e+01	2.011327477667621366e+01	2.010410077936504791e+01
2.080744602923564202e+01	2.077587273718006244e+01	2.065498143050633573e+01	2.029910455925124424e+01	1.976056011757219721e+01	2.045595739251185918e+01	2.070778318228190784e+01	2.057486921096167976e+01	2.058265480640379508e+01	1.993957444391224243e+01	2.048692400397495916e+01	1.996550136022767319e+01	2.040077944838214208e+01	2.044051637036588787e+01	2.049816207897533360e+01	2.002637198712786670e+01	1.989121210056977063e+01	2.060559157563648824e+01	2.033425304549368207e+01	2.051029776761351897e+01	2.012823362699548824e+01	2.033369348491084239e+01	1.995129550499975579e+01	2.063051169560807807e+01	2.081644079593081642e+01	1.986053616751856055e+01	2.081853213654740387e+01	2.019638597220698983e+01	2.007270571272644588e+01	3.098306235040681855e+01	2.126476588706500692e+01	2.038923209169372086e+01	1.974930295999745411e+01	2.009083329514069760e+01	2.101686231597253851e+01	2.067427377702157898e+01	2.094287568346821971e+01	2.024508626838688841e+01	2.078109034697843427e+01	1.962369735630966261e+01	2.081343345347194074e+01	2.072993001360017473e+01	2.000543124659787253e+01	2.047719069295983729e+01	2.052846281302663911e+01	2.046053318645488872e+01	2.050063188247750645e+01	2.074354394763259535e+01	2.066259274531545742e+01	2.103075143034899597e+01
2.062230116109595102e+01	2.124276842287114775e+01	2.024034424349406791e+01	2.075080812176926415e+01	1.968631442764590744e+01	2.013209425432448896e+01	2.089830157010228717e+01	2.038815489611055654e+01	2.073001826004652060e+01	2.046598124938540408e+01	2.072520222392351386e+01	2.016162064871131321e+01	2.038736203608116071e+01	2.036469193144309031e+01	2.036700370757038669e+01	2.033676147700808556e+01	2.007372027721051566e+01	2.045745203549387625e+01	2.030843051160715973e+01	2.042337996167875502e+01	1.982802725865034787e+01	2.029353207327121567e+01	2.026166117372790154e+01	2.005715748369905782e+01	2.084967040442808894e+01	2.035899660877095130e+01	2.065746175340134272e+01	2.033919696943123512e+01	2.031730243606303432e+01	2.126476588706500692e+01	3.073926835728760665e+01	2.036023028549505653e+01	1.980908872741211013e+01	2.002600070307102342e+01	2.060567958032343583e+01	2.091101363468576579e+01	2.118787842467088822e+01	2.001690394238215376e+01	2.110900898122634928e+01	1.970168953548624913e+01	2.093970231474400379e+01	2.077244042457057915e+01	1.982536416924068590e+01	2.035981715372727763e+01	2.046551432658052860e+01	2.033385024250684836e+01	2.007759007729237766e+01	2.095539344815659533e+01	2.043411231304385467e+01	2.127643187903823829e+01
2.044110120812255360e+01	2.058994278506231623e+01	1.979603756964907646e+01	2.035275658061894077e+01	1.921537991543597101e+01	1.950644246339566834e+01	2.019013071216181032e+01	1.966633536936888405e+01	1.992483137442446051e+01	1.943500535693454268e+01	2.032216562525601589e+01	1.893396806368235730e+01	1.987295152708960444e+01	1.990196632756849482e+01	1.968581443265950881e+01	1.960527295393239555e+01	1.942274589806197227e+01	2.017675102971936596e+01	1.989429116636940975e+01	1.996486189097504749e+01	1.977151882578191433e+01	1.990981418843496442e+01	1.971710935680139443e+01	1.937057996978074570e+01	2.042025662840208255e+01	1.976492863799443356e+01	1.994144176142179603e+01	1.998542424387281713e+01	1.951066357181961664e+01	2.038923209169372086e+01	2.036023028549505653e+01	2.944962270303877006e+01	1.937159864157820266e+01	1.971390482456866167e+01	2.022971093873219317e+01	2.038335316000804909e+01	2.057024157409088971e+01	1.983364947529916833e+01	2.033980148603327720e+01	1.942732766341113404e+01	2.062370565627228203e+01	1.993047418488429301e+01	1.928586546775784427e+01	2.014809869996088310e+01	1.975446931931633188e+01	2.003609382847043818e+01	1.988359429762185826e+01	1.993412010313699767e+01	2.004578994565511607e+01	2.035584332833900589e+01
