3.156465250447667970e+01	2.114103695868483968e+01	2.167443296895709182e+01	2.063049885869186895e+01	2.023208781036172610e+01	2.086274725862016766e+01	2.046109595812546900e+01	2.063747543623130198e+01	2.107797929544169691e+01	2.092724802632149306e+01	2.022565785709129216e+01	2.083712426017122255e+01	2.046858587928165818e+01	2.037364265875455516e+01	2.003396716562231461e+01	2.075412698436235459e+01	2.073023621418453644e+01	2.076952982176381113e+01	2.054690347510370074e+01	2.164648481469816943e+01	2.085142780240957805e+01	2.085347429556727405e+01	2.076439820187042784e+01	2.052709504096545601e+01	2.029983890035858707e+01	2.127974257814874548e+01	2.103548328143516954e+01	2.051657391248339479e+01	2.087131466408656522e+01	2.041966114338444882e+01	2.056872861593708990e+01	2.044164962269287145e+01	2.068915300276918856e+01	2.013487633153759049e+01	2.072378776215759899e+01	2.084031940036409836e+01	2.050441067722666943e+01	2.050144019651099114e+01	2.035583744054506994e+01	2.097748524250824431e+01	2.063118595240501207e+01	2.028613658516443152e+01	2.021455766132902099e+01	2.114940940622026133e+01	2.155728723300543592e+01	2.046366721862925431e+01	2.096175049283301561e+01	2.026160208813928421e+01	2.142453565030461959e+01	2.096097065668355697e+01
2.114103695868483968e+01	3.061741666971753517e+01	2.105743591276145565e+01	1.985628159082416744e+01	1.978763481178659944e+01	2.043493699698635524e+01	2.010697878308306485e+01	1.998731563283459067e+01	2.066814007416322951e+01	2.021293590831582065e+01	1.958433238238277241e+01	1.987653869251816730e+01	2.024890502369175493e+01	1.991195103264701771e+01	1.949473818532290892e+01	1.983267653851550349e+01	2.041239361061862567e+01	2.032473919933271134e+01	1.990231836856295544e+01	2.054834093373414206e+01	1.970012358998042501e+01	1.998989622376023689e+01	1.999526800168284524e+01	1.947462922804686514e+01	2.008503329671257376e+01	2.038458212096796274e+01	2.006502070741925081e+01	1.997648140712771081e+01	2.032827898657810195e+01	1.990194932636481795e+01	2.002541015803058144e+01	2.015171498456482269e+01	2.035667146137230077e+01	1.944418202719791822e+01	2.016919372958619405e+01	2.019139566355973869e+01	1.993235855991192906e+01	1.978294729088046822e+01	1.972133480912891912e+01	2.005128676751744976e+01	2.029388479275626267e+01	1.988760748906921805e+01	1.991614683181504120e+01	2.016783279499039594e+01	2.031807464109359529e+01	2.025509272484437062e+01	2.029507660094367338e+01	2.010401786313287431e+01	2.069852594605954721e+01	1.987619096874376012e+01
2.167443296895709182e+01	2.105743591276145565e+01	3.169305116137949696e+01	2.077305049317200769e+01	2.068168642478498498e+01	2.068049272760833546e+01	2.081201025155919382e+01	2.097254049555180799e+01	2.094625889773346827e+01	2.112084266283294554e+01	2.055369962412133233e+01	2.142421097754683146e+01	2.080139205984161421e+01	2.060979284553377866e+01	2.071767572345734720e+01	2.058312389706766510e+01	2.140106023244896605e+01	2.087335769195287227e+01	2.109892244222388769e+01	2.161994758545860762e+01	2.124190226499328205e+01	2.086924213596964250e+01	2.087676424970051414e+01	2.084953510644216479e+01	2.096031440715295346e+01	2.121979015291192283e+01	2.088951098933650385e+01	2.064899932714956776e+01	2.110350075904656819e+01	2.081470824179796253e+01	2.134113974104851508e+01	2.093085472373165956e+01	2.113137192435601364e+01	2.098311424940236947e+01	2.069678477348231382e+01	2.085802955221157973e+01	2.069303010795328035e+01	2.072508728237082565e+01	2.090442290777009759e+01	2.102310497439033554e+01	2.086022388194031407e+01	2.099724113097925127e+01	2.047530004752325894e+01	2.137960371884014421e+01	2.136269929500940989e+01	2.070246112762072954e+01	2.113300985247449049e+01	2.073492994661648225e+01	2.168132829123581828e+01	2.111660395655325217e+01
2.063049885869186895e+01	1.985628159082416744e+01	2.077305049317200769e+01	2.930501270713578066e+01	1.943875488147319430e+01	2.007084436254891813e+01	1.916300942730568124e+01	1.997369291146714687e+01	1.999420269795741234e+01	1.959869126123500394e+01	1.960546372086880140e+01	2.039484770631978705e+01	1.997536066723184689e+01	1.950074022259618189e+01	1.930677822089332452e+01	1.976794386244113610e+01	1.999790986144769533e+01	1.965973886288620065e+01	1.977500392071091539e+01	2.059147608742911473e+01	1.978786977686264947e+01	1.951442257435271799e+01	1.969067782148467316e+01	1.940709275215553475e+01	1.983567033270595914e+01	2.053879891645822653e+01	1.971234562330761619e+01	1.929720765660657378e+01	1.981369392668677420e+01	1.945315858632797301e+01	1.990458924922548078e+01	1.983070559321615178e+01	1.975038273391852783e+01	1.951688741622457357e+01	1.969793586535360319e+01	1.974034404015867850e+01	1.962185751304889791e+01	2.012618660655557079e+01	1.913523722018736350e+01	2.009465072231333238e+01	1.993643126178236002e+01	1.947673227417583774e+01	1.953748063897227993e+01	2.022210417531872295e+01	2.036284660088265497e+01	1.977471535301964778e+01	1.966524678333102116e+01	1.963015064533122001e+01	2.050339867405241634e+01	1.969092328106128775e+01
2.023208781036172610e+01	1.978763481178659944e+01	2.068168642478498498e+01	1.943875488147319430e+01	2.917351994997596520e+01	1.997865381209990687e+01	1.953793470836374624e+01	1.971878979746161065e+01	2.010934691070348634e+01	1.943295079272028048e+01	1.922828395050428796e+01	1.984659447351135597e+01	1.987752218727726117e+01	1.956824698231518411e+01	1.902953341375398466e+01	1.962998111229459042e+01	2.046187166929459522e+01	2.002915443001612772e+01	1.968264691386879406e+01	2.044655859071899684e+01	1.983791453727593890e+01	1.960434857580013457e+01	1.990786295026461516e+01	1.942613542667599802e+01	1.992321597918736131e+01	2.056908972467300245e+01	1.977107708136264108e+01	1.973630943131890803e+01	1.992088449866217559e+01	1.977180904669329209e+01	2.012599128971421081e+01	2.019536939640140716e+01	2.010599839816060808e+01	1.898694585158203907e+01	1.938010951406467441e+01	2.003196332977459093e+01	1.943407659495132123e+01	1.962081097595297408e+01	1.936732688241930589e+01	2.007061008568462768e+01	1.941129168212537692e+01	1.970009988343173291e+01	1.962035416504684449e+01	1.980353956767375934e+01	2.017828605522458574e+01	1.941260643376257988e+01	1.972247816085506500e+01	1.946102253839033835e+01	2.002277950746643853e+01	1.994563828876825085e+01
2.086274725862016766e+01	2.043493699698635524e+01	2.068049272760833546e+01	2.007084436254891813e+01	1.997865381209990687e+01	2.980292322485587064e+01	1.997617501474578461e+01	1.995406400211003017e+01	2.072715567983078699e+01	2.034465690618054978e+01	1.943415200154826650e+01	2.038558478880561253e+01	2.010735717734463535e+01	1.940160920147996393e+01	1.931905033258977511e+01	1.950069544332438909e+01	2.024628065637234542e+01	2.027305633934514617e+01	1.989231042657131354e+01	2.061601988861931289e+01	1.999077214474825226e+01	1.966178951729720836e+01	2.004787239586998737e+01	1.944874451958802553e+01	1.990709544314281487e+01	2.089413737091554424e+01	1.982131756086980445e+01	1.967400203976211870e+01	2.020020808416891711e+01	1.967153396860411263e+01	1.985771304146052074e+01	2.012614996850640381e+01	2.025693626087862498e+01	1.948539230071461148e+01	1.959703947321651896e+01	1.979062697226900980e+01	2.031998838328352264e+01	2.022830884187420253e+01	1.979084195827866210e+01	1.987495264976379872e+01	1.980917200825291857e+01	1.999121624162899025e+01	1.991652685880554330e+01	2.026655002652034909e+01	2.041854200372235795e+01	2.008208437956060521e+01	2.014113980296156825e+01	1.993570690039052451e+01	2.065660383081824492e+01	1.987009311579852877e+01
2.046109595812546900e+01	2.010697878308306485e+01	2.081201025155919382e+01	1.916300942730568124e+01	1.953793470836374624e+01	1.997617501474578461e+01	2.951476890322581070e+01	1.929594436483075626e+01	1.999036221420290715e+01	1.953425989546667552e+01	1.947093337825765502e+01	2.034876441559644533e+01	2.024579261235620109e+01	1.954820971321822043e+01	1.942059519166179626e+01	1.972660748334646641e+01	1.991549842177095897e+01	2.028418430255899096e+01	1.997890300393730456e+01	2.023162329943870930e+01	1.945044652987262168e+01	1.950229720482127860e+01	2.009677070062536686e+01	1.960841613500496194e+01	1.967722754685110687e+01	2.021244784894483715e+01	1.975144071043650129e+01	1.947725815164742613e+01	1.995504626456111197e+01	1.957693822835976860e+01	2.003799336024706435e+01	1.947809454467692092e+01	1.969242018338306366e+01	1.918352998067567228e+01	1.941658714420912801e+01	1.957146677178874583e+01	1.981067379678335172e+01	1.996573576026561270e+01	1.998001513681317931e+01	2.026596169540836456e+01	2.006582271758784941e+01	1.985740294995836663e+01	1.958130116615509664e+01	1.974222987471915047e+01	1.996793938757689091e+01	1.982934258818731621e+01	1.989531950209361000e+01	1.979923201720992054e+01	2.069543846612988602e+01	1.954547401497003989e+01
2.063747543623130198e+01	1.998731563283459067e+01	2.097254049555180799e+01	1.997369291146714687e+01	1.971878979746161065e+01	1.995406400211003017e+01	1.929594436483075626e+01	3.052339910474180584e+01	2.007289653268018270e+01	2.029772389940218957e+01	1.973056617777353594e+01	2.034817942048101358e+01	1.979918603914368802e+01	1.975087450805419564e+01	1.950447590200730374e+01	2.006044988783655114e+01	2.038227644425952434e+01	2.024994048241570965e+01	2.036711171209640270e+01	2.103770596136041604e+01	2.008074840485218715e+01	1.991509551126977939e+01	2.020963573082705977e+01	1.967334421658242150e+01	2.015972183542155349e+01	2.112131088151923919e+01	2.008901098519744721e+01	1.980231496828353954e+01	2.027009787184562128e+01	1.988759975285972459e+01	2.004388440326481202e+01	2.022465400190851526e+01	2.026287631475417683e+01	1.967416356261682964e+01	1.991319563050450370e+01	2.006659313858691718e+01	1.986364103701195916e+01	1.997576524576441059e+01	1.946695301997062799e+01	2.014777644671810464e+01	2.004728094574193165e+01	1.988486986352546637e+01	1.967519776013338628e+01	2.034016227882516148e+01	2.048924257855439279e+01	1.976717211103731486e+01	2.034131667905325003e+01	1.982563040830331857e+01	2.098364683684581422e+01	2.009131474736358314e+01
2.107797929544169691e+01	2.066814007416322951e+01	2.094625889773346827e+01	1.999420269795741234e+01	2.010934691070348634e+01	2.072715567983078699e+01	1.999036221420290715e+01	2.007289653268018270e+01	3.117110808456895654e+01	2.038039729699188030e+01	1.969048651340268918e+01	2.093322137607664146e+01	2.058909899599638038e+01	1.995952513704589748e+01	2.005543910555141807e+01	2.035383123569678432e+01	2.086107105845787757e+01	2.086740855553646412e+01	2.008198920488197459e+01	2.091168286591305403e+01	2.044192249303063491e+01	2.039858932640747113e+01	2.057236263756856687e+01	1.977125974701297650e+01	2.020845247470458972e+01	2.102196763749166664e+01	2.056462625161664803e+01	1.999123148134268391e+01	2.031621361131241699e+01	2.001904726421374647e+01	2.037960975912712414e+01	2.025921007445499100e+01	2.016762441985126486e+01	1.962432444779193119e+01	2.026170850875407226e+01	2.018409083668817772e+01	2.026875359134545462e+01	2.048007123827208531e+01	1.988528638957946271e+01	2.055396332227120126e+01	2.012934566969619254e+01	2.023580742547451905e+01	2.026377496772031250e+01	2.050072602508300079e+01	2.082370911700327198e+01	2.049654540441592587e+01	2.047335349856670916e+01	2.029741925736938768e+01	2.102318040629197071e+01	2.049094546767491920e+01
2.092724802632149306e+01	2.021293590831582065e+01	2.112084266283294554e+01	1.959869126123500394e+01	1.943295079272028048e+01	2.034465690618054978e+01	1.953425989546667552e+01	2.029772389940218957e+01	2.038039729699188030e+01	2.927439937962115479e+01	1.945855625602325745e+01	2.020465297955523098e+01	2.001630323320374316e+01	1.934387465016285645e+01	1.905222954827025816e+01	1.934196470033508319e+01	2.018197238140935923e+01	2.007584648375577530e+01	2.011164503887772881e+01	2.026984323077646977e+01	1.993485872844279072e+01	1.987645491383559104e+01	1.949914562934236884e+01	1.954791568459479834e+01	1.971240533981757181e+01	2.055232062111274871e+01	1.990364371579793357e+01	1.944547010459362468e+01	1.964533858877964789e+01	1.950238941400697712e+01	1.958363690108289745e+01	1.986711616982125861e+01	1.989473558861999791e+01	1.918253191110641964e+01	2.015240924172131187e+01	1.993236394496465635e+01	1.944502333393880988e+01	1.996150801071396685e+01	1.899166436039942596e+01	2.004501232738774874e+01	1.968041096474540552e+01	1.968936084106484330e+01	1.970994329152344449e+01	2.003966871636486502e+01	2.020375491201380669e+01	2.004106782338720194e+01	1.989592263220970025e+01	1.998203095144857855e+01	2.049878123639116367e+01	1.998126876818201936e+01
2.022565785709129216e+01	1.958433238238277241e+01	2.055369962412133233e+01	1.960546372086880140e+01	1.922828395050428796e+01	1.943415200154826650e+01	1.947093337825765502e+01	1.973056617777353594e+01	1.969048651340268918e+01	1.945855625602325745e+01	2.887015756073792616e+01	1.960059029506731321e+01	1.942469515332714636e+01	1.899335097174710540e+01	1.923482842987307251e+01	1.940723722244662852e+01	1.934434569860416175e+01	1.940313732558622917e+01	1.942184119148726040e+01	2.010256959072622607e+01	1.974557670366845130e+01	1.904180637536314791e+01	1.934177963799703548e+01	1.919530603972479810e+01	1.916698915607537401e+01	2.024002168225209530e+01	1.973765860837207597e+01	1.944829742353463686e+01	1.921095480045353909e+01	1.953481431466382645e+01	1.962617903482837889e+01	1.954693793267676938e+01	1.965609944041829138e+01	1.932869277986822709e+01	1.939412198529002040e+01	1.970813661893360447e+01	1.910924692353924925e+01	1.922694184718513810e+01	1.931831430275052242e+01	1.952943000475764279e+01	1.940286943959513621e+01	1.951750069839184576e+01	1.926598701866316077e+01	2.026320096629170209e+01	2.006640813525851641e+01	1.941047728321228760e+01	1.936562578980053573e+01	1.923865315301823031e+01	2.049899043209538974e+01	1.967221658282604579e+01
2.083712426017122255e+01	1.987653869251816730e+01	2.142421097754683146e+01	2.039484770631978705e+01	1.984659447351135597e+01	2.038558478880561253e+01	2.034876441559644533e+01	2.034817942048101358e+01	2.093322137607664146e+01	2.020465297955523098e+01	1.960059029506731321e+01	3.056104204948851688e+01	2.021947566681113884e+01	1.981963683669822274e+01	1.983997205987248336e+01	1.974338730292105382e+01	2.071062977108673309e+01	2.042946280821426797e+01	2.024069974668174154e+01	2.087091361765406106e+01	2.014251454254836915e+01	2.000915316348091366e+01	2.028271722657143528e+01	1.967544802973414519e+01	2.001700345796590241e+01	2.060801328886369532e+01	2.001971430773656024e+01	1.994667470588114000e+01	2.020912968501663087e+01	1.989414263280458783e+01	2.012856928394229783e+01	2.012072551986535984e+01	2.032310997937479513e+01	1.998832754103820974e+01	2.043402717554558734e+01	2.014507169430183353e+01	2.058001793347806441e+01	2.054311260418337426e+01	1.984761833135882014e+01	2.044954766664495338e+01	2.013385357743984017e+01	2.042098505259649244e+01	1.997817673505133484e+01	2.037838187204350149e+01	2.081315374483877179e+01	2.002845250352820017e+01	2.028310154099152030e+01	2.051280452383370445e+01	2.076598302096232018e+01	2.044730852867973070e+01
2.046858587928165818e+01	2.024890502369175493e+01	2.080139205984161421e+01	1.997536066723184689e+01	1.987752218727726117e+01	2.010735717734463535e+01	2.024579261235620109e+01	1.979918603914368802e+01	2.058909899599638038e+01	2.001630323320374316e+01	1.942469515332714636e+01	2.021947566681113884e+01	2.990982512154386441e+01	1.954454566241749092e+01	1.942749310819244002e+01	2.016828834368913803e+01	2.049544676944940136e+01	2.073164877818902951e+01	1.998714924599762455e+01	2.094301902313734232e+01	1.998267962092799266e+01	1.970068793955867648e+01	2.009887385845511787e+01	1.962331328123078578e+01	1.977816872040329699e+01	2.078538582273422719e+01	2.031475449602843852e+01	1.935277443000586572e+01	2.008509986967179373e+01	2.024027218974083908e+01	2.010506189154442680e+01	1.984608298299514928e+01	2.034087333750315096e+01	1.990835090130491025e+01	1.993460211013253058e+01	1.958524051871476956e+01	1.983929726517049019e+01	2.011591266859838001e+01	1.969226485934370530e+01	2.007627211782822130e+01	2.014046681144683859e+01	1.950067416086820060e+01	1.959989689565690796e+01	2.020678701230702856e+01	2.065871023777667759e+01	2.015941660877572872e+01	1.991631110140848904e+01	1.990727972179946548e+01	2.059655208844493757e+01	1.999291981653242445e+01
2.037364265875455516e+01	1.991195103264701771e+01	2.060979284553377866e+01	1.950074022259618189e+01	1.956824698231518411e+01	1.940160920147996393e+01	1.954820971321822043e+01	1.975087450805419564e+01	1.995952513704589748e+01	1.934387465016285645e+01	1.899335097174710540e+01	1.981963683669822274e+01	1.954454566241749092e+01	2.922677242326186331e+01	1.907820350084740468e+01	1.955183523134586210e+01	1.984890902628211506e+01	2.029589483154506979e+01	1.993306467253987790e+01	2.016432984413556895e+01	1.967276458506702497e+01	1.954695466602206722e+01	1.959648439875568471e+01	1.909968323873652452e+01	1.991264586105643630e+01	2.034041296669221666e+01	1.967204296105439454e+01	1.941994768964133655e+01	1.960460507655282214e+01	1.922854304567696104e+01	1.959561108026450782e+01	1.970632057854477992e+01	1.977649022366279397e+01	1.963544710675989791e+01	1.940204863174329475e+01	1.982118928091709975e+01	1.951252256470588264e+01	1.931785772133894596e+01	1.943952888678909474e+01	1.981370444183088964e+01	1.924333028914887223e+01	1.981446521548301121e+01	1.918030569009475528e+01	1.993578209090228981e+01	2.037012515117160305e+01	1.970114815282946097e+01	1.991903340127736399e+01	1.977165192745169264e+01	2.027420167972551113e+01	1.966932632625289301e+01
2.003396716562231461e+01	1.949473818532290892e+01	2.071767572345734720e+01	1.930677822089332452e+01	1.902953341375398466e+01	1.931905033258977511e+01	1.942059519166179626e+01	1.950447590200730374e+01	2.005543910555141807e+01	1.905222954827025816e+01	1.923482842987307251e+01	1.983997205987248336e+01	1.942749310819244002e+01	1.907820350084740468e+01	2.871376269218724175e+01	1.958538906059719409e+01	1.974191997284940570e+01	1.943561958262748846e+01	1.958705184031908431e+01	2.019574597801241822e+01	1.947652733682182102e+01	1.920350177210933396e+01	1.937550234050661047e+01	1.919745531372070602e+01	1.911755495628638357e+01	2.000112003021847329e+01	1.917209604313571347e+01	1.929879730607140687e+01	1.920710530629904156e+01	1.923894883809380829e+01	1.936528637158275856e+01	1.945592169200720889e+01	1.934130360857594155e+01	1.908877787478459709e+01	1.923104724566453072e+01	1.912348705976294383e+01	1.907948111923148815e+01	1.960991038146223531e+01	1.912017092601816515e+01	1.992654905305392532e+01	1.962071019882352729e+01	1.939025139483612392e+01	1.975384582837584091e+01	2.000693803467133236e+01	2.005998805742481039e+01	1.937395526929977763e+01	1.939865862209263625e+01	1.921776200970372628e+01	1.996852811580361475e+01	1.939836338194812626e+01
2.075412698436235459e+01	1.983267653851550349e+01	2.058312389706766510e+01	1.976794386244113610e+01	1.962998111229459042e+01	1.950069544332438909e+01	1.972660748334646641e+01	2.006044988783655114e+01	2.035383123569678432e+01	1.934196470033508319e+01	1.940723722244662852e+01	1.974338730292105382e+01	2.016828834368913803e+01	1.955183523134586210e+01	1.958538906059719409e+01	2.974081900114740407e+01	1.983549876774484133e+01	1.996453276832234636e+01	1.984838968383003177e+01	2.020064173507384098e+01	1.977639674582414386e+01	1.942712166658153805e+01	1.955944258274937653e+01	1.914490041461274927e+01	1.960654345573810531e+01	2.019670811263406662e+01	2.012836944529610861e+01	1.937814890870346929e+01	2.011055540557413224e+01	1.928960266191883477e+01	2.011951359388677929e+01	1.998165781072415470e+01	2.013771261608016161e+01	1.911361831961536595e+01	1.940074443798937409e+01	1.938490725867228903e+01	1.928561765591232913e+01	1.981034745570661570e+01	1.939814512714692896e+01	2.018819179579404377e+01	1.958203935090424608e+01	1.960342992450766886e+01	1.965160951093113795e+01	2.023767840328198631e+01	2.015186766920585271e+01	1.969160646978663110e+01	1.987202642805948116e+01	1.963501893686078148e+01	2.069400183750428113e+01	1.977289598613818455e+01
2.073023621418453644e+01	2.041239361061862567e+01	2.140106023244896605e+01	1.999790986144769533e+01	2.046187166929459522e+01	2.024628065637234542e+01	1.991549842177095897e+01	2.038227644425952434e+01	2.086107105845787757e+01	2.018197238140935923e+01	1.934434569860416175e+01	2.071062977108673309e+01	2.049544676944940136e+01	1.984890902628211506e+01	1.974191997284940570e+01	1.983549876774484133e+01	3.018789099298125223e+01	2.043019604981059700e+01	1.999841198623992611e+01	2.041433251689215567e+01	2.034806159510847934e+01	2.049367154396897917e+01	2.046184019015883848e+01	1.972468281128116274e+01	2.031955600649598992e+01	2.101934573039520870e+01	2.047296014603193370e+01	1.999949381408875837e+01	2.004059051956925686e+01	1.982780165549994678e+01	2.030368350459620785e+01	2.021407903468274725e+01	2.050039260252902196e+01	1.974171116178138519e+01	2.034569945408346214e+01	2.032482289000364517e+01	2.038752826525458772e+01	2.011117441287685992e+01	1.974927655420370343e+01	2.067513896253896988e+01	1.976840656255161122e+01	1.985442117587583510e+01	1.987179373306629060e+01	2.053717980347219196e+01	2.072497908899125463e+01	1.981761893209685255e+01	2.017995614875960797e+01	2.055979791390384648e+01	2.093357971889925295e+01	1.999151483484124014e+01
2.076952982176381113e+01	2.032473919933271134e+01	2.087335769195287227e+01	1.965973886288620065e+01	2.002915443001612772e+01	2.027305633934514617e+01	2.028418430255899096e+01	2.024994048241570965e+01	2.086740855553646412e+01	2.007584648375577530e+01	1.940313732558622917e+01	2.042946280821426797e+01	2.073164877818902951e+01	2.029589483154506979e+01	1.943561958262748846e+01	1.996453276832234636e+01	2.043019604981059700e+01	3.030077239825405044e+01	2.063807176214571371e+01	2.071084687089948417e+01	2.008548385387640778e+01	2.023040696769836799e+01	2.014109278699794103e+01	1.988299543120828616e+01	2.046399660683311694e+01	2.109067679481528046e+01	2.015310852235434425e+01	1.997059893430666477e+01	2.037076961275625564e+01	1.990630293432014852e+01	1.998109066101329390e+01	2.009303904666928631e+01	2.022036658056880398e+01	1.969868050502702772e+01	2.003236698058101695e+01	1.992685954837089568e+01	2.011339087163941741e+01	2.027715372048245612e+01	2.007391773616270569e+01	2.021175472773655457e+01	2.006605287928555725e+01	2.027518933582575755e+01	1.974182142310609223e+01	2.072923567060421846e+01	2.072958257963088258e+01	2.006273406088054045e+01	2.016282420640737527e+01	1.992676901830763470e+01	2.087572745295163301e+01	2.047950532432223980e+01
2.054690347510370074e+01	1.990231836856295544e+01	2.109892244222388769e+01	1.977500392071091539e+01	1.968264691386879406e+01	1.989231042657131354e+01	1.997890300393730456e+01	2.036711171209640270e+01	2.008198920488197459e+01	2.011164503887772881e+01	1.942184119148726040e+01	2.024069974668174154e+01	1.998714924599762455e+01	1.993306467253987790e+01	1.958705184031908431e+01	1.984838968383003177e+01	1.999841198623992611e+01	2.063807176214571371e+01	2.972149050297638340e+01	2.074487584731633660e+01	1.983140691763389896e+01	2.019277206918611967e+01	1.997526047639616209e+01	1.948618282281185898e+01	2.012382683245263237e+01	2.075147640211377364e+01	2.020724290463146744e+01	2.017874446173012970e+01	2.006082320314943601e+01	1.969686140376220251e+01	2.009708379548898094e+01	2.032106466201356199e+01	1.998128598355202357e+01	1.976582710177821056e+01	1.989201459432381824e+01	1.990960834856456430e+01	1.990308331518654228e+01	1.974976917716831082e+01	1.986549046317969314e+01	2.030501438422166416e+01	1.997799609510253660e+01	1.999748046260318191e+01	1.966334454847909541e+01	2.046062306548397203e+01	2.034851608113189059e+01	1.988229790834103383e+01	2.006289139832322022e+01	1.945385559473742632e+01	2.071405898096552178e+01	1.996241874856869458e+01
2.164648481469816943e+01	2.054834093373414206e+01	2.161994758545860762e+01	2.059147608742911473e+01	2.044655859071899684e+01	2.061601988861931289e+01	2.023162329943870930e+01	2.103770596136041604e+01	2.091168286591305403e+01	2.026984323077646977e+01	2.010256959072622607e+01	2.087091361765406106e+01	2.094301902313734232e+01	2.016432984413556895e+01	2.019574597801241822e+01	2.020064173507384098e+01	2.041433251689215567e+01	2.071084687089948417e+01	2.074487584731633660e+01	3.064254269017941468e+01	2.055853582410426128e+01	2.069329092312371188e+01	2.073891328096368980e+01	2.030136814504996678e+01	2.045724251206428690e+01	2.101116492330368857e+01	2.047272648921152793e+01	1.997304554475280725e+01	2.074476180979930362e+01	1.995025724784894550e+01	2.046288094418278192e+01	2.068575709186787748e+01	2.085926421894929206e+01	2.031477237499927213e+01	2.034148477122363730e+01	2.062853700535958978e+01	2.034817359111808699e+01	2.065799878077393359e+01	2.007768194404363271e+01	2.102834454484188598e+01	2.026119684431192880e+01	2.058640291103234787e+01	2.055214318193884893e+01	2.097748967656944075e+01	2.107585517449376411e+01	2.055779228683449134e+01	2.085509997362703771e+01	2.040359163545524623e+01	2.150165040031370012e+01	2.054109833900468374e+01
2.085142780240957805e+01	1.970012358998042501e+01	2.124190226499328205e+01	1.978786977686264947e+01	1.983791453727593890e+01	1.999077214474825226e+01	1.945044652987262168e+01	2.008074840485218715e+01	2.044192249303063491e+01	1.993485872844279072e+01	1.974557670366845130e+01	2.014251454254836915e+01	1.998267962092799266e+01	1.967276458506702497e+01	1.947652733682182102e+01	1.977639674582414386e+01	2.034806159510847934e+01	2.008548385387640778e+01	1.983140691763389896e+01	2.055853582410426128e+01	2.991495581899468803e+01	1.973016746900350071e+01	2.013893256724909619e+01	1.980511770308792308e+01	1.981759867568316125e+01	2.014927504313865469e+01	2.010772332730900303e+01	1.993400934157718751e+01	2.016951441584450322e+01	1.977595802786412094e+01	2.004931728020120119e+01	2.037006562379115238e+01	1.994859796058441148e+01	1.921166093664406560e+01	1.972809951550914320e+01	1.982953086816558397e+01	1.983348740392492005e+01	2.005512188703765730e+01	1.910512727109211539e+01	2.031121364430394038e+01	2.007738775022272293e+01	1.975041668350666768e+01	1.967026335397904901e+01	2.045137110027182814e+01	2.008175451206889051e+01	1.982969763276344821e+01	2.017975783918107524e+01	1.948793096634921795e+01	2.049614660970237168e+01	2.008190458809292167e+01
2.085347429556727405e+01	1.998989622376023689e+01	2.086924213596964250e+01	1.951442257435271799e+01	1.960434857580013457e+01	1.966178951729720836e+01	1.950229720482127860e+01	1.991509551126977939e+01	2.039858932640747113e+01	1.987645491383559104e+01	1.904180637536314791e+01	2.000915316348091366e+01	1.970068793955867648e+01	1.954695466602206722e+01	1.920350177210933396e+01	1.942712166658153805e+01	2.049367154396897917e+01	2.023040696769836799e+01	2.019277206918611967e+01	2.069329092312371188e+01	1.973016746900350071e+01	2.938249544390466994e+01	1.961316679579402589e+01	1.937394210546900553e+01	1.985110008969692785e+01	2.041572903766778779e+01	1.995301153890497758e+01	1.973418455384505421e+01	2.007929178112989632e+01	1.975305691561270294e+01	1.979908456828692209e+01	1.942675192923270444e+01	2.000264584282594527e+01	1.932464989328052596e+01	1.980225110090610485e+01	1.948205720032058608e+01	1.997066419778510493e+01	2.010496911832373002e+01	1.929748007184680958e+01	2.033644320628370039e+01	1.951966791291008008e+01	2.021238798830167838e+01	1.957459323367214310e+01	2.037116084125605298e+01	1.999431449678187178e+01	1.942217331753522558e+01	2.001954041139733675e+01	1.960039430056796306e+01	2.071302735353934565e+01	2.023583269678736940e+01
2.076439820187042784e+01	1.999526800168284524e+01	2.087676424970051414e+01	1.969067782148467316e+01	1.990786295026461516e+01	2.004787239586998737e+01	2.009677070062536686e+01	2.020963573082705977e+01	2.057236263756856687e+01	1.949914562934236884e+01	1.934177963799703548e+01	2.028271722657143528e+01	2.009887385845511787e+01	1.959648439875568471e+01	1.937550234050661047e+01	1.955944258274937653e+01	2.046184019015883848e+01	2.014109278699794103e+01	1.997526047639616209e+01	2.073891328096368980e+01	2.013893256724909619e+01	1.961316679579402589e+01	3.019386142027011743e+01	1.947802225140006627e+01	2.038546483658570807e+01	2.030411706692868989e+01	1.980188820197487587e+01	1.999755404450587903e+01	1.985351450852693134e+01	1.983111297581828936e+01	2.007542085797254572e+01	1.981811262990516909e+01	1.985954289506648962e+01	1.958098931965095346e+01	1.946527096211509544e+01	1.987669731265099315e+01	1.994887071335724471e+01	1.981777492600885182e+01	1.938446700694657920e+01	2.049265792912400030e+01	1.979096913980423977e+01	1.975897789909999247e+01	1.942755528547717603e+01	2.016989034395837876e+01	2.026307817715526483e+01	1.984061140022108205e+01	1.987507861521687502e+01	1.968759565585519766e+01	2.049329438685013827e+01	2.002317187984177593e+01
2.052709504096545601e+01	1.947462922804686514e+01	2.084953510644216479e+01	1.940709275215553475e+01	1.942613542667599802e+01	1.944874451958802553e+01	1.960841613500496194e+01	1.967334421658242150e+01	1.977125974701297650e+01	1.954791568459479834e+01	1.919530603972479810e+01	1.967544802973414519e+01	1.962331328123078578e+01	1.909968323873652452e+01	1.919745531372070602e+01	1.914490041461274927e+01	1.972468281128116274e+01	1.988299543120828616e+01	1.948618282281185898e+01	2.030136814504996678e+01	1.980511770308792308e+01	1.937394210546900553e+01	1.947802225140006627e+01	2.884978030994960818e+01	1.942021525464066301e+01	2.024928837156971895e+01	1.923884148358805390e+01	1.919038162651118995e+01	1.973063420887829977e+01	1.931190489349946660e+01	1.971488864143685404e+01	1.921718386360296549e+01	1.985772342435851101e+01	1.941718227776849659e+01	1.940590170904608769e+01	1.921028637454679711e+01	1.932565042013484558e+01	1.944800005700671619e+01	1.910423462019861063e+01	2.001072650715834200e+01	1.965481309407545396e+01	1.999956918984117848e+01	1.916102432333805083e+01	1.986435321349647509e+01	1.989486619980408832e+01	1.938491727587551949e+01	1.966763108091745593e+01	1.954434377910322240e+01	2.012468248833495821e+01	1.973750009779517356e+01
2.029983890035858707e+01	2.008503329671257376e+01	2.096031440715295346e+01	1.983567033270595914e+01	1.992321597918736131e+01	1.990709544314281487e+01	1.967722754685110687e+01	2.015972183542155349e+01	2.020845247470458972e+01	1.971240533981757181e+01	1.916698915607537401e+01	2.001700345796590241e+01	1.977816872040329699e+01	1.991264586105643630e+01	1.911755495628638357e+01	1.960654345573810531e+01	2.031955600649598992e+01	2.046399660683311694e+01	2.012382683245263237e+01	2.045724251206428690e+01	1.981759867568316125e+01	1.985110008969692785e+01	2.038546483658570807e+01	1.942021525464066301e+01	2.959747390534151279e+01	2.063589637836964030e+01	2.003690038943331331e+01	1.984898566369280459e+01	1.977560137792551487e+01	1.972351716981994940e+01	1.968743292199101091e+01	2.052343442363054749e+01	2.005968518289423130e+01	1.944490347921709983e+01	1.966310048474691996e+01	1.995063247085153080e+01	1.992442257837558373e+01	1.942260440122030829e+01	1.915391021499832647e+01	2.024204182629604176e+01	2.006689930446612991e+01	2.022353631856307032e+01	1.979213217585297002e+01	2.017618942161302797e+01	2.007061550326471888e+01	1.979657509705847218e+01	1.958077264630125924e+01	1.976927241881960029e+01	2.057285107321552786e+01	2.007007546535183806e+01
2.127974257814874548e+01	2.038458212096796274e+01	2.121979015291192283e+01	2.053879891645822653e+01	2.056908972467300245e+01	2.089413737091554424e+01	2.021244784894483715e+01	2.112131088151923919e+01	2.102196763749166664e+01	2.055232062111274871e+01	2.024002168225209530e+01	2.060801328886369532e+01	2.078538582273422719e+01	2.034041296669221666e+01	2.000112003021847329e+01	2.019670811263406662e+01	2.101934573039520870e+01	2.109067679481528046e+01	2.075147640211377364e+01	2.101116492330368857e+01	2.014927504313865469e+01	2.041572903766778779e+01	2.030411706692868989e+01	2.024928837156971895e+01	2.063589637836964030e+01	3.111819945113608910e+01	2.095763028444293141e+01	2.025138415218272314e+01	2.082761590909637306e+01	2.039013847538722501e+01	2.037966344760640069e+01	2.053970378322340551e+01	2.056089816763337907e+01	1.981016437088146276e+01	2.040734115086889489e+01	2.056626360876474635e+01	2.041750123794545146e+01	2.037441514328790504e+01	1.970565799756405667e+01	2.067127272511835301e+01	2.074509925448182202e+01	2.025909078560074050e+01	2.007825089109926608e+01	2.093385183121891302e+01	2.075411713235546074e+01	2.038930567272539207e+01	2.086401989643799482e+01	2.037802446142997681e+01	2.099550497959092610e+01	2.062207784068543504e+01
2.103548328143516954e+01	2.006502070741925081e+01	2.088951098933650385e+01	1.971234562330761619e+01	1.977107708136264108e+01	1.982131756086980445e+01	1.975144071043650129e+01	2.008901098519744721e+01	2.056462625161664803e+01	1.990364371579793357e+01	1.973765860837207597e+01	2.001971430773656024e+01	2.031475449602843852e+01	1.967204296105439454e+01	1.917209604313571347e+01	2.012836944529610861e+01	2.047296014603193370e+01	2.015310852235434425e+01	2.020724290463146744e+01	2.047272648921152793e+01	2.010772332730900303e+01	1.995301153890497758e+01	1.980188820197487587e+01	1.923884148358805390e+01	2.003690038943331331e+01	2.095763028444293141e+01	2.955912959937963436e+01	1.957652542756505198e+01	1.987268062264368496e+01	2.001368340368725995e+01	2.000974289195052336e+01	2.015152131132654745e+01	2.009522942127511413e+01	1.909582772981564958e+01	1.979729249081131925e+01	1.973578020416233514e+01	1.992165968626092365e+01	1.992642749739390950e+01	1.978168377936087552e+01	1.999563785684867057e+01	1.962508282228619194e+01	1.965894951705737981e+01	1.982216626028731810e+01	2.035070560248286142e+01	2.025411320843452145e+01	1.982504725857749150e+01	2.023282986634376712e+01	1.972863513709470240e+01	2.085087476901632897e+01	2.004621352706397275e+01
2.051657391248339479e+01	1.997648140712771081e+01	2.064899932714956776e+01	1.929720765660657378e+01	1.973630943131890803e+01	1.967400203976211870e+01	1.947725815164742613e+01	1.980231496828353954e+01	1.999123148134268391e+01	1.944547010459362468e+01	1.944829742353463686e+01	1.994667470588114000e+01	1.935277443000586572e+01	1.941994768964133655e+01	1.929879730607140687e+01	1.937814890870346929e+01	1.999949381408875837e+01	1.997059893430666477e+01	2.017874446173012970e+01	1.997304554475280725e+01	1.993400934157718751e+01	1.973418455384505421e+01	1.999755404450587903e+01	1.919038162651118995e+01	1.984898566369280459e+01	2.025138415218272314e+01	1.957652542756505198e+01	2.890284163277923213e+01	1.964639051127936042e+01	1.955243563741111856e+01	1.959577335446571666e+01	1.975873262764586258e+01	1.994082631399242089e+01	1.927035957076095940e+01	1.939910023967798125e+01	1.961423921926724390e+01	1.983619994265027842e+01	1.975515039161840036e+01	1.946640904066330791e+01	2.033768653252519343e+01	1.938075825989150758e+01	1.992052928443449389e+01	1.932681118578871349e+01	2.043476288822344600e+01	2.027215343802366476e+01	1.958401240511792452e+01	2.023341610511721456e+01	1.939366404601465632e+01	2.067502177922008144e+01	1.997214366418108611e+01
2.087131466408656522e+01	2.032827898657810195e+01	2.110350075904656819e+01	1.981369392668677420e+01	1.992088449866217559e+01	2.020020808416891711e+01	1.995504626456111197e+01	2.027009787184562128e+01	2.031621361131241699e+01	1.964533858877964789e+01	1.921095480045353909e+01	2.020912968501663087e+01	2.008509986967179373e+01	1.960460507655282214e+01	1.920710530629904156e+01	2.011055540557413224e+01	2.004059051956925686e+01	2.037076961275625564e+01	2.006082320314943601e+01	2.074476180979930362e+01	2.016951441584450322e+01	2.007929178112989632e+01	1.985351450852693134e+01	1.973063420887829977e+01	1.977560137792551487e+01	2.082761590909637306e+01	1.987268062264368496e+01	1.964639051127936042e+01	2.984138895684458959e+01	1.988504952715937790e+01	1.981783557530740580e+01	2.002544039798039321e+01	2.000027699601259812e+01	1.933602158916524871e+01	1.957109131639008481e+01	1.970468991251710378e+01	1.960031995149791939e+01	1.997226366422975730e+01	1.980775748161476102e+01	2.020183327359216463e+01	1.966946452887339447e+01	1.985960291006717426e+01	1.970404191993901577e+01	1.987935885040901951e+01	2.020267269905549412e+01	2.021818082646700887e+01	1.987329366288465238e+01	1.997404510830643787e+01	2.033479428650437271e+01	1.986403223366564674e+01
2.041966114338444882e+01	1.990194932636481795e+01	2.081470824179796253e+01	1.945315858632797301e+01	1.977180904669329209e+01	1.967153396860411263e+01	1.957693822835976860e+01	1.988759975285972459e+01	2.001904726421374647e+01	1.950238941400697712e+01	1.953481431466382645e+01	1.989414263280458783e+01	2.024027218974083908e+01	1.922854304567696104e+01	1.923894883809380829e+01	1.928960266191883477e+01	1.982780165549994678e+01	1.990630293432014852e+01	1.969686140376220251e+01	1.995025724784894550e+01	1.977595802786412094e+01	1.975305691561270294e+01	1.983111297581828936e+01	1.931190489349946660e+01	1.972351716981994940e+01	2.039013847538722501e+01	2.001368340368725995e+01	1.955243563741111856e+01	1.988504952715937790e+01	2.949459903243913317e+01	1.991175111611886805e+01	1.974844554025175114e+01	1.964443367958932640e+01	1.949183077424344646e+01	1.956385616640005409e+01	2.009417460059765048e+01	1.943018845387917892e+01	1.944855825325388921e+01	1.927761226065621258e+01	2.011256961501802110e+01	1.965564015143686660e+01	1.973753601813058012e+01	1.944943771135006472e+01	1.990694335174922358e+01	2.015191301240191990e+01	1.962361495147558088e+01	2.022867553539304097e+01	1.964979289472432100e+01	2.020959115596449251e+01	1.995743965421792154e+01
2.056872861593708990e+01	2.002541015803058144e+01	2.134113974104851508e+01	1.990458924922548078e+01	2.012599128971421081e+01	1.985771304146052074e+01	2.003799336024706435e+01	2.004388440326481202e+01	2.037960975912712414e+01	1.958363690108289745e+01	1.962617903482837889e+01	2.012856928394229783e+01	2.010506189154442680e+01	1.959561108026450782e+01	1.936528637158275856e+01	2.011951359388677929e+01	2.030368350459620785e+01	1.998109066101329390e+01	2.009708379548898094e+01	2.046288094418278192e+01	2.004931728020120119e+01	1.979908456828692209e+01	2.007542085797254572e+01	1.971488864143685404e+01	1.968743292199101091e+01	2.037966344760640069e+01	2.000974289195052336e+01	1.959577335446571666e+01	1.981783557530740580e+01	1.991175111611886805e+01	3.036816073714339126e+01	1.979730670323327502e+01	2.045538004612982164e+01	1.948923474070043937e+01	2.001835001847657125e+01	1.987598205292665554e+01	1.930125720918647758e+01	1.996132628363975314e+01	1.977021315391348111e+01	1.988462483435182904e+01	1.991986050850890777e+01	2.000083695832677577e+01	2.016819942782550257e+01	2.029272299454332895e+01	2.042640943776317997e+01	1.978693709616174701e+01	2.007262322783195074e+01	1.983571381893126429e+01	2.068071675239175988e+01	1.989373397192902360e+01
2.044164962269287145e+01	2.015171498456482269e+01	2.093085472373165956e+01	1.983070559321615178e+01	2.019536939640140716e+01	2.012614996850640381e+01	1.947809454467692092e+01	2.022465400190851526e+01	2.025921007445499100e+01	1.986711616982125861e+01	1.954693793267676938e+01	2.012072551986535984e+01	1.984608298299514928e+01	1.970632057854477992e+01	1.945592169200720889e+01	1.998165781072415470e+01	2.021407903468274725e+01	2.009303904666928631e+01	2.032106466201356199e+01	2.068575709186787748e+01	2.037006562379115238e+01	1.942675192923270444e+01	1.981811262990516909e+01	1.921718386360296549e+01	2.052343442363054749e+01	2.053970378322340551e+01	2.015152131132654745e+01	1.975873262764586258e+01	2.002544039798039321e+01	1.974844554025175114e+01	1.979730670323327502e+01	3.025710461975246446e+01	2.010840615132099174e+01	1.953817393714319905e+01	2.010576639328948900e+01	1.985362981867312726e+01	1.946590534972439457e+01	1.991511435098848182e+01	1.933241347129716914e+01	2.039909461853016381e+01	2.007424249459747045e+01	1.990240127699252071e+01	2.010427830662107596e+01	2.044572390733947387e+01	2.025129959155834314e+01	1.969209624003158154e+01	2.029104165721713571e+01	1.959959165870201403e+01	2.041746713372095456e+01	1.984269326428288238e+01
