2.861466406624459680e+01	1.944408753172945481e+01	2.013302085066353087e+01	1.940235389998346704e+01	1.948184439433859794e+01	1.931396577995468178e+01	1.941251360146229388e+01	1.975218067045921444e+01	1.902912491246024729e+01	1.936119743476505306e+01	1.964980974758437782e+01	1.966793243372642763e+01	2.001221770594796112e+01	1.912785514813953824e+01	1.972891855228538205e+01	1.991010994883011165e+01	1.947719966133526270e+01	1.921179109550548958e+01	1.904312604366107209e+01	1.921076443397361544e+01	1.950243742100830957e+01	1.988049340163878398e+01	1.936967895785594251e+01	1.992032222400206720e+01	1.927544230163198336e+01	1.977928816703127168e+01	1.985335265700877017e+01	1.987883467932730497e+01	1.968572824422766132e+01	1.954321583979194443e+01	1.964691947053369958e+01	1.919233493733648643e+01	1.933661454088019838e+01	1.949412025017895189e+01	1.994638090769206329e+01	1.968287387465594662e+01	2.001032523577064381e+01	1.971983099349690605e+01	1.958238715696871424e+01	2.025234973686137607e+01	1.950038053798574467e+01	1.926611822267049590e+01	1.978206521646375649e+01	1.957429333732471122e+01	1.979681840024507622e+01	1.956927248316775803e+01	2.033281811690492802e+01	1.916730592210513962e+01	2.023272248174707855e+01	2.012811024999938425e+01
1.944408753172945481e+01	2.994190358243116634e+01	2.019128313157545307e+01	1.987607637515181125e+01	2.009017569971777206e+01	1.987960769160645924e+01	2.009657311264160029e+01	2.004405620720983805e+01	1.906099842936092159e+01	1.913837626224903588e+01	1.966826054086186915e+01	1.982132888887297284e+01	2.029691809042280326e+01	1.970242252130235272e+01	1.991295603206776477e+01	2.021360210037790850e+01	2.020078369562850540e+01	2.006994056661485359e+01	1.985524669008946219e+01	1.985116833483001741e+01	1.998481832020198112e+01	2.053392048032516470e+01	1.936780661972338891e+01	2.038260027934977003e+01	1.967637576656961329e+01	2.005511823054592924e+01	2.033711434804582652e+01	1.998957390983224158e+01	1.954563370154590274e+01	1.979847745320617136e+01	1.990768034293900612e+01	1.958972636886486995e+01	1.995968265231011429e+01	2.019264361466131064e+01	2.023053324599013081e+01	1.962514504281654837e+01	2.014841586385985650e+01	1.980885737711647465e+01	1.952304616486247468e+01	2.021924026355356219e+01	1.977423070666223737e+01	1.977089944559846302e+01	1.989868224283921094e+01	1.990063316751923850e+01	2.044481725853989573e+01	2.026710817242605245e+01	2.032213906039807938e+01	1.995942758868488554e+01	2.049331293593898806e+01	2.049410509660192758e+01
2.013302085066353087e+01	2.019128313157545307e+01	3.117784071326279260e+01	2.065059360522436549e+01	2.068217144803305274e+01	2.077286710159418348e+01	2.060990658102977591e+01	2.056586632978470774e+01	2.007153254712666168e+01	2.001666615319268772e+01	2.090608664425427321e+01	2.059251975232501408e+01	2.133845543122713195e+01	2.036529339059839572e+01	2.098165198764339578e+01	2.095415713167057703e+01	2.115574894889968860e+01	2.075212682068197978e+01	2.028800976461925032e+01	2.068295983902280355e+01	2.035176980147385706e+01	2.129705573652259787e+01	2.018895887695211400e+01	2.076508357689744955e+01	2.033784744283391177e+01	2.059803885340777185e+01	2.053143061012947257e+01	2.066923963001443099e+01	2.036343142266093409e+01	2.069957329856412187e+01	2.077526081227439647e+01	2.065602198122697786e+01	2.036766077522123553e+01	2.063682175887342396e+01	2.066884634147270106e+01	2.071047219793701544e+01	2.069649568119538330e+01	2.091281285633868237e+01	2.071916263484801135e+01	2.119379246688649943e+01	2.094339344963328031e+01	2.047192423902079739e+01	2.038405228520149493e+01	2.042375198747635778e+01	2.107339617692250044e+01	2.077473880197960199e+01	2.114968843277906174e+01	2.050682674499328684e+01	2.140099750775551968e+01	2.121158579018317525e+01
1.940235389998346704e+01	1.987607637515181125e+01	2.065059360522436549e+01	3.009588710092987185e+01	2.044801893401123749e+01	2.002933136982165507e+01	1.984711393220791109e+01	2.009767229156115675e+01	1.916694493424690648e+01	1.968982019324828059e+01	1.980069680985709013e+01	2.021408330513721197e+01	2.079119991020622749e+01	1.979493260745737970e+01	1.978084597970399372e+01	2.042405073818386185e+01	2.036094995848721467e+01	2.033929578794964144e+01	2.000021007659186978e+01	1.988682634715772579e+01	1.990003401584834108e+01	2.032256795397485405e+01	1.936397940266594375e+01	2.017684941568008838e+01	1.983662868315628458e+01	1.998532987776674119e+01	2.053448028561713201e+01	1.992954896005257837e+01	2.012651277732693345e+01	1.987036967939737053e+01	2.014400944371883284e+01	1.981270475888473825e+01	2.011974227772620338e+01	2.011063802519203492e+01	1.988778346976098277e+01	2.005347857051233262e+01	2.051086285157435540e+01	1.998824358136706536e+01	1.958615976580313145e+01	2.040830531285859095e+01	2.049379336357259973e+01	2.006888270064999347e+01	2.034600536231276635e+01	2.016321671764088919e+01	2.043773754052675429e+01	2.004858613988612959e+01	2.044377345119199418e+01	2.020603378381117921e+01	2.068999650981065130e+01	2.017921752431835714e+01
1.948184439433859794e+01	2.009017569971777206e+01	2.068217144803305274e+01	2.044801893401123749e+01	3.024231223422354731e+01	1.991275589075706876e+01	1.983685934346425483e+01	2.020054964033777622e+01	1.901161150441901171e+01	1.960348781025641429e+01	2.025672868508980073e+01	2.014885609927793197e+01	2.027084235162184456e+01	2.009516217015040596e+01	2.051619334196531597e+01	2.031606452095055815e+01	2.025121368952196477e+01	2.011839642019164742e+01	2.015022087707455967e+01	2.024682652788480297e+01	2.003333652687180333e+01	2.059985788366024551e+01	1.983554875140162466e+01	1.981113589126448460e+01	1.986132864903483153e+01	2.039584957296821699e+01	2.028375017328911056e+01	2.027753886922573656e+01	1.982484605510233777e+01	2.001156049689077676e+01	2.026932713921084428e+01	1.998185865392088090e+01	2.052142686480766542e+01	2.016968425870576809e+01	2.018636476054243545e+01	2.027444006585310632e+01	2.061595360403669019e+01	2.017879401321448185e+01	1.999150159671270544e+01	2.055662314068559127e+01	2.033070334756515152e+01	2.000968942311892107e+01	2.015880371614783328e+01	1.997680188447201743e+01	2.048352745160075017e+01	2.024926772123532714e+01	2.036968551553693985e+01	1.978462584483617448e+01	2.099356692965547921e+01	2.058712767358758811e+01
1.931396577995468178e+01	1.987960769160645924e+01	2.077286710159418348e+01	2.002933136982165507e+01	1.991275589075706876e+01	2.961860005349886649e+01	1.973066407879579742e+01	1.998484215361056826e+01	1.892456735008433810e+01	1.906463877081589331e+01	1.954973085925958998e+01	1.959069775071358421e+01	2.053038042335478863e+01	1.990939646742049263e+01	1.993466115677827233e+01	1.981955549748474255e+01	1.991873451227251479e+01	1.953710636576650828e+01	1.974413758523574458e+01	1.944941537291346023e+01	1.961715167442327612e+01	2.004073230217002077e+01	1.958064060666982087e+01	2.012571102287978775e+01	1.932071165710212668e+01	2.016280151579197621e+01	1.974798879997180734e+01	1.990661706316027235e+01	1.960002026928376750e+01	1.999365120212575420e+01	1.974609184847968990e+01	1.937002844036193849e+01	1.975653002632808253e+01	1.969186636224458908e+01	2.004676149017593900e+01	1.958437949075397100e+01	2.017833493649350984e+01	1.988543535985834509e+01	1.963961597485909394e+01	2.074958212306941263e+01	2.001244911322378783e+01	1.974435065278528256e+01	2.034346676434176260e+01	1.973276753273172801e+01	1.994557973792228367e+01	1.953243703227803962e+01	2.038796363520448551e+01	2.005159938917980611e+01	2.068699552131359098e+01	2.042499159032101375e+01
1.941251360146229388e+01	2.009657311264160029e+01	2.060990658102977591e+01	1.984711393220791109e+01	1.983685934346425483e+01	1.973066407879579742e+01	2.989089693343441212e+01	2.020637786758856436e+01	1.915905725306414098e+01	1.935183120366778908e+01	1.937661360514511699e+01	1.992706187994576794e+01	2.061027239116534560e+01	2.008377228436220108e+01	1.991255768935821280e+01	2.029622665779005430e+01	1.958176332668175945e+01	1.978052604832316419e+01	1.987815551409626380e+01	1.972046452949275164e+01	1.991024160451466329e+01	2.037307147184039025e+01	1.967822602160866552e+01	2.028937240727194791e+01	1.997813369847718334e+01	1.994623695660250817e+01	1.989131870854978246e+01	1.986435121428829476e+01	1.964796169513133961e+01	1.943980658219736668e+01	2.036468561464860372e+01	1.978264378122683453e+01	2.021403179249522353e+01	1.981730510229287745e+01	1.986051351031834145e+01	1.999185376799440306e+01	1.993484281177356721e+01	2.016144007071467215e+01	1.995354136487918240e+01	2.024745555381581497e+01	2.013508025060980700e+01	1.984439976185515420e+01	2.006322872755546172e+01	1.967839301146513264e+01	2.025051353437880053e+01	1.955127295604158988e+01	2.033435117653611002e+01	1.971604143805837950e+01	2.079580335725307094e+01	2.027944190444028294e+01
1.975218067045921444e+01	2.004405620720983805e+01	2.056586632978470774e+01	2.009767229156115675e+01	2.020054964033777622e+01	1.998484215361056826e+01	2.020637786758856436e+01	2.955400920284580124e+01	1.899394162276300335e+01	1.963383046410866939e+01	2.011061653676450334e+01	2.028060892022267936e+01	2.057479173285690166e+01	1.992228667173761991e+01	2.003245782220965410e+01	2.038016054445547098e+01	2.020052252816554628e+01	1.944697130954626019e+01	2.010337780332254454e+01	2.006218420637932098e+01	1.998509129088289882e+01	2.082604728492048096e+01	1.994918449017502482e+01	2.008896432457482462e+01	1.987195625564872969e+01	1.988040871097026852e+01	1.984509224926392434e+01	1.997562601736671084e+01	1.973696578662574197e+01	2.005168992789251448e+01	1.998878063857995357e+01	1.980813372919182669e+01	2.010447421495398856e+01	1.982976920373810970e+01	2.035662990074847301e+01	2.027547437418210663e+01	2.054529555559194520e+01	2.019127583459529163e+01	1.973748046012635626e+01	2.080209920428423587e+01	2.022888481689192020e+01	2.009937075391554018e+01	2.009663530903089068e+01	1.957927396356185668e+01	2.037607313523542629e+01	1.989844486548308922e+01	2.066058574580679164e+01	1.984220857812314875e+01	2.055094298012590670e+01	2.048793200424108818e+01
1.902912491246024729e+01	1.906099842936092159e+01	2.007153254712666168e+01	1.916694493424690648e+01	1.901161150441901171e+01	1.892456735008433810e+01	1.915905725306414098e+01	1.899394162276300335e+01	2.785198845250905464e+01	1.846782229480009718e+01	1.900492010930905806e+01	1.943634038757712545e+01	1.973938488032365512e+01	1.871873434183401841e+01	1.923096333104846778e+01	1.958385701322847439e+01	1.901670639226149007e+01	1.925754452646960857e+01	1.909418400247221115e+01	1.934463355830611775e+01	1.896396883396194966e+01	1.950139802632258323e+01	1.868471230779490000e+01	1.936781421058966046e+01	1.887757631082726917e+01	1.911372333575432947e+01	1.934295085857623420e+01	1.902689611337462239e+01	1.872018540578883972e+01	1.867374659340209320e+01	1.941816268824532088e+01	1.873441028720326429e+01	1.936829442031351078e+01	1.934154904980020007e+01	1.913536164375076964e+01	1.915589336118495467e+01	1.945662639650252501e+01	1.952545650672921695e+01	1.883994394527794825e+01	1.999805393598848013e+01	1.956104143722367894e+01	1.892688792986982449e+01	1.890686353386824692e+01	1.937731947365450580e+01	1.937647267467414736e+01	1.912567539808280159e+01	1.959274556699729430e+01	1.841985425971221346e+01	1.966298727019221815e+01	1.951046493892536304e+01
1.936119743476505306e+01	1.913837626224903588e+01	2.001666615319268772e+01	1.968982019324828059e+01	1.960348781025641429e+01	1.906463877081589331e+01	1.935183120366778908e+01	1.963383046410866939e+01	1.846782229480009718e+01	2.902406426566616915e+01	1.942653883595523467e+01	1.966542441667649399e+01	1.955858892484604539e+01	1.973090137292102497e+01	1.940468339203115633e+01	1.981665938793170056e+01	1.994793809727180189e+01	1.956326624419001448e+01	1.938180817245737586e+01	1.967571043200993941e+01	1.924509697529222407e+01	1.978316371604578094e+01	1.952201087203035357e+01	1.990396326309203445e+01	1.952608328912501889e+01	1.950376781021599371e+01	1.933906485817103871e+01	1.920048219367891207e+01	1.892796290971152118e+01	1.969168358858660284e+01	1.926970401940578625e+01	1.918290965830367867e+01	1.952204826904916857e+01	1.968604264044140351e+01	1.927470365743081615e+01	1.977662969530015147e+01	1.986675218652189656e+01	1.967861425490785265e+01	1.943831576915503945e+01	2.016325148139423717e+01	2.014465417068618436e+01	1.883332709713563347e+01	1.953371453799576329e+01	1.952822849389859172e+01	1.967059512816275202e+01	1.922086268055328162e+01	2.013621244395095644e+01	1.892432788262933840e+01	2.006972246700671292e+01	1.947432259524522991e+01
1.964980974758437782e+01	1.966826054086186915e+01	2.090608664425427321e+01	1.980069680985709013e+01	2.025672868508980073e+01	1.954973085925958998e+01	1.937661360514511699e+01	2.011061653676450334e+01	1.900492010930905806e+01	1.942653883595523467e+01	2.973268193320891584e+01	2.009742238780959056e+01	2.022105175203546423e+01	1.966646959359708546e+01	1.976161436501863733e+01	1.983879791984313101e+01	2.009928317111703322e+01	1.994611401431569675e+01	1.982409637875428743e+01	1.977283512472929061e+01	1.992380403216053608e+01	2.028925406665720743e+01	1.928532015759569873e+01	2.029548738543824626e+01	1.944250670881121223e+01	2.016201227593987966e+01	1.961549629255513949e+01	2.000964236626064974e+01	1.951128565058979802e+01	1.998297723780559920e+01	2.027702225849505879e+01	2.024289547282985779e+01	2.025728403929030819e+01	1.984739792008440773e+01	1.988313569506002310e+01	1.992023221537640865e+01	1.993362851976582917e+01	2.012899475423799700e+01	1.993017874102623921e+01	2.057289474257832040e+01	2.055878682281808878e+01	1.959396602600727988e+01	2.008418094587150193e+01	1.995016646433691321e+01	2.036859078874503481e+01	1.989815984453916187e+01	2.014281814599888421e+01	2.026380207640671216e+01	2.023671187052708831e+01	2.059163044576202140e+01
1.966793243372642763e+01	1.982132888887297284e+01	2.059251975232501408e+01	2.021408330513721197e+01	2.014885609927793197e+01	1.959069775071358421e+01	1.992706187994576794e+01	2.028060892022267936e+01	1.943634038757712545e+01	1.966542441667649399e+01	2.009742238780959056e+01	3.001770232488896539e+01	2.053666614478646224e+01	1.969753544892127906e+01	2.005898077424977899e+01	2.038212164202383292e+01	2.038704710577358270e+01	1.970592339494115564e+01	1.961169091004135367e+01	2.008725460558231646e+01	1.959485654905968843e+01	2.028092359416116608e+01	1.947647086093409285e+01	2.013773159231304177e+01	1.953176396135738457e+01	2.007927273237268295e+01	1.995562698375745825e+01	1.989662203309410771e+01	1.963599675233222186e+01	1.997714038495773181e+01	2.004206179811739119e+01	1.967426304025972428e+01	1.987702734083844902e+01	2.024336112103085483e+01	2.022539804723422563e+01	2.004975342690747198e+01	2.009904577808091730e+01	2.029161436692842457e+01	2.031342938825056876e+01	2.038088111074331010e+01	2.037307344323627589e+01	1.972857303792924455e+01	1.994316002844205826e+01	2.003174418051154504e+01	2.028801733176212707e+01	2.049761702104673589e+01	2.062610744289105469e+01	1.955970380673567632e+01	2.047819794915286096e+01	2.051514792681452803e+01
2.001221770594796112e+01	2.029691809042280326e+01	2.133845543122713195e+01	2.079119991020622749e+01	2.027084235162184456e+01	2.053038042335478863e+01	2.061027239116534560e+01	2.057479173285690166e+01	1.973938488032365512e+01	1.955858892484604539e+01	2.022105175203546423e+01	2.053666614478646224e+01	3.066167798297563252e+01	2.022468575096913668e+01	2.054411735864974631e+01	2.087204801663671816e+01	2.067504757650233671e+01	2.050862181328316325e+01	2.041969434922902948e+01	2.058468739600871089e+01	2.064957758016496570e+01	2.095468601856470414e+01	1.987404961681115623e+01	2.052165956800505597e+01	2.019155695188424815e+01	2.066390681145685448e+01	2.061508953114318743e+01	2.035325303346165526e+01	2.031018875552573988e+01	2.043773229930841495e+01	2.041994725271080569e+01	2.034463271707559073e+01	2.067045099842575340e+01	2.040922467979351040e+01	2.013280885076926907e+01	2.060326800951695247e+01	2.072838389416515881e+01	2.074007129990772214e+01	2.038175583265764246e+01	2.059469411197944311e+01	2.072927389489221284e+01	2.054209981788293859e+01	2.049457650929955577e+01	2.034676782921178884e+01	2.061055148536317461e+01	2.065611766454990317e+01	2.109261172225448533e+01	2.024856169503915737e+01	2.099345560406144529e+01	2.089828387289703571e+01
1.912785514813953824e+01	1.970242252130235272e+01	2.036529339059839572e+01	1.979493260745737970e+01	2.009516217015040596e+01	1.990939646742049263e+01	2.008377228436220108e+01	1.992228667173761991e+01	1.871873434183401841e+01	1.973090137292102497e+01	1.966646959359708546e+01	1.969753544892127906e+01	2.022468575096913668e+01	2.980810686726261238e+01	1.946165989737336233e+01	1.992129811047688293e+01	1.967030320372505159e+01	1.984067607722726123e+01	1.983028084167666449e+01	1.951821291693693183e+01	1.975033574159930794e+01	2.026765842825530584e+01	1.951260355213652176e+01	2.014535208900870700e+01	1.955022648806202312e+01	1.960465601995284146e+01	2.016070100966951983e+01	1.986765546887627920e+01	1.932577569675203577e+01	1.960356341688522264e+01	2.005600472829261705e+01	2.000035729831826004e+01	1.997768543776875205e+01	2.000290162298699670e+01	1.947244023625718157e+01	1.976401992406771058e+01	2.011541194313566194e+01	2.020204434912836788e+01	2.000101851751693260e+01	2.036200869729914587e+01	1.990387167764250975e+01	1.979473450552566050e+01	2.013245958846212247e+01	2.004182499761836667e+01	2.002089095008095043e+01	1.988410716863075223e+01	2.045195163963579077e+01	1.918879740989118687e+01	2.069978246154830259e+01	2.045086754204946899e+01
1.972891855228538205e+01	1.991295603206776477e+01	2.098165198764339578e+01	1.978084597970399372e+01	2.051619334196531597e+01	1.993466115677827233e+01	1.991255768935821280e+01	2.003245782220965410e+01	1.923096333104846778e+01	1.940468339203115633e+01	1.976161436501863733e+01	2.005898077424977899e+01	2.054411735864974631e+01	1.946165989737336233e+01	2.964621474042952798e+01	2.030938371709849477e+01	2.018089309231082140e+01	1.956063844555179188e+01	2.012773299499375668e+01	2.013336902780027060e+01	1.988067667400420291e+01	2.079197138020334279e+01	1.958373989407839133e+01	1.990729245252307322e+01	1.996768387316825510e+01	2.003259540780612369e+01	2.037116473428109487e+01	1.995433337223616732e+01	2.003221536630584154e+01	1.978045006842309306e+01	1.996325476500607010e+01	2.003276694158983062e+01	1.992859024630421416e+01	2.010278006536144346e+01	2.007053844908790552e+01	2.005829983242903936e+01	2.022540593253916086e+01	1.985885193251179004e+01	2.001982535060629687e+01	2.072484613531149833e+01	2.023312299186454766e+01	1.954892468811328499e+01	1.991255687266096785e+01	1.984027097364568348e+01	2.022733025258865780e+01	2.018230769127799817e+01	2.051581290513836464e+01	1.996787497156932289e+01	2.066374538130698468e+01	2.052391929390626757e+01
1.991010994883011165e+01	2.021360210037790850e+01	2.095415713167057703e+01	2.042405073818386185e+01	2.031606452095055815e+01	1.981955549748474255e+01	2.029622665779005430e+01	2.038016054445547098e+01	1.958385701322847439e+01	1.981665938793170056e+01	1.983879791984313101e+01	2.038212164202383292e+01	2.087204801663671816e+01	1.992129811047688293e+01	2.030938371709849477e+01	3.084835613357381945e+01	2.028138655196546836e+01	2.021787474721372746e+01	2.043905117634244561e+01	2.009991124652739813e+01	2.031686552671046897e+01	2.055965462492303075e+01	1.985966781391423552e+01	1.995714677836764750e+01	1.988108341292866044e+01	1.988531771272808513e+01	2.034986505274482838e+01	2.005473697736927363e+01	1.979499866856635037e+01	1.985115907999305662e+01	2.059292969749348501e+01	2.004679355759743942e+01	2.007589702554061262e+01	2.019484526661190671e+01	2.025532942194604402e+01	1.996015336489200820e+01	2.047211274944151072e+01	2.045173877534440621e+01	2.006143677734480946e+01	2.075473766480344295e+01	2.032236683376155639e+01	1.992424698069185496e+01	2.049081461507905288e+01	2.009137751284345796e+01	2.065460950721457678e+01	2.015441748148185042e+01	2.039830642405116379e+01	2.013490079210392381e+01	2.075757500727390337e+01	2.097457763608998604e+01
1.947719966133526270e+01	2.020078369562850540e+01	2.115574894889968860e+01	2.036094995848721467e+01	2.025121368952196477e+01	1.991873451227251479e+01	1.958176332668175945e+01	2.020052252816554628e+01	1.901670639226149007e+01	1.994793809727180189e+01	2.009928317111703322e+01	2.038704710577358270e+01	2.067504757650233671e+01	1.967030320372505159e+01	2.018089309231082140e+01	2.028138655196546836e+01	2.993308442628208610e+01	2.021060481865366754e+01	1.976847953605236796e+01	2.017078422373230495e+01	2.003819726671473589e+01	2.064276048075847569e+01	1.961322243326116066e+01	2.033799250765401823e+01	1.974022415452141033e+01	2.000501652207207570e+01	2.042008067210924338e+01	2.036356549163809504e+01	1.965547874014325913e+01	1.983566480985840386e+01	2.036887461983059566e+01	1.994621970164090641e+01	2.042223334496458875e+01	2.015398664344052548e+01	2.028239403678086461e+01	2.001708663358223816e+01	2.054690004211299481e+01	2.032612883581850838e+01	2.044967200840606125e+01	2.038721337471876538e+01	2.085472660105299170e+01	1.976495775384868736e+01	2.002719188702410946e+01	2.036660736807997552e+01	2.037211119969526507e+01	2.013557017123241621e+01	2.070273313526238823e+01	1.991504479547073814e+01	2.071448158415050500e+01	2.022324446611551707e+01
1.921179109550548958e+01	2.006994056661485359e+01	2.075212682068197978e+01	2.033929578794964144e+01	2.011839642019164742e+01	1.953710636576650828e+01	1.978052604832316419e+01	1.944697130954626019e+01	1.925754452646960857e+01	1.956326624419001448e+01	1.994611401431569675e+01	1.970592339494115564e+01	2.050862181328316325e+01	1.984067607722726123e+01	1.956063844555179188e+01	2.021787474721372746e+01	2.021060481865366754e+01	2.950096836621925789e+01	1.996872303298219364e+01	1.975031381095637073e+01	1.995624426003124086e+01	2.033647225266872027e+01	1.942318231945538898e+01	1.986250882647356519e+01	1.983040165011361111e+01	1.979696948387849886e+01	1.977752586073817653e+01	1.959247032300993396e+01	1.965700560237669592e+01	1.956764127755166527e+01	2.000782822283951745e+01	1.995821655912844861e+01	1.974475276537809521e+01	2.010982210015689375e+01	1.955927207181441929e+01	1.986627351934088992e+01	2.029032283652000501e+01	2.023340102695072318e+01	1.987914046141579760e+01	2.001353496343695682e+01	2.014636353707160410e+01	1.991697200742837381e+01	2.003673337452469738e+01	1.999812175033756390e+01	2.003704636015431007e+01	1.980706376543635372e+01	2.057131740416506815e+01	1.966402813482745771e+01	2.051797368052023884e+01	2.067441421698186943e+01
1.904312604366107209e+01	1.985524669008946219e+01	2.028800976461925032e+01	2.000021007659186978e+01	2.015022087707455967e+01	1.974413758523574458e+01	1.987815551409626380e+01	2.010337780332254454e+01	1.909418400247221115e+01	1.938180817245737586e+01	1.982409637875428743e+01	1.961169091004135367e+01	2.041969434922902948e+01	1.983028084167666449e+01	2.012773299499375668e+01	2.043905117634244561e+01	1.976847953605236796e+01	1.996872303298219364e+01	3.019206467279503414e+01	1.979720674788579871e+01	2.018901997865495090e+01	2.016083592599593644e+01	1.983364494020157665e+01	1.988064007808549860e+01	1.962856673050062639e+01	2.025757994860582656e+01	1.967433928379237784e+01	2.002234867468444435e+01	1.977004086486733669e+01	1.960451883349474400e+01	1.995646843163314443e+01	1.954789594495220229e+01	2.024353655541388974e+01	1.976675200797933485e+01	2.042396738671372347e+01	1.997472707019544558e+01	2.014738579784521022e+01	2.009779810199226091e+01	1.971254939978217280e+01	2.105705186889426983e+01	2.010828374183559575e+01	1.970624318782345696e+01	1.991329706431829294e+01	2.011496474516503952e+01	1.993342144769685476e+01	1.988841906824623251e+01	2.042199950357986893e+01	1.990562332116741473e+01	2.075130278642149051e+01	2.019652115864363395e+01
1.921076443397361544e+01	1.985116833483001741e+01	2.068295983902280355e+01	1.988682634715772579e+01	2.024682652788480297e+01	1.944941537291346023e+01	1.972046452949275164e+01	2.006218420637932098e+01	1.934463355830611775e+01	1.967571043200993941e+01	1.977283512472929061e+01	2.008725460558231646e+01	2.058468739600871089e+01	1.951821291693693183e+01	2.013336902780027060e+01	2.009991124652739813e+01	2.017078422373230495e+01	1.975031381095637073e+01	1.979720674788579871e+01	2.922434021190212050e+01	1.994159131434731691e+01	2.057302324655493919e+01	1.975337137585313840e+01	2.023324580537272155e+01	1.935431679814128714e+01	1.967100620231347818e+01	1.993541964226006868e+01	1.980723037672777309e+01	1.984059876584930748e+01	1.965950005630106645e+01	1.965860110992141685e+01	1.998881302337085941e+01	2.037451949826462183e+01	2.015258869643492545e+01	2.006877618462111457e+01	1.992481051195891339e+01	2.017913346118442064e+01	2.033800234222524850e+01	1.974247226523505105e+01	2.036249814332049368e+01	2.025849435694871303e+01	1.982567076655040950e+01	2.001326116259570753e+01	1.957873865290906323e+01	2.022287864348913899e+01	1.994617043590661609e+01	2.063701485807260028e+01	1.991886204858170473e+01	2.050396574103504932e+01	2.016311173327443029e+01
1.950243742100830957e+01	1.998481832020198112e+01	2.035176980147385706e+01	1.990003401584834108e+01	2.003333652687180333e+01	1.961715167442327612e+01	1.991024160451466329e+01	1.998509129088289882e+01	1.896396883396194966e+01	1.924509697529222407e+01	1.992380403216053608e+01	1.959485654905968843e+01	2.064957758016496570e+01	1.975033574159930794e+01	1.988067667400420291e+01	2.031686552671046897e+01	2.003819726671473589e+01	1.995624426003124086e+01	2.018901997865495090e+01	1.994159131434731691e+01	2.977490824641481026e+01	2.036816328546288091e+01	1.921350223664340007e+01	1.976395950014368452e+01	1.985270363573061658e+01	1.994846456713690941e+01	2.036877426671434677e+01	2.000303870269033268e+01	1.987011327258520055e+01	1.945168991185199658e+01	2.021061290566097313e+01	1.974497539153912840e+01	1.978056848290787073e+01	1.980547235074769929e+01	2.027048655584605186e+01	2.016772027687590096e+01	2.025105123579705335e+01	2.038001678354751434e+01	2.005038700474243640e+01	2.059588640939652393e+01	2.016858868923206671e+01	1.964491626961305570e+01	1.980875570747386050e+01	2.041432016683659256e+01	2.028941291492652255e+01	2.011485909160455066e+01	2.038171050324246636e+01	1.983511178555024301e+01	2.066145346724629306e+01	2.046904283801173108e+01
1.988049340163878398e+01	2.053392048032516470e+01	2.129705573652259787e+01	2.032256795397485405e+01	2.059985788366024551e+01	2.004073230217002077e+01	2.037307147184039025e+01	2.082604728492048096e+01	1.950139802632258323e+01	1.978316371604578094e+01	2.028925406665720743e+01	2.028092359416116608e+01	2.095468601856470414e+01	2.026765842825530584e+01	2.079197138020334279e+01	2.055965462492303075e+01	2.064276048075847569e+01	2.033647225266872027e+01	2.016083592599593644e+01	2.057302324655493919e+01	2.036816328546288091e+01	3.086171280620707336e+01	1.956635218047139446e+01	2.043893570273771942e+01	2.048464549394066125e+01	2.047568026084386972e+01	2.058872645049954286e+01	2.024838090578202809e+01	2.008075875510272468e+01	2.054801744876474601e+01	2.048382217262597393e+01	2.001188931061055243e+01	2.043211756927431111e+01	2.025507485242710359e+01	1.982889412646832383e+01	2.059860434488244252e+01	2.042785897087082603e+01	2.044186443152017674e+01	2.024707872014015564e+01	2.096737759583577088e+01	2.063617188993486806e+01	2.014712225549992297e+01	2.035815999293133061e+01	2.053401668257986046e+01	2.075348665070821497e+01	2.054842384992598880e+01	2.113095859293063583e+01	2.010600666570367423e+01	2.119488863421464231e+01	2.085881630999627845e+01
1.936967895785594251e+01	1.936780661972338891e+01	2.018895887695211400e+01	1.936397940266594375e+01	1.983554875140162466e+01	1.958064060666982087e+01	1.967822602160866552e+01	1.994918449017502482e+01	1.868471230779490000e+01	1.952201087203035357e+01	1.928532015759569873e+01	1.947647086093409285e+01	1.987404961681115623e+01	1.951260355213652176e+01	1.958373989407839133e+01	1.985966781391423552e+01	1.961322243326116066e+01	1.942318231945538898e+01	1.983364494020157665e+01	1.975337137585313840e+01	1.921350223664340007e+01	1.956635218047139446e+01	2.942775769149293552e+01	1.970966495640763583e+01	1.943307763348811079e+01	1.948160605429278291e+01	1.990806574311722699e+01	1.982935437931704570e+01	1.939488617846832952e+01	1.969918434952035469e+01	1.981303170155232607e+01	1.950021002454279184e+01	1.967469006562533806e+01	1.978910225406434265e+01	1.970275806154921483e+01	1.955083547382644937e+01	2.012420069483536977e+01	1.988680851873450450e+01	1.966658086331243283e+01	2.022633104482457611e+01	1.981354585448574568e+01	1.986663194016638201e+01	1.987223057807385018e+01	1.957489857503249198e+01	1.953281740428165136e+01	1.951783926349163423e+01	2.034331943239162399e+01	1.973175881817100930e+01	2.046196238252735355e+01	2.022749875901803662e+01
1.992032222400206720e+01	2.038260027934977003e+01	2.076508357689744955e+01	2.017684941568008838e+01	1.981113589126448460e+01	2.012571102287978775e+01	2.028937240727194791e+01	2.008896432457482462e+01	1.936781421058966046e+01	1.990396326309203445e+01	2.029548738543824626e+01	2.013773159231304177e+01	2.052165956800505597e+01	2.014535208900870700e+01	1.990729245252307322e+01	1.995714677836764750e+01	2.033799250765401823e+01	1.986250882647356519e+01	1.988064007808549860e+01	2.023324580537272155e+01	1.976395950014368452e+01	2.043893570273771942e+01	1.970966495640763583e+01	3.031918927135087216e+01	2.035157371089615452e+01	2.008892466778274155e+01	2.012488978695419206e+01	1.994792013249662332e+01	1.967448814329612006e+01	2.072080024369634188e+01	2.022959504708382639e+01	2.012820835896044613e+01	2.035020663803991070e+01	2.012736802679971149e+01	2.012963186904448776e+01	1.993392326453076180e+01	2.035853289947783296e+01	2.053652502874514951e+01	2.032392398206177120e+01	2.092363293991251894e+01	2.023090243220507034e+01	2.026030173575854221e+01	2.036625871690847944e+01	1.997572805167857268e+01	2.055489770177904774e+01	2.038870628158271359e+01	2.034533891137580497e+01	1.981349847266881881e+01	2.052746140551693799e+01	2.057070312836067316e+01
1.927544230163198336e+01	1.967637576656961329e+01	2.033784744283391177e+01	1.983662868315628458e+01	1.986132864903483153e+01	1.932071165710212668e+01	1.997813369847718334e+01	1.987195625564872969e+01	1.887757631082726917e+01	1.952608328912501889e+01	1.944250670881121223e+01	1.953176396135738457e+01	2.019155695188424815e+01	1.955022648806202312e+01	1.996768387316825510e+01	1.988108341292866044e+01	1.974022415452141033e+01	1.983040165011361111e+01	1.962856673050062639e+01	1.935431679814128714e+01	1.985270363573061658e+01	2.048464549394066125e+01	1.943307763348811079e+01	2.035157371089615452e+01	2.889283805836738850e+01	1.979652312230289013e+01	2.015414258319912477e+01	1.962982006872680074e+01	1.981136664094821853e+01	1.976002099287162750e+01	2.007611264569059983e+01	1.970986831022538155e+01	2.005180344922426272e+01	2.030879848149472267e+01	1.974695948848889060e+01	1.971230651731022476e+01	1.977487497687621243e+01	2.003471450074219362e+01	1.968279530463304638e+01	2.011558591393106354e+01	2.023237526792460272e+01	1.953406719205465691e+01	1.995732400493184855e+01	1.986253530191824623e+01	2.008146485728853392e+01	1.993015680111265908e+01	2.031387570397183140e+01	1.954234602234014773e+01	2.026760641066248425e+01	2.032608560953086041e+01
1.977928816703127168e+01	2.005511823054592924e+01	2.059803885340777185e+01	1.998532987776674119e+01	2.039584957296821699e+01	2.016280151579197621e+01	1.994623695660250817e+01	1.988040871097026852e+01	1.911372333575432947e+01	1.950376781021599371e+01	2.016201227593987966e+01	2.007927273237268295e+01	2.066390681145685448e+01	1.960465601995284146e+01	2.003259540780612369e+01	1.988531771272808513e+01	2.000501652207207570e+01	1.979696948387849886e+01	2.025757994860582656e+01	1.967100620231347818e+01	1.994846456713690941e+01	2.047568026084386972e+01	1.948160605429278291e+01	2.008892466778274155e+01	1.979652312230289013e+01	3.012800292397437829e+01	2.022956471270007484e+01	1.936077809805918548e+01	1.947949925735487398e+01	2.024709727470948906e+01	2.014573667896337739e+01	2.035922675488596312e+01	1.999396086704201636e+01	2.043687528857334001e+01	1.999582178516939734e+01	1.976599522290869260e+01	2.019031204274207170e+01	1.992495954860812191e+01	1.993519870152946538e+01	2.043779515545728032e+01	2.031246069682795508e+01	2.000052456327110306e+01	1.995760023867623190e+01	1.998225177630534688e+01	2.013271845442497820e+01	1.997922983588013324e+01	2.050888428421822596e+01	1.943544017416356340e+01	2.093287177045070635e+01	2.046012743675980872e+01
1.985335265700877017e+01	2.033711434804582652e+01	2.053143061012947257e+01	2.053448028561713201e+01	2.028375017328911056e+01	1.974798879997180734e+01	1.989131870854978246e+01	1.984509224926392434e+01	1.934295085857623420e+01	1.933906485817103871e+01	1.961549629255513949e+01	1.995562698375745825e+01	2.061508953114318743e+01	2.016070100966951983e+01	2.037116473428109487e+01	2.034986505274482838e+01	2.042008067210924338e+01	1.977752586073817653e+01	1.967433928379237784e+01	1.993541964226006868e+01	2.036877426671434677e+01	2.058872645049954286e+01	1.990806574311722699e+01	2.012488978695419206e+01	2.015414258319912477e+01	2.022956471270007484e+01	3.055036493741386749e+01	1.990554531923865866e+01	1.975324434406067198e+01	2.006824727105473016e+01	2.066119457210422183e+01	2.012376679179113736e+01	2.024267780782989234e+01	2.028936874361896869e+01	1.995079215249872107e+01	1.988053609000030519e+01	2.021308937777837045e+01	2.036104677706370225e+01	2.003243427916344643e+01	2.088702130740746199e+01	2.033270601575014069e+01	2.001728732857826998e+01	2.038354582427975714e+01	2.018565022784982688e+01	2.028023977890757479e+01	2.025547773392119311e+01	2.052929435407378733e+01	1.993983405806236320e+01	2.069260286903694634e+01	2.010082508943771629e+01
1.987883467932730497e+01	1.998957390983224158e+01	2.066923963001443099e+01	1.992954896005257837e+01	2.027753886922573656e+01	1.990661706316027235e+01	1.986435121428829476e+01	1.997562601736671084e+01	1.902689611337462239e+01	1.920048219367891207e+01	2.000964236626064974e+01	1.989662203309410771e+01	2.035325303346165526e+01	1.986765546887627920e+01	1.995433337223616732e+01	2.005473697736927363e+01	2.036356549163809504e+01	1.959247032300993396e+01	2.002234867468444435e+01	1.980723037672777309e+01	2.000303870269033268e+01	2.024838090578202809e+01	1.982935437931704570e+01	1.994792013249662332e+01	1.962982006872680074e+01	1.936077809805918548e+01	1.990554531923865866e+01	2.982745027595775511e+01	1.930269698377087551e+01	1.968735557812798120e+01	2.028641634883057776e+01	1.995288754981398327e+01	2.019061238353117460e+01	2.010649808541237960e+01	1.984823788935758770e+01	1.972287093266776026e+01	2.045090873774254092e+01	1.987985248878598554e+01	1.946885627900536875e+01	2.094167550131372479e+01	1.974291811805912999e+01	1.975544848442871171e+01	2.022822518990451357e+01	2.022150584906809812e+01	2.042789622179568454e+01	2.012160051128477534e+01	2.054875148217114145e+01	1.984746672340772022e+01	2.050312860138647864e+01	2.027406029136298216e+01
1.968572824422766132e+01	1.954563370154590274e+01	2.036343142266093409e+01	2.012651277732693345e+01	1.982484605510233777e+01	1.960002026928376750e+01	1.964796169513133961e+01	1.973696578662574197e+01	1.872018540578883972e+01	1.892796290971152118e+01	1.951128565058979802e+01	1.963599675233222186e+01	2.031018875552573988e+01	1.932577569675203577e+01	2.003221536630584154e+01	1.979499866856635037e+01	1.965547874014325913e+01	1.965700560237669592e+01	1.977004086486733669e+01	1.984059876584930748e+01	1.987011327258520055e+01	2.008075875510272468e+01	1.939488617846832952e+01	1.967448814329612006e+01	1.981136664094821853e+01	1.947949925735487398e+01	1.975324434406067198e+01	1.930269698377087551e+01	2.923843799754479278e+01	1.974546276451048143e+01	2.003568468357196153e+01	1.933419151119541368e+01	1.946194318096074838e+01	1.942351333777550337e+01	1.964373348672654274e+01	1.974238604794219754e+01	1.996836795193467751e+01	1.955474433595506767e+01	1.975100593670552485e+01	2.021582940794819194e+01	1.975665201997189158e+01	1.952736820973633414e+01	1.977556972367262844e+01	1.972540302778826415e+01	1.989115113330705853e+01	1.986046657756969225e+01	2.012594557304137055e+01	1.950914438887749824e+01	2.018925956638327435e+01	2.014264645956633615e+01
1.954321583979194443e+01	1.979847745320617136e+01	2.069957329856412187e+01	1.987036967939737053e+01	2.001156049689077676e+01	1.999365120212575420e+01	1.943980658219736668e+01	2.005168992789251448e+01	1.867374659340209320e+01	1.969168358858660284e+01	1.998297723780559920e+01	1.997714038495773181e+01	2.043773229930841495e+01	1.960356341688522264e+01	1.978045006842309306e+01	1.985115907999305662e+01	1.983566480985840386e+01	1.956764127755166527e+01	1.960451883349474400e+01	1.965950005630106645e+01	1.945168991185199658e+01	2.054801744876474601e+01	1.969918434952035469e+01	2.072080024369634188e+01	1.976002099287162750e+01	2.024709727470948906e+01	2.006824727105473016e+01	1.968735557812798120e+01	1.974546276451048143e+01	2.907877874856472644e+01	1.966493798409427640e+01	1.989854549206289036e+01	1.995863800738671756e+01	2.000994777163241523e+01	1.984731942519274384e+01	1.976206862646171913e+01	2.005982293183467746e+01	1.990290396772125092e+01	1.968391753108976872e+01	2.049450501445213035e+01	1.986229436225939082e+01	1.981169758399995828e+01	2.009840736857065124e+01	1.978072113924626763e+01	2.026192589122873500e+01	1.959948482718721152e+01	2.036650087475797122e+01	1.975425189360786149e+01	2.067732191326766156e+01	2.019862728925106410e+01
1.964691947053369958e+01	1.990768034293900612e+01	2.077526081227439647e+01	2.014400944371883284e+01	2.026932713921084428e+01	1.974609184847968990e+01	2.036468561464860372e+01	1.998878063857995357e+01	1.941816268824532088e+01	1.926970401940578625e+01	2.027702225849505879e+01	2.004206179811739119e+01	2.041994725271080569e+01	2.005600472829261705e+01	1.996325476500607010e+01	2.059292969749348501e+01	2.036887461983059566e+01	2.000782822283951745e+01	1.995646843163314443e+01	1.965860110992141685e+01	2.021061290566097313e+01	2.048382217262597393e+01	1.981303170155232607e+01	2.022959504708382639e+01	2.007611264569059983e+01	2.014573667896337739e+01	2.066119457210422183e+01	2.028641634883057776e+01	2.003568468357196153e+01	1.966493798409427640e+01	2.984533231266518527e+01	1.989865815190760046e+01	1.998642120448807447e+01	2.029406730205723264e+01	2.003572285176564094e+01	1.976355259117894292e+01	2.034007957556864099e+01	2.024803989428777840e+01	1.994462587186471580e+01	2.040758878272162136e+01	2.040437516761855008e+01	2.002683265426141901e+01	2.079916787672624423e+01	2.012560219363863467e+01	2.013101048637123114e+01	2.042257280623559623e+01	2.109414638330411407e+01	2.031543230017938129e+01	2.077941837924274182e+01	2.051856396675250238e+01
1.919233493733648643e+01	1.958972636886486995e+01	2.065602198122697786e+01	1.981270475888473825e+01	1.998185865392088090e+01	1.937002844036193849e+01	1.978264378122683453e+01	1.980813372919182669e+01	1.873441028720326429e+01	1.918290965830367867e+01	2.024289547282985779e+01	1.967426304025972428e+01	2.034463271707559073e+01	2.000035729831826004e+01	2.003276694158983062e+01	2.004679355759743942e+01	1.994621970164090641e+01	1.995821655912844861e+01	1.954789594495220229e+01	1.998881302337085941e+01	1.974497539153912840e+01	2.001188931061055243e+01	1.950021002454279184e+01	2.012820835896044613e+01	1.970986831022538155e+01	2.035922675488596312e+01	2.012376679179113736e+01	1.995288754981398327e+01	1.933419151119541368e+01	1.989854549206289036e+01	1.989865815190760046e+01	2.932812460231035345e+01	2.016569767454135231e+01	2.004643346336408172e+01	1.955264216475641348e+01	1.989971590267305501e+01	1.968466328521344977e+01	2.005682289765153925e+01	2.026408018813432221e+01	2.038594339712155801e+01	2.018002271948063608e+01	1.982163606249315535e+01	2.001422611860675360e+01	1.999247228043528679e+01	1.992970280421935669e+01	1.952289828325415399e+01	2.041236459608315101e+01	1.955579858943123028e+01	2.047905048087606161e+01	2.054854712936789696e+01
