3.061049506070849802e+01	1.980918030641170446e+01	2.007617348191979190e+01	2.029032665097328092e+01	1.960684543414461345e+01	2.109448844225044084e+01	2.025561704175643385e+01	2.014277010593153250e+01	2.033763421565073770e+01	2.040634610402559446e+01	2.088859140473809717e+01	2.030590603326315957e+01	1.971729294377366415e+01	1.986533026833036075e+01	2.052994846959303032e+01	2.012762957781833961e+01	2.016513978952703923e+01	1.977873079337875595e+01	2.029474661937655711e+01	1.978715075926896105e+01	2.019464105717234759e+01	1.959337476531979050e+01	1.963334543725553161e+01	2.024976468214811476e+01	2.016756901776405186e+01	2.059594900587373445e+01	2.058170142119739410e+01	1.968545631232866810e+01	2.050225868471220281e+01	1.980005234864734831e+01	2.033870119697146706e+01	2.020424118115413137e+01	2.077352336056997473e+01	2.010767836544653875e+01	2.032653030191200116e+01	2.021850424923319878e+01	2.065508887040828867e+01	2.039291572592272317e+01	2.007515704469320994e+01	2.008071293264400836e+01	1.968966835538997273e+01	2.073074556230233867e+01	2.034141993390348802e+01	2.031275001315421491e+01	2.004122696683127103e+01	2.052840551075295750e+01	2.049315209693056516e+01	1.953637302181795476e+01	2.067274623611974604e+01	2.067814701292253332e+01
1.980918030641170446e+01	2.928088274663564050e+01	1.972763705336114981e+01	2.001067659741005045e+01	1.950795958661834106e+01	2.074052877830173003e+01	1.976014628972408360e+01	1.970795980625479871e+01	2.014419606401807883e+01	2.008762524738055433e+01	2.024646276182739868e+01	2.014537763068413767e+01	1.971224796910639299e+01	1.951480330799696361e+01	2.037028193015487787e+01	1.950034440464560603e+01	1.995764405468007041e+01	1.971091518242990404e+01	1.997946000518817655e+01	1.964042352425902749e+01	2.010507877868451843e+01	2.007251843188932128e+01	2.001244952289964019e+01	1.986161361191869190e+01	2.006984081528748831e+01	2.059235620858906302e+01	1.982937586686096054e+01	1.959208855715480269e+01	2.003731475465479406e+01	1.970656004413334728e+01	1.991671610584972640e+01	1.992610911445186517e+01	2.018517749020770680e+01	1.981187300272959106e+01	1.984720962934603250e+01	1.992627642005651722e+01	1.975919115988801877e+01	1.982165506794597576e+01	1.949069198517497981e+01	1.957916912354277628e+01	1.979661884017057361e+01	1.996845643284466121e+01	2.010690200323752208e+01	1.972480541854138636e+01	1.958270650441792782e+01	2.001180026203515538e+01	2.004196124549710945e+01	1.945147624451231039e+01	1.990025610518875254e+01	1.981980096719751927e+01
2.007617348191979190e+01	1.972763705336114981e+01	3.004158087306971225e+01	1.986936919341679086e+01	1.951811511053987402e+01	2.065143362319747311e+01	1.983320345876984447e+01	1.988514686937571696e+01	2.001532558809272189e+01	1.969958602049871743e+01	2.053469370187067966e+01	1.985864888049962929e+01	1.923927654161165179e+01	1.935750014523661378e+01	2.009963207019143638e+01	1.949133244700774270e+01	2.019981489644629491e+01	1.961462942557686162e+01	1.968817161562712315e+01	1.961036863468254410e+01	2.040302424633540213e+01	1.981203111450039245e+01	1.948920966328410387e+01	2.001172340573457475e+01	2.004674664270598328e+01	2.088681976072933466e+01	1.993756683173894828e+01	1.924494842717387399e+01	1.994262763309135522e+01	1.961981689122357864e+01	1.997699781562132770e+01	1.977861228822299111e+01	2.013708154816800899e+01	1.952138094874071328e+01	1.980791555579462582e+01	1.962973469471348764e+01	1.979954397333900928e+01	1.997399385280119333e+01	1.988920618240722504e+01	1.982330899741774033e+01	1.936040822151564811e+01	1.998131164926653014e+01	1.989234276899243170e+01	1.967772844386112396e+01	1.997106525901858731e+01	2.023501990284442442e+01	2.029188081101381513e+01	1.941721741334317741e+01	1.974086538264075585e+01	1.998030604467260218e+01
2.029032665097328092e+01	2.001067659741005045e+01	1.986936919341679086e+01	2.987875060061473320e+01	1.975047461525019443e+01	2.047617302889220525e+01	1.967312106065466182e+01	1.993131911630040065e+01	2.004475718998661193e+01	1.974686777187635300e+01	2.015377966980952351e+01	2.004132681137630811e+01	1.984733248243422921e+01	1.946414072460580158e+01	2.023401081393487289e+01	1.977142023886631250e+01	1.977040208579093772e+01	2.002598483558088560e+01	1.994487650799185730e+01	1.978922208587099973e+01	2.044798079667567237e+01	1.951479473152415878e+01	1.961901769068968804e+01	1.971665627216795968e+01	2.004213507239077430e+01	2.060538043970792899e+01	1.993066624449571833e+01	1.943935757304720013e+01	2.017127620003019217e+01	1.935120479089714607e+01	2.000626948971112640e+01	2.007042953248306816e+01	2.065752732563404592e+01	1.967281996477058925e+01	1.999666721241684542e+01	1.990924960469411431e+01	1.996273607972839059e+01	1.991798278757952900e+01	1.958986687610727628e+01	1.982378358429796350e+01	1.951004063714639258e+01	1.992520978494764705e+01	1.997327845568858962e+01	1.995664609556856206e+01	1.995350441879919146e+01	2.017852142412872851e+01	2.013783167978927580e+01	1.940125167836428943e+01	1.976403245116883056e+01	2.001454652946126700e+01
1.960684543414461345e+01	1.950795958661834106e+01	1.951811511053987402e+01	1.975047461525019443e+01	2.911268775215151194e+01	2.051273831555361227e+01	1.954349533400089456e+01	1.971495672911820662e+01	1.995329870858522270e+01	1.948297894764878535e+01	1.999798127327195019e+01	1.958977856249494565e+01	1.927589753359878699e+01	1.915187864028201759e+01	1.949404112018336122e+01	1.917723433862246907e+01	1.952576433492338381e+01	1.921755273249765139e+01	1.961276644120045631e+01	1.971603533295451882e+01	1.964534003178830091e+01	1.965910028864821513e+01	1.921305161609574697e+01	1.937828884904986992e+01	2.003191360958254208e+01	2.016681439880818871e+01	1.938416573829895384e+01	1.860569082340924751e+01	1.962050967579289917e+01	1.948930640205328402e+01	1.941118507064373588e+01	2.015363509019010735e+01	1.982026330060025643e+01	1.912077348836253421e+01	1.976478970465820950e+01	1.979726204500319398e+01	1.933601743096766867e+01	1.996444035113924897e+01	1.926634229331815362e+01	1.944492908687664112e+01	1.913540192986862465e+01	1.926124850164859481e+01	1.953715921892755603e+01	1.930419832303970296e+01	1.975228642051706984e+01	1.993229674744597801e+01	1.982459756237042470e+01	1.900760097578084640e+01	1.933238516513275584e+01	1.972675540138116546e+01
2.109448844225044084e+01	2.074052877830173003e+01	2.065143362319747311e+01	2.047617302889220525e+01	2.051273831555361227e+01	3.148397905362944016e+01	2.097598967712582052e+01	2.060416578430479717e+01	2.073232780936448094e+01	2.089075022971659834e+01	2.122430095464360278e+01	2.088977828149759475e+01	2.008386301167727339e+01	2.046049070417029014e+01	2.071886556626315468e+01	2.034207723020946545e+01	2.038287538384661701e+01	2.126951203356478715e+01	2.087350970632027014e+01	2.038483190600884853e+01	2.078084335894078549e+01	2.110197112774095984e+01	2.077481442449681737e+01	2.125286721087966768e+01	2.070617512835340435e+01	2.119415020170735175e+01	2.061044825973707262e+01	2.018237998931912003e+01	2.086769095874577928e+01	2.071163061503383673e+01	2.086537838783592491e+01	2.058749642036482186e+01	2.120210277562033241e+01	2.093694256416988608e+01	2.109497458675871329e+01	2.064230368994266840e+01	2.039387357632298858e+01	2.096617329996089296e+01	2.047720978263070180e+01	2.072256162357057718e+01	2.045503694192618127e+01	2.089059295097153068e+01	2.076838827207194527e+01	2.083365098175796959e+01	2.068897826328591449e+01	2.119983608018320353e+01	2.089854196312190027e+01	2.071642915245971395e+01	2.102873773425026016e+01	2.067954917351720923e+01
2.025561704175643385e+01	1.976014628972408360e+01	1.983320345876984447e+01	1.967312106065466182e+01	1.954349533400089456e+01	2.097598967712582052e+01	2.953581105688371622e+01	1.988964911959740434e+01	2.002580047954954878e+01	2.017455936669596639e+01	2.042134597639244120e+01	1.997169647289224770e+01	1.980740837925461761e+01	1.961746863294033716e+01	2.016453672934255792e+01	1.994156781508260323e+01	1.981316087505886969e+01	1.978900381493733462e+01	2.007425939398300230e+01	1.959107176489824909e+01	2.020359421939367905e+01	2.029043027123639220e+01	1.952078013582959670e+01	2.019438001831084861e+01	2.014497308868058312e+01	2.034028861988450743e+01	1.971227992041310628e+01	1.949005144418328328e+01	2.001095680151517442e+01	1.996671917643731931e+01	1.993233749861281368e+01	2.017530788296215150e+01	2.017176829875369748e+01	1.960301137485777900e+01	2.008785753156695009e+01	1.993179815922846032e+01	2.024269752531082744e+01	2.018106421520738536e+01	1.989663174230627618e+01	2.004546542215524596e+01	1.970055100292440642e+01	1.989420157016371604e+01	2.031740546740950748e+01	1.986161088146479159e+01	1.992725458863333543e+01	2.039578985443325720e+01	2.019903981355045985e+01	1.952268370566205036e+01	1.997878908124176789e+01	2.020233198371199279e+01
2.014277010593153250e+01	1.970795980625479871e+01	1.988514686937571696e+01	1.993131911630040065e+01	1.971495672911820662e+01	2.060416578430479717e+01	1.988964911959740434e+01	2.960751957603022078e+01	1.980470720824306596e+01	2.009035756164033515e+01	2.039493446884388206e+01	1.987861807628149791e+01	1.934145724455233761e+01	1.962632939366626772e+01	2.020970558840104303e+01	1.954956067403271192e+01	1.989947244496165979e+01	2.003003482297490834e+01	2.016868801010374312e+01	1.977523029567408130e+01	2.002695245656022394e+01	1.948751746703742427e+01	1.967078848262251256e+01	1.980809204819789926e+01	1.974571440793259214e+01	2.053625822616751506e+01	2.014939517705557392e+01	1.919747603272898218e+01	1.990815909756701174e+01	1.978211718125306717e+01	2.006256891141486776e+01	2.009582243883495067e+01	2.014963851867976175e+01	1.988490778994663799e+01	2.019649479556357363e+01	1.967801074881895573e+01	1.977123141166256559e+01	2.021318619339766798e+01	1.975343921775261080e+01	1.960992827542262873e+01	1.993859526210396282e+01	1.978982956467996246e+01	1.995198103642216125e+01	1.965036971996777027e+01	1.987614622166049472e+01	2.019983774343244320e+01	2.000998490919058881e+01	1.966915652117882019e+01	1.987030446871206735e+01	1.961323677416466182e+01
2.033763421565073770e+01	2.014419606401807883e+01	2.001532558809272189e+01	2.004475718998661193e+01	1.995329870858522270e+01	2.073232780936448094e+01	2.002580047954954878e+01	1.980470720824306596e+01	3.033616871751172539e+01	2.008257326890782579e+01	2.006388938748143858e+01	1.979185968916280558e+01	1.958526285099722841e+01	1.951518513335868477e+01	2.002393254241636456e+01	1.989623910667348738e+01	2.010854679997585492e+01	1.987451118700598585e+01	2.016867328272556747e+01	2.006732931852312163e+01	2.015692234077204503e+01	1.972421851473445642e+01	1.981586388857263614e+01	1.964590139994013640e+01	2.017910595873875934e+01	2.034933744744937911e+01	2.010783042615346616e+01	1.945645617481919487e+01	2.050278025546668204e+01	1.960928429466239109e+01	2.001144917235627574e+01	2.030479110677245203e+01	2.031056259915692053e+01	2.010678198721396370e+01	2.054953501651442238e+01	1.979966221222262490e+01	2.002896821496567981e+01	2.030228981708501124e+01	1.943736835248562755e+01	2.006212634460078803e+01	2.001817132890105810e+01	2.005152996675685628e+01	2.025250064233726022e+01	2.006581868024844439e+01	1.987306592283612616e+01	2.027391727408465982e+01	2.012298668509615851e+01	1.981040540891087787e+01	2.005812815425471385e+01	2.000399360035893892e+01
2.040634610402559446e+01	2.008762524738055433e+01	1.969958602049871743e+01	1.974686777187635300e+01	1.948297894764878535e+01	2.089075022971659834e+01	2.017455936669596639e+01	2.009035756164033515e+01	2.008257326890782579e+01	3.002530399642973791e+01	2.051173129551115437e+01	1.981443240926242666e+01	1.963620016094576215e+01	1.951313103066720345e+01	2.036667734127490803e+01	2.000192351658137824e+01	2.012617819371655870e+01	1.976696621405155696e+01	1.999859537061693970e+01	2.022227372493194153e+01	2.013531878938466946e+01	1.978550190568737932e+01	1.985996969500282106e+01	1.982115209356888030e+01	2.003013703581012450e+01	2.012264967438398244e+01	2.029222149114755780e+01	1.984361303394118892e+01	2.012680189837939437e+01	1.980047745756175814e+01	2.020436078552892667e+01	2.015924747293319186e+01	2.051856343680466210e+01	2.003625756573519467e+01	1.992029145793835809e+01	2.010538868150204195e+01	1.995700831788528262e+01	2.031591463309023382e+01	2.012038841130255307e+01	1.982414403845020345e+01	1.990155514819526772e+01	1.985880343456125274e+01	2.019542116015604805e+01	1.998780769507123267e+01	2.025346173296993157e+01	1.996771344622018773e+01	2.018368227583041730e+01	2.009543234619622254e+01	2.003942169318001021e+01	2.016285813837492213e+01
2.088859140473809717e+01	2.024646276182739868e+01	2.053469370187067966e+01	2.015377966980952351e+01	1.999798127327195019e+01	2.122430095464360278e+01	2.042134597639244120e+01	2.039493446884388206e+01	2.006388938748143858e+01	2.051173129551115437e+01	3.054003079608262183e+01	2.043862208881030895e+01	1.989819220265312083e+01	1.957340226412276962e+01	2.046877588155476602e+01	2.018401514715548473e+01	2.038168729184996053e+01	2.003730148048136783e+01	2.021990401130849335e+01	1.995963519815505904e+01	2.050872368356059638e+01	1.998522854409791094e+01	1.995783919946612173e+01	2.003958646476422700e+01	2.024865576140706125e+01	2.061188966535149802e+01	2.056949392632549589e+01	1.980966233703570012e+01	2.079089641801872546e+01	1.975496522082701034e+01	2.015833472279924266e+01	2.041992640558283867e+01	2.064428294925907892e+01	1.982592618995252920e+01	2.044778794401258537e+01	2.004791585365854445e+01	2.035955022660757407e+01	2.035513239683452724e+01	2.029247029154928583e+01	2.001519810703779356e+01	1.979220755235803964e+01	2.041968143792100676e+01	2.034308466102995183e+01	2.019785737987912455e+01	2.044289027678388493e+01	2.088051705394757462e+01	2.051798305964036828e+01	1.988672202949312151e+01	2.032340771477005248e+01	2.044748253962023909e+01
2.030590603326315957e+01	2.014537763068413767e+01	1.985864888049962929e+01	2.004132681137630811e+01	1.958977856249494565e+01	2.088977828149759475e+01	1.997169647289224770e+01	1.987861807628149791e+01	1.979185968916280558e+01	1.981443240926242666e+01	2.043862208881030895e+01	2.941223286787454683e+01	1.966003879537548826e+01	1.928551453417514949e+01	2.022774897904632496e+01	1.955825142601273825e+01	2.003433236162212339e+01	1.995844044826127117e+01	1.988018836187510985e+01	1.988314377247429121e+01	2.023091292690191878e+01	2.015150600074382936e+01	1.953037653702794785e+01	1.992704629775499114e+01	1.992202510779189240e+01	2.043088679894560045e+01	1.981264108721794415e+01	1.922778097114137452e+01	2.018703678359720399e+01	1.944942689949111880e+01	1.984471778342144077e+01	2.013223904779495044e+01	2.008622585486840251e+01	1.973762018780823624e+01	2.005761071606367807e+01	1.980287419136057281e+01	1.994768781508699362e+01	1.977184069721254644e+01	1.952032888947491429e+01	1.967348489670343881e+01	1.963458418484353984e+01	1.981720129372075689e+01	2.013397942077539327e+01	1.966123641560437463e+01	1.994089379991654454e+01	2.021726034971682751e+01	2.023263111646278034e+01	1.966934541829010996e+01	1.978620423998387068e+01	2.012124426086786144e+01
1.971729294377366415e+01	1.971224796910639299e+01	1.923927654161165179e+01	1.984733248243422921e+01	1.927589753359878699e+01	2.008386301167727339e+01	1.980740837925461761e+01	1.934145724455233761e+01	1.958526285099722841e+01	1.963620016094576215e+01	1.989819220265312083e+01	1.966003879537548826e+01	2.866022187416975697e+01	1.929733681122011646e+01	1.985572802874665399e+01	1.938222796469458231e+01	1.974537326874930798e+01	1.922012284071790233e+01	1.962472285623523760e+01	1.926498210370266406e+01	1.998232493823323352e+01	1.938178800534163670e+01	1.934901511557459841e+01	1.949357647868602328e+01	1.985272534312237269e+01	2.018985705956666976e+01	1.995185785343536011e+01	1.878100557042107965e+01	1.992355888513125350e+01	1.904079119877931348e+01	1.944966663737648105e+01	1.971989040650376523e+01	1.991553636193481935e+01	1.941473124795460237e+01	1.962759449443379722e+01	1.965840589900273017e+01	1.960158287323364235e+01	1.983814765122315649e+01	1.907883308680174039e+01	1.917307448399806447e+01	1.948892249067098348e+01	1.966558181878639644e+01	2.002251975419036256e+01	1.932262241119950019e+01	1.943900495371452308e+01	1.955022416866866308e+01	1.972120172613398026e+01	1.925067640466856389e+01	1.958542524671463525e+01	1.964035604675231284e+01
1.986533026833036075e+01	1.951480330799696361e+01	1.935750014523661378e+01	1.946414072460580158e+01	1.915187864028201759e+01	2.046049070417029014e+01	1.961746863294033716e+01	1.962632939366626772e+01	1.951518513335868477e+01	1.951313103066720345e+01	1.957340226412276962e+01	1.928551453417514949e+01	1.929733681122011646e+01	2.902447457480168680e+01	1.992646552521122416e+01	1.898473991638869052e+01	1.945289414926436677e+01	1.959643665118128197e+01	1.970107613804974633e+01	1.939294173143684574e+01	1.935371855522181406e+01	1.960268621327212202e+01	1.940282870409321347e+01	1.948703161525913430e+01	1.981090472449267637e+01	1.991415889237044468e+01	1.955941174778071456e+01	1.908445916522369146e+01	1.981893959198451327e+01	1.912460368261860211e+01	1.942186430511692663e+01	1.985302687221879481e+01	2.010107946426914793e+01	1.921916578567560308e+01	1.997229942735259201e+01	1.948415277028865233e+01	1.936685616796195575e+01	1.959561673793511716e+01	1.943293092962599999e+01	1.935172822964747752e+01	1.931522491078833781e+01	1.939918277537424274e+01	1.941135487657021130e+01	1.911279065990465398e+01	1.968237692278312068e+01	2.002950304065461751e+01	2.004180736225282899e+01	1.919130868255051325e+01	1.948626204561812969e+01	1.948503126839784727e+01
2.052994846959303032e+01	2.037028193015487787e+01	2.009963207019143638e+01	2.023401081393487289e+01	1.949404112018336122e+01	2.071886556626315468e+01	2.016453672934255792e+01	2.020970558840104303e+01	2.002393254241636456e+01	2.036667734127490803e+01	2.046877588155476602e+01	2.022774897904632496e+01	1.985572802874665399e+01	1.992646552521122416e+01	2.960984822827302665e+01	2.007305667705803387e+01	2.037992125896941786e+01	2.016923487104683232e+01	1.988719516811428889e+01	1.995715645388691684e+01	2.005704010946706362e+01	2.004457505701405040e+01	1.965536445963792289e+01	1.978704667452013410e+01	1.978310593992495825e+01	2.034497015052945557e+01	2.048748092801836407e+01	1.959739033050765045e+01	2.059168924542466073e+01	1.974069965222789591e+01	2.006383551300846690e+01	2.035387212176429372e+01	2.063773028702209444e+01	1.985651631785313853e+01	2.019223719800365657e+01	1.998310381175877026e+01	2.002868053992031605e+01	1.983011704977717571e+01	1.973211523098778741e+01	2.001402743059782452e+01	1.975905612506184994e+01	2.010254548127164753e+01	1.991786425154023732e+01	2.045840224300368249e+01	2.010142056552213319e+01	2.026280340877882935e+01	2.027544049362146339e+01	1.986596068634530710e+01	2.053569859396823816e+01	1.997725129713740344e+01
2.012762957781833961e+01	1.950034440464560603e+01	1.949133244700774270e+01	1.977142023886631250e+01	1.917723433862246907e+01	2.034207723020946545e+01	1.994156781508260323e+01	1.954956067403271192e+01	1.989623910667348738e+01	2.000192351658137824e+01	2.018401514715548473e+01	1.955825142601273825e+01	1.938222796469458231e+01	1.898473991638869052e+01	2.007305667705803387e+01	2.942775829301021417e+01	1.977693298673470323e+01	1.942061012597604730e+01	1.993543950777142726e+01	1.994146708274268676e+01	2.030663828466136067e+01	1.958045189724833790e+01	1.932416075668935562e+01	1.969327013671065529e+01	1.964484349204806435e+01	1.957708606589419986e+01	1.990117785927719041e+01	1.916921475925053642e+01	1.978657551118124047e+01	1.915938797850344955e+01	1.950009117222492705e+01	1.956634310675157096e+01	2.018005434911858487e+01	1.916507730192310888e+01	1.953953654603293089e+01	1.953385446450102947e+01	1.954635735512428951e+01	1.947490362388620255e+01	1.954605256146626502e+01	1.971831779439182242e+01	1.961230307508643023e+01	1.981317014173813362e+01	1.954053968064967961e+01	1.945880033167279066e+01	1.954145910876981063e+01	1.986047267001714545e+01	1.948735376611449865e+01	1.946210779856663109e+01	2.003369272018101199e+01	1.953821850121957482e+01
2.016513978952703923e+01	1.995764405468007041e+01	2.019981489644629491e+01	1.977040208579093772e+01	1.952576433492338381e+01	2.038287538384661701e+01	1.981316087505886969e+01	1.989947244496165979e+01	2.010854679997585492e+01	2.012617819371655870e+01	2.038168729184996053e+01	2.003433236162212339e+01	1.974537326874930798e+01	1.945289414926436677e+01	2.037992125896941786e+01	1.977693298673470323e+01	3.005024649070034926e+01	2.010580881600902714e+01	1.993544193617358218e+01	1.956880212296912092e+01	2.031441632565591604e+01	1.959184464947279736e+01	1.974873524401872160e+01	1.944670361721581386e+01	2.002128507546311909e+01	2.047736080373222123e+01	1.988963137107730006e+01	1.934296467996639990e+01	2.031698682317412263e+01	1.911920382383142680e+01	2.012175446673962753e+01	2.045234114689942828e+01	2.041863399134206958e+01	1.985979842319988720e+01	1.998362833201370492e+01	1.989919054681038446e+01	1.976732742231169837e+01	2.005001142642504419e+01	1.964109121232373312e+01	1.999757831736281588e+01	2.001251841089136718e+01	1.984438362600947414e+01	1.985144150337292146e+01	2.000329124831378635e+01	2.010400841516320014e+01	2.023955731893055443e+01	2.006992089982733063e+01	1.946518477846037953e+01	2.040685517573280094e+01	1.976363578905576901e+01
1.977873079337875595e+01	1.971091518242990404e+01	1.961462942557686162e+01	2.002598483558088560e+01	1.921755273249765139e+01	2.126951203356478715e+01	1.978900381493733462e+01	2.003003482297490834e+01	1.987451118700598585e+01	1.976696621405155696e+01	2.003730148048136783e+01	1.995844044826127117e+01	1.922012284071790233e+01	1.959643665118128197e+01	2.016923487104683232e+01	1.942061012597604730e+01	2.010580881600902714e+01	2.959411341172726750e+01	2.027003587271363827e+01	1.998203575401142018e+01	2.024392196066487060e+01	1.968370701311501492e+01	1.954256551540124320e+01	1.963793567145015473e+01	1.976139042846964244e+01	2.061246440264731916e+01	2.005133910257016439e+01	1.963484515343825620e+01	2.014692197873672441e+01	1.971809976238682793e+01	1.964757156243784664e+01	1.971111923523916332e+01	2.064604142923463215e+01	1.978992993141325840e+01	1.970474840798040006e+01	1.983711185201632787e+01	1.960663343497606803e+01	1.968201206982438123e+01	2.000691089444453752e+01	1.992512048779935796e+01	1.973738062103724999e+01	1.984812946291648927e+01	1.986619818878725141e+01	1.975975380189654018e+01	1.972348733041522451e+01	1.987336198613541427e+01	1.981825729342502740e+01	1.936596149044515514e+01	1.999278252990842475e+01	1.992845990067195316e+01
2.029474661937655711e+01	1.997946000518817655e+01	1.968817161562712315e+01	1.994487650799185730e+01	1.961276644120045631e+01	2.087350970632027014e+01	2.007425939398300230e+01	2.016868801010374312e+01	2.016867328272556747e+01	1.999859537061693970e+01	2.021990401130849335e+01	1.988018836187510985e+01	1.962472285623523760e+01	1.970107613804974633e+01	1.988719516811428889e+01	1.993543950777142726e+01	1.993544193617358218e+01	2.027003587271363827e+01	2.951624800963690731e+01	1.990289134288531869e+01	2.026162139687063046e+01	1.967628973619980925e+01	1.971076376912021288e+01	1.983239495299654109e+01	1.999183039821872399e+01	2.050853674905225432e+01	2.007556887316123806e+01	1.971772748775917350e+01	2.025221009785534676e+01	1.968184912586315249e+01	1.973036845334889833e+01	1.992988702551582136e+01	2.033092308450475372e+01	1.995801811176318097e+01	2.065464062291336944e+01	1.994265145204409961e+01	1.998618350645629604e+01	1.981503768846640057e+01	1.965384963222463810e+01	2.005805989313110871e+01	1.986561216711281119e+01	1.968287573627487674e+01	1.980971604165500111e+01	1.984196649392340461e+01	1.972250548936246162e+01	2.029154799199078596e+01	1.993714877652453055e+01	1.992629867911254848e+01	2.025445655357251695e+01	2.001219346998730941e+01
1.978715075926896105e+01	1.964042352425902749e+01	1.961036863468254410e+01	1.978922208587099973e+01	1.971603533295451882e+01	2.038483190600884853e+01	1.959107176489824909e+01	1.977523029567408130e+01	2.006732931852312163e+01	2.022227372493194153e+01	1.995963519815505904e+01	1.988314377247429121e+01	1.926498210370266406e+01	1.939294173143684574e+01	1.995715645388691684e+01	1.994146708274268676e+01	1.956880212296912092e+01	1.998203575401142018e+01	1.990289134288531869e+01	2.906791585247948007e+01	2.008732550746784185e+01	1.970627800837680255e+01	1.955227702491121278e+01	1.968875296562924859e+01	1.991851491346958269e+01	2.020493253069367867e+01	2.007127760069957034e+01	1.941181781797556738e+01	1.992861691176852190e+01	1.932279381816469765e+01	1.931634975095167306e+01	2.009795677219402421e+01	2.022374505830584113e+01	1.961528298935118642e+01	1.989897149717636893e+01	1.942247612147871294e+01	1.979787110212548029e+01	2.001182743271720810e+01	1.948740374117277696e+01	1.985938210211603305e+01	2.004694516210619426e+01	1.972164938698417913e+01	2.028245206212052310e+01	1.986354927610917898e+01	1.979348918358710918e+01	2.008105093327246848e+01	1.991795737335574401e+01	1.942219914373735179e+01	1.996678252686609056e+01	2.010239946064720584e+01
2.019464105717234759e+01	2.010507877868451843e+01	2.040302424633540213e+01	2.044798079667567237e+01	1.964534003178830091e+01	2.078084335894078549e+01	2.020359421939367905e+01	2.002695245656022394e+01	2.015692234077204503e+01	2.013531878938466946e+01	2.050872368356059638e+01	2.023091292690191878e+01	1.998232493823323352e+01	1.935371855522181406e+01	2.005704010946706362e+01	2.030663828466136067e+01	2.031441632565591604e+01	2.024392196066487060e+01	2.026162139687063046e+01	2.008732550746784185e+01	3.056252922137997530e+01	2.016328119307742739e+01	1.969448194820737896e+01	1.987288601977475366e+01	2.019098157779676583e+01	2.051161896278476959e+01	2.005884314441223282e+01	1.935630020493018932e+01	2.097213833442819819e+01	1.987834213426852514e+01	1.994967850901759832e+01	2.022522219796253040e+01	2.056581168223999612e+01	2.003348316529069706e+01	2.050337122871268392e+01	1.991415933712482200e+01	2.053091712691099247e+01	2.035800680422068965e+01	2.015151343966873299e+01	2.001168875481040388e+01	1.995004931825077321e+01	2.003031090357222865e+01	1.990107191710949763e+01	2.026103517337106297e+01	2.023045955259847517e+01	2.080827855802650461e+01	2.040015732195665876e+01	1.954721681664266697e+01	1.991153465781138365e+01	2.053973920993417579e+01
1.959337476531979050e+01	2.007251843188932128e+01	1.981203111450039245e+01	1.951479473152415878e+01	1.965910028864821513e+01	2.110197112774095984e+01	2.029043027123639220e+01	1.948751746703742427e+01	1.972421851473445642e+01	1.978550190568737932e+01	1.998522854409791094e+01	2.015150600074382936e+01	1.938178800534163670e+01	1.960268621327212202e+01	2.004457505701405040e+01	1.958045189724833790e+01	1.959184464947279736e+01	1.968370701311501492e+01	1.967628973619980925e+01	1.970627800837680255e+01	2.016328119307742739e+01	2.989771188964062887e+01	1.922622300862568068e+01	1.966624445898721874e+01	1.996172930770983811e+01	2.035211135852829401e+01	2.009715775433237894e+01	1.952426184231242345e+01	2.009835617585416756e+01	1.950585741800260919e+01	2.011351576537279939e+01	1.990978759612501392e+01	2.021790258965292253e+01	1.931218436809878725e+01	2.010876026122394933e+01	1.968828180517748905e+01	1.958833819842467605e+01	1.981411088219650907e+01	1.974045632197284306e+01	1.982269818966680930e+01	1.973622893793583088e+01	2.002751513717748821e+01	2.011015176545685890e+01	1.978837904523788538e+01	2.033685507868828779e+01	2.016183267508126775e+01	2.007542206011411778e+01	1.964876870780656759e+01	1.988166652654196653e+01	1.991804531389449551e+01
1.963334543725553161e+01	2.001244952289964019e+01	1.948920966328410387e+01	1.961901769068968804e+01	1.921305161609574697e+01	2.077481442449681737e+01	1.952078013582959670e+01	1.967078848262251256e+01	1.981586388857263614e+01	1.985996969500282106e+01	1.995783919946612173e+01	1.953037653702794785e+01	1.934901511557459841e+01	1.940282870409321347e+01	1.965536445963792289e+01	1.932416075668935562e+01	1.974873524401872160e+01	1.954256551540124320e+01	1.971076376912021288e+01	1.955227702491121278e+01	1.969448194820737896e+01	1.922622300862568068e+01	2.917285880913928153e+01	1.966137600844154676e+01	1.948566454411253090e+01	1.967907551136498157e+01	1.946497637054802254e+01	1.926739563506584929e+01	1.978784223210448801e+01	1.945078098398935396e+01	1.959102803911229529e+01	1.989115457274516174e+01	2.010868385534199732e+01	1.923367324901755637e+01	1.995735612008100546e+01	1.957241115610526450e+01	1.972569080048550205e+01	1.953298069954890792e+01	1.964771911872352561e+01	1.939350843572615801e+01	1.928882564889055473e+01	1.970047763886853076e+01	1.986435896658598921e+01	1.971498660540941472e+01	1.924497137027814020e+01	1.977808250844305604e+01	1.991929248299020117e+01	1.919045653038050858e+01	1.999145206772049832e+01	1.995272715598736113e+01
2.024976468214811476e+01	1.986161361191869190e+01	2.001172340573457475e+01	1.971665627216795968e+01	1.937828884904986992e+01	2.125286721087966768e+01	2.019438001831084861e+01	1.980809204819789926e+01	1.964590139994013640e+01	1.982115209356888030e+01	2.003958646476422700e+01	1.992704629775499114e+01	1.949357647868602328e+01	1.948703161525913430e+01	1.978704667452013410e+01	1.969327013671065529e+01	1.944670361721581386e+01	1.963793567145015473e+01	1.983239495299654109e+01	1.968875296562924859e+01	1.987288601977475366e+01	1.966624445898721874e+01	1.966137600844154676e+01	2.938836882753219371e+01	1.991226752712535131e+01	2.015817939464287178e+01	1.977901600253796133e+01	1.944405175227128879e+01	2.006538423986667397e+01	1.926777236782015024e+01	1.992225599129610814e+01	1.997115946373592976e+01	2.057033819318744250e+01	1.980930705489315002e+01	2.014211261143965359e+01	1.975051163008438238e+01	1.953502276861807374e+01	1.993804077772384886e+01	1.978672505080737665e+01	1.989874753211602609e+01	1.943516430351841251e+01	2.001048071635608139e+01	2.016948919275922947e+01	2.014991370609867616e+01	1.981050038376197975e+01	2.042772666830244788e+01	2.005345039086953562e+01	1.936152168983668176e+01	1.976252089886365937e+01	2.011731948559172167e+01
2.016756901776405186e+01	2.006984081528748831e+01	2.004674664270598328e+01	2.004213507239077430e+01	2.003191360958254208e+01	2.070617512835340435e+01	2.014497308868058312e+01	1.974571440793259214e+01	2.017910595873875934e+01	2.003013703581012450e+01	2.024865576140706125e+01	1.992202510779189240e+01	1.985272534312237269e+01	1.981090472449267637e+01	1.978310593992495825e+01	1.964484349204806435e+01	2.002128507546311909e+01	1.976139042846964244e+01	1.999183039821872399e+01	1.991851491346958269e+01	2.019098157779676583e+01	1.996172930770983811e+01	1.948566454411253090e+01	1.991226752712535131e+01	2.991418531107588663e+01	2.070669146292462059e+01	1.972578863449762210e+01	1.973394678390739543e+01	2.049353628752841416e+01	1.925951198030005074e+01	2.012179656474422629e+01	2.018104205963815900e+01	2.034879452623916407e+01	2.005016126028136014e+01	2.063095433638213905e+01	1.997252186121372475e+01	2.006182636310849077e+01	2.049898688664762503e+01	1.998061640314009324e+01	2.009841375432037580e+01	2.010378665309571034e+01	2.014553545238654308e+01	2.030598776252672621e+01	1.988423506183263001e+01	2.022015008163613459e+01	2.009653158178878840e+01	2.051588208646225198e+01	1.980793571684360188e+01	2.018000518143917787e+01	1.968408102335236975e+01
2.059594900587373445e+01	2.059235620858906302e+01	2.088681976072933466e+01	2.060538043970792899e+01	2.016681439880818871e+01	2.119415020170735175e+01	2.034028861988450743e+01	2.053625822616751506e+01	2.034933744744937911e+01	2.012264967438398244e+01	2.061188966535149802e+01	2.043088679894560045e+01	2.018985705956666976e+01	1.991415889237044468e+01	2.034497015052945557e+01	1.957708606589419986e+01	2.047736080373222123e+01	2.061246440264731916e+01	2.050853674905225432e+01	2.020493253069367867e+01	2.051161896278476959e+01	2.035211135852829401e+01	1.967907551136498157e+01	2.015817939464287178e+01	2.070669146292462059e+01	3.098890879261286457e+01	2.031544606205493508e+01	1.996453820248646949e+01	2.058914953395370162e+01	1.995365148480094675e+01	2.026122356662283153e+01	2.064297888222176169e+01	2.105470281020680545e+01	2.008650642917823959e+01	2.042043244915580047e+01	1.996462731692646742e+01	2.020970527676140449e+01	2.062931175177022070e+01	2.014049451233219301e+01	2.031730139457667406e+01	2.023256457100558592e+01	2.045825052682784673e+01	2.058528856159413678e+01	2.041277088273295703e+01	2.016035675669388283e+01	2.052952829555487213e+01	2.074020928257987606e+01	1.999200993626219258e+01	2.026283366999466651e+01	2.071552793127222714e+01
2.058170142119739410e+01	1.982937586686096054e+01	1.993756683173894828e+01	1.993066624449571833e+01	1.938416573829895384e+01	2.061044825973707262e+01	1.971227992041310628e+01	2.014939517705557392e+01	2.010783042615346616e+01	2.029222149114755780e+01	2.056949392632549589e+01	1.981264108721794415e+01	1.995185785343536011e+01	1.955941174778071456e+01	2.048748092801836407e+01	1.990117785927719041e+01	1.988963137107730006e+01	2.005133910257016439e+01	2.007556887316123806e+01	2.007127760069957034e+01	2.005884314441223282e+01	2.009715775433237894e+01	1.946497637054802254e+01	1.977901600253796133e+01	1.972578863449762210e+01	2.031544606205493508e+01	2.997399383166454712e+01	1.967427107177046608e+01	2.062388022347831296e+01	1.992672646316757934e+01	1.987674254947723895e+01	2.018287885354768818e+01	2.079124072614916585e+01	1.958284318872111740e+01	2.006685006860823606e+01	1.976785041466985149e+01	1.987517136617377744e+01	2.032529828577989406e+01	1.987296062603989100e+01	2.006738059535693708e+01	2.004226879335043421e+01	2.011339514191958600e+01	2.015835808731031165e+01	2.006815558028653967e+01	2.027376639407904335e+01	2.020907876520633550e+01	2.023623417522847845e+01	1.951378160261402428e+01	2.017943203230705151e+01	2.039249944854806174e+01
1.968545631232866810e+01	1.959208855715480269e+01	1.924494842717387399e+01	1.943935757304720013e+01	1.860569082340924751e+01	2.018237998931912003e+01	1.949005144418328328e+01	1.919747603272898218e+01	1.945645617481919487e+01	1.984361303394118892e+01	1.980966233703570012e+01	1.922778097114137452e+01	1.878100557042107965e+01	1.908445916522369146e+01	1.959739033050765045e+01	1.916921475925053642e+01	1.934296467996639990e+01	1.963484515343825620e+01	1.971772748775917350e+01	1.941181781797556738e+01	1.935630020493018932e+01	1.952426184231242345e+01	1.926739563506584929e+01	1.944405175227128879e+01	1.973394678390739543e+01	1.996453820248646949e+01	1.967427107177046608e+01	2.896584041683790645e+01	1.955340254817196666e+01	1.901957640773943226e+01	1.932944910612141953e+01	1.939513044047722090e+01	1.981330262981159862e+01	1.903253441059622020e+01	1.945165104227476505e+01	1.901842691807316399e+01	1.902078819500396278e+01	1.932331447810416236e+01	1.965902749788083526e+01	1.953818433099029761e+01	1.946115509565109392e+01	1.919450013635832875e+01	1.939983498327979206e+01	1.928803565433507217e+01	1.957209761409402660e+01	1.956954291782807331e+01	1.966648910943868955e+01	1.921576161917776915e+01	1.924854739096494072e+01	1.978514783141577738e+01
2.050225868471220281e+01	2.003731475465479406e+01	1.994262763309135522e+01	2.017127620003019217e+01	1.962050967579289917e+01	2.086769095874577928e+01	2.001095680151517442e+01	1.990815909756701174e+01	2.050278025546668204e+01	2.012680189837939437e+01	2.079089641801872546e+01	2.018703678359720399e+01	1.992355888513125350e+01	1.981893959198451327e+01	2.059168924542466073e+01	1.978657551118124047e+01	2.031698682317412263e+01	2.014692197873672441e+01	2.025221009785534676e+01	1.992861691176852190e+01	2.097213833442819819e+01	2.009835617585416756e+01	1.978784223210448801e+01	2.006538423986667397e+01	2.049353628752841416e+01	2.058914953395370162e+01	2.062388022347831296e+01	1.955340254817196666e+01	2.991078776651889370e+01	2.006397871974561298e+01	1.978430221900338637e+01	2.065430308490942934e+01	2.073511381514165919e+01	2.021000771121173756e+01	2.026958390163537516e+01	2.004661830768258213e+01	2.016013388594561917e+01	2.066281245065048111e+01	1.976828188405952602e+01	1.996006781712875622e+01	1.991010473447147433e+01	2.009056631636845580e+01	2.011846504931284230e+01	2.020773239299986201e+01	2.031457895382935419e+01	2.043298461370083174e+01	2.048540482315581812e+01	1.983715179593940903e+01	2.039823411308430678e+01	1.993455756872620910e+01
1.980005234864734831e+01	1.970656004413334728e+01	1.961981689122357864e+01	1.935120479089714607e+01	1.948930640205328402e+01	2.071163061503383673e+01	1.996671917643731931e+01	1.978211718125306717e+01	1.960928429466239109e+01	1.980047745756175814e+01	1.975496522082701034e+01	1.944942689949111880e+01	1.904079119877931348e+01	1.912460368261860211e+01	1.974069965222789591e+01	1.915938797850344955e+01	1.911920382383142680e+01	1.971809976238682793e+01	1.968184912586315249e+01	1.932279381816469765e+01	1.987834213426852514e+01	1.950585741800260919e+01	1.945078098398935396e+01	1.926777236782015024e+01	1.925951198030005074e+01	1.995365148480094675e+01	1.992672646316757934e+01	1.901957640773943226e+01	2.006397871974561298e+01	2.878651108691945026e+01	1.928507700177605955e+01	1.964224352759562464e+01	1.981452866332402252e+01	1.961816020805359173e+01	1.970140034748061808e+01	1.927297020511102232e+01	1.973192528601545703e+01	1.967270329307536514e+01	1.937447816413434509e+01	1.942917391507491232e+01	1.930325523265377541e+01	1.971247800327007127e+01	1.956318425159444985e+01	1.979393142389498905e+01	1.932688738521497029e+01	1.953716245495731840e+01	1.971765144084485044e+01	1.900687023858230873e+01	1.942109907425371063e+01	1.994594473998481376e+01
2.033870119697146706e+01	1.991671610584972640e+01	1.997699781562132770e+01	2.000626948971112640e+01	1.941118507064373588e+01	2.086537838783592491e+01	1.993233749861281368e+01	2.006256891141486776e+01	2.001144917235627574e+01	2.020436078552892667e+01	2.015833472279924266e+01	1.984471778342144077e+01	1.944966663737648105e+01	1.942186430511692663e+01	2.006383551300846690e+01	1.950009117222492705e+01	2.012175446673962753e+01	1.964757156243784664e+01	1.973036845334889833e+01	1.931634975095167306e+01	1.994967850901759832e+01	2.011351576537279939e+01	1.959102803911229529e+01	1.992225599129610814e+01	2.012179656474422629e+01	2.026122356662283153e+01	1.987674254947723895e+01	1.932944910612141953e+01	1.978430221900338637e+01	1.928507700177605955e+01	3.001791939126340836e+01	1.971164937827241559e+01	2.052456728598150448e+01	1.954568519226893031e+01	2.029812695666574385e+01	2.009225264691613688e+01	1.996641190436712066e+01	2.005789928048842796e+01	1.955531762451570899e+01	1.970092393950268317e+01	1.966367969091272982e+01	1.978671163944933298e+01	2.019253074759841127e+01	1.980281748403699638e+01	1.958290619509411457e+01	2.005745942226835510e+01	1.959676055477872225e+01	1.971580336356704066e+01	2.011372801662568932e+01	1.985698576203934707e+01
2.020424118115413137e+01	1.992610911445186517e+01	1.977861228822299111e+01	2.007042953248306816e+01	2.015363509019010735e+01	2.058749642036482186e+01	2.017530788296215150e+01	2.009582243883495067e+01	2.030479110677245203e+01	2.015924747293319186e+01	2.041992640558283867e+01	2.013223904779495044e+01	1.971989040650376523e+01	1.985302687221879481e+01	2.035387212176429372e+01	1.956634310675157096e+01	2.045234114689942828e+01	1.971111923523916332e+01	1.992988702551582136e+01	2.009795677219402421e+01	2.022522219796253040e+01	1.990978759612501392e+01	1.989115457274516174e+01	1.997115946373592976e+01	2.018104205963815900e+01	2.064297888222176169e+01	2.018287885354768818e+01	1.939513044047722090e+01	2.065430308490942934e+01	1.964224352759562464e+01	1.971164937827241559e+01	3.007384520305171094e+01	2.052566804999818117e+01	1.995689035712271320e+01	2.015851998586977345e+01	1.986612506295356795e+01	1.985392568439909766e+01	2.010264125659830015e+01	2.003862141687508114e+01	1.997559586616558747e+01	1.980191800757119935e+01	1.977747213045354968e+01	1.996258548592606630e+01	1.994694527271870399e+01	1.998074779683486923e+01	2.068251402557477903e+01	2.012491362807900330e+01	1.951411498555409452e+01	2.040432334449541329e+01	1.999515887666212421e+01
