2.946757762603672504e+01	2.072174250334625256e+01	1.978562355716670140e+01	1.964627814964394759e+01	2.038995839162450352e+01	1.958157292387897996e+01	2.011030470575358109e+01	1.966361889830673704e+01	2.034739290287921065e+01	2.015951797926856415e+01	1.980156450768757637e+01	2.008195403308168991e+01	2.004271247637926834e+01	2.010671260042066066e+01	1.995758841347898738e+01	2.006320934104705600e+01	2.035070582684708995e+01	2.016230938603157696e+01	1.941059438451458163e+01	2.023524016577552231e+01	1.990993635354905322e+01	2.025175822271999238e+01	2.064507557306858843e+01	2.014130685711744917e+01	1.994922732651354735e+01	1.986936111562128815e+01	1.988648325085733504e+01	2.017178264774291918e+01	2.009900131829579450e+01	2.045024665520927343e+01	2.024748999015807271e+01	1.967886947250354979e+01	2.001428459755841871e+01	1.954637606763756352e+01	2.045819066853983159e+01	2.063375571229195415e+01	2.005202289490466683e+01	1.999826831426504015e+01	1.920783561546461371e+01	2.086966130958997212e+01	2.060636190703488424e+01	1.973405074215767740e+01	1.963493193113920299e+01	2.030257701001497139e+01	1.980488453331484777e+01	2.009409049138460901e+01	2.030669494051590007e+01	2.013830320408525409e+01	2.048399564604622114e+01	2.007314483746961287e+01
2.072174250334625256e+01	3.045462678646183718e+01	2.022363763755503285e+01	2.022892003589060650e+01	2.114936594987374008e+01	2.039768121098583720e+01	2.081877045360548451e+01	2.020217566051294611e+01	2.116220602154465880e+01	2.094418148531492463e+01	2.080254404476027119e+01	2.083767510764856823e+01	2.048809989439251567e+01	2.083528835788281341e+01	2.031825846341211772e+01	2.086400508473321480e+01	2.084876058427825285e+01	2.052941142063603408e+01	2.070738858936613624e+01	2.023576656689968445e+01	2.030553875270639708e+01	2.074744270951749314e+01	2.101933163723784759e+01	2.074626523628017694e+01	2.066950723622788999e+01	2.022198408012918946e+01	2.045266852503936406e+01	2.078527962627321202e+01	2.050489135789366202e+01	2.043863518816547753e+01	2.103779828252736550e+01	2.062066429585880911e+01	2.038577931514253549e+01	2.000839643242143850e+01	2.062360801762009999e+01	2.089667901666491545e+01	2.066138950649170880e+01	2.099606262134683377e+01	1.975950416974050583e+01	2.113379514372334356e+01	2.078870645700230568e+01	2.026586155896613661e+01	2.036796823009362356e+01	2.046610411724989120e+01	2.032513157125870151e+01	2.057212628122122666e+01	2.077260865584420912e+01	2.088229922475508005e+01	2.102326049905655125e+01	2.020236143343734270e+01
1.978562355716670140e+01	2.022363763755503285e+01	2.936255509648387019e+01	1.958047097790158020e+01	2.020126577144268865e+01	1.981213387979394014e+01	1.982465491861229623e+01	1.969496419755474648e+01	2.025998859004601726e+01	2.013609308524483765e+01	2.010164228202929948e+01	1.976598270174087091e+01	1.968854526924465631e+01	2.004809755308683350e+01	1.944640393534881895e+01	2.003303196436760558e+01	2.031903866738152331e+01	1.998068493977323712e+01	1.958634868651575189e+01	1.981201328314987364e+01	1.994940577229244028e+01	2.010345631363481189e+01	2.033243542324405695e+01	1.993376673352540962e+01	1.961471770079266719e+01	1.950065657744650949e+01	1.950012789278762781e+01	2.011361590500635188e+01	1.979902000419435737e+01	2.037921155171085985e+01	1.995286675375206187e+01	1.998155156026663448e+01	1.965760991460541263e+01	1.972023763694334519e+01	1.927509196551646653e+01	1.985183336749771144e+01	2.015010437042198532e+01	2.002384390866333419e+01	1.901301081942460414e+01	2.049010086360901539e+01	2.013722093154616033e+01	1.982413982486237458e+01	1.929788026484114738e+01	1.965706391251798024e+01	1.989149155672809499e+01	1.998474625889698331e+01	1.989955234727175082e+01	2.027474508103258799e+01	2.013595484384440937e+01	1.965793197048249041e+01
1.964627814964394759e+01	2.022892003589060650e+01	1.958047097790158020e+01	2.931662498468311639e+01	1.955274067463138010e+01	1.959030480853683898e+01	1.979323163626150617e+01	1.954263921392906411e+01	2.036368863054886091e+01	1.973125890293158591e+01	2.000051125408928954e+01	1.956454135110215375e+01	1.946029542585772631e+01	1.973626995936825779e+01	1.950258370371659566e+01	1.993765205194764434e+01	2.030316021595047360e+01	1.947667484695510964e+01	1.971004379266522477e+01	1.938944363772393586e+01	1.964795608024138218e+01	1.990539435197771567e+01	2.004376756661411108e+01	1.989497276820754834e+01	1.993991619672626925e+01	1.937059990051790592e+01	1.981325700214737395e+01	1.981333324289324338e+01	1.966216875936733643e+01	1.995481241683889095e+01	2.011670221073557130e+01	2.009721868800809830e+01	1.962721678688010840e+01	1.926778068871665894e+01	1.966193788122227915e+01	1.989866239185899133e+01	1.993170034975395666e+01	2.004918113499358157e+01	1.910214150223943363e+01	2.050740746815557003e+01	1.998677090227686293e+01	1.901568227483999607e+01	1.945506415573560588e+01	1.999603947851205632e+01	1.971882442928776413e+01	1.966316396760636920e+01	1.946749877721021704e+01	2.015718880403808555e+01	2.004245261053608118e+01	1.958373899914258942e+01
2.038995839162450352e+01	2.114936594987374008e+01	2.020126577144268865e+01	1.955274067463138010e+01	3.024382192282545745e+01	2.005788698202396247e+01	2.031679536513607331e+01	2.011275070764875750e+01	2.049232051933849519e+01	2.031384868599666405e+01	2.050702208177089503e+01	2.027776255753342483e+01	2.004783186778105986e+01	2.031061612674926309e+01	1.993067117591011694e+01	2.060849207449829024e+01	2.087960304618028928e+01	2.017483594802363811e+01	2.008223166327484677e+01	2.030832390695615430e+01	2.010062344750074814e+01	2.044502640689217898e+01	2.069777108195205173e+01	2.018045438255305868e+01	2.019397767415354039e+01	2.035267057388912804e+01	1.989891814725095287e+01	2.035315118005446067e+01	1.996316010950985032e+01	2.040992833234740544e+01	2.034343028345004001e+01	2.028923648219696929e+01	2.037938647309588802e+01	1.998864299348217699e+01	2.068211240398355244e+01	2.044927832434430570e+01	2.084196582107803408e+01	2.049349681691762370e+01	1.996969344674173286e+01	2.088062941862898469e+01	2.056759358911250501e+01	2.008178770205944375e+01	2.001911282539163750e+01	2.000984670011307642e+01	2.027624649309452565e+01	2.056530667044940230e+01	2.004901880366225697e+01	2.021393124495809701e+01	2.045213124760938683e+01	2.023254437043530629e+01
1.958157292387897996e+01	2.039768121098583720e+01	1.981213387979394014e+01	1.959030480853683898e+01	2.005788698202396247e+01	3.014793229074798120e+01	2.010127108523092332e+01	1.990233458358104102e+01	2.041255542925868838e+01	2.014299198724719986e+01	2.019148920588420637e+01	1.944301274579561678e+01	2.004571606537951212e+01	1.987765135975601183e+01	1.977854732157262418e+01	2.022649069012943457e+01	2.053251876789499875e+01	2.007389381886714119e+01	2.011389797558880588e+01	1.957892689165062095e+01	2.008581458742495229e+01	2.017573481672579305e+01	2.028633296361343596e+01	1.991384711693543252e+01	2.004654921418600821e+01	2.009281303903564009e+01	2.013420847730412078e+01	2.073457818987633772e+01	2.018786035609733176e+01	2.010510026079384360e+01	2.006886128517078305e+01	1.991190194609030684e+01	1.932994213361783054e+01	1.964137921269744069e+01	2.009274986248928485e+01	2.021821371992420424e+01	2.065494440796852871e+01	2.011737870600368083e+01	1.943028812636766745e+01	2.060561608874726858e+01	2.081037066581732020e+01	1.964979071755156070e+01	1.981993609656005972e+01	2.019004061127644079e+01	1.959844126857517921e+01	2.021531478606734922e+01	2.007592028620815583e+01	2.019913662836936652e+01	2.036698072163159168e+01	1.977871958199302327e+01
2.011030470575358109e+01	2.081877045360548451e+01	1.982465491861229623e+01	1.979323163626150617e+01	2.031679536513607331e+01	2.010127108523092332e+01	3.019174307027568460e+01	1.999720013238369631e+01	2.074273281791736423e+01	2.051442400054085624e+01	2.055845519664064369e+01	1.998735534337784614e+01	1.975738804859845033e+01	2.061611535193658895e+01	2.023025406792060465e+01	2.052825196435041732e+01	2.040530703589361750e+01	2.023383168757279194e+01	2.040686570098041486e+01	1.985151569466420440e+01	1.991555333108787096e+01	2.044528987107169726e+01	2.080322066158126049e+01	2.013950242504131083e+01	2.040778244812485909e+01	2.010307056976563445e+01	1.991163979112016236e+01	2.034758330635443357e+01	2.056833897381499554e+01	2.031017249371191369e+01	2.050652327347851056e+01	2.010775132977032698e+01	2.038342805377052613e+01	1.946651551004589464e+01	2.015241792730477144e+01	2.055503467416743391e+01	1.983865304101383842e+01	2.045943460863318464e+01	1.937968875941170310e+01	2.121365882648193235e+01	2.072453059736372794e+01	1.980686292478704047e+01	1.998166226098508957e+01	2.025046213737691403e+01	1.999896332529478471e+01	2.008441564358463438e+01	2.030490174369654000e+01	2.031674269086471796e+01	2.087155016529055374e+01	1.974428213681238731e+01
1.966361889830673704e+01	2.020217566051294611e+01	1.969496419755474648e+01	1.954263921392906411e+01	2.011275070764875750e+01	1.990233458358104102e+01	1.999720013238369631e+01	2.932276219298135445e+01	2.054193057188158988e+01	1.991947233760200575e+01	2.003042808114662066e+01	1.961644699331964503e+01	1.960985913162318539e+01	2.006279705307003525e+01	1.947536206838461936e+01	2.004128722128638174e+01	2.043074294566510574e+01	1.987045246346697525e+01	1.968469962684170582e+01	1.939105360353650553e+01	2.018613590496803667e+01	1.996321005663357440e+01	2.037638721754933968e+01	2.011242001756316711e+01	1.957360746214076741e+01	1.974296909945432787e+01	1.979733690703283244e+01	2.007275591783337987e+01	2.019729833768349181e+01	2.009879740892655775e+01	1.975170011520760838e+01	1.988493680996791468e+01	1.968478485799875344e+01	1.950594951608729843e+01	1.971016001415107510e+01	1.996274844572191043e+01	2.017744269389638490e+01	1.978212639540235429e+01	1.925595652516801337e+01	2.051492514776541043e+01	2.039718041672920634e+01	1.936116080128520878e+01	1.956717936280189107e+01	2.014448128458268172e+01	1.961478019137356554e+01	2.004381337105800753e+01	1.954083720510418942e+01	1.986559939434033240e+01	2.002565507146227475e+01	1.932112593920164656e+01
2.034739290287921065e+01	2.116220602154465880e+01	2.025998859004601726e+01	2.036368863054886091e+01	2.049232051933849519e+01	2.041255542925868838e+01	2.074273281791736423e+01	2.054193057188158988e+01	3.029451262838127690e+01	2.072342909509766429e+01	2.101908682262984485e+01	2.066213096427201279e+01	2.064042306281064043e+01	2.043210645998731678e+01	2.042440303363017406e+01	2.090898712130433523e+01	2.114331075355219980e+01	2.027733839976950847e+01	2.054094891491395103e+01	2.061681620590298891e+01	2.053092560154797752e+01	2.053613948131212652e+01	2.080109635131224621e+01	2.048338177386606063e+01	2.054508632119627620e+01	2.076207068712137627e+01	2.039851890947334923e+01	2.090873861638833375e+01	2.035398898758829489e+01	2.063794120608627836e+01	2.085800789630974705e+01	2.071094529308935961e+01	2.009084708669677610e+01	2.001541117841789585e+01	2.050447473994413983e+01	2.063350786548693705e+01	2.096141263929757415e+01	2.056319551587174388e+01	1.982686350755548688e+01	2.120826582599226384e+01	2.107199587715472333e+01	2.037837345343950446e+01	2.031857861541319110e+01	2.077547635544022242e+01	2.039216937150233377e+01	2.054933262009450701e+01	2.045399088518824016e+01	2.091776000302444771e+01	2.058759942456574521e+01	2.014556757853247859e+01
2.015951797926856415e+01	2.094418148531492463e+01	2.013609308524483765e+01	1.973125890293158591e+01	2.031384868599666405e+01	2.014299198724719986e+01	2.051442400054085624e+01	1.991947233760200575e+01	2.072342909509766429e+01	3.003258501485235143e+01	2.047101183700979021e+01	2.008676020032638476e+01	1.982580465754287502e+01	2.036933379295039614e+01	1.993208143432960711e+01	2.066689715273534134e+01	2.085352227257204660e+01	2.012100929999838428e+01	2.006349674869753130e+01	1.995725507504310414e+01	2.027544691747040062e+01	2.049448932302475512e+01	2.065981527599213052e+01	2.002516213663260913e+01	2.063793795664737729e+01	2.042476977673938876e+01	1.977942633322809485e+01	2.051865944702022659e+01	2.005007172233103319e+01	2.053042100138138792e+01	2.043820507010688914e+01	2.003956829867874490e+01	1.991271378345085097e+01	1.978781241233669164e+01	2.003419933125201879e+01	2.030532708040862389e+01	2.031722197044977563e+01	2.050134265647126242e+01	1.944410081978909588e+01	2.116411383771357535e+01	2.084941573007598592e+01	1.998607009797540712e+01	2.003749611659466723e+01	2.006734683786717710e+01	2.022400601886307570e+01	2.024373751259968301e+01	2.012159617503483489e+01	2.044772524617234311e+01	2.078108368007757889e+01	2.007031874887033851e+01
1.980156450768757637e+01	2.080254404476027119e+01	2.010164228202929948e+01	2.000051125408928954e+01	2.050702208177089503e+01	2.019148920588420637e+01	2.055845519664064369e+01	2.003042808114662066e+01	2.101908682262984485e+01	2.047101183700979021e+01	2.980092629623842271e+01	2.030829751047284049e+01	2.077183543146238165e+01	2.066897515022177600e+01	1.970863178544945882e+01	2.070830190951896199e+01	2.102434527892909344e+01	2.040976186286802019e+01	1.993557085141582519e+01	2.002266033673149437e+01	2.070648608731518792e+01	2.062946821089965610e+01	2.058423069336067357e+01	2.041442526431344717e+01	2.060849592217656578e+01	2.016159021616744340e+01	2.044214941258393736e+01	2.051128327252581940e+01	2.033139282563447381e+01	2.060659962935249112e+01	2.061340145172954053e+01	2.032319853156694123e+01	1.971593355172478113e+01	1.974917634994507054e+01	2.034048851438673111e+01	2.048252639061292868e+01	2.089091800370631802e+01	2.102330631713794418e+01	1.948240965506388278e+01	2.143020189787007368e+01	2.079984601596405014e+01	1.957161842643864347e+01	1.989751615525762318e+01	2.019137013759912591e+01	2.032595394515552201e+01	1.997735380044525755e+01	2.055261250835825138e+01	2.082848955365147603e+01	2.106651736658517038e+01	1.983624530299497835e+01
2.008195403308168991e+01	2.083767510764856823e+01	1.976598270174087091e+01	1.956454135110215375e+01	2.027776255753342483e+01	1.944301274579561678e+01	1.998735534337784614e+01	1.961644699331964503e+01	2.066213096427201279e+01	2.008676020032638476e+01	2.030829751047284049e+01	2.985450363013339015e+01	1.997562947433631564e+01	1.990072180472857966e+01	1.979059734391610093e+01	2.012176974745700875e+01	2.038298691253099548e+01	2.042193279514670223e+01	1.960927600827464445e+01	1.964911668187897931e+01	2.054816780722537928e+01	2.017055641171129565e+01	2.004074940278415795e+01	2.001723075480832037e+01	2.023862149763115781e+01	1.950006040728783319e+01	2.008372072774574946e+01	2.017574995793514603e+01	1.977636100107940820e+01	2.020258358184527481e+01	1.998325079283006289e+01	2.000773528072202367e+01	1.968414748007954174e+01	1.966064447134566251e+01	2.011510061182731945e+01	2.017311496039142682e+01	2.038572524452849777e+01	2.005220357920451235e+01	1.923508424122083937e+01	2.094621311101706240e+01	2.083862878474106495e+01	1.981198369494567757e+01	1.960326679141709505e+01	2.026780023936068176e+01	1.984391678745927834e+01	1.986657725941125463e+01	2.024286679496028185e+01	2.040776173166539920e+01	2.018907414929076083e+01	1.970586426621786913e+01
2.004271247637926834e+01	2.048809989439251567e+01	1.968854526924465631e+01	1.946029542585772631e+01	2.004783186778105986e+01	2.004571606537951212e+01	1.975738804859845033e+01	1.960985913162318539e+01	2.064042306281064043e+01	1.982580465754287502e+01	2.077183543146238165e+01	1.997562947433631564e+01	2.978190946488484414e+01	2.028578023045868761e+01	1.977151000822670568e+01	2.021163292933394118e+01	2.042376242494332317e+01	2.003678806724385808e+01	1.973778455986114011e+01	1.994642819220155872e+01	2.004740096907597646e+01	1.997070479601898541e+01	2.035875000256891099e+01	1.991429979598121491e+01	2.045692377691182884e+01	1.961271901721202937e+01	2.016646737109111953e+01	2.023749036789768851e+01	2.019403720260257273e+01	1.983294726952217957e+01	2.022196034961759992e+01	2.005453823855321716e+01	1.924948514665329924e+01	1.963233910330976073e+01	1.982132311643738731e+01	2.021220866206351729e+01	2.017289709240817430e+01	2.041856543497296173e+01	1.925376425475297282e+01	2.011464204484792617e+01	2.002819668137108522e+01	1.922949002751504111e+01	1.954963340957335305e+01	1.978494074313959672e+01	1.965378388221237671e+01	1.999557211113856070e+01	2.006889826992434323e+01	2.020859526646941617e+01	2.046291376260620254e+01	1.951831981546491335e+01
2.010671260042066066e+01	2.083528835788281341e+01	2.004809755308683350e+01	1.973626995936825779e+01	2.031061612674926309e+01	1.987765135975601183e+01	2.061611535193658895e+01	2.006279705307003525e+01	2.043210645998731678e+01	2.036933379295039614e+01	2.066897515022177600e+01	1.990072180472857966e+01	2.028578023045868761e+01	3.003316081603334098e+01	1.977818460659724309e+01	2.044430862524211534e+01	2.021369988355105818e+01	2.027358627054613294e+01	2.004659746500707840e+01	2.009644846221333481e+01	1.998636730470505185e+01	2.030860975755305020e+01	2.042356947815185109e+01	2.042981910884717678e+01	2.032549134431743809e+01	1.995305735343599451e+01	1.997670195219022915e+01	2.037531486830691918e+01	2.016164212736099515e+01	2.012169882366679730e+01	2.053534382551525184e+01	2.019880227541149154e+01	2.007373677019407054e+01	1.920277622463834533e+01	2.016437897227289966e+01	2.029602642419377645e+01	2.025026539877070064e+01	2.040193446874820182e+01	1.913654810060063127e+01	2.072297249302934929e+01	2.020532643320377630e+01	1.985021879105799414e+01	1.987053907911866091e+01	1.989555577325376490e+01	2.001573544343578348e+01	1.977550903746320543e+01	2.030106496362994761e+01	2.016330141608542448e+01	2.056083965955075143e+01	1.956130898221529790e+01
1.995758841347898738e+01	2.031825846341211772e+01	1.944640393534881895e+01	1.950258370371659566e+01	1.993067117591011694e+01	1.977854732157262418e+01	2.023025406792060465e+01	1.947536206838461936e+01	2.042440303363017406e+01	1.993208143432960711e+01	1.970863178544945882e+01	1.979059734391610093e+01	1.977151000822670568e+01	1.977818460659724309e+01	2.924429563654369701e+01	1.951805832331248780e+01	2.044531902673502444e+01	1.942353478880473006e+01	2.004279739786574766e+01	1.921093066587011222e+01	1.961898143606648404e+01	1.952449041915652828e+01	2.034920320636966196e+01	1.978950155645457087e+01	1.983296042022865890e+01	1.940988120691958585e+01	1.957770478197256736e+01	2.004757053381375442e+01	1.957822337968556425e+01	2.008891954272536395e+01	1.953667067606149388e+01	1.963592285542506133e+01	1.956194257761212896e+01	1.956508370171480138e+01	1.986129944630734556e+01	1.997664614388403237e+01	1.987335310993539039e+01	1.983481695632710284e+01	1.896406404943279256e+01	2.077600815834629699e+01	2.027798971413051632e+01	1.957030994819041325e+01	1.944682573688118055e+01	1.978466670579273412e+01	1.985127837603677037e+01	1.991342620161954713e+01	2.007140250747935895e+01	1.990241563099714739e+01	2.045129666428105608e+01	1.946100628896029860e+01
2.006320934104705600e+01	2.086400508473321480e+01	2.003303196436760558e+01	1.993765205194764434e+01	2.060849207449829024e+01	2.022649069012943457e+01	2.052825196435041732e+01	2.004128722128638174e+01	2.090898712130433523e+01	2.066689715273534134e+01	2.070830190951896199e+01	2.012176974745700875e+01	2.021163292933394118e+01	2.044430862524211534e+01	1.951805832331248780e+01	3.070210773730032727e+01	2.111894750085996009e+01	2.044263306342030972e+01	2.027623155387448506e+01	1.990350043550952819e+01	2.010309274656100698e+01	2.018794055310149815e+01	2.070625202690594335e+01	2.031876279591379841e+01	2.022539431304392821e+01	2.002783446706604309e+01	1.999855060574626364e+01	2.057833194671283650e+01	2.041853096567061243e+01	2.030623613390831750e+01	2.038522735512272277e+01	2.015209347647992999e+01	2.018309165632974000e+01	1.989679364127065497e+01	2.033040785462345212e+01	2.075876745769422627e+01	2.032552255209682812e+01	2.069679302644210850e+01	1.993563677081967711e+01	2.081294214050504010e+01	2.067186536740191016e+01	1.986461703919896848e+01	2.009216733294148938e+01	2.052865455058663713e+01	2.020330137564240403e+01	2.020042569842886238e+01	2.045387105320616428e+01	2.032136075337659165e+01	2.089724180611485238e+01	1.994285613249242317e+01
2.035070582684708995e+01	2.084876058427825285e+01	2.031903866738152331e+01	2.030316021595047360e+01	2.087960304618028928e+01	2.053251876789499875e+01	2.040530703589361750e+01	2.043074294566510574e+01	2.114331075355219980e+01	2.085352227257204660e+01	2.102434527892909344e+01	2.038298691253099548e+01	2.042376242494332317e+01	2.021369988355105818e+01	2.044531902673502444e+01	2.111894750085996009e+01	3.067810604270965413e+01	2.013717228608101095e+01	2.046152411225091683e+01	2.032178421052061168e+01	2.039754686399257366e+01	2.082898538950203715e+01	2.063039794586028108e+01	2.083112332479379702e+01	2.028010973353100965e+01	2.034356849506566789e+01	2.051484443219364096e+01	2.081367228715355111e+01	2.078651097378653745e+01	2.075590246024760077e+01	2.085395256223339899e+01	2.042279114346104407e+01	2.051932173302214224e+01	2.076940466478350089e+01	2.044247292725464860e+01	2.088495084579441752e+01	2.080231651476995225e+01	2.090808208078256314e+01	1.964986445230275436e+01	2.113117656734955929e+01	2.103180060661649975e+01	2.031086065047470868e+01	2.008026041839071851e+01	2.060660520875094193e+01	2.028087258236161361e+01	2.067523455387395614e+01	2.032099432216954327e+01	2.096917416288430047e+01	2.117352605230742668e+01	2.044615563204292030e+01
2.016230938603157696e+01	2.052941142063603408e+01	1.998068493977323712e+01	1.947667484695510964e+01	2.017483594802363811e+01	2.007389381886714119e+01	2.023383168757279194e+01	1.987045246346697525e+01	2.027733839976950847e+01	2.012100929999838428e+01	2.040976186286802019e+01	2.042193279514670223e+01	2.003678806724385808e+01	2.027358627054613294e+01	1.942353478880473006e+01	2.044263306342030972e+01	2.013717228608101095e+01	2.919590383476529993e+01	2.008548762576229763e+01	2.013046687228216669e+01	2.036536873030647854e+01	2.036474691200234588e+01	2.024433807669059249e+01	2.020195057118406012e+01	2.031111682903899052e+01	1.977926582272093015e+01	2.010540342506662981e+01	2.081904456531408343e+01	1.990753151714148572e+01	2.030629884610883096e+01	2.030842424392554335e+01	1.981500308429543011e+01	1.963139188036564065e+01	1.970937539173424469e+01	2.033192243500744922e+01	2.043819439809333716e+01	2.045325328585684588e+01	1.989025937040966596e+01	1.928561000426398309e+01	2.049804993689030042e+01	2.045015129354014860e+01	1.933172868655912424e+01	1.994975310802036006e+01	2.031908952549450120e+01	1.968788139298492013e+01	1.940235221038263091e+01	2.048943460577000408e+01	2.022727559079694970e+01	2.071823070031466330e+01	1.971689174698536462e+01
1.941059438451458163e+01	2.070738858936613624e+01	1.958634868651575189e+01	1.971004379266522477e+01	2.008223166327484677e+01	2.011389797558880588e+01	2.040686570098041486e+01	1.968469962684170582e+01	2.054094891491395103e+01	2.006349674869753130e+01	1.993557085141582519e+01	1.960927600827464445e+01	1.973778455986114011e+01	2.004659746500707840e+01	2.004279739786574766e+01	2.027623155387448506e+01	2.046152411225091683e+01	2.008548762576229763e+01	2.993226639874263739e+01	1.983357920863083379e+01	1.960254131148449730e+01	1.982219302577836118e+01	2.009927500194274685e+01	2.005895895818696317e+01	1.987187728166542655e+01	1.989973832823286770e+01	1.966556400867258603e+01	2.065433172582213217e+01	1.943438335653064541e+01	1.994692747602894656e+01	2.025316320395807779e+01	1.983817574240326920e+01	1.959201558535940535e+01	1.926158666523507179e+01	1.979257650117153489e+01	2.018398857246164013e+01	2.001441831575208141e+01	2.019217184883274285e+01	1.958510933204269477e+01	2.053009884715555700e+01	2.038386376424539748e+01	1.937812429495026834e+01	1.978890480009190611e+01	1.990702721840053968e+01	1.938798020089178920e+01	1.996473684556467987e+01	2.014768711980549298e+01	1.988489943298061036e+01	2.050252506382311779e+01	1.951774191314145668e+01
2.023524016577552231e+01	2.023576656689968445e+01	1.981201328314987364e+01	1.938944363772393586e+01	2.030832390695615430e+01	1.957892689165062095e+01	1.985151569466420440e+01	1.939105360353650553e+01	2.061681620590298891e+01	1.995725507504310414e+01	2.002266033673149437e+01	1.964911668187897931e+01	1.994642819220155872e+01	2.009644846221333481e+01	1.921093066587011222e+01	1.990350043550952819e+01	2.032178421052061168e+01	2.013046687228216669e+01	1.983357920863083379e+01	2.945476398873770663e+01	1.999310690718019856e+01	2.011305934793055883e+01	2.026635862430896395e+01	2.020772318450177352e+01	1.984026063837576004e+01	1.943014831237031359e+01	1.997314686407903750e+01	2.022070205988616820e+01	1.988172814330953742e+01	1.988396908113801587e+01	1.991570492306200890e+01	2.001156435647548903e+01	1.981828619651093248e+01	1.950648994406745729e+01	2.024297942148960061e+01	1.990085203388872870e+01	2.008896100527623929e+01	2.020299998779485051e+01	1.922863825179600283e+01	2.046086523322785311e+01	2.021401695014606403e+01	1.959714438480804688e+01	1.955841147347658548e+01	2.015879803139900872e+01	1.963784800212626891e+01	1.974551717804823880e+01	1.998446658907589324e+01	2.014224951097657623e+01	2.040330988628001307e+01	1.973248963774381082e+01
1.990993635354905322e+01	2.030553875270639708e+01	1.994940577229244028e+01	1.964795608024138218e+01	2.010062344750074814e+01	2.008581458742495229e+01	1.991555333108787096e+01	2.018613590496803667e+01	2.053092560154797752e+01	2.027544691747040062e+01	2.070648608731518792e+01	2.054816780722537928e+01	2.004740096907597646e+01	1.998636730470505185e+01	1.961898143606648404e+01	2.010309274656100698e+01	2.039754686399257366e+01	2.036536873030647854e+01	1.960254131148449730e+01	1.999310690718019856e+01	2.958538690473485744e+01	2.035880955901094680e+01	1.994474348654535234e+01	1.996536876668375626e+01	2.012477314612417345e+01	1.986459877193249213e+01	1.979645251073427303e+01	2.017140898009798278e+01	1.998592676329897344e+01	2.023969132535136950e+01	1.988022078305803220e+01	1.978724833449958354e+01	1.977790826771925481e+01	1.945464256034649964e+01	1.983810318557805630e+01	2.026381276942450427e+01	2.040397608149739028e+01	1.961479809722174750e+01	1.936810662966957253e+01	2.082185624478668728e+01	2.068171121119550904e+01	1.929596019570809773e+01	1.966106782272676057e+01	2.014212194181643412e+01	1.984580702705328648e+01	1.995466782696234276e+01	2.006922024384351744e+01	2.039068926871879839e+01	1.992081579291105342e+01	1.972546861289874442e+01
2.025175822271999238e+01	2.074744270951749314e+01	2.010345631363481189e+01	1.990539435197771567e+01	2.044502640689217898e+01	2.017573481672579305e+01	2.044528987107169726e+01	1.996321005663357440e+01	2.053613948131212652e+01	2.049448932302475512e+01	2.062946821089965610e+01	2.017055641171129565e+01	1.997070479601898541e+01	2.030860975755305020e+01	1.952449041915652828e+01	2.018794055310149815e+01	2.082898538950203715e+01	2.036474691200234588e+01	1.982219302577836118e+01	2.011305934793055883e+01	2.035880955901094680e+01	3.039924180180871360e+01	2.029531633858681516e+01	2.041427775703731484e+01	2.038242854014567484e+01	1.977181857747485694e+01	2.011261137726978276e+01	2.039920397365661131e+01	2.011753519474402196e+01	2.083709538436245623e+01	2.050353403997531032e+01	2.021442319046284908e+01	1.979975055526919192e+01	1.972800128764822958e+01	2.014660753946265714e+01	2.046100877089493508e+01	2.046003357714932136e+01	2.085669767911112871e+01	1.944122648871069359e+01	2.094438845134427041e+01	2.049894472622024466e+01	2.023834998921159567e+01	1.976117614156664359e+01	2.038222695827018427e+01	2.023569812786178446e+01	2.013678582889856372e+01	2.017177105107396073e+01	2.071379186637128456e+01	2.069194083137115214e+01	2.005907113959948518e+01
2.064507557306858843e+01	2.101933163723784759e+01	2.033243542324405695e+01	2.004376756661411108e+01	2.069777108195205173e+01	2.028633296361343596e+01	2.080322066158126049e+01	2.037638721754933968e+01	2.080109635131224621e+01	2.065981527599213052e+01	2.058423069336067357e+01	2.004074940278415795e+01	2.035875000256891099e+01	2.042356947815185109e+01	2.034920320636966196e+01	2.070625202690594335e+01	2.063039794586028108e+01	2.024433807669059249e+01	2.009927500194274685e+01	2.026635862430896395e+01	1.994474348654535234e+01	2.029531633858681516e+01	3.054720938618153525e+01	2.026539796704694396e+01	2.008513960865223424e+01	2.034994462593997966e+01	2.036776549450985740e+01	2.053153268882604010e+01	1.995950705449723728e+01	2.016580778172728827e+01	2.058125018173559795e+01	2.031087562994061102e+01	2.037996769357016191e+01	1.975790313195226844e+01	2.050270954262283141e+01	2.068709195643731391e+01	2.059581385725351055e+01	2.051623943077218115e+01	1.986282089045127464e+01	2.105584882215522669e+01	2.099252962460681715e+01	2.002270849656668261e+01	1.977613898770062661e+01	2.030222780774174396e+01	1.981465810979837627e+01	2.044546037921731241e+01	2.037238625358297028e+01	2.060354394700665637e+01	2.046694341401584438e+01	2.023292985813657197e+01
2.014130685711744917e+01	2.074626523628017694e+01	1.993376673352540962e+01	1.989497276820754834e+01	2.018045438255305868e+01	1.991384711693543252e+01	2.013950242504131083e+01	2.011242001756316711e+01	2.048338177386606063e+01	2.002516213663260913e+01	2.041442526431344717e+01	2.001723075480832037e+01	1.991429979598121491e+01	2.042981910884717678e+01	1.978950155645457087e+01	2.031876279591379841e+01	2.083112332479379702e+01	2.020195057118406012e+01	2.005895895818696317e+01	2.020772318450177352e+01	1.996536876668375626e+01	2.041427775703731484e+01	2.026539796704694396e+01	2.952274751756226223e+01	2.037420229121932991e+01	1.968556493113833028e+01	2.012003756057771398e+01	2.012511313229010312e+01	2.031581890214912889e+01	2.000458498214566916e+01	1.995782557500627519e+01	2.008840867185699608e+01	2.005240285010541967e+01	1.956565473035954383e+01	2.029113171084106781e+01	2.032631046879581760e+01	2.064679234447922340e+01	2.047530690131731745e+01	1.924500868435063339e+01	2.044821560418526474e+01	2.031278248842441414e+01	1.951706176631441991e+01	1.987147297194841045e+01	2.006340694286209470e+01	2.010923155902434090e+01	1.965748221373333493e+01	2.002295135232116507e+01	2.008953097606709903e+01	2.073003092840539452e+01	1.950668560184874067e+01
1.994922732651354735e+01	2.066950723622788999e+01	1.961471770079266719e+01	1.993991619672626925e+01	2.019397767415354039e+01	2.004654921418600821e+01	2.040778244812485909e+01	1.957360746214076741e+01	2.054508632119627620e+01	2.063793795664737729e+01	2.060849592217656578e+01	2.023862149763115781e+01	2.045692377691182884e+01	2.032549134431743809e+01	1.983296042022865890e+01	2.022539431304392821e+01	2.028010973353100965e+01	2.031111682903899052e+01	1.987187728166542655e+01	1.984026063837576004e+01	2.012477314612417345e+01	2.038242854014567484e+01	2.008513960865223424e+01	2.037420229121932991e+01	3.021916459613697370e+01	2.007837487052329095e+01	1.969447832399862008e+01	2.063116184971150702e+01	2.001328536882191145e+01	2.004004472500765388e+01	2.010624926489162334e+01	2.000840641085422078e+01	1.974122368183616771e+01	1.940182389473658375e+01	1.997066776352017570e+01	2.030499236187868206e+01	2.046568769651413433e+01	2.008780620058404764e+01	1.923810897005821019e+01	2.060821650345352296e+01	2.055158522166881596e+01	1.952180912093252729e+01	1.991226517225014092e+01	2.026657241183087521e+01	1.983775048269377450e+01	1.989696542347859420e+01	2.025677460284340725e+01	2.021809265689532609e+01	2.031759949424085931e+01	1.961064696679212815e+01
1.986936111562128815e+01	2.022198408012918946e+01	1.950065657744650949e+01	1.937059990051790592e+01	2.035267057388912804e+01	2.009281303903564009e+01	2.010307056976563445e+01	1.974296909945432787e+01	2.076207068712137627e+01	2.042476977673938876e+01	2.016159021616744340e+01	1.950006040728783319e+01	1.961271901721202937e+01	1.995305735343599451e+01	1.940988120691958585e+01	2.002783446706604309e+01	2.034356849506566789e+01	1.977926582272093015e+01	1.989973832823286770e+01	1.943014831237031359e+01	1.986459877193249213e+01	1.977181857747485694e+01	2.034994462593997966e+01	1.968556493113833028e+01	2.007837487052329095e+01	2.944515405695820576e+01	1.951823548041604894e+01	2.006797544952575407e+01	1.990422126353503529e+01	2.016547604823515982e+01	2.003749606578976739e+01	1.952912660603749728e+01	1.960841242030075904e+01	1.941727371735573016e+01	1.976812658389465582e+01	2.032732823678941614e+01	1.989562221594205838e+01	1.991575095297899622e+01	1.929163983243092773e+01	2.027035779873918031e+01	2.043003040065797293e+01	1.943733531295787742e+01	1.970020183647365997e+01	1.993851232162728238e+01	1.979038385014982282e+01	1.962833746378539601e+01	1.999890889710362885e+01	2.002815064593400152e+01	2.038351719067021861e+01	1.939774978666248728e+01
1.988648325085733504e+01	2.045266852503936406e+01	1.950012789278762781e+01	1.981325700214737395e+01	1.989891814725095287e+01	2.013420847730412078e+01	1.991163979112016236e+01	1.979733690703283244e+01	2.039851890947334923e+01	1.977942633322809485e+01	2.044214941258393736e+01	2.008372072774574946e+01	2.016646737109111953e+01	1.997670195219022915e+01	1.957770478197256736e+01	1.999855060574626364e+01	2.051484443219364096e+01	2.010540342506662981e+01	1.966556400867258603e+01	1.997314686407903750e+01	1.979645251073427303e+01	2.011261137726978276e+01	2.036776549450985740e+01	2.012003756057771398e+01	1.969447832399862008e+01	1.951823548041604894e+01	2.917824243343545731e+01	2.030132977524079863e+01	1.983459457232681444e+01	2.037442165692127105e+01	2.003853117538879403e+01	1.990794522572873859e+01	1.977999244393857126e+01	1.920927435082928980e+01	1.985753531757613288e+01	2.000900490195094861e+01	2.017198678634449394e+01	2.029734352796007002e+01	1.930719715083771604e+01	2.060987027096158997e+01	2.049209245303997662e+01	1.922374791340250511e+01	1.966394726781694402e+01	2.024112091165136817e+01	1.978646786747587782e+01	1.979168373421061844e+01	1.978496450925046446e+01	2.023374169773538611e+01	2.026334787830645112e+01	1.978008991187920529e+01
2.017178264774291918e+01	2.078527962627321202e+01	2.011361590500635188e+01	1.981333324289324338e+01	2.035315118005446067e+01	2.073457818987633772e+01	2.034758330635443357e+01	2.007275591783337987e+01	2.090873861638833375e+01	2.051865944702022659e+01	2.051128327252581940e+01	2.017574995793514603e+01	2.023749036789768851e+01	2.037531486830691918e+01	2.004757053381375442e+01	2.057833194671283650e+01	2.081367228715355111e+01	2.081904456531408343e+01	2.065433172582213217e+01	2.022070205988616820e+01	2.017140898009798278e+01	2.039920397365661131e+01	2.053153268882604010e+01	2.012511313229010312e+01	2.063116184971150702e+01	2.006797544952575407e+01	2.030132977524079863e+01	3.082554727277183204e+01	2.043137142741409562e+01	2.036436231426305099e+01	2.033123148124402135e+01	2.028993549586929390e+01	2.026267358839029598e+01	1.962505913112629585e+01	2.001223685228914206e+01	2.097266869342556106e+01	2.065201137435417067e+01	2.051014020852414887e+01	1.987687455830706185e+01	2.056104262720200282e+01	2.067549084316914687e+01	1.982262778198723652e+01	1.969810087877559468e+01	2.057181604400494379e+01	1.977879803412119841e+01	2.047686279786070074e+01	2.019963080974889991e+01	2.031277577545655078e+01	2.088113921731574152e+01	1.994532317493509765e+01
2.009900131829579450e+01	2.050489135789366202e+01	1.979902000419435737e+01	1.966216875936733643e+01	1.996316010950985032e+01	2.018786035609733176e+01	2.056833897381499554e+01	2.019729833768349181e+01	2.035398898758829489e+01	2.005007172233103319e+01	2.033139282563447381e+01	1.977636100107940820e+01	2.019403720260257273e+01	2.016164212736099515e+01	1.957822337968556425e+01	2.041853096567061243e+01	2.078651097378653745e+01	1.990753151714148572e+01	1.943438335653064541e+01	1.988172814330953742e+01	1.998592676329897344e+01	2.011753519474402196e+01	1.995950705449723728e+01	2.031581890214912889e+01	2.001328536882191145e+01	1.990422126353503529e+01	1.983459457232681444e+01	2.043137142741409562e+01	2.995636251008625095e+01	1.995405415960059869e+01	2.040236185437931837e+01	2.006358432625236432e+01	1.973499589237049889e+01	1.961040476970813629e+01	2.001201318762537085e+01	2.031070987420208951e+01	2.033022708025309555e+01	2.042765459957188767e+01	1.893837859201559226e+01	2.056469431081193378e+01	2.054946641301977905e+01	1.952368765377024573e+01	1.995440075342761688e+01	1.998110710079664898e+01	2.015666506361359112e+01	2.006940478168595021e+01	1.967780913917533780e+01	2.043413487104637127e+01	2.026977805863609916e+01	1.989864663126885347e+01
2.045024665520927343e+01	2.043863518816547753e+01	2.037921155171085985e+01	1.995481241683889095e+01	2.040992833234740544e+01	2.010510026079384360e+01	2.031017249371191369e+01	2.009879740892655775e+01	2.063794120608627836e+01	2.053042100138138792e+01	2.060659962935249112e+01	2.020258358184527481e+01	1.983294726952217957e+01	2.012169882366679730e+01	2.008891954272536395e+01	2.030623613390831750e+01	2.075590246024760077e+01	2.030629884610883096e+01	1.994692747602894656e+01	1.988396908113801587e+01	2.023969132535136950e+01	2.083709538436245623e+01	2.016580778172728827e+01	2.000458498214566916e+01	2.004004472500765388e+01	2.016547604823515982e+01	2.037442165692127105e+01	2.036436231426305099e+01	1.995405415960059869e+01	3.023851553366471734e+01	2.040552890697262356e+01	2.021642847317268021e+01	1.991192304686477499e+01	1.949932051148303813e+01	2.033237340932777215e+01	2.047152182559965539e+01	2.033833285845059180e+01	2.004700467939045438e+01	1.953411071208513761e+01	2.093908680683623302e+01	2.040809862809821240e+01	1.962712868328492632e+01	2.002781492851092793e+01	2.033106689415616586e+01	2.006884157438809879e+01	2.047594138504808114e+01	2.024171143198949352e+01	2.041961734401249728e+01	2.045601819484053152e+01	2.033646558609552812e+01
2.024748999015807271e+01	2.103779828252736550e+01	1.995286675375206187e+01	2.011670221073557130e+01	2.034343028345004001e+01	2.006886128517078305e+01	2.050652327347851056e+01	1.975170011520760838e+01	2.085800789630974705e+01	2.043820507010688914e+01	2.061340145172954053e+01	1.998325079283006289e+01	2.022196034961759992e+01	2.053534382551525184e+01	1.953667067606149388e+01	2.038522735512272277e+01	2.085395256223339899e+01	2.030842424392554335e+01	2.025316320395807779e+01	1.991570492306200890e+01	1.988022078305803220e+01	2.050353403997531032e+01	2.058125018173559795e+01	1.995782557500627519e+01	2.010624926489162334e+01	2.003749606578976739e+01	2.003853117538879403e+01	2.033123148124402135e+01	2.040236185437931837e+01	2.040552890697262356e+01	3.059445110657723532e+01	2.030317143981204708e+01	2.003385477942379467e+01	1.956713925845137325e+01	2.015605482160755813e+01	2.078300910662713719e+01	2.053823308092582423e+01	2.044137557619121282e+01	1.958328453845668449e+01	2.097912716881186768e+01	2.076404959603573630e+01	1.995537600160372449e+01	1.996265938143320895e+01	2.015917512333599149e+01	1.994812909304924275e+01	2.007281091419667618e+01	2.004581740102728205e+01	2.064836866938340165e+01	2.071437716846397592e+01	1.983069795181501505e+01
1.967886947250354979e+01	2.062066429585880911e+01	1.998155156026663448e+01	2.009721868800809830e+01	2.028923648219696929e+01	1.991190194609030684e+01	2.010775132977032698e+01	1.988493680996791468e+01	2.071094529308935961e+01	2.003956829867874490e+01	2.032319853156694123e+01	2.000773528072202367e+01	2.005453823855321716e+01	2.019880227541149154e+01	1.963592285542506133e+01	2.015209347647992999e+01	2.042279114346104407e+01	1.981500308429543011e+01	1.983817574240326920e+01	2.001156435647548903e+01	1.978724833449958354e+01	2.021442319046284908e+01	2.031087562994061102e+01	2.008840867185699608e+01	2.000840641085422078e+01	1.952912660603749728e+01	1.990794522572873859e+01	2.028993549586929390e+01	2.006358432625236432e+01	2.021642847317268021e+01	2.030317143981204708e+01	3.006730706459481084e+01	1.988637563974800315e+01	1.920723636305389448e+01	1.996281169618078621e+01	1.998957022078792178e+01	2.012031448431547531e+01	2.028770345941984843e+01	1.927471580277099861e+01	2.075311162453693470e+01	2.047822901754877378e+01	1.946388869359558882e+01	1.971363445228263345e+01	2.047131480089755229e+01	1.994809323520354738e+01	2.023374938873299200e+01	2.007762779272094633e+01	2.006855997873840636e+01	1.980519195487442730e+01	2.003316731710670950e+01
