2.960801506790332738e+01	2.001352981325547731e+01	1.941433869568191639e+01	1.926277465000765687e+01	1.997792570496123332e+01	1.959815964745830641e+01	1.979499467208258068e+01	2.030919673370477341e+01	1.980245300597339053e+01	1.990675742085813127e+01	2.017858777590646469e+01	1.993782119207015668e+01	2.032058209383427894e+01	2.003088328591631040e+01	2.032217861637028733e+01	1.986841756544633952e+01	1.978953223763767255e+01	2.025808476809285708e+01	2.033326474212326218e+01	1.993309743731386163e+01	2.039386446942134157e+01	1.970692551520553337e+01	2.017221813725140578e+01	2.094677032207959044e+01	1.962119266961656905e+01	1.981749912622026244e+01	1.980484667502706841e+01	1.997980796605879306e+01	1.990632270076820376e+01	2.003283969589485380e+01	1.978544583869962992e+01	1.944191292008148508e+01	1.980563944991101266e+01	2.007848345575140669e+01	2.047436049084989662e+01	1.955973716759115177e+01	1.965280475486204637e+01	1.989750581696051768e+01	2.001385634356043042e+01	1.949539284811823592e+01	1.994691831685029726e+01	1.993768138963358894e+01	2.020872846844634196e+01	2.037935800478773274e+01	1.950551539091710396e+01	2.010245781351489214e+01	1.971945082634477941e+01	2.022908060577494638e+01	1.971621280905383244e+01	1.897718588370839399e+01
2.001352981325547731e+01	2.967190108173407381e+01	1.970671058225606131e+01	1.964133359898929143e+01	1.973721748053257841e+01	1.981693184273997588e+01	2.022353169715414367e+01	2.046901944524068639e+01	1.990136451219815328e+01	2.024077817102213217e+01	2.052329008944479583e+01	2.035161434140072956e+01	2.010068930954245303e+01	2.050723867504639131e+01	2.039742787664609835e+01	1.996437925452679707e+01	2.003522783785300376e+01	2.006587776749712049e+01	2.093892448494118952e+01	2.025885187021409806e+01	2.057026990936967792e+01	1.965289784978347498e+01	2.008810875255162642e+01	2.122648920769762526e+01	1.994767817961712808e+01	1.951383177720082784e+01	1.988826803721442360e+01	2.069658686008818904e+01	2.027830439373370197e+01	2.005861955713797329e+01	1.971562701667880546e+01	1.952091612542374932e+01	2.033872141842358161e+01	1.996790667322816404e+01	2.090973654004058702e+01	1.956138986032323146e+01	1.987130141048241683e+01	2.067671057257913247e+01	2.048116795577198701e+01	1.969380577269590660e+01	2.014160358951344065e+01	1.981669466388247614e+01	2.009658917344887641e+01	2.032971627992064256e+01	1.956762995752453449e+01	2.039628150686710484e+01	2.013754388250917415e+01	2.006589751896373741e+01	2.017202782457736276e+01	1.991767595186352935e+01
1.941433869568191639e+01	1.970671058225606131e+01	2.924557286946651402e+01	1.891551604693894006e+01	1.936676395457727651e+01	1.932721385803396430e+01	1.928949177300143702e+01	2.001401603437449594e+01	1.948836795362191054e+01	1.961460187812146927e+01	1.922950845666382946e+01	1.952166963888119966e+01	1.945946809717404591e+01	1.969363718022198029e+01	1.986944049600563389e+01	1.915768079502799992e+01	1.959090149957356530e+01	2.017824025277834110e+01	1.977386755242121197e+01	1.929339225231944610e+01	2.005340431403384827e+01	1.908176833299621578e+01	1.978253546495696824e+01	2.032311518297618136e+01	1.928742600993761869e+01	1.893237706008648047e+01	1.949963956285150246e+01	1.983295834047941497e+01	1.949814406077506845e+01	1.962379638789323266e+01	1.912370478079950686e+01	1.921446204264147184e+01	1.954772307518791763e+01	1.912640887284492663e+01	2.049888288997029662e+01	1.892658420991660506e+01	1.915811572084704650e+01	1.987977870783491596e+01	2.004343786940287941e+01	1.915149564527700221e+01	1.954768618709416828e+01	1.946025810178486992e+01	1.972263615563064931e+01	1.970059268254394524e+01	1.972904998818492928e+01	1.975409697246334773e+01	1.908732579615907810e+01	1.950283943888376825e+01	1.936018892656474932e+01	1.920422158040094018e+01
1.926277465000765687e+01	1.964133359898929143e+01	1.891551604693894006e+01	2.938990753806914213e+01	1.957688113845601308e+01	1.899886967339718069e+01	1.968429893089131255e+01	2.007402238092858937e+01	1.919958150116156048e+01	1.935852640222046972e+01	1.999493686357459055e+01	1.962793633079887101e+01	2.002644172247676124e+01	1.997980361463983812e+01	1.963489694606386493e+01	1.930619331186669640e+01	1.956963890053854271e+01	2.017412582221591322e+01	2.015609734742409032e+01	1.987500917327263750e+01	2.007634874771980549e+01	1.913003488960007559e+01	1.988621508426559359e+01	2.054922361779787110e+01	1.932535609325559633e+01	1.925354982112331115e+01	1.964700880917746417e+01	2.034888250047362845e+01	1.963831942860053559e+01	1.963202379769915851e+01	1.940025792786457259e+01	1.888958188195340071e+01	1.961956080427333049e+01	1.971974409054125132e+01	2.016997727182799238e+01	1.934345474731871661e+01	1.964806157047926405e+01	1.986641066330431471e+01	2.013429392801129580e+01	1.919296095981655981e+01	1.972540960488057138e+01	1.939300581340976493e+01	1.986284920399484832e+01	1.996143505690653086e+01	1.914989582238689891e+01	1.975399472335769602e+01	1.948830564271677090e+01	1.935036474732112666e+01	1.929789509815915949e+01	1.925771582833565532e+01
1.997792570496123332e+01	1.973721748053257841e+01	1.936676395457727651e+01	1.957688113845601308e+01	2.944921384709257239e+01	1.984252796789516893e+01	1.999827672788697441e+01	2.022610945409444838e+01	1.905837144584146614e+01	1.961122294294668222e+01	1.994582580280616568e+01	1.977287587279605319e+01	1.981780694599320469e+01	2.008034754186314075e+01	1.975324784243259657e+01	1.961588795295460486e+01	1.976075473221835210e+01	2.005986399409030696e+01	2.036621079547987634e+01	1.985388246387098476e+01	2.018782385839508109e+01	1.948367139338632015e+01	1.996488167839628858e+01	2.023159939508834171e+01	1.949758005349514178e+01	1.942117486240903901e+01	1.933552997447079136e+01	2.043362955760215627e+01	2.016269734740037123e+01	2.009489686282834242e+01	1.952355269935258875e+01	1.919268177318498658e+01	2.033436534021141995e+01	1.955479116400169914e+01	2.032285753491670377e+01	1.904645267243998319e+01	2.022197690986050489e+01	2.039917354165602603e+01	2.031181295718923252e+01	1.965500344287637802e+01	1.989815451815833569e+01	1.959129643575073487e+01	2.014889999819365940e+01	1.969274869729499500e+01	1.929618208875474394e+01	1.963170907501126550e+01	1.958142404511992041e+01	2.008358311623439718e+01	1.989531396344301584e+01	1.934713931945229248e+01
1.959815964745830641e+01	1.981693184273997588e+01	1.932721385803396430e+01	1.899886967339718069e+01	1.984252796789516893e+01	2.939957970492887540e+01	1.990979488157788779e+01	1.994041214371711845e+01	1.993843587861726974e+01	1.941187916202238384e+01	1.973232802462032964e+01	1.953578727778654311e+01	1.976736776313465072e+01	2.023923562253286335e+01	2.022440250593134436e+01	1.951596444732396662e+01	1.948730046251442971e+01	1.986499900782725447e+01	2.022920140004037393e+01	1.971410504403567643e+01	2.017882345181153525e+01	1.949676459501545267e+01	1.980550374196841190e+01	2.074701928507363746e+01	1.964697542438437239e+01	1.910994665096574252e+01	1.943328375926225604e+01	2.020695504655605745e+01	1.998083117323700009e+01	1.982928604556718710e+01	1.968824831539677334e+01	1.937767253326332906e+01	1.973253673150828646e+01	1.952286492832282150e+01	2.031860669591957347e+01	1.898877845847239598e+01	1.960670378705635386e+01	2.029047569498866110e+01	2.022652967297479165e+01	1.962742514815789363e+01	1.969973910448915788e+01	1.940680433802518579e+01	1.992953479746050149e+01	1.998084451696598407e+01	1.936595365625561627e+01	1.984844463178799856e+01	1.967208977019431160e+01	2.018529643627971382e+01	1.957494020251188616e+01	1.924515280939925788e+01
1.979499467208258068e+01	2.022353169715414367e+01	1.928949177300143702e+01	1.968429893089131255e+01	1.999827672788697441e+01	1.990979488157788779e+01	2.958244571665248301e+01	2.041385797433570204e+01	2.027436329527090209e+01	2.001438919816740380e+01	1.975869154692880514e+01	1.980938435614080362e+01	2.011023744874539076e+01	2.021531737463185152e+01	2.022078456319020034e+01	1.986092073997969365e+01	1.993108410919728612e+01	1.999389879180744245e+01	2.028453180294624758e+01	1.971249942651077802e+01	2.066276772493420566e+01	1.975237889410358605e+01	2.013048822696296369e+01	2.059893388674768033e+01	1.967721431728427817e+01	1.966785826254021075e+01	2.007180995066083184e+01	2.066243875271973707e+01	2.011392411479377884e+01	2.024754105646182012e+01	1.985152310154638400e+01	1.965395547066713888e+01	1.999189390401928890e+01	1.970151214331211520e+01	2.073377996375080556e+01	1.948357032463367133e+01	2.014800466853806071e+01	2.062117864123424482e+01	2.051471350695882023e+01	1.962659757775442415e+01	2.028614873476623259e+01	1.946361798104473806e+01	2.017685458273004073e+01	2.053312383056777080e+01	1.993943016560454495e+01	2.001293131939991099e+01	1.982877657099740532e+01	2.030202809736254110e+01	1.992671759995056036e+01	1.932892884703317549e+01
2.030919673370477341e+01	2.046901944524068639e+01	2.001401603437449594e+01	2.007402238092858937e+01	2.022610945409444838e+01	1.994041214371711845e+01	2.041385797433570204e+01	3.047622812191439934e+01	2.030869066273254475e+01	1.983725755215482067e+01	2.062952252321588276e+01	2.013628095635512949e+01	2.069067810896401483e+01	2.052649673517060691e+01	2.022490264651230518e+01	2.047905587898547708e+01	2.053426319300380243e+01	2.013217986293903650e+01	2.069162875333065443e+01	2.021944718037831379e+01	2.105537596988298432e+01	1.999967757638590982e+01	2.063830902194528250e+01	2.130811911980014628e+01	1.998131918411635510e+01	1.966947662242104755e+01	2.005538378727806403e+01	2.051055081637413124e+01	2.057410773212032495e+01	2.030890309506170155e+01	2.013432317339473698e+01	1.984542837813729577e+01	2.075826332073742009e+01	2.004419099806393945e+01	2.105954998876569206e+01	1.998485948340056595e+01	2.018256465185095294e+01	2.044729839620129397e+01	2.083138609135647457e+01	2.010534660681478414e+01	2.036655252436608166e+01	1.984257720109055256e+01	2.044327109954322808e+01	2.026300653126959617e+01	2.026195880929928705e+01	2.027636289436866335e+01	2.021954578087573040e+01	2.031521462753859808e+01	2.047810611161131078e+01	1.988880125118334519e+01
1.980245300597339053e+01	1.990136451219815328e+01	1.948836795362191054e+01	1.919958150116156048e+01	1.905837144584146614e+01	1.993843587861726974e+01	2.027436329527090209e+01	2.030869066273254475e+01	2.945966947135985947e+01	1.996373486454613655e+01	2.001298234289914291e+01	1.989168312028670016e+01	2.029445732629726962e+01	1.998511077759542331e+01	2.011223026141714243e+01	1.992692739919036171e+01	2.010791628997050395e+01	2.007667128422404801e+01	2.060407396554031223e+01	1.981176464667314363e+01	2.044199992225433604e+01	1.990822586793747817e+01	2.017329013716099695e+01	2.124067244746181871e+01	1.961181100529600130e+01	1.965596595932002089e+01	1.939568238914787202e+01	2.030888163226168786e+01	1.996132481577009088e+01	2.025368327428907378e+01	1.980801600056135925e+01	1.942858263823914200e+01	1.988301037485702238e+01	2.003370194717909669e+01	2.058642859031204964e+01	1.953285651536702261e+01	1.976178377387170926e+01	2.022744084781343687e+01	2.054924881423397309e+01	1.948857333934210700e+01	1.999135795670843763e+01	1.968122978861648065e+01	2.007337747046041088e+01	1.997065321402929428e+01	1.969329405922123399e+01	1.970115592606510901e+01	1.995030647602042251e+01	1.995433601571490101e+01	1.958564174057746499e+01	1.975047450057923726e+01
1.990675742085813127e+01	2.024077817102213217e+01	1.961460187812146927e+01	1.935852640222046972e+01	1.961122294294668222e+01	1.941187916202238384e+01	2.001438919816740380e+01	1.983725755215482067e+01	1.996373486454613655e+01	2.952689177614220739e+01	2.009037069232605788e+01	2.016777931758967313e+01	2.013554808004832708e+01	2.029430778572877969e+01	2.023393615510471122e+01	1.970027010768075826e+01	1.978854985676339595e+01	2.007515680452156914e+01	2.060904161929893519e+01	2.006792298761451221e+01	2.004101121477483360e+01	1.978671692205809052e+01	2.006760811099769626e+01	2.073441207684176746e+01	1.971403282830621251e+01	1.948582033450077589e+01	1.956287025411372937e+01	2.037971942471617481e+01	2.004322288370664396e+01	1.973190521199330405e+01	1.959538272443709062e+01	1.938876775755035098e+01	1.969100782301123687e+01	1.945865574834483880e+01	2.105804062163490542e+01	1.954351730228611217e+01	1.941313000340032602e+01	2.018514460591261184e+01	2.026895703794478720e+01	1.974048790743664838e+01	1.985117531426975646e+01	1.949306186635927673e+01	2.014235622783298041e+01	2.007712079883206258e+01	1.989709536171364945e+01	2.010116636743538976e+01	2.002663476382604912e+01	1.959598310095472584e+01	1.983138219230107779e+01	1.937005770589892251e+01
2.017858777590646469e+01	2.052329008944479583e+01	1.922950845666382946e+01	1.999493686357459055e+01	1.994582580280616568e+01	1.973232802462032964e+01	1.975869154692880514e+01	2.062952252321588276e+01	2.001298234289914291e+01	2.009037069232605788e+01	2.980399933986547012e+01	2.024135247677155647e+01	2.059832572696560149e+01	2.037923634624508296e+01	2.037096825313812332e+01	1.980692243124591556e+01	1.966986719321536370e+01	2.024053374249364268e+01	2.084379571784138108e+01	2.029958930134858619e+01	2.086870238647454912e+01	1.981191358544186798e+01	1.989217427623494672e+01	2.101444184547150584e+01	2.000425720029254961e+01	1.988008911109417554e+01	1.997264705905658033e+01	2.088783989573777689e+01	1.981537707854871755e+01	2.005403946112572200e+01	1.981649913653744832e+01	1.974456153911342327e+01	2.043850258024940558e+01	2.013539502620942301e+01	2.091841328815496936e+01	1.989009350806136212e+01	2.003472529303383354e+01	2.069269305073418153e+01	2.081801963882626083e+01	2.004027370359867177e+01	2.030161014188637125e+01	1.943040917010043600e+01	2.010136083767493531e+01	2.030447694654968416e+01	1.987435218127804148e+01	2.040815774792753601e+01	1.985241623883430151e+01	2.018289464854311177e+01	2.001218342585254817e+01	1.999052235641565289e+01
1.993782119207015668e+01	2.035161434140072956e+01	1.952166963888119966e+01	1.962793633079887101e+01	1.977287587279605319e+01	1.953578727778654311e+01	1.980938435614080362e+01	2.013628095635512949e+01	1.989168312028670016e+01	2.016777931758967313e+01	2.024135247677155647e+01	2.981021748900168333e+01	1.989206117306385480e+01	2.023187013891729791e+01	2.006666753692998739e+01	2.001992742619471599e+01	1.967951815887082745e+01	1.989631958055045402e+01	2.063726349318553943e+01	1.993866444178982533e+01	2.052309320376253154e+01	1.962484625908146896e+01	2.003393954892022322e+01	2.095824309404095587e+01	1.979675184604404947e+01	1.952566638673044608e+01	1.977725144045201944e+01	2.016372165459736721e+01	2.004125273380859795e+01	1.988665427759384485e+01	1.965635047798638979e+01	1.951682325051026723e+01	1.987765526927246995e+01	1.979143164542481514e+01	2.079409980397840130e+01	1.948814304651545370e+01	1.978649400621515753e+01	2.049707975850988007e+01	2.041419766166745120e+01	1.973825529190299832e+01	2.009625014110194385e+01	1.973177463697165379e+01	2.008291411623855538e+01	2.007171513606300195e+01	1.968166494973987568e+01	1.983558674339076688e+01	1.976007637299738207e+01	2.031982249183975853e+01	1.987253847247312777e+01	1.972838320066794182e+01
2.032058209383427894e+01	2.010068930954245303e+01	1.945946809717404591e+01	2.002644172247676124e+01	1.981780694599320469e+01	1.976736776313465072e+01	2.011023744874539076e+01	2.069067810896401483e+01	2.029445732629726962e+01	2.013554808004832708e+01	2.059832572696560149e+01	1.989206117306385480e+01	3.050767740676311846e+01	2.037125640387234426e+01	2.043849530464090591e+01	1.984772538412471121e+01	2.030488091928080152e+01	2.030913073139871372e+01	2.073698296303189892e+01	2.027986474883843471e+01	2.090433336666500352e+01	2.018972945987446010e+01	2.030305719342257831e+01	2.115956623125020286e+01	2.015565735230095612e+01	1.989734918002384845e+01	1.988069640774543245e+01	2.084989282576509595e+01	2.025999437664909664e+01	1.985287468452684223e+01	2.000855740415610029e+01	2.012082421351069073e+01	2.018897186033303370e+01	2.072186645148144279e+01	2.061159556888392785e+01	1.967334510029310124e+01	2.038807074772817529e+01	2.038540101524466053e+01	2.038035503422563366e+01	2.017860022241950091e+01	2.008553903103543803e+01	1.984440625125039404e+01	2.025370028133179190e+01	2.043588540617345828e+01	2.034636725039088034e+01	2.041015587225911432e+01	2.022321629313416125e+01	2.057158505538872006e+01	2.011272608290400044e+01	1.967089679371194322e+01
2.003088328591631040e+01	2.050723867504639131e+01	1.969363718022198029e+01	1.997980361463983812e+01	2.008034754186314075e+01	2.023923562253286335e+01	2.021531737463185152e+01	2.052649673517060691e+01	1.998511077759542331e+01	2.029430778572877969e+01	2.037923634624508296e+01	2.023187013891729791e+01	2.037125640387234426e+01	3.028407355762551845e+01	2.050848531906043704e+01	2.024698306831751893e+01	2.009083234631291859e+01	2.067660758849725866e+01	2.041967289702346733e+01	2.003183669357021301e+01	2.089510514754047676e+01	1.998503548098078753e+01	2.017236928784813443e+01	2.132891110570944448e+01	2.003811431032422874e+01	1.977688960327950696e+01	1.969616854509981252e+01	2.034315723545680044e+01	2.044977058884379062e+01	2.013059732179156924e+01	2.020693024187987064e+01	1.979621445878759189e+01	2.034129132719541388e+01	2.024434537414487423e+01	2.101478172308885561e+01	1.995347021441721580e+01	2.026237690811563041e+01	2.075247498220326747e+01	2.097062164614882818e+01	2.019755209975786059e+01	2.053311581655678353e+01	1.985196866408301020e+01	2.032625332201250856e+01	2.053036458911244466e+01	1.964469312330574624e+01	2.030376136813064747e+01	2.003199865453894546e+01	2.010471016768959984e+01	2.015884901931488216e+01	1.994984255620449431e+01
2.032217861637028733e+01	2.039742787664609835e+01	1.986944049600563389e+01	1.963489694606386493e+01	1.975324784243259657e+01	2.022440250593134436e+01	2.022078456319020034e+01	2.022490264651230518e+01	2.011223026141714243e+01	2.023393615510471122e+01	2.037096825313812332e+01	2.006666753692998739e+01	2.043849530464090591e+01	2.050848531906043704e+01	3.044808738540002224e+01	1.977833805312476301e+01	2.028478602312954848e+01	2.039669653559784734e+01	2.074379370557559810e+01	2.010381314777003325e+01	2.068085834437426129e+01	1.999424274747965313e+01	2.026911595060922977e+01	2.133120170302900931e+01	2.005117717349583373e+01	1.989686537773694042e+01	2.028303890195443770e+01	2.073910625892465376e+01	2.022493051712871548e+01	2.009661127754194254e+01	2.016856320782685330e+01	1.974191172172959341e+01	2.035574881600410890e+01	1.985489184229717807e+01	2.089638086460134758e+01	1.980936382155902820e+01	2.049213527050432049e+01	2.063238933744067793e+01	2.079590733204140562e+01	2.011480039527522123e+01	2.020858592102293372e+01	1.990089033333019941e+01	2.051523441286266447e+01	2.059269112564539483e+01	1.987276018525383137e+01	2.047097097807908028e+01	2.002783348867925284e+01	2.056214096634211685e+01	2.045176834806290955e+01	2.012237449149685986e+01
1.986841756544633952e+01	1.996437925452679707e+01	1.915768079502799992e+01	1.930619331186669640e+01	1.961588795295460486e+01	1.951596444732396662e+01	1.986092073997969365e+01	2.047905587898547708e+01	1.992692739919036171e+01	1.970027010768075826e+01	1.980692243124591556e+01	2.001992742619471599e+01	1.984772538412471121e+01	2.024698306831751893e+01	1.977833805312476301e+01	2.913964426525873108e+01	1.975300110063825443e+01	2.027387248787889362e+01	2.033900488688045627e+01	1.962463306451570588e+01	2.029274327175676618e+01	1.975263756633222201e+01	1.967592364370616309e+01	2.080716123640787529e+01	1.967807457868934407e+01	1.962631145754272666e+01	1.961866134070177026e+01	2.042302440983528200e+01	1.966055257365675146e+01	1.986025122805553167e+01	1.927707255420054722e+01	1.969450890253995112e+01	1.965725174687635501e+01	2.004346826736707499e+01	2.049089738804330807e+01	1.919177129708996787e+01	2.010783626807861779e+01	2.032814359563192141e+01	2.000872539689668983e+01	1.965336766654235845e+01	2.011731603255224243e+01	1.958474181480548282e+01	2.026739675179949174e+01	2.026193824940136068e+01	1.939334615141209639e+01	1.998625493351404359e+01	1.944400494664790813e+01	1.973895552485022264e+01	1.974331694188925823e+01	1.978500666819209286e+01
1.978953223763767255e+01	2.003522783785300376e+01	1.959090149957356530e+01	1.956963890053854271e+01	1.976075473221835210e+01	1.948730046251442971e+01	1.993108410919728612e+01	2.053426319300380243e+01	2.010791628997050395e+01	1.978854985676339595e+01	1.966986719321536370e+01	1.967951815887082745e+01	2.030488091928080152e+01	2.009083234631291859e+01	2.028478602312954848e+01	1.975300110063825443e+01	2.921823510867379525e+01	1.998537318232727245e+01	2.058314522018232751e+01	1.992819765340086136e+01	1.997898019021425142e+01	1.970686703136990658e+01	1.967598891166626629e+01	2.068591060440160234e+01	2.002979736496738639e+01	1.953510108208902096e+01	1.977679831842024072e+01	2.064583538450141731e+01	1.970077947241703242e+01	2.016133944068194950e+01	1.925988640923277018e+01	1.970837439246209044e+01	1.952777675472404795e+01	1.979653646227999886e+01	2.109277776626469958e+01	1.941946092331256679e+01	1.981867716827368398e+01	2.022671259323127657e+01	2.051016660023345040e+01	1.970132295325753802e+01	2.007059889534978936e+01	1.995200833736286583e+01	1.998548932774766840e+01	2.021612022266837627e+01	1.960824858065620191e+01	1.953669846753700057e+01	1.962293918819906224e+01	2.008004192438599134e+01	1.987759401900214584e+01	1.951925461728341560e+01
2.025808476809285708e+01	2.006587776749712049e+01	2.017824025277834110e+01	2.017412582221591322e+01	2.005986399409030696e+01	1.986499900782725447e+01	1.999389879180744245e+01	2.013217986293903650e+01	2.007667128422404801e+01	2.007515680452156914e+01	2.024053374249364268e+01	1.989631958055045402e+01	2.030913073139871372e+01	2.067660758849725866e+01	2.039669653559784734e+01	2.027387248787889362e+01	1.998537318232727245e+01	2.992219622359374043e+01	2.069486005757773484e+01	1.991985974587369057e+01	2.067918345672180180e+01	1.974446099092586948e+01	1.975042979532024745e+01	2.127674517164365398e+01	2.012358644245852801e+01	1.992641688949855094e+01	2.011691480261825404e+01	2.068074409701253558e+01	2.008869837504947142e+01	2.010026661393818515e+01	2.030328234510130159e+01	1.977876635565239383e+01	2.023726983214064390e+01	1.994790239132492360e+01	2.065123988356506146e+01	1.954811475111960917e+01	2.009947231037551418e+01	2.028286885933566808e+01	2.066950779316512410e+01	1.972824502833853444e+01	2.020601610509151769e+01	1.999650153604498470e+01	1.992103875153961567e+01	2.030477856606905362e+01	1.981777412640379765e+01	1.987177368041593795e+01	1.953963872370744781e+01	1.983351094285360361e+01	2.012319411144382286e+01	1.989162659391078947e+01
2.033326474212326218e+01	2.093892448494118952e+01	1.977386755242121197e+01	2.015609734742409032e+01	2.036621079547987634e+01	2.022920140004037393e+01	2.028453180294624758e+01	2.069162875333065443e+01	2.060407396554031223e+01	2.060904161929893519e+01	2.084379571784138108e+01	2.063726349318553943e+01	2.073698296303189892e+01	2.041967289702346733e+01	2.074379370557559810e+01	2.033900488688045627e+01	2.058314522018232751e+01	2.069486005757773484e+01	3.090114409637476456e+01	2.061383398979479153e+01	2.070748652656651601e+01	2.016608939918840093e+01	2.067558432326949003e+01	2.138446344609344862e+01	2.025372744574977801e+01	2.042213118675103800e+01	2.060145844877425958e+01	2.076475088974659045e+01	2.085166768237415269e+01	2.037360613223044581e+01	1.995468224326286233e+01	2.057831195497769272e+01	2.088041764168315950e+01	2.027365430807560642e+01	2.119462296711152050e+01	2.004994045136050573e+01	2.077083163674581101e+01	2.091632788493948425e+01	2.085305613244214484e+01	2.068788326124630572e+01	2.069174258778628683e+01	1.998530524835583932e+01	2.087949265519116082e+01	2.080501507433567099e+01	2.003092857777226854e+01	2.049284244741092209e+01	2.061648496137805608e+01	2.059523193997993573e+01	2.073616373559497106e+01	2.041118793426410249e+01
1.993309743731386163e+01	2.025885187021409806e+01	1.929339225231944610e+01	1.987500917327263750e+01	1.985388246387098476e+01	1.971410504403567643e+01	1.971249942651077802e+01	2.021944718037831379e+01	1.981176464667314363e+01	2.006792298761451221e+01	2.029958930134858619e+01	1.993866444178982533e+01	2.027986474883843471e+01	2.003183669357021301e+01	2.010381314777003325e+01	1.962463306451570588e+01	1.992819765340086136e+01	1.991985974587369057e+01	2.061383398979479153e+01	2.975068123448802382e+01	2.041951950770072699e+01	2.014941919798054570e+01	2.013134305478443409e+01	2.060765562333550349e+01	1.988413775730374056e+01	1.957562937644097190e+01	1.982498335011410973e+01	2.028898443044902677e+01	1.981609454905948553e+01	2.007485104762205808e+01	1.995081107939946108e+01	1.941556116684278877e+01	1.980109598113978464e+01	1.960918189843218329e+01	2.094158118227841925e+01	1.973525743058720749e+01	1.960378199644332042e+01	2.033965307094602792e+01	1.998979212658419158e+01	1.977089129030223447e+01	2.023524087531945170e+01	1.990421120706681180e+01	2.022404932225406782e+01	2.028462286898713884e+01	1.983179956010872758e+01	1.998331776023856321e+01	1.997022764675903872e+01	2.012310006512563376e+01	1.953485735836182968e+01	1.969162271222828409e+01
2.039386446942134157e+01	2.057026990936967792e+01	2.005340431403384827e+01	2.007634874771980549e+01	2.018782385839508109e+01	2.017882345181153525e+01	2.066276772493420566e+01	2.105537596988298432e+01	2.044199992225433604e+01	2.004101121477483360e+01	2.086870238647454912e+01	2.052309320376253154e+01	2.090433336666500352e+01	2.089510514754047676e+01	2.068085834437426129e+01	2.029274327175676618e+01	1.997898019021425142e+01	2.067918345672180180e+01	2.070748652656651601e+01	2.041951950770072699e+01	3.092677498487617171e+01	2.028888777580348446e+01	2.065896304017777396e+01	2.125056468825251343e+01	1.992439092068324413e+01	2.031890764628071366e+01	2.038264283733709092e+01	2.092996996131020282e+01	2.040127738464113705e+01	2.043642134760497342e+01	2.030979841336286640e+01	1.992601990885941277e+01	2.076467271682256666e+01	2.034368923588415612e+01	2.104157154374912153e+01	2.024621918676540844e+01	2.057162832062853752e+01	2.045921630896315691e+01	2.097343474419209031e+01	2.028012673857118742e+01	2.014156255478838986e+01	2.027564572762193151e+01	2.062141621095305410e+01	2.096241508636940409e+01	2.022258297685517903e+01	2.070089487058990230e+01	2.035463081617108827e+01	2.077515766830701693e+01	1.997144009759838923e+01	2.033531335256132522e+01
1.970692551520553337e+01	1.965289784978347498e+01	1.908176833299621578e+01	1.913003488960007559e+01	1.948367139338632015e+01	1.949676459501545267e+01	1.975237889410358605e+01	1.999967757638590982e+01	1.990822586793747817e+01	1.978671692205809052e+01	1.981191358544186798e+01	1.962484625908146896e+01	2.018972945987446010e+01	1.998503548098078753e+01	1.999424274747965313e+01	1.975263756633222201e+01	1.970686703136990658e+01	1.974446099092586948e+01	2.016608939918840093e+01	2.014941919798054570e+01	2.028888777580348446e+01	2.993808669185175830e+01	1.995966869796093235e+01	2.064293189228062886e+01	1.961108678484991685e+01	1.929110963679313784e+01	1.957879399213123506e+01	2.027427783627385693e+01	1.975183213661663117e+01	2.013914679903932026e+01	1.978328086857590407e+01	1.907767885833915145e+01	1.955885729203734513e+01	1.970973849577391590e+01	2.075771838854268836e+01	1.934241530678021448e+01	1.967293948073861642e+01	1.971794948831029615e+01	2.046900904437509539e+01	1.974876296901297223e+01	1.992811852910649861e+01	1.932902871276461099e+01	2.017782404310034394e+01	2.012602864481337761e+01	1.981157990559295001e+01	1.992473810571092230e+01	1.976591754453443528e+01	1.994643662509783510e+01	1.978889472223043811e+01	1.941088729135741175e+01
2.017221813725140578e+01	2.008810875255162642e+01	1.978253546495696824e+01	1.988621508426559359e+01	1.996488167839628858e+01	1.980550374196841190e+01	2.013048822696296369e+01	2.063830902194528250e+01	2.017329013716099695e+01	2.006760811099769626e+01	1.989217427623494672e+01	2.003393954892022322e+01	2.030305719342257831e+01	2.017236928784813443e+01	2.026911595060922977e+01	1.967592364370616309e+01	1.967598891166626629e+01	1.975042979532024745e+01	2.067558432326949003e+01	2.013134305478443409e+01	2.065896304017777396e+01	1.995966869796093235e+01	3.037863181161583981e+01	2.118472888437540291e+01	2.009743281238274903e+01	1.939680462587904231e+01	1.961757150618657519e+01	2.061990997422188698e+01	2.038837293628585456e+01	1.949343153193361644e+01	1.974133184602061775e+01	1.959861971859117347e+01	2.023194647519706280e+01	1.981173636488399481e+01	2.061780783569354369e+01	1.964358321194398016e+01	1.958363842020509082e+01	2.001046861058281223e+01	2.066053564427522105e+01	2.005310828376187615e+01	2.040461156302413670e+01	1.982484286820809771e+01	2.038521993532211241e+01	2.026667291448247710e+01	1.970875048626866288e+01	2.013924373537203039e+01	2.008925112044580885e+01	2.009770322448187940e+01	1.984813366849744298e+01	1.970054658045023288e+01
2.094677032207959044e+01	2.122648920769762526e+01	2.032311518297618136e+01	2.054922361779787110e+01	2.023159939508834171e+01	2.074701928507363746e+01	2.059893388674768033e+01	2.130811911980014628e+01	2.124067244746181871e+01	2.073441207684176746e+01	2.101444184547150584e+01	2.095824309404095587e+01	2.115956623125020286e+01	2.132891110570944448e+01	2.133120170302900931e+01	2.080716123640787529e+01	2.068591060440160234e+01	2.127674517164365398e+01	2.138446344609344862e+01	2.060765562333550349e+01	2.125056468825251343e+01	2.064293189228062886e+01	2.118472888437540291e+01	3.155497107699027737e+01	2.059618628707963239e+01	2.055989372382664016e+01	2.067454396783667292e+01	2.114338099904127688e+01	2.076728997686713640e+01	2.071245440444461750e+01	2.062958741016142383e+01	2.048377783294057863e+01	2.103630270130119939e+01	2.097315451269605191e+01	2.199464420008085952e+01	2.034855446100446486e+01	2.070367185433054402e+01	2.137534466059708294e+01	2.131965383014308557e+01	2.053468201068648469e+01	2.097286733791938929e+01	1.978443283429899324e+01	2.109153557754308039e+01	2.115246162765567917e+01	2.079837961824120640e+01	2.106428254397451383e+01	2.042883090688441072e+01	2.113381367964447222e+01	2.082955589119872286e+01	2.029080073923709193e+01
1.962119266961656905e+01	1.994767817961712808e+01	1.928742600993761869e+01	1.932535609325559633e+01	1.949758005349514178e+01	1.964697542438437239e+01	1.967721431728427817e+01	1.998131918411635510e+01	1.961181100529600130e+01	1.971403282830621251e+01	2.000425720029254961e+01	1.979675184604404947e+01	2.015565735230095612e+01	2.003811431032422874e+01	2.005117717349583373e+01	1.967807457868934407e+01	2.002979736496738639e+01	2.012358644245852801e+01	2.025372744574977801e+01	1.988413775730374056e+01	1.992439092068324413e+01	1.961108678484991685e+01	2.009743281238274903e+01	2.059618628707963239e+01	2.967372821708225672e+01	1.946109834954768303e+01	1.907261700831686468e+01	1.997216523486515882e+01	1.993598258973329962e+01	1.957976683927373074e+01	1.918470837225724779e+01	1.903937653094746452e+01	1.986092433747387886e+01	1.917521804586539602e+01	2.002366238395294218e+01	1.949099298715430351e+01	1.959201046839438476e+01	1.999911799537367685e+01	2.036642724421126260e+01	1.944682310898526367e+01	1.935234606419362180e+01	1.902269805050129747e+01	1.970506932017945090e+01	2.021043052541613605e+01	1.931871089407846753e+01	1.986516503181397297e+01	1.966861801774579632e+01	1.994500595685551048e+01	1.980354578154599565e+01	1.942611149226119238e+01
1.981749912622026244e+01	1.951383177720082784e+01	1.893237706008648047e+01	1.925354982112331115e+01	1.942117486240903901e+01	1.910994665096574252e+01	1.966785826254021075e+01	1.966947662242104755e+01	1.965596595932002089e+01	1.948582033450077589e+01	1.988008911109417554e+01	1.952566638673044608e+01	1.989734918002384845e+01	1.977688960327950696e+01	1.989686537773694042e+01	1.962631145754272666e+01	1.953510108208902096e+01	1.992641688949855094e+01	2.042213118675103800e+01	1.957562937644097190e+01	2.031890764628071366e+01	1.929110963679313784e+01	1.939680462587904231e+01	2.055989372382664016e+01	1.946109834954768303e+01	2.915598938226026604e+01	1.960398958269814074e+01	2.008159978740560092e+01	1.949702047237814639e+01	1.968949369080889866e+01	1.953818850941673091e+01	1.935534167639571024e+01	1.962920232366170126e+01	1.950164083442643914e+01	2.043718207548524290e+01	1.923034463036973918e+01	1.973976871796793375e+01	1.989184077120618710e+01	1.989125655541129944e+01	1.933893560971966608e+01	1.984041211178603703e+01	1.927411792601052554e+01	2.005479197371668576e+01	1.991909146645908635e+01	1.942369280033397416e+01	2.004775973323410199e+01	1.927190039095187757e+01	1.987640918193413242e+01	1.977004371515889147e+01	1.901637066806078025e+01
1.980484667502706841e+01	1.988826803721442360e+01	1.949963956285150246e+01	1.964700880917746417e+01	1.933552997447079136e+01	1.943328375926225604e+01	2.007180995066083184e+01	2.005538378727806403e+01	1.939568238914787202e+01	1.956287025411372937e+01	1.997264705905658033e+01	1.977725144045201944e+01	1.988069640774543245e+01	1.969616854509981252e+01	2.028303890195443770e+01	1.961866134070177026e+01	1.977679831842024072e+01	2.011691480261825404e+01	2.060145844877425958e+01	1.982498335011410973e+01	2.038264283733709092e+01	1.957879399213123506e+01	1.961757150618657519e+01	2.067454396783667292e+01	1.907261700831686468e+01	1.960398958269814074e+01	2.938721120212347060e+01	2.049751460048210205e+01	2.011111922556239762e+01	1.971181112031527860e+01	1.942722736849449205e+01	1.959979445154795386e+01	1.960154680385816661e+01	1.953030197418713243e+01	2.037790684188871282e+01	1.944407056191436567e+01	1.945667145364500783e+01	2.005607212254368221e+01	2.018457626592180532e+01	1.945147377691901269e+01	1.973814930107716492e+01	1.932183565341075138e+01	1.958145441155685873e+01	1.975557577312349267e+01	1.978418677756551247e+01	1.988455882896876403e+01	1.939082415838980111e+01	2.002230346936042338e+01	1.966758736369803628e+01	1.926647872132161510e+01
1.997980796605879306e+01	2.069658686008818904e+01	1.983295834047941497e+01	2.034888250047362845e+01	2.043362955760215627e+01	2.020695504655605745e+01	2.066243875271973707e+01	2.051055081637413124e+01	2.030888163226168786e+01	2.037971942471617481e+01	2.088783989573777689e+01	2.016372165459736721e+01	2.084989282576509595e+01	2.034315723545680044e+01	2.073910625892465376e+01	2.042302440983528200e+01	2.064583538450141731e+01	2.068074409701253558e+01	2.076475088974659045e+01	2.028898443044902677e+01	2.092996996131020282e+01	2.027427783627385693e+01	2.061990997422188698e+01	2.114338099904127688e+01	1.997216523486515882e+01	2.008159978740560092e+01	2.049751460048210205e+01	3.081147109666870065e+01	2.059186098519736774e+01	2.033656524456227643e+01	2.019382595374399969e+01	2.027488958015498710e+01	2.054329990808360051e+01	2.061549874169669039e+01	2.131170832710102303e+01	1.994383669346079202e+01	2.039974216799491558e+01	2.034025350452668235e+01	2.107887349650189535e+01	1.983312340174703081e+01	2.065427769984541229e+01	2.004491605005613764e+01	2.088953107947358134e+01	2.103771121405522138e+01	2.024432357463554766e+01	2.074009753309542603e+01	2.043687466681001652e+01	2.043938168426626234e+01	2.038987621502371894e+01	2.009634896004708438e+01
1.990632270076820376e+01	2.027830439373370197e+01	1.949814406077506845e+01	1.963831942860053559e+01	2.016269734740037123e+01	1.998083117323700009e+01	2.011392411479377884e+01	2.057410773212032495e+01	1.996132481577009088e+01	2.004322288370664396e+01	1.981537707854871755e+01	2.004125273380859795e+01	2.025999437664909664e+01	2.044977058884379062e+01	2.022493051712871548e+01	1.966055257365675146e+01	1.970077947241703242e+01	2.008869837504947142e+01	2.085166768237415269e+01	1.981609454905948553e+01	2.040127738464113705e+01	1.975183213661663117e+01	2.038837293628585456e+01	2.076728997686713640e+01	1.993598258973329962e+01	1.949702047237814639e+01	2.011111922556239762e+01	2.059186098519736774e+01	3.022432348428806037e+01	1.998576411183563195e+01	2.004046228567039734e+01	1.978342422141868795e+01	2.036529380558073399e+01	2.035066388249382641e+01	2.081581589463477400e+01	1.998919579757412635e+01	2.020175204569925143e+01	2.036953111099759894e+01	2.064177350665340072e+01	1.981300174938193237e+01	2.015016419444208040e+01	2.021844942882983531e+01	2.028029015646721689e+01	2.023255183188788209e+01	2.017059917730516005e+01	1.989956825874730839e+01	2.031536497389008389e+01	2.035052475951465922e+01	2.003087109043341485e+01	1.956839429696033150e+01
2.003283969589485380e+01	2.005861955713797329e+01	1.962379638789323266e+01	1.963202379769915851e+01	2.009489686282834242e+01	1.982928604556718710e+01	2.024754105646182012e+01	2.030890309506170155e+01	2.025368327428907378e+01	1.973190521199330405e+01	2.005403946112572200e+01	1.988665427759384485e+01	1.985287468452684223e+01	2.013059732179156924e+01	2.009661127754194254e+01	1.986025122805553167e+01	2.016133944068194950e+01	2.010026661393818515e+01	2.037360613223044581e+01	2.007485104762205808e+01	2.043642134760497342e+01	2.013914679903932026e+01	1.949343153193361644e+01	2.071245440444461750e+01	1.957976683927373074e+01	1.968949369080889866e+01	1.971181112031527860e+01	2.033656524456227643e+01	1.998576411183563195e+01	3.010100050994741494e+01	1.981328689910809615e+01	1.970672377362432570e+01	2.002098750075873568e+01	2.007215363546852060e+01	2.089509481884312692e+01	1.939214896630615570e+01	2.000066699820188632e+01	2.048344291433285491e+01	2.080238294420325218e+01	1.990991037674908881e+01	1.996247564953721110e+01	1.981596972748007701e+01	2.024900161841259560e+01	2.010562950612820998e+01	1.958903568565959930e+01	1.981222985442685314e+01	1.984956062893671458e+01	2.000719325270762283e+01	1.972264577025928034e+01	1.968482864236639784e+01
1.978544583869962992e+01	1.971562701667880546e+01	1.912370478079950686e+01	1.940025792786457259e+01	1.952355269935258875e+01	1.968824831539677334e+01	1.985152310154638400e+01	2.013432317339473698e+01	1.980801600056135925e+01	1.959538272443709062e+01	1.981649913653744832e+01	1.965635047798638979e+01	2.000855740415610029e+01	2.020693024187987064e+01	2.016856320782685330e+01	1.927707255420054722e+01	1.925988640923277018e+01	2.030328234510130159e+01	1.995468224326286233e+01	1.995081107939946108e+01	2.030979841336286640e+01	1.978328086857590407e+01	1.974133184602061775e+01	2.062958741016142383e+01	1.918470837225724779e+01	1.953818850941673091e+01	1.942722736849449205e+01	2.019382595374399969e+01	2.004046228567039734e+01	1.981328689910809615e+01	2.912691082791659980e+01	1.925746180499832505e+01	1.974673603861499416e+01	1.957038989435218923e+01	2.046721936073763359e+01	1.930318588701162952e+01	1.934125645223090117e+01	2.016681623465179385e+01	2.017734895917802973e+01	1.971037097930975079e+01	1.958408992324416076e+01	1.922060900165036301e+01	1.996304475895174946e+01	2.016214401415578905e+01	1.979734958941340750e+01	1.934048565474863679e+01	1.933444479826052032e+01	2.015417435879278685e+01	1.973390294905707876e+01	1.945144199376047212e+01
1.944191292008148508e+01	1.952091612542374932e+01	1.921446204264147184e+01	1.888958188195340071e+01	1.919268177318498658e+01	1.937767253326332906e+01	1.965395547066713888e+01	1.984542837813729577e+01	1.942858263823914200e+01	1.938876775755035098e+01	1.974456153911342327e+01	1.951682325051026723e+01	2.012082421351069073e+01	1.979621445878759189e+01	1.974191172172959341e+01	1.969450890253995112e+01	1.970837439246209044e+01	1.977876635565239383e+01	2.057831195497769272e+01	1.941556116684278877e+01	1.992601990885941277e+01	1.907767885833915145e+01	1.959861971859117347e+01	2.048377783294057863e+01	1.903937653094746452e+01	1.935534167639571024e+01	1.959979445154795386e+01	2.027488958015498710e+01	1.978342422141868795e+01	1.970672377362432570e+01	1.925746180499832505e+01	2.881729464890552705e+01	1.955346423638874853e+01	1.980057635963756013e+01	2.043913888481343122e+01	1.895524212895499261e+01	1.909792062452804018e+01	2.013042278398908635e+01	2.057718507732129964e+01	1.918998315273383781e+01	1.977246670905531545e+01	1.904341835671849736e+01	1.975976067460788599e+01	1.983597629863199074e+01	1.970220367073585521e+01	1.924716606415975306e+01	1.930774416783780012e+01	1.951672214318226040e+01	1.951982447231944562e+01	1.907082617310163286e+01
