2.886103793490094915e+01	1.956290067132315968e+01	1.893403354294211383e+01	1.963827960768964687e+01	1.935221046249706234e+01	1.925361234372725860e+01	1.952218037299753206e+01	2.000582451116706295e+01	2.018236078383629817e+01	1.959725777049278150e+01	1.960569418081389870e+01	1.897826086658593070e+01	1.967898098487775727e+01	1.892114924513784047e+01	1.947913530206731281e+01	1.975094554970744909e+01	1.986117008454363742e+01	1.950598293974558217e+01	2.000522484801362566e+01	1.978424672629428116e+01	1.984169656550515271e+01	1.929153858329852511e+01	1.889384070134616067e+01	2.022960651713867364e+01	1.960643555394038628e+01	1.933488526398535967e+01	1.937933048002186709e+01	1.941461225254579404e+01	1.986043840135605976e+01	1.963064909509111189e+01	1.983435809815566842e+01	1.995181070516473198e+01	2.037936310358712788e+01	1.971598819780604828e+01	1.976975539609637167e+01	1.932023666349811464e+01	1.953535919836392409e+01	1.964891802110312824e+01	1.937812620395757790e+01	1.929904432179948515e+01	1.893254009315695896e+01	2.013677063040731952e+01	2.015661241600697196e+01	1.967609127287520820e+01	1.937006387158817589e+01	1.968866751591842856e+01	1.957185359301708871e+01	1.939169438831541115e+01	1.968825384184557947e+01	1.988669664962955608e+01
1.956290067132315968e+01	2.950708495966433986e+01	1.939054984659622960e+01	2.027033364320903530e+01	1.963199975895264515e+01	1.953596642821492679e+01	1.971820696894898717e+01	1.999027518414425586e+01	2.008835986237918902e+01	1.922465147808460983e+01	1.989554908957164869e+01	1.932050041705839050e+01	1.931708902982821030e+01	1.960623423834926271e+01	1.946569833865836330e+01	1.974703472758368150e+01	1.953836448530660164e+01	1.943304032906851120e+01	1.972646136187166732e+01	1.967123614488270889e+01	1.988379550251847050e+01	1.938034841153401189e+01	1.940498205610180804e+01	2.027301577995945792e+01	1.986559604995331441e+01	1.981802931420626379e+01	1.947511921665804024e+01	1.991983493153085050e+01	2.002512386346968043e+01	1.988826421671834055e+01	1.954918720049089131e+01	2.028817413687232118e+01	2.034649876658468415e+01	2.017506065631121359e+01	2.009372056803260875e+01	1.940443387964643662e+01	1.980041159460735045e+01	1.984789874589078451e+01	1.953070656888559498e+01	1.946475734083430353e+01	1.929194334762157936e+01	2.011930925844147211e+01	1.983076489747141480e+01	1.980225361143641294e+01	1.981730363023810781e+01	1.987147879418919771e+01	1.954948119442323318e+01	2.012593207045193822e+01	1.971187525903697946e+01	2.008400531055164606e+01
1.893403354294211383e+01	1.939054984659622960e+01	2.871524423861523090e+01	2.013624496441040534e+01	1.929929394378866192e+01	1.916157980570182318e+01	1.952816642015664073e+01	1.941662009925312660e+01	1.988033272706646315e+01	1.909387145231007921e+01	1.965729525201954786e+01	1.889860585683081950e+01	1.908640176406510136e+01	1.938983154947525378e+01	1.937218215825171796e+01	1.934538253182229894e+01	1.917815934990725424e+01	1.937181263728913905e+01	1.900505685544070289e+01	1.914880119718991835e+01	1.956906254784400545e+01	1.925549969845095077e+01	1.914593595100462764e+01	1.963067888219143242e+01	1.897137362382326486e+01	1.958463250829111502e+01	1.932750512915213292e+01	1.909141133871753837e+01	1.969142923110127441e+01	1.935172029797355364e+01	1.943421770837435503e+01	1.965794213266981316e+01	1.961947213124267719e+01	1.960909934102771857e+01	1.947873646136883607e+01	1.969889310255960169e+01	1.937512275453507016e+01	1.961225708919248589e+01	1.931572962410805516e+01	1.954702150114371406e+01	1.917005722016033076e+01	1.996756283724464609e+01	1.997155626649208671e+01	1.983772435712731053e+01	1.916222479485995578e+01	1.949639204557011141e+01	1.902925965594116064e+01	1.987326290452264388e+01	1.934221346940094932e+01	2.004090721965102162e+01
1.963827960768964687e+01	2.027033364320903530e+01	2.013624496441040534e+01	3.052433674264883479e+01	2.022924335974965615e+01	2.013732238662707630e+01	2.067951071728253254e+01	2.065575383262440567e+01	2.089402869931980078e+01	2.035741462852461581e+01	2.064356682530988607e+01	2.003605194180508065e+01	2.023394922834642884e+01	2.003898783581960075e+01	2.037972391317233800e+01	2.028168900848124778e+01	2.054906077865102887e+01	2.013136560794565000e+01	2.022328975870130563e+01	2.032375573370757138e+01	2.026374745354485540e+01	2.025728856126146127e+01	2.022413824480670641e+01	2.043022838767503657e+01	2.039036645185667140e+01	2.031306157244364030e+01	2.055952662567115397e+01	2.010093542501915209e+01	2.038432009425917357e+01	2.061484202986909509e+01	2.067819767894591365e+01	2.054997784830255370e+01	2.065530636389940256e+01	2.081765768153796969e+01	2.109530007475113322e+01	2.008962231180922942e+01	2.008092978913351700e+01	2.056265615913056877e+01	2.029203608602745845e+01	2.022682554978275604e+01	2.007546419069435473e+01	2.117527034118806029e+01	2.076264555980207760e+01	2.037168312044310170e+01	2.021705600773018929e+01	2.026021472232774912e+01	2.026828296730447576e+01	2.063569976992527089e+01	2.092147742946077926e+01	2.057024016523526200e+01
1.935221046249706234e+01	1.963199975895264515e+01	1.929929394378866192e+01	2.022924335974965615e+01	2.920948662373558236e+01	1.946272879325013250e+01	1.990984895719126868e+01	1.971025560049816505e+01	2.010479900557163191e+01	1.940558512600120267e+01	1.992544718938784243e+01	1.897937545465565989e+01	1.996755553897146385e+01	1.991557558657709137e+01	1.954663092277953140e+01	1.977621188015678300e+01	1.952113093764038965e+01	1.968917265367364422e+01	1.961085691263721742e+01	1.957319781389923463e+01	2.017810073013758654e+01	1.931813571272359553e+01	1.973766234833493272e+01	1.990769066877935245e+01	2.003774085321814269e+01	1.984737554249133851e+01	1.937654529269641301e+01	1.967743221650545493e+01	2.013086809708882186e+01	1.965314306054879623e+01	1.981675309533476437e+01	2.018516772711991436e+01	2.047885682495603277e+01	2.026251545543799892e+01	1.998777269564207160e+01	1.933595158112085954e+01	2.017342616248946996e+01	2.007562805220395674e+01	1.961156724693173459e+01	1.986370916930488306e+01	1.949246149520089944e+01	2.046382556209875148e+01	1.992004497871300117e+01	2.001130644586131169e+01	1.931032210140405425e+01	1.978727959229926725e+01	1.931998111691090259e+01	1.966870531777420439e+01	1.982990182750179997e+01	2.020776485334302564e+01
1.925361234372725860e+01	1.953596642821492679e+01	1.916157980570182318e+01	2.013732238662707630e+01	1.946272879325013250e+01	2.938116601832224006e+01	1.968119271534685311e+01	2.012489205048420615e+01	2.027032352662777370e+01	1.916607443651247422e+01	1.946081254469970645e+01	1.963960297895443929e+01	1.975606757358267984e+01	1.939010142591830999e+01	1.947732664963979943e+01	1.970662011794404478e+01	2.001032064044094128e+01	1.987382387965023156e+01	1.995472738120328771e+01	1.973079022477696043e+01	1.989110123084984849e+01	1.950088367116228127e+01	1.968822001064388516e+01	1.984564483509333144e+01	1.971377540278237817e+01	1.957114201419102173e+01	1.981231795473581769e+01	1.987632400497764706e+01	2.020956433672963115e+01	2.021383410145205062e+01	1.966699105360119049e+01	1.990501042614628346e+01	2.026443482574745403e+01	2.016935060848526717e+01	1.994876111273024577e+01	1.935401644402440624e+01	1.951345671491650080e+01	1.988742592378311258e+01	1.981266009221110735e+01	1.974021869787694072e+01	1.941235769586339899e+01	2.018026552956500907e+01	1.951900022827134507e+01	1.999926136135041688e+01	1.927196958337637511e+01	1.970243672283378800e+01	1.952786406354603699e+01	2.022942591496255460e+01	1.983359900766294359e+01	1.999084508528340010e+01
1.952218037299753206e+01	1.971820696894898717e+01	1.952816642015664073e+01	2.067951071728253254e+01	1.990984895719126868e+01	1.968119271534685311e+01	3.005042321227318425e+01	1.992736254224758241e+01	2.058078098505938769e+01	1.981127511208235603e+01	2.042316405535466117e+01	1.964315110107487783e+01	1.991051283509174397e+01	1.987469477815194807e+01	1.987424389695270577e+01	1.999757824497348579e+01	2.004637786392219567e+01	1.984922162591283978e+01	2.007304039582930955e+01	1.965707040225592550e+01	2.012683517828009627e+01	1.947068981572068225e+01	1.976778152840156721e+01	2.039093563335476134e+01	1.992687298766666260e+01	2.034204585975142976e+01	1.988993645406236865e+01	1.967625434848524435e+01	2.067160534163244634e+01	1.974077956651490240e+01	2.006840671269858589e+01	2.021465607522145902e+01	2.045617670567873958e+01	2.061294475989087971e+01	2.046834587541971828e+01	1.966970009467884140e+01	1.997076206876457860e+01	2.006526615904283872e+01	2.005080293775429467e+01	2.018726089874169460e+01	1.941726454905696286e+01	2.026400816500858326e+01	2.010606275294952994e+01	1.954242320008135891e+01	1.982916887320601518e+01	1.968952690384760729e+01	1.981079551651455262e+01	2.021378736334748538e+01	2.034918298426872596e+01	2.008070902180222816e+01
2.000582451116706295e+01	1.999027518414425586e+01	1.941662009925312660e+01	2.065575383262440567e+01	1.971025560049816505e+01	2.012489205048420615e+01	1.992736254224758241e+01	3.019796321957460705e+01	2.051102732614996071e+01	1.941034476737022274e+01	1.996836040311514182e+01	1.966715151842959131e+01	2.038182726291939773e+01	1.963536311127227307e+01	1.988471170123114717e+01	2.035871148518506857e+01	2.014710413082142182e+01	2.010858416400006377e+01	2.054393457205724971e+01	1.995349878589163595e+01	2.026043692513373529e+01	1.959171235905255415e+01	1.995032487514383845e+01	2.045757331862193595e+01	2.006490818664441989e+01	2.014055601658975903e+01	2.006439367620630776e+01	1.989581917819297985e+01	2.064155198222944776e+01	2.014457921059848999e+01	2.011871365354939201e+01	2.014123304837790585e+01	2.082387275360864365e+01	2.037298495616885674e+01	2.031495741651418285e+01	1.972612533755284048e+01	2.001010190343645334e+01	2.030831100225526953e+01	1.968786496146019971e+01	2.016155603863196788e+01	1.950368824086141117e+01	2.070967709923663946e+01	2.031296483209807846e+01	1.986590138547947149e+01	1.954226443222660592e+01	2.024244637093815058e+01	2.006652054522585971e+01	2.021422145476178045e+01	2.012979382926486593e+01	2.021659841676489222e+01
2.018236078383629817e+01	2.008835986237918902e+01	1.988033272706646315e+01	2.089402869931980078e+01	2.010479900557163191e+01	2.027032352662777370e+01	2.058078098505938769e+01	2.051102732614996071e+01	3.009472807247556503e+01	2.009117059296883312e+01	2.018787499391824625e+01	1.989298800108797849e+01	2.061214690936317595e+01	2.025441088403163548e+01	2.047716627737539952e+01	2.011399534437918035e+01	2.030789470354850579e+01	2.035687491756016954e+01	1.976831527941547861e+01	2.049987974397801693e+01	2.065643275292244496e+01	1.994704840544468993e+01	2.017898717862195213e+01	2.047841821453035394e+01	2.019340218572595802e+01	2.030925187196654136e+01	2.016958893433066535e+01	2.038781070691776875e+01	2.059252832534058442e+01	2.009614001482542278e+01	2.031053246165474846e+01	2.050802217354072354e+01	2.067290413927184645e+01	2.026306317285060388e+01	2.054146256955139904e+01	1.980037421181084056e+01	1.997399009708361817e+01	2.063649770225237745e+01	2.014641236522707146e+01	2.037086384130826389e+01	1.961629209743806257e+01	2.044942612583279740e+01	2.089821499026659524e+01	1.992920230626229028e+01	2.000993426041824108e+01	2.034243994487942331e+01	2.026172208335238878e+01	2.059947725455795720e+01	2.065990208992095489e+01	2.053404949544438907e+01
1.959725777049278150e+01	1.922465147808460983e+01	1.909387145231007921e+01	2.035741462852461581e+01	1.940558512600120267e+01	1.916607443651247422e+01	1.981127511208235603e+01	1.941034476737022274e+01	2.009117059296883312e+01	2.925717191381214732e+01	1.963613604031599280e+01	1.932986500826291376e+01	2.008171871449963319e+01	1.980876531533844798e+01	1.915149154871852843e+01	1.967274816349858924e+01	1.946876199147561692e+01	1.931204975653772493e+01	1.980950209676972307e+01	1.986308957233344685e+01	2.026519990885213929e+01	1.935821328069890512e+01	1.925311746408002378e+01	2.012757321274304800e+01	1.990639403568629362e+01	1.990915451002332759e+01	1.970221454474134504e+01	1.991032191650952399e+01	2.007164456948395781e+01	2.005213743905655477e+01	1.969933020161306203e+01	1.987573689895707574e+01	1.999660753541063229e+01	1.971325427019577958e+01	2.034992660237449158e+01	1.917032628333068800e+01	2.011120348506666033e+01	1.978721284943850023e+01	1.945695849150417089e+01	1.991616075780683559e+01	1.943547279779271975e+01	2.037899132007980540e+01	1.996418100258527772e+01	1.977229468209911900e+01	1.952210093149907166e+01	1.981671685499795288e+01	1.928492762609069899e+01	1.970483714107252737e+01	1.992497715280265425e+01	2.013644792999362920e+01
1.960569418081389870e+01	1.989554908957164869e+01	1.965729525201954786e+01	2.064356682530988607e+01	1.992544718938784243e+01	1.946081254469970645e+01	2.042316405535466117e+01	1.996836040311514182e+01	2.018787499391824625e+01	1.963613604031599280e+01	2.933265988738187602e+01	1.938121089460220503e+01	1.972803027183363511e+01	1.940108854674597794e+01	1.927497867187326364e+01	1.953772223554750553e+01	1.999737901137237372e+01	1.964903424763756234e+01	1.968656048351881083e+01	1.960872926462232968e+01	2.008865726781416683e+01	1.937708406587383081e+01	1.983840231024196044e+01	2.022715916732381558e+01	1.954008010140326945e+01	2.008487783011464956e+01	2.004763982509011910e+01	1.996876356659574725e+01	2.019835117929759960e+01	1.995055350804447869e+01	2.004599290196179595e+01	2.019685795072371448e+01	2.005079215962765460e+01	2.055808532398165767e+01	2.037739268629295353e+01	1.957999137034878601e+01	1.984314063575061837e+01	1.966348970072746738e+01	1.973652016684112809e+01	2.009296661397257822e+01	1.944274532285357537e+01	2.069602486232636096e+01	2.004866506007920179e+01	1.987039297561395657e+01	1.974809156275849276e+01	2.012036835015228320e+01	1.932169188109946489e+01	2.005739198334648776e+01	2.007405019612068386e+01	1.995240349858726248e+01
1.897826086658593070e+01	1.932050041705839050e+01	1.889860585683081950e+01	2.003605194180508065e+01	1.897937545465565989e+01	1.963960297895443929e+01	1.964315110107487783e+01	1.966715151842959131e+01	1.989298800108797849e+01	1.932986500826291376e+01	1.938121089460220503e+01	2.940874547961666963e+01	1.937411447363014361e+01	1.944141605282746710e+01	1.922482215793404592e+01	1.956768945203567611e+01	1.943458783203636742e+01	1.932963407937912237e+01	1.924151279988832997e+01	1.941920661642162926e+01	1.979876608750027245e+01	1.915545231451713093e+01	1.920496988458719656e+01	1.990917404201670138e+01	1.946074488302824790e+01	1.925446323709066476e+01	1.949684726978606619e+01	1.936931355438319358e+01	1.961296008956419001e+01	1.944159315037422431e+01	1.947855959924805092e+01	1.967150301259716727e+01	1.988379919578612132e+01	1.965130115007995215e+01	1.951472957602928204e+01	1.915459862058456864e+01	1.935815374136504730e+01	1.989677985570816077e+01	1.939171849178952911e+01	1.933181766521937206e+01	1.892953263395361674e+01	2.012188824693634359e+01	1.973786188754848325e+01	1.954550527582297903e+01	1.916709616471555222e+01	1.962895779655845274e+01	1.912825349640091233e+01	1.950352195276156309e+01	1.954566898858417545e+01	1.990120347053482064e+01
1.967898098487775727e+01	1.931708902982821030e+01	1.908640176406510136e+01	2.023394922834642884e+01	1.996755553897146385e+01	1.975606757358267984e+01	1.991051283509174397e+01	2.038182726291939773e+01	2.061214690936317595e+01	2.008171871449963319e+01	1.972803027183363511e+01	1.937411447363014361e+01	2.951196629680600836e+01	1.981420182535814689e+01	2.000023713363693645e+01	2.038118458287900125e+01	1.997193839407583837e+01	1.981843731519770913e+01	2.016803094590225598e+01	2.003724795477338816e+01	2.031960160557451900e+01	1.931102849524551601e+01	1.996726993294380392e+01	1.991167266501934208e+01	1.986478454563203400e+01	1.972362808458002448e+01	1.984461479428952657e+01	1.946972383819148789e+01	2.039931084809054340e+01	1.999530665940712026e+01	1.979531361781989318e+01	2.014389472937952519e+01	2.030605224995988323e+01	2.002917912646616472e+01	2.026805650041262297e+01	1.964687447560465472e+01	1.979930483052768153e+01	2.003819259301936384e+01	1.978234257136099572e+01	1.990246128712949414e+01	1.941028786710300125e+01	2.040504988475893100e+01	2.004464074302374144e+01	1.982294748327764111e+01	1.991369625156703904e+01	1.945035597014509676e+01	1.998774233732465433e+01	2.000669504994049319e+01	1.972645602985722491e+01	2.022361766765068580e+01
1.892114924513784047e+01	1.960623423834926271e+01	1.938983154947525378e+01	2.003898783581960075e+01	1.991557558657709137e+01	1.939010142591830999e+01	1.987469477815194807e+01	1.963536311127227307e+01	2.025441088403163548e+01	1.980876531533844798e+01	1.940108854674597794e+01	1.944141605282746710e+01	1.981420182535814689e+01	2.926553408735376394e+01	1.916776455446667882e+01	1.976245248525107456e+01	1.970644623490436942e+01	1.969939690055102943e+01	1.942888970670793469e+01	1.941071561552130831e+01	1.953639349708765849e+01	1.918948103904304858e+01	1.945890228928679733e+01	1.985495627264527840e+01	1.957657137930592839e+01	1.960212333489967307e+01	1.983742846278876470e+01	1.942073152301079730e+01	1.987889879960204453e+01	1.971517960769231692e+01	1.964151706574522649e+01	1.991014666977582337e+01	1.988810044064835125e+01	1.955899061453268217e+01	1.956599203145869481e+01	1.955034351495926259e+01	2.001445215224767082e+01	2.006718339483743563e+01	1.929737109179335519e+01	1.995514005008999447e+01	1.922784513890817593e+01	2.030106857090046901e+01	2.007245409939307734e+01	1.949070910855646943e+01	1.897606809355760760e+01	1.994119182976573157e+01	1.948905174619957492e+01	1.971206533011483231e+01	1.966309584800908539e+01	2.014054186227151533e+01
1.947913530206731281e+01	1.946569833865836330e+01	1.937218215825171796e+01	2.037972391317233800e+01	1.954663092277953140e+01	1.947732664963979943e+01	1.987424389695270577e+01	1.988471170123114717e+01	2.047716627737539952e+01	1.915149154871852843e+01	1.927497867187326364e+01	1.922482215793404592e+01	2.000023713363693645e+01	1.916776455446667882e+01	2.916311656385774143e+01	1.962891740957704201e+01	1.959364338517250204e+01	1.950896031718896140e+01	1.983408027385907602e+01	1.959422118793268908e+01	1.953727889686491181e+01	1.917192676589306188e+01	1.939782188880754887e+01	2.002156416937439332e+01	1.978183611373580675e+01	1.955438077670114083e+01	1.975913128626969595e+01	1.914711839645199376e+01	1.985670696125837509e+01	1.974872369193629140e+01	1.987704153658403072e+01	1.960489661090851854e+01	1.998456500745363584e+01	1.995830832607431304e+01	1.986692790289935928e+01	1.931335129158851416e+01	1.966185404704405570e+01	1.990313963601440861e+01	1.984501466954581517e+01	1.997964388888158282e+01	1.928186240221912939e+01	2.050615034873426978e+01	1.994013950302602112e+01	1.996888604841996440e+01	1.917033983941984943e+01	1.944229769968698918e+01	1.963304147619040663e+01	1.965599653133867619e+01	1.956372068227500804e+01	1.970663016309947579e+01
1.975094554970744909e+01	1.974703472758368150e+01	1.934538253182229894e+01	2.028168900848124778e+01	1.977621188015678300e+01	1.970662011794404478e+01	1.999757824497348579e+01	2.035871148518506857e+01	2.011399534437918035e+01	1.967274816349858924e+01	1.953772223554750553e+01	1.956768945203567611e+01	2.038118458287900125e+01	1.976245248525107456e+01	1.962891740957704201e+01	2.905058514312349516e+01	2.000710978935809337e+01	1.980639098860424241e+01	1.966288722590805449e+01	2.023634318887236816e+01	1.998773990134609591e+01	1.932859213240214302e+01	1.948720147731552288e+01	2.030140757140232921e+01	1.981898510399568636e+01	1.984858115249329202e+01	1.965517172210156716e+01	1.979698497830125348e+01	1.987700508336419958e+01	2.016537587659025377e+01	1.976442782991886205e+01	2.011638993112372731e+01	2.021708900473506532e+01	2.007737321622814619e+01	1.993662770380696969e+01	1.961712006006199616e+01	1.978784036385363265e+01	2.013929151807071349e+01	1.970390454526651780e+01	1.997445765655079342e+01	1.935258361638422642e+01	2.037961428799484764e+01	1.984529687138362064e+01	1.975973848246247400e+01	1.953518188999955996e+01	2.003522665404386771e+01	1.940491480166386395e+01	2.002423620520014325e+01	2.016977296245538653e+01	2.013477287844962760e+01
1.986117008454363742e+01	1.953836448530660164e+01	1.917815934990725424e+01	2.054906077865102887e+01	1.952113093764038965e+01	2.001032064044094128e+01	2.004637786392219567e+01	2.014710413082142182e+01	2.030789470354850579e+01	1.946876199147561692e+01	1.999737901137237372e+01	1.943458783203636742e+01	1.997193839407583837e+01	1.970644623490436942e+01	1.959364338517250204e+01	2.000710978935809337e+01	3.021114910024115119e+01	2.000799549449351034e+01	1.954920700036781156e+01	1.960692363403564897e+01	1.998168344061501500e+01	1.931306442425357517e+01	1.941605008361770857e+01	2.005796580230310511e+01	2.007533891525261183e+01	1.998174745622384307e+01	1.982820335488204222e+01	1.985620717998115481e+01	2.016516275398607405e+01	1.996641861679231766e+01	1.970151849926256915e+01	1.992981539286357773e+01	2.044165156590124255e+01	2.061411689846724116e+01	1.985479914954583691e+01	1.951144278734996007e+01	1.970784514633705342e+01	1.987034306835019848e+01	1.956584910430895974e+01	1.987975681948645601e+01	1.892895331894342803e+01	2.088714559198438536e+01	1.975747552493179171e+01	1.998788117378775553e+01	2.000924216113655518e+01	1.961214314200115894e+01	1.944769596337193818e+01	2.015953689309956331e+01	2.034908224298060020e+01	2.011100782684584232e+01
1.950598293974558217e+01	1.943304032906851120e+01	1.937181263728913905e+01	2.013136560794565000e+01	1.968917265367364422e+01	1.987382387965023156e+01	1.984922162591283978e+01	2.010858416400006377e+01	2.035687491756016954e+01	1.931204975653772493e+01	1.964903424763756234e+01	1.932963407937912237e+01	1.981843731519770913e+01	1.969939690055102943e+01	1.950896031718896140e+01	1.980639098860424241e+01	2.000799549449351034e+01	2.910517411377492536e+01	1.953137159389040178e+01	1.954238284920223379e+01	2.003039396083274681e+01	1.965205182848650267e+01	1.981250228964677618e+01	2.009287315227330240e+01	1.986050089844771094e+01	1.965194308387606270e+01	2.007634133286136091e+01	1.963092891151083208e+01	2.016612209570144287e+01	1.970051320318075128e+01	1.991755859629081016e+01	2.008341114805163841e+01	2.049248484327368658e+01	2.020205023739291406e+01	1.985422040541931210e+01	1.951049575265273717e+01	1.949406450038494398e+01	1.954961807836487964e+01	1.954838558059052644e+01	1.978022615567107678e+01	1.960347776019226629e+01	2.021451032113227342e+01	1.994640445334730572e+01	1.992180068479362021e+01	1.942754484434838602e+01	1.953549547459302360e+01	1.956404912877165359e+01	2.028109900477758032e+01	1.949144835102128326e+01	2.017212927894244601e+01
2.000522484801362566e+01	1.972646136187166732e+01	1.900505685544070289e+01	2.022328975870130563e+01	1.961085691263721742e+01	1.995472738120328771e+01	2.007304039582930955e+01	2.054393457205724971e+01	1.976831527941547861e+01	1.980950209676972307e+01	1.968656048351881083e+01	1.924151279988832997e+01	2.016803094590225598e+01	1.942888970670793469e+01	1.983408027385907602e+01	1.966288722590805449e+01	1.954920700036781156e+01	1.953137159389040178e+01	2.955351047040950263e+01	1.970395496957928572e+01	1.989617331103248787e+01	1.949492041200965176e+01	1.998880300834493440e+01	2.016291626687935334e+01	1.953604997635874341e+01	1.994447341782551320e+01	1.991248659165048807e+01	1.950823827502639318e+01	2.013931960400822163e+01	2.015943797812939309e+01	1.991634163330666496e+01	1.971433447034298680e+01	2.066600638992208872e+01	2.050145653552292657e+01	1.983458178145914275e+01	1.924010565843948228e+01	1.981621726608347700e+01	2.020793043449894455e+01	1.991292480653851626e+01	1.986439950852729552e+01	1.956038256714149881e+01	2.027433055155732688e+01	2.022598731496784197e+01	2.009230666484824113e+01	1.971619517553920531e+01	1.973352714579784362e+01	1.971614246936252712e+01	1.977923324256980919e+01	1.991124498846212632e+01	2.024296913788116115e+01
1.978424672629428116e+01	1.967123614488270889e+01	1.914880119718991835e+01	2.032375573370757138e+01	1.957319781389923463e+01	1.973079022477696043e+01	1.965707040225592550e+01	1.995349878589163595e+01	2.049987974397801693e+01	1.986308957233344685e+01	1.960872926462232968e+01	1.941920661642162926e+01	2.003724795477338816e+01	1.941071561552130831e+01	1.959422118793268908e+01	2.023634318887236816e+01	1.960692363403564897e+01	1.954238284920223379e+01	1.970395496957928572e+01	2.957417867671199474e+01	2.009250373589708971e+01	1.931546426971732799e+01	2.005722829212978553e+01	2.026298369990954384e+01	1.956462616185988068e+01	1.994414024708566302e+01	1.934803389468052970e+01	1.966750129599394370e+01	2.002922603381060185e+01	2.023413380444829102e+01	1.988583098692086182e+01	1.956391173764660607e+01	2.054225712748639765e+01	1.972362907371731211e+01	2.018302523298717333e+01	1.953856477984030349e+01	1.984459113196057700e+01	1.983294025366055990e+01	1.957732740936160809e+01	1.960080281731120522e+01	1.925563268006562723e+01	2.026035222326555285e+01	2.007448513353253361e+01	2.006926116417000117e+01	1.931869989408596311e+01	1.970951073771249895e+01	1.949037391851878809e+01	2.004311813033828571e+01	1.979868228136601260e+01	2.038075998191555627e+01
1.984169656550515271e+01	1.988379550251847050e+01	1.956906254784400545e+01	2.026374745354485540e+01	2.017810073013758654e+01	1.989110123084984849e+01	2.012683517828009627e+01	2.026043692513373529e+01	2.065643275292244496e+01	2.026519990885213929e+01	2.008865726781416683e+01	1.979876608750027245e+01	2.031960160557451900e+01	1.953639349708765849e+01	1.953727889686491181e+01	1.998773990134609591e+01	1.998168344061501500e+01	2.003039396083274681e+01	1.989617331103248787e+01	2.009250373589708971e+01	3.015837774971518925e+01	1.967126609355440792e+01	1.984507517390591147e+01	2.024370723272986083e+01	1.976544670227686851e+01	2.021712836570186056e+01	1.987254113208267370e+01	1.975986091931356015e+01	2.042684662417689267e+01	2.061652203130868344e+01	2.009413343493526938e+01	2.037078532114983176e+01	2.043195046869440290e+01	2.032104647879763704e+01	2.045273931280335589e+01	1.960790366597145606e+01	2.035645074058979276e+01	2.045443928324333172e+01	1.985681391782745919e+01	2.041300500793630590e+01	1.976770453654268778e+01	2.058827762820297735e+01	2.048778301333614493e+01	2.013682111542442854e+01	2.006241708226207976e+01	2.023132512088600166e+01	1.981880095295149502e+01	1.999331985271055245e+01	2.010954101435719821e+01	2.028260505288702831e+01
1.929153858329852511e+01	1.938034841153401189e+01	1.925549969845095077e+01	2.025728856126146127e+01	1.931813571272359553e+01	1.950088367116228127e+01	1.947068981572068225e+01	1.959171235905255415e+01	1.994704840544468993e+01	1.935821328069890512e+01	1.937708406587383081e+01	1.915545231451713093e+01	1.931102849524551601e+01	1.918948103904304858e+01	1.917192676589306188e+01	1.932859213240214302e+01	1.931306442425357517e+01	1.965205182848650267e+01	1.949492041200965176e+01	1.931546426971732799e+01	1.967126609355440792e+01	2.840130941733890424e+01	1.934896378608128487e+01	1.971862536247461861e+01	1.961545444523568804e+01	1.981627903956509940e+01	1.953321558328557472e+01	1.957734358091610360e+01	1.983851113131985144e+01	1.988088112036673039e+01	1.969024908148284325e+01	1.948517320619493631e+01	2.008191357038863956e+01	1.972646181382339847e+01	1.955747058898543855e+01	1.918074101803072651e+01	1.962399319040155632e+01	1.972089849509710291e+01	1.894864659720791877e+01	1.949782987812019286e+01	1.916792194688375872e+01	2.051068409452460273e+01	1.977354504040022221e+01	1.971304185822237187e+01	1.953744074820333054e+01	1.932713799746720795e+01	1.969486892436340142e+01	1.936524721278587435e+01	1.976522116645658400e+01	1.998083250170156688e+01
1.889384070134616067e+01	1.940498205610180804e+01	1.914593595100462764e+01	2.022413824480670641e+01	1.973766234833493272e+01	1.968822001064388516e+01	1.976778152840156721e+01	1.995032487514383845e+01	2.017898717862195213e+01	1.925311746408002378e+01	1.983840231024196044e+01	1.920496988458719656e+01	1.996726993294380392e+01	1.945890228928679733e+01	1.939782188880754887e+01	1.948720147731552288e+01	1.941605008361770857e+01	1.981250228964677618e+01	1.998880300834493440e+01	2.005722829212978553e+01	1.984507517390591147e+01	1.934896378608128487e+01	2.939434903657550535e+01	1.974396986785412622e+01	1.976878687718402716e+01	1.977399651149074700e+01	1.953827828097713493e+01	1.974373285887341822e+01	1.998857039215280196e+01	1.964842058983626671e+01	1.982039738362188075e+01	1.999935155913585305e+01	2.001388125021557585e+01	1.985200353151089914e+01	1.975129293524110707e+01	1.934752980659542487e+01	1.983571947569956606e+01	1.936765902003539708e+01	1.967603804144647484e+01	1.966784450222079883e+01	1.920420319818049038e+01	2.037311560156565093e+01	2.034307811518279152e+01	1.956653301054780414e+01	1.972881079589256004e+01	1.984037011789172311e+01	1.939142828709701050e+01	1.982684505822467003e+01	1.986231945696592049e+01	1.976799451838050814e+01
2.022960651713867364e+01	2.027301577995945792e+01	1.963067888219143242e+01	2.043022838767503657e+01	1.990769066877935245e+01	1.984564483509333144e+01	2.039093563335476134e+01	2.045757331862193595e+01	2.047841821453035394e+01	2.012757321274304800e+01	2.022715916732381558e+01	1.990917404201670138e+01	1.991167266501934208e+01	1.985495627264527840e+01	2.002156416937439332e+01	2.030140757140232921e+01	2.005796580230310511e+01	2.009287315227330240e+01	2.016291626687935334e+01	2.026298369990954384e+01	2.024370723272986083e+01	1.971862536247461861e+01	1.974396986785412622e+01	3.022413678950988114e+01	1.994542777256400612e+01	2.041970684438135208e+01	1.988226057957123061e+01	2.017975001683494440e+01	2.045733791123866041e+01	2.013218217016158462e+01	2.045222134554574112e+01	2.084314827206089404e+01	2.076874160943752656e+01	2.029511628373338183e+01	2.057002076897368426e+01	1.962775112924077447e+01	2.052260452359000453e+01	2.035423292178561994e+01	2.012142248833646008e+01	1.983212597091824136e+01	1.980741593076747264e+01	2.066333482583209857e+01	2.045648699998455911e+01	2.044529300531667104e+01	1.990985557939772832e+01	1.969673993354718533e+01	2.016168354884411329e+01	2.021194656330963113e+01	2.054533719509951339e+01	2.045481298609780296e+01
1.960643555394038628e+01	1.986559604995331441e+01	1.897137362382326486e+01	2.039036645185667140e+01	2.003774085321814269e+01	1.971377540278237817e+01	1.992687298766666260e+01	2.006490818664441989e+01	2.019340218572595802e+01	1.990639403568629362e+01	1.954008010140326945e+01	1.946074488302824790e+01	1.986478454563203400e+01	1.957657137930592839e+01	1.978183611373580675e+01	1.981898510399568636e+01	2.007533891525261183e+01	1.986050089844771094e+01	1.953604997635874341e+01	1.956462616185988068e+01	1.976544670227686851e+01	1.961545444523568804e+01	1.976878687718402716e+01	1.994542777256400612e+01	2.955350736637813114e+01	1.982979353064205341e+01	1.968354248979404275e+01	1.993643608413121271e+01	2.007508326530086862e+01	2.004255141891277248e+01	1.990614857744073163e+01	2.015076865093063319e+01	2.031064876960116194e+01	2.026311411477434987e+01	1.973841777037793577e+01	1.935534996745848346e+01	1.975486063973556838e+01	1.948195030282732176e+01	1.947213716135746253e+01	1.976029901263684252e+01	1.929518372416517025e+01	2.024017594300633860e+01	1.994555967582758527e+01	2.006984234644659537e+01	1.944952743891782632e+01	1.972725648802924070e+01	1.956360143715083666e+01	2.012790030910429095e+01	1.982085219491510131e+01	2.021950860309869569e+01
1.933488526398535967e+01	1.981802931420626379e+01	1.958463250829111502e+01	2.031306157244364030e+01	1.984737554249133851e+01	1.957114201419102173e+01	2.034204585975142976e+01	2.014055601658975903e+01	2.030925187196654136e+01	1.990915451002332759e+01	2.008487783011464956e+01	1.925446323709066476e+01	1.972362808458002448e+01	1.960212333489967307e+01	1.955438077670114083e+01	1.984858115249329202e+01	1.998174745622384307e+01	1.965194308387606270e+01	1.994447341782551320e+01	1.994414024708566302e+01	2.021712836570186056e+01	1.981627903956509940e+01	1.977399651149074700e+01	2.041970684438135208e+01	1.982979353064205341e+01	2.978925448270945964e+01	2.015560421091926457e+01	1.944007110820164286e+01	2.054822021069418270e+01	1.985005310511557042e+01	2.016031843293927395e+01	2.026068945956529888e+01	2.056989613996883648e+01	1.996811330938317042e+01	2.007509729018406475e+01	1.999522244958525263e+01	1.982452245278923897e+01	2.010064829575154377e+01	1.964160845888068607e+01	2.023252497470273781e+01	1.961703892347749800e+01	2.049484901515552338e+01	1.999676804976535749e+01	1.961094490200822804e+01	1.945321739698198016e+01	1.975528090326190522e+01	1.985251799870002642e+01	1.997491778841267163e+01	1.998514238630691509e+01	2.027586350175939955e+01
1.937933048002186709e+01	1.947511921665804024e+01	1.932750512915213292e+01	2.055952662567115397e+01	1.937654529269641301e+01	1.981231795473581769e+01	1.988993645406236865e+01	2.006439367620630776e+01	2.016958893433066535e+01	1.970221454474134504e+01	2.004763982509011910e+01	1.949684726978606619e+01	1.984461479428952657e+01	1.983742846278876470e+01	1.975913128626969595e+01	1.965517172210156716e+01	1.982820335488204222e+01	2.007634133286136091e+01	1.991248659165048807e+01	1.934803389468052970e+01	1.987254113208267370e+01	1.953321558328557472e+01	1.953827828097713493e+01	1.988226057957123061e+01	1.968354248979404275e+01	2.015560421091926457e+01	2.950284605259518500e+01	1.944618912134361466e+01	1.995195897520343564e+01	2.006380832889836086e+01	2.009926851050373742e+01	2.008668122732098738e+01	2.047463273842492626e+01	1.991029753196227148e+01	2.001906592413980590e+01	1.928247207268841379e+01	2.018090370456400962e+01	1.985092515374384448e+01	1.981356183096708179e+01	1.989395015805815703e+01	1.987690670147785710e+01	2.016078774261277218e+01	2.007839455205732548e+01	1.962209653017693967e+01	1.982878622474267161e+01	1.942169728502269166e+01	1.967156645810907634e+01	1.954859168866900632e+01	1.993214244927528966e+01	1.986653890053348093e+01
1.941461225254579404e+01	1.991983493153085050e+01	1.909141133871753837e+01	2.010093542501915209e+01	1.967743221650545493e+01	1.987632400497764706e+01	1.967625434848524435e+01	1.989581917819297985e+01	2.038781070691776875e+01	1.991032191650952399e+01	1.996876356659574725e+01	1.936931355438319358e+01	1.946972383819148789e+01	1.942073152301079730e+01	1.914711839645199376e+01	1.979698497830125348e+01	1.985620717998115481e+01	1.963092891151083208e+01	1.950823827502639318e+01	1.966750129599394370e+01	1.975986091931356015e+01	1.957734358091610360e+01	1.974373285887341822e+01	2.017975001683494440e+01	1.993643608413121271e+01	1.944007110820164286e+01	1.944618912134361466e+01	2.940741983270636695e+01	2.042525417286829992e+01	1.955856535058337187e+01	1.983493374529454201e+01	1.989151302518628839e+01	2.019059482850097709e+01	2.047243625522211019e+01	2.006244020155371288e+01	1.941012386873808282e+01	1.992682075939219644e+01	1.993238675382403713e+01	1.952396406609353008e+01	1.966800359741989013e+01	1.923994421849448955e+01	2.027350569073609066e+01	1.996319112711640287e+01	1.979202676950868423e+01	1.985983289274819441e+01	1.990162167192074705e+01	1.974839990585393323e+01	2.016247544986810070e+01	2.004923261087362363e+01	1.991942427887729750e+01
1.986043840135605976e+01	2.002512386346968043e+01	1.969142923110127441e+01	2.038432009425917357e+01	2.013086809708882186e+01	2.020956433672963115e+01	2.067160534163244634e+01	2.064155198222944776e+01	2.059252832534058442e+01	2.007164456948395781e+01	2.019835117929759960e+01	1.961296008956419001e+01	2.039931084809054340e+01	1.987889879960204453e+01	1.985670696125837509e+01	1.987700508336419958e+01	2.016516275398607405e+01	2.016612209570144287e+01	2.013931960400822163e+01	2.002922603381060185e+01	2.042684662417689267e+01	1.983851113131985144e+01	1.998857039215280196e+01	2.045733791123866041e+01	2.007508326530086862e+01	2.054822021069418270e+01	1.995195897520343564e+01	2.042525417286829992e+01	3.025067851856826451e+01	1.998673563088709670e+01	2.011831709595849560e+01	2.031842477330562957e+01	2.083842827248931329e+01	2.051381589940312367e+01	2.047613769740415890e+01	1.960888032233342670e+01	2.008612280213076318e+01	2.049619673774093798e+01	2.027554085108303283e+01	2.037259379878665300e+01	1.987183594636121242e+01	2.060835242165800452e+01	2.028002037435134142e+01	2.049973598651145679e+01	2.020003176403534084e+01	2.014119691934910961e+01	2.000578232366700959e+01	2.027757200647186053e+01	2.015985979776811732e+01	2.011914086642068966e+01
1.963064909509111189e+01	1.988826421671834055e+01	1.935172029797355364e+01	2.061484202986909509e+01	1.965314306054879623e+01	2.021383410145205062e+01	1.974077956651490240e+01	2.014457921059848999e+01	2.009614001482542278e+01	2.005213743905655477e+01	1.995055350804447869e+01	1.944159315037422431e+01	1.999530665940712026e+01	1.971517960769231692e+01	1.974872369193629140e+01	2.016537587659025377e+01	1.996641861679231766e+01	1.970051320318075128e+01	2.015943797812939309e+01	2.023413380444829102e+01	2.061652203130868344e+01	1.988088112036673039e+01	1.964842058983626671e+01	2.013218217016158462e+01	2.004255141891277248e+01	1.985005310511557042e+01	2.006380832889836086e+01	1.955856535058337187e+01	1.998673563088709670e+01	3.024034029445579819e+01	1.997695762138871345e+01	2.015868366996236816e+01	2.025616517322392340e+01	2.029037248177948882e+01	2.062231181216773734e+01	1.946936338304786673e+01	2.030351569496628272e+01	2.001537577550481828e+01	1.995391910384244483e+01	2.018179284616972069e+01	1.927221203554848472e+01	2.045014518178983565e+01	2.016858241455279099e+01	2.054486884776297728e+01	1.962367560137651168e+01	1.995789432887209713e+01	1.976458697672994447e+01	2.021679316893615663e+01	1.984654810187269902e+01	2.028091976286450304e+01
1.983435809815566842e+01	1.954918720049089131e+01	1.943421770837435503e+01	2.067819767894591365e+01	1.981675309533476437e+01	1.966699105360119049e+01	2.006840671269858589e+01	2.011871365354939201e+01	2.031053246165474846e+01	1.969933020161306203e+01	2.004599290196179595e+01	1.947855959924805092e+01	1.979531361781989318e+01	1.964151706574522649e+01	1.987704153658403072e+01	1.976442782991886205e+01	1.970151849926256915e+01	1.991755859629081016e+01	1.991634163330666496e+01	1.988583098692086182e+01	2.009413343493526938e+01	1.969024908148284325e+01	1.982039738362188075e+01	2.045222134554574112e+01	1.990614857744073163e+01	2.016031843293927395e+01	2.009926851050373742e+01	1.983493374529454201e+01	2.011831709595849560e+01	1.997695762138871345e+01	2.924841196874080396e+01	2.002587046936557158e+01	2.013700174256122821e+01	2.014992447760316097e+01	2.008678570105749017e+01	1.954333564177064275e+01	1.985243267218148944e+01	2.015054387398714297e+01	1.994108884825980255e+01	1.999773656684652323e+01	1.963514526770679680e+01	2.045817366736529763e+01	2.006123630246361955e+01	1.991485640704671312e+01	1.935969292038079104e+01	1.973031367917434054e+01	1.998045465737425985e+01	2.034043963520111120e+01	2.005867824238008268e+01	2.022054304804355596e+01
1.995181070516473198e+01	2.028817413687232118e+01	1.965794213266981316e+01	2.054997784830255370e+01	2.018516772711991436e+01	1.990501042614628346e+01	2.021465607522145902e+01	2.014123304837790585e+01	2.050802217354072354e+01	1.987573689895707574e+01	2.019685795072371448e+01	1.967150301259716727e+01	2.014389472937952519e+01	1.991014666977582337e+01	1.960489661090851854e+01	2.011638993112372731e+01	1.992981539286357773e+01	2.008341114805163841e+01	1.971433447034298680e+01	1.956391173764660607e+01	2.037078532114983176e+01	1.948517320619493631e+01	1.999935155913585305e+01	2.084314827206089404e+01	2.015076865093063319e+01	2.026068945956529888e+01	2.008668122732098738e+01	1.989151302518628839e+01	2.031842477330562957e+01	2.015868366996236816e+01	2.002587046936557158e+01	2.973358992619074925e+01	2.040093935962057259e+01	2.037929704910045814e+01	2.046831706347775537e+01	1.941634574226958065e+01	1.975467726295751802e+01	2.002905877293893155e+01	1.987972826811038729e+01	2.017213815080834749e+01	1.983723319049650158e+01	2.074514434230297510e+01	2.004804869277919011e+01	1.974892889705490617e+01	1.991905865702591782e+01	2.047198790403352930e+01	2.018453084867304881e+01	2.015860636341177781e+01	2.043697338618533976e+01	2.014861443449846590e+01
