3.095995604901122533e+01	2.054460414875720886e+01	2.028972736804870536e+01	2.018805524947243057e+01	2.020399528595353544e+01	1.966489110250220662e+01	2.060584950383531222e+01	2.053897985966364104e+01	2.015549559552289338e+01	2.008134366826286055e+01	2.023607868662467979e+01	2.066541897412135498e+01	2.004713989594731771e+01	1.983441772463813990e+01	2.018564437726332983e+01	2.049999523434696513e+01	2.040953354394455488e+01	2.004596710164029716e+01	2.044646654497444871e+01	2.024452746537632919e+01	1.992627622121671038e+01	2.039626514188271855e+01	2.048638041461429182e+01	2.024623043952209756e+01	2.095237686325619819e+01	2.012290269701649947e+01	2.021619718919302144e+01	2.043869794241640037e+01	1.999995558958225317e+01	2.039341020474005006e+01	1.992241090135512849e+01	2.012332480547397395e+01	2.005470879572725806e+01	2.021784085693328592e+01	2.017715466849988459e+01	1.971118477861750762e+01	2.007311567443801437e+01	2.117099267486676695e+01	1.981271599329384969e+01	1.973405585216600855e+01	2.066232569520276741e+01	2.035755445726615420e+01	2.077474631496397706e+01	1.997056062616153227e+01	2.012524286757787095e+01	2.023829100532469383e+01	2.013253064057414221e+01	2.005959829025558960e+01	2.028257135595470118e+01	2.015782034633068065e+01
2.054460414875720886e+01	3.003350074966066430e+01	2.019612176876393050e+01	2.042235392173648378e+01	1.948858210111603029e+01	1.960725777564099559e+01	2.003961180761818284e+01	2.016554363237829506e+01	2.021692739395038174e+01	1.970006707510767541e+01	2.061661399189125987e+01	2.002668668427826404e+01	2.018710016895164117e+01	2.018242901570954118e+01	2.033832657631129948e+01	2.025239245936946020e+01	2.013386979336142346e+01	1.959835837386378188e+01	2.031991160186869649e+01	2.024696980204270957e+01	1.988765307678417926e+01	2.087263466802751566e+01	2.059195284642250456e+01	2.005499575611684904e+01	2.039625988747716434e+01	1.971683605437785047e+01	2.017334194751616749e+01	2.012099518827910316e+01	2.049823555763780192e+01	2.057260428202803837e+01	1.977445087552347758e+01	2.020080659454352556e+01	1.986000457401413399e+01	2.055372831751339291e+01	2.047906172312024253e+01	1.964402400735278675e+01	1.981267899385735376e+01	2.051549773461145421e+01	1.963696346287810002e+01	2.010529314381836485e+01	2.040988219629510425e+01	2.048974613417310309e+01	2.093554272433933505e+01	1.970795066524850014e+01	2.007269821673327215e+01	2.053158154235502764e+01	1.987027636571973588e+01	1.992039881550092772e+01	2.022383332089532004e+01	2.005077396883959651e+01
2.028972736804870536e+01	2.019612176876393050e+01	2.968962784897336959e+01	2.012966239154051351e+01	1.936915262109156899e+01	1.937299321065692226e+01	2.011465120758769487e+01	2.035647663325565304e+01	2.011718846032501418e+01	1.976434748853825596e+01	2.069074111143187267e+01	2.008834804977570698e+01	1.991398723389335146e+01	1.980463250682338483e+01	2.025131305110522817e+01	2.005756284654322386e+01	2.051149682775733041e+01	1.997557902679946551e+01	2.030698748167406720e+01	2.020107303630383200e+01	1.986796845999235472e+01	2.040093971212908031e+01	2.048506708140084953e+01	1.975780783232004012e+01	2.037920206341304308e+01	1.976567902352946504e+01	2.052283851853542274e+01	2.040927769598997799e+01	2.007192581849259483e+01	2.049297061267235520e+01	1.988306624641259290e+01	1.992813821278761921e+01	1.993135882338115294e+01	2.002239079237198638e+01	2.010318436643942874e+01	1.930660022909256313e+01	1.974908849223492879e+01	2.040085800313192976e+01	1.976585125125485831e+01	1.976442440641097420e+01	2.033622538429434456e+01	1.985065927363139338e+01	2.089097560199311587e+01	1.958422915835470945e+01	2.024312486539560751e+01	2.040016764765238833e+01	1.945397932944099395e+01	2.013777540568424840e+01	2.018402514387670266e+01	1.979781442645418110e+01
2.018805524947243057e+01	2.042235392173648378e+01	2.012966239154051351e+01	3.013308044878249703e+01	1.945761704798104219e+01	1.909709651421462340e+01	2.046159049231080829e+01	2.010448932177936143e+01	1.989494016686717615e+01	1.988921356562423171e+01	2.017002251361635956e+01	2.037881463730469989e+01	1.986122106483293592e+01	1.966967914144952090e+01	1.933756534177149433e+01	1.969912301973379698e+01	1.981355889203810605e+01	1.964674699842968764e+01	2.008054829414762921e+01	1.983976031177767041e+01	2.026667713449771213e+01	2.020274445049784973e+01	2.038441342194023065e+01	2.021814649140903697e+01	2.020927364911335289e+01	1.962278500771549261e+01	2.013497379900821826e+01	2.054970304640038492e+01	2.017118765944490022e+01	2.027534790700605782e+01	1.950786166876581618e+01	1.992757687366574970e+01	1.966727229280498790e+01	1.985182118253255368e+01	2.008442203123005498e+01	1.964268798671441374e+01	1.927335827898377119e+01	2.023969715157997484e+01	1.929588517138470039e+01	1.983356125609353171e+01	2.047570475451339789e+01	2.046778109077384400e+01	2.048365920944837271e+01	1.969023117790959532e+01	2.012418497235139370e+01	2.053607862627452363e+01	1.978740901143606123e+01	1.982856851506629781e+01	1.981372440077876718e+01	1.960257540265142850e+01
2.020399528595353544e+01	1.948858210111603029e+01	1.936915262109156899e+01	1.945761704798104219e+01	2.911309432001639763e+01	1.913657069363707564e+01	1.975103589477730992e+01	1.993965380567295753e+01	1.969603549086559369e+01	1.963113319317919903e+01	1.988760339821202905e+01	2.039882338286452779e+01	1.993551874311764394e+01	1.947574800415317142e+01	1.940113216494109238e+01	1.950402330511280979e+01	1.993210840052932298e+01	1.931815616831133298e+01	2.008062939902186983e+01	1.991171004675435796e+01	1.968581886296894012e+01	1.969789809413815007e+01	2.019760760170884240e+01	1.943686032389617324e+01	1.977282845719429005e+01	1.968256486697268670e+01	1.953251508300207817e+01	1.972269070228228927e+01	2.028523758427092716e+01	1.987814482019589235e+01	1.896661826967572395e+01	1.943221271641588643e+01	1.934101399900583829e+01	1.959096697565042788e+01	1.978864145355588633e+01	1.956670869594601925e+01	1.907259951827659350e+01	1.987301879650690140e+01	1.900706398440692269e+01	1.956710217328452117e+01	1.989558546712412834e+01	1.983159980335633676e+01	2.037605697253200887e+01	1.934791900730195735e+01	1.957637228227056880e+01	1.982573488680985463e+01	1.955593445035389522e+01	1.950496900109944320e+01	1.978772641516119890e+01	1.977817584246396976e+01
1.966489110250220662e+01	1.960725777564099559e+01	1.937299321065692226e+01	1.909709651421462340e+01	1.913657069363707564e+01	2.835745259916914307e+01	1.965167649955628804e+01	1.964495735822927358e+01	1.907057309480252982e+01	1.880372172570648459e+01	1.953562361930660884e+01	1.941641302460488916e+01	1.914961549003553642e+01	1.928781911017273742e+01	1.934509897567097880e+01	1.924461473714293192e+01	1.930896611374425831e+01	1.888010323468398610e+01	1.977301355632267033e+01	1.934924915443976090e+01	1.944580225255586470e+01	1.984010708024173297e+01	1.992032371175281114e+01	1.890131606945507414e+01	1.953094996590636612e+01	1.924790795294448742e+01	1.943835270958252082e+01	1.969422133889464632e+01	1.940672662242054969e+01	1.970606999959034766e+01	1.865198252800109913e+01	1.920634633433600769e+01	1.878989987633715941e+01	1.926730690508689392e+01	1.980890190769364523e+01	1.891310541563366243e+01	1.896627913378357633e+01	1.926576371679483657e+01	1.874294238143611935e+01	1.891996717543497297e+01	1.956984646724145804e+01	1.930735952519519216e+01	1.997946754494433463e+01	1.923665226329450206e+01	1.917648127491946042e+01	1.966618595335583564e+01	1.923457279692523869e+01	1.951121459112190237e+01	1.936933714309608945e+01	1.948835559763924508e+01
2.060584950383531222e+01	2.003961180761818284e+01	2.011465120758769487e+01	2.046159049231080829e+01	1.975103589477730992e+01	1.965167649955628804e+01	3.074828043211097395e+01	2.004200981048231611e+01	2.009621705884888243e+01	2.002628289605143763e+01	2.021275974777625350e+01	2.062608132969647912e+01	2.007410878748483540e+01	2.032432661662747364e+01	1.969439891553721012e+01	2.024403696220988635e+01	2.054847352788412351e+01	1.985580979593867923e+01	2.014174061478482258e+01	1.998134270933892864e+01	2.017975797679592631e+01	2.055728567918852789e+01	2.038335394513576304e+01	1.970226836554821404e+01	1.988951367437172379e+01	1.995042888025293237e+01	2.014879443779446433e+01	1.995171130407008420e+01	1.989738331338644883e+01	2.058890152100130067e+01	1.946908862508728788e+01	1.935261046796894746e+01	1.970236503353892488e+01	2.011000476427714645e+01	1.989790931887120351e+01	1.957158465598286057e+01	1.976608358455964165e+01	2.007966472031955263e+01	1.957807305909692275e+01	1.952501170196605074e+01	2.032414073888714512e+01	2.014608852066008282e+01	2.052608834414107264e+01	1.963617080085380451e+01	1.991278238447289084e+01	2.032413256164510784e+01	2.005135924161761807e+01	1.984426314991023688e+01	2.035551105470635846e+01	1.991669540617199985e+01
2.053897985966364104e+01	2.016554363237829506e+01	2.035647663325565304e+01	2.010448932177936143e+01	1.993965380567295753e+01	1.964495735822927358e+01	2.004200981048231611e+01	2.983764738563469621e+01	1.983681013435870710e+01	1.984928293889577589e+01	2.006137114783719966e+01	2.023746100134335180e+01	1.986885074831414499e+01	1.994677234860606774e+01	2.008954767257278462e+01	2.005007801631929709e+01	2.025451715791375662e+01	1.993464660533299337e+01	2.022033331709713977e+01	2.030441663743754432e+01	1.985247002219900025e+01	2.027789785976511183e+01	2.051529197358512135e+01	1.988463120491144309e+01	2.057689646008712359e+01	2.005882519671814634e+01	2.009994561027131965e+01	2.060068741630166400e+01	2.056348343240424725e+01	2.046181216362413835e+01	1.944356781456378869e+01	2.016087051636261762e+01	1.965395060108486192e+01	2.030451412519517262e+01	1.997536928285680347e+01	1.984579481123150302e+01	1.991604535394450792e+01	2.039855695877457364e+01	1.950616057501181544e+01	2.016833082574108715e+01	2.012193864824409673e+01	2.019722226289102451e+01	2.066516222060276320e+01	1.974884596788447766e+01	2.034656554572298859e+01	2.009603666098263730e+01	1.970213609108554564e+01	1.987001089738886961e+01	1.994290348889806097e+01	1.973504130607209461e+01
2.015549559552289338e+01	2.021692739395038174e+01	2.011718846032501418e+01	1.989494016686717615e+01	1.969603549086559369e+01	1.907057309480252982e+01	2.009621705884888243e+01	1.983681013435870710e+01	2.990668247196142104e+01	1.940279728077303645e+01	2.037038116429929602e+01	1.994154810008541290e+01	2.005564328736526392e+01	1.953170717271841639e+01	1.960129572045592994e+01	1.984647933790080998e+01	1.985013407481153891e+01	1.951314343077165248e+01	2.041260427566061253e+01	2.027823822609248339e+01	1.979759417790853249e+01	2.025669298790252171e+01	2.040433588678361332e+01	1.970793971473615258e+01	2.010560033064919949e+01	1.961195054451677322e+01	1.976793890295072487e+01	2.007567040099462830e+01	2.014522209246585760e+01	2.037140694149735864e+01	1.957510008298819670e+01	1.959728256678487313e+01	1.959243922343630473e+01	1.959094301008472172e+01	1.990615257361827517e+01	1.972107561032669665e+01	1.926731069013962028e+01	2.028823381290543182e+01	1.903469247829765365e+01	1.962180278779273834e+01	2.025432286040594576e+01	1.991297334769815919e+01	2.058347987785503719e+01	1.973958515535175806e+01	1.989525479460391821e+01	2.026626083076726204e+01	1.941617833255377690e+01	1.997170789306305494e+01	2.015658139472194321e+01	2.010385589395223604e+01
2.008134366826286055e+01	1.970006707510767541e+01	1.976434748853825596e+01	1.988921356562423171e+01	1.963113319317919903e+01	1.880372172570648459e+01	2.002628289605143763e+01	1.984928293889577589e+01	1.940279728077303645e+01	2.884719375300386091e+01	2.011408707717363242e+01	2.011059468082711277e+01	1.978072900831388736e+01	1.964487050928477530e+01	1.945830893505015524e+01	1.940508424716767166e+01	1.996180881589900480e+01	1.909014023715279862e+01	1.975506494401794555e+01	1.993079618246607865e+01	1.963232603856138425e+01	1.980433883536541373e+01	2.021851832393734227e+01	1.956289525786974082e+01	1.987960571033331192e+01	1.945119459398498307e+01	1.910489052768853213e+01	2.026548417699649463e+01	1.972291458724282975e+01	2.009448442188875461e+01	1.896164946164651255e+01	1.950515294003681177e+01	1.922671607133102256e+01	1.984864366468931962e+01	1.950600996021059430e+01	1.932467065170491338e+01	1.957801218707922430e+01	1.987259292184848292e+01	1.885586029849002188e+01	1.960864610989243673e+01	2.001285021021006472e+01	1.973978520079821308e+01	2.008638792004152407e+01	1.988576519746722937e+01	1.953685121572421579e+01	1.997800833365885609e+01	1.942002463859201100e+01	1.986060104722491104e+01	1.980348859961605967e+01	1.971236103712275067e+01
2.023607868662467979e+01	2.061661399189125987e+01	2.069074111143187267e+01	2.017002251361635956e+01	1.988760339821202905e+01	1.953562361930660884e+01	2.021275974777625350e+01	2.006137114783719966e+01	2.037038116429929602e+01	2.011408707717363242e+01	2.980273150512028835e+01	2.037867836940842636e+01	2.025922980437922050e+01	2.024096192622532087e+01	1.974278379303766329e+01	2.051746129019432985e+01	2.034737465821448410e+01	1.983210028782077927e+01	2.037535679707434966e+01	2.050707165861767223e+01	2.056753408130057181e+01	2.050546016640195646e+01	2.060649865502775313e+01	1.999590799066329083e+01	2.057406482994944241e+01	2.005902618251733216e+01	2.044372177978893390e+01	2.046967264800326802e+01	2.028532658200535366e+01	2.068834047972580592e+01	1.942046653505199671e+01	2.058114566913942056e+01	2.003021253487957409e+01	2.009434406615570978e+01	2.024625231733497088e+01	1.992801237026861827e+01	2.006917811640117577e+01	2.087351262506647842e+01	1.921529561761953886e+01	2.000768545898604600e+01	2.048120941684898355e+01	2.035133693506844921e+01	2.116421599608796811e+01	2.014562282643737845e+01	1.971502345388353206e+01	2.028637854876311053e+01	1.998337501026344754e+01	2.022330847620123606e+01	2.029676857552933100e+01	2.014211112535515724e+01
2.066541897412135498e+01	2.002668668427826404e+01	2.008834804977570698e+01	2.037881463730469989e+01	2.039882338286452779e+01	1.941641302460488916e+01	2.062608132969647912e+01	2.023746100134335180e+01	1.994154810008541290e+01	2.011059468082711277e+01	2.037867836940842636e+01	3.018702479703171448e+01	2.019138538944110906e+01	2.008908812152836987e+01	2.011539050870759127e+01	2.040281727577558968e+01	2.038476499483066817e+01	2.038960781052007221e+01	2.073132677375325983e+01	2.038659587862478872e+01	2.053324282391141153e+01	2.014291603671562925e+01	2.048404229233510421e+01	2.085567898268423903e+01	2.059814042946401003e+01	2.039078290436804508e+01	2.046580481739899326e+01	2.032452028243917397e+01	2.030782362306707611e+01	2.063466920576545505e+01	1.946514402913363639e+01	2.002064515765572494e+01	2.007491740284517689e+01	2.060549504402387910e+01	2.019909929543608129e+01	2.019230332132426753e+01	1.962933926219465164e+01	2.020735584032921039e+01	1.977647067969138561e+01	1.992462678804268705e+01	2.084711456420325248e+01	2.039788707918352983e+01	2.067939182302124479e+01	1.977361052449000312e+01	2.044473510588337106e+01	2.026070515771368719e+01	1.979598393544354451e+01	2.059682986784164527e+01	2.051264352673118552e+01	1.994429242156016002e+01
2.004713989594731771e+01	2.018710016895164117e+01	1.991398723389335146e+01	1.986122106483293592e+01	1.993551874311764394e+01	1.914961549003553642e+01	2.007410878748483540e+01	1.986885074831414499e+01	2.005564328736526392e+01	1.978072900831388736e+01	2.025922980437922050e+01	2.019138538944110906e+01	2.932171531208468451e+01	1.974538383504931360e+01	1.978020156552731379e+01	2.001450890534997029e+01	2.025800640464644786e+01	1.963403259611733276e+01	1.994006202305691744e+01	2.039635610994981718e+01	1.998449807799368116e+01	2.032573122234179053e+01	2.002990422928702685e+01	1.980080554575626550e+01	2.027588176579269330e+01	1.981910231915303200e+01	1.985610701773282827e+01	2.024205596910666216e+01	2.017752942101824942e+01	2.014674917363200279e+01	1.914769908124671716e+01	1.987152356163286271e+01	1.961569381846454618e+01	1.975550217361749361e+01	1.986478947492854985e+01	1.973110643144557130e+01	1.943877383218074684e+01	1.982053316377802687e+01	1.940429880893013959e+01	1.971616963497156760e+01	1.991218325143929846e+01	1.974267946026753862e+01	2.073192492792431452e+01	1.969933190116491772e+01	1.959374646528688757e+01	1.980633472305076381e+01	1.916703858719450082e+01	1.982989449955147876e+01	2.004366424531667690e+01	1.941664390034074117e+01
1.983441772463813990e+01	2.018242901570954118e+01	1.980463250682338483e+01	1.966967914144952090e+01	1.947574800415317142e+01	1.928781911017273742e+01	2.032432661662747364e+01	1.994677234860606774e+01	1.953170717271841639e+01	1.964487050928477530e+01	2.024096192622532087e+01	2.008908812152836987e+01	1.974538383504931360e+01	2.952867975564247516e+01	1.989051906387066282e+01	1.999300647322319335e+01	2.016216736936331699e+01	1.985053870684292932e+01	2.029617334423609520e+01	2.005880231947986303e+01	1.996537151570362667e+01	1.999685977572586282e+01	2.012799437763985821e+01	1.955890573806692245e+01	2.038836547727180815e+01	1.986418632805340323e+01	1.960378352935359203e+01	2.006813524761120959e+01	2.004718121328537350e+01	2.006291524879987165e+01	1.922259703297631717e+01	1.969224481911167857e+01	1.941469476023012319e+01	2.010486032780363885e+01	1.944358450784460146e+01	1.947553896094696313e+01	1.937658459828274005e+01	2.033557414078441639e+01	1.930301220316081157e+01	1.938135664704735817e+01	1.996306316824964355e+01	1.990104033004737616e+01	2.015893527676823282e+01	1.964342798599968276e+01	1.995899246301809526e+01	1.973486146597378621e+01	1.980313085522024252e+01	1.993988610646241355e+01	2.000912483742551018e+01	1.976683174893070571e+01
2.018564437726332983e+01	2.033832657631129948e+01	2.025131305110522817e+01	1.933756534177149433e+01	1.940113216494109238e+01	1.934509897567097880e+01	1.969439891553721012e+01	2.008954767257278462e+01	1.960129572045592994e+01	1.945830893505015524e+01	1.974278379303766329e+01	2.011539050870759127e+01	1.978020156552731379e+01	1.989051906387066282e+01	2.917195442453700593e+01	1.999293617598347694e+01	1.994096490341496164e+01	1.936062274966404217e+01	1.957905327858509281e+01	1.980377876528271130e+01	2.001170414202829306e+01	1.969021516296623986e+01	2.007375430171120456e+01	1.956898644004075649e+01	1.972605908401139985e+01	1.976006177490907234e+01	1.971279412924647900e+01	1.991505930558608739e+01	1.976678968774854539e+01	1.995601245007814484e+01	1.906129696823952457e+01	1.962733024965747219e+01	1.893447926062027875e+01	1.948613440117805240e+01	1.937744680303437761e+01	1.949432282775327252e+01	1.948255110547200530e+01	1.984875052950759056e+01	1.919856622308363825e+01	1.951540682038015717e+01	2.026369209755747747e+01	1.976606080150290268e+01	2.031072688126640813e+01	1.906049240747021756e+01	1.968597355497573176e+01	2.005936624750835051e+01	1.912273083978742605e+01	1.968209289070482981e+01	1.983163557525260856e+01	2.001416915394200302e+01
2.049999523434696513e+01	2.025239245936946020e+01	2.005756284654322386e+01	1.969912301973379698e+01	1.950402330511280979e+01	1.924461473714293192e+01	2.024403696220988635e+01	2.005007801631929709e+01	1.984647933790080998e+01	1.940508424716767166e+01	2.051746129019432985e+01	2.040281727577558968e+01	2.001450890534997029e+01	1.999300647322319335e+01	1.999293617598347694e+01	2.957339528099688408e+01	2.009806713118848975e+01	1.979313901022153388e+01	2.005575918011097514e+01	2.022745406515672784e+01	2.009961326417162653e+01	2.043383391773748059e+01	2.051590702648472586e+01	1.983671924383761720e+01	1.977026471377559247e+01	1.992996141788027842e+01	2.010839268520002321e+01	2.000085875860307993e+01	2.044381599213219403e+01	2.028981397712365720e+01	1.929771880144642182e+01	2.016473530554502602e+01	1.951790661866871091e+01	1.972875809034070116e+01	1.999033675775385532e+01	1.972635379699607228e+01	1.968529047881131788e+01	2.010968633990730225e+01	1.921077377485319815e+01	1.944961946421311794e+01	2.043382132133335460e+01	1.978696665801727050e+01	2.053291805928682834e+01	2.009060297717154242e+01	1.988929144341283717e+01	2.017544014241662964e+01	1.953010950623353992e+01	2.004743887460770324e+01	2.000667391105777781e+01	2.013160674809839890e+01
2.040953354394455488e+01	2.013386979336142346e+01	2.051149682775733041e+01	1.981355889203810605e+01	1.993210840052932298e+01	1.930896611374425831e+01	2.054847352788412351e+01	2.025451715791375662e+01	1.985013407481153891e+01	1.996180881589900480e+01	2.034737465821448410e+01	2.038476499483066817e+01	2.025800640464644786e+01	2.016216736936331699e+01	1.994096490341496164e+01	2.009806713118848975e+01	2.998161465810495585e+01	1.969777082142980973e+01	2.065450043531713575e+01	2.034321401608855240e+01	1.989264395436698152e+01	2.036323189149053547e+01	2.040836486242910652e+01	1.974462097689877993e+01	2.056595850149223992e+01	2.004099552886616920e+01	2.014278777483665195e+01	2.044564966343456192e+01	2.044620750570294021e+01	2.053571558117889850e+01	1.933990158996009256e+01	2.046390784519307005e+01	1.994484369976024851e+01	2.017346108734782462e+01	1.972299248052273768e+01	1.961988782377456531e+01	1.973475355418530697e+01	2.051171809081161257e+01	1.930710859894477593e+01	1.977650728074166864e+01	2.074426671970738312e+01	2.012860247446923267e+01	2.092788263194866971e+01	2.010336906187866646e+01	2.017050448476095781e+01	2.017110920345806591e+01	2.009323388315626957e+01	2.008523403563049214e+01	2.020802708478390741e+01	1.999068627530857967e+01
2.004596710164029716e+01	1.959835837386378188e+01	1.997557902679946551e+01	1.964674699842968764e+01	1.931815616831133298e+01	1.888010323468398610e+01	1.985580979593867923e+01	1.993464660533299337e+01	1.951314343077165248e+01	1.909014023715279862e+01	1.983210028782077927e+01	2.038960781052007221e+01	1.963403259611733276e+01	1.985053870684292932e+01	1.936062274966404217e+01	1.979313901022153388e+01	1.969777082142980973e+01	2.972066899766470627e+01	2.039488984265949867e+01	2.034174287539519099e+01	1.960421275503512462e+01	1.996628358595661368e+01	2.015307013453200824e+01	1.980005293134084354e+01	2.010890267268586484e+01	1.989022759696600318e+01	1.974908639103275476e+01	1.996349774609577565e+01	1.992628897719225023e+01	1.999323784930313508e+01	1.925463201472791397e+01	1.955437400350760413e+01	1.977025044541779408e+01	1.975310806977742928e+01	1.996562288218392212e+01	1.982222294295467790e+01	1.934502677679080662e+01	2.011977242986439762e+01	1.926659723275024305e+01	1.952790609201591820e+01	2.021597696988649062e+01	1.982363901845201326e+01	2.017719413219582236e+01	1.961789586581780753e+01	1.963834852171893175e+01	2.000039943927743025e+01	1.943159140085508696e+01	1.955772940630760459e+01	2.002779017405097051e+01	1.992780412700241044e+01
2.044646654497444871e+01	2.031991160186869649e+01	2.030698748167406720e+01	2.008054829414762921e+01	2.008062939902186983e+01	1.977301355632267033e+01	2.014174061478482258e+01	2.022033331709713977e+01	2.041260427566061253e+01	1.975506494401794555e+01	2.037535679707434966e+01	2.073132677375325983e+01	1.994006202305691744e+01	2.029617334423609520e+01	1.957905327858509281e+01	2.005575918011097514e+01	2.065450043531713575e+01	2.039488984265949867e+01	3.003890336995281984e+01	2.036841488623554497e+01	2.057834254204543356e+01	2.056154517989327246e+01	2.057642716848776843e+01	2.044760965152525145e+01	2.035415984171073234e+01	1.988527844533178879e+01	2.024948064715006169e+01	2.032097700935861440e+01	2.065673467287113496e+01	2.068734906180814548e+01	1.985162253411295197e+01	2.000295634003886036e+01	1.998712586760046506e+01	2.038032172522325780e+01	1.999486043239699029e+01	1.999352114608445774e+01	1.957820692229406134e+01	2.068429142733277715e+01	1.983676752530411491e+01	2.003036891295413824e+01	2.048169220881797870e+01	2.036985301760621070e+01	2.068634978872972496e+01	1.999573092513719175e+01	2.013067317810152801e+01	2.056681043673430764e+01	1.968713101246784092e+01	1.999859836700588289e+01	2.037329003304843411e+01	2.032806855078059982e+01
2.024452746537632919e+01	2.024696980204270957e+01	2.020107303630383200e+01	1.983976031177767041e+01	1.991171004675435796e+01	1.934924915443976090e+01	1.998134270933892864e+01	2.030441663743754432e+01	2.027823822609248339e+01	1.993079618246607865e+01	2.050707165861767223e+01	2.038659587862478872e+01	2.039635610994981718e+01	2.005880231947986303e+01	1.980377876528271130e+01	2.022745406515672784e+01	2.034321401608855240e+01	2.034174287539519099e+01	2.036841488623554497e+01	3.040747295873908485e+01	2.029154463584378476e+01	2.010451169175056663e+01	2.085976522008867917e+01	2.015026248997552827e+01	2.051484026422946272e+01	2.021703944084968896e+01	1.979261963056226392e+01	2.031361219862320411e+01	2.014788943624107276e+01	2.072039322377301929e+01	1.940710198873437875e+01	2.012680869883255141e+01	1.963899137147000928e+01	2.031618794677667594e+01	2.030931165424614804e+01	2.028754649030547341e+01	1.975067131774855866e+01	2.044991815615183484e+01	1.956591206728681342e+01	1.979696702521850682e+01	2.085876494726888453e+01	2.050344231350383239e+01	2.129913263236408483e+01	1.968392001531655211e+01	2.019619116474336451e+01	2.017968941466935107e+01	1.962876612288287959e+01	2.014243031478498125e+01	2.051264589536975436e+01	1.975893809120004363e+01
1.992627622121671038e+01	1.988765307678417926e+01	1.986796845999235472e+01	2.026667713449771213e+01	1.968581886296894012e+01	1.944580225255586470e+01	2.017975797679592631e+01	1.985247002219900025e+01	1.979759417790853249e+01	1.963232603856138425e+01	2.056753408130057181e+01	2.053324282391141153e+01	1.998449807799368116e+01	1.996537151570362667e+01	2.001170414202829306e+01	2.009961326417162653e+01	1.989264395436698152e+01	1.960421275503512462e+01	2.057834254204543356e+01	2.029154463584378476e+01	2.967539925800052814e+01	2.055204642972590534e+01	2.039492746988976180e+01	2.013051086298806780e+01	2.051064091953199409e+01	1.999362532138334103e+01	1.982011063155283637e+01	1.980988717071517158e+01	2.006517695477013419e+01	2.061035995819262823e+01	1.969200084419452779e+01	1.996453011351757567e+01	1.985762615201491599e+01	2.016119338938004546e+01	1.978496511728015506e+01	1.981838645630854145e+01	1.935139551205401176e+01	2.030122362642499567e+01	1.953629390261344057e+01	1.977303793488907147e+01	2.007524173387040989e+01	2.003987897548352137e+01	2.053164427486562005e+01	1.956567739784535220e+01	1.989957316185263281e+01	1.996483683173907409e+01	1.943490343180025093e+01	2.012611639747765224e+01	1.995877810842090128e+01	2.004885482140872455e+01
2.039626514188271855e+01	2.087263466802751566e+01	2.040093971212908031e+01	2.020274445049784973e+01	1.969789809413815007e+01	1.984010708024173297e+01	2.055728567918852789e+01	2.027789785976511183e+01	2.025669298790252171e+01	1.980433883536541373e+01	2.050546016640195646e+01	2.014291603671562925e+01	2.032573122234179053e+01	1.999685977572586282e+01	1.969021516296623986e+01	2.043383391773748059e+01	2.036323189149053547e+01	1.996628358595661368e+01	2.056154517989327246e+01	2.010451169175056663e+01	2.055204642972590534e+01	3.026692311293610871e+01	2.062924680268478994e+01	2.029124933307525325e+01	2.082698342287361726e+01	1.989335503117888848e+01	2.050978348249883254e+01	2.065103937838799553e+01	2.042695100955651100e+01	2.057369658266443224e+01	1.990670383360018292e+01	2.008197866938344234e+01	1.970252913489824209e+01	2.005558474368385546e+01	2.033936502647989997e+01	1.968104172901970728e+01	1.996254690816577337e+01	2.053384392060333496e+01	1.976235487717137573e+01	2.002838183837241814e+01	2.039910020608780883e+01	2.046543712159217066e+01	2.066279385418193826e+01	2.012860548334285937e+01	2.004033084545411469e+01	2.046199633672841856e+01	2.006226649142688956e+01	2.018897262614444443e+01	2.060059827513401132e+01	2.020996587835591640e+01
2.048638041461429182e+01	2.059195284642250456e+01	2.048506708140084953e+01	2.038441342194023065e+01	2.019760760170884240e+01	1.992032371175281114e+01	2.038335394513576304e+01	2.051529197358512135e+01	2.040433588678361332e+01	2.021851832393734227e+01	2.060649865502775313e+01	2.048404229233510421e+01	2.002990422928702685e+01	2.012799437763985821e+01	2.007375430171120456e+01	2.051590702648472586e+01	2.040836486242910652e+01	2.015307013453200824e+01	2.057642716848776843e+01	2.085976522008867917e+01	2.039492746988976180e+01	2.062924680268478994e+01	3.000403028416145901e+01	2.050716521733622244e+01	2.064043156580379446e+01	2.032040840745672483e+01	2.038279575560954981e+01	2.058036452258406612e+01	2.053835152665845598e+01	2.063941735755225437e+01	1.998598860355846440e+01	2.044573788765027444e+01	1.993349161116477930e+01	2.059903043028210590e+01	2.033971685748065994e+01	1.989998361611779387e+01	2.000503963905877569e+01	2.076848947944723633e+01	1.976680357970132107e+01	2.029675002179113719e+01	2.089095911747808287e+01	2.070645292647504476e+01	2.135674787680592956e+01	2.002074935257172328e+01	2.019449334949150554e+01	2.065056631348762295e+01	2.026270791251818437e+01	2.021098003189681691e+01	2.045712603435224253e+01	2.056010110209449593e+01
2.024623043952209756e+01	2.005499575611684904e+01	1.975780783232004012e+01	2.021814649140903697e+01	1.943686032389617324e+01	1.890131606945507414e+01	1.970226836554821404e+01	1.988463120491144309e+01	1.970793971473615258e+01	1.956289525786974082e+01	1.999590799066329083e+01	2.085567898268423903e+01	1.980080554575626550e+01	1.955890573806692245e+01	1.956898644004075649e+01	1.983671924383761720e+01	1.974462097689877993e+01	1.980005293134084354e+01	2.044760965152525145e+01	2.015026248997552827e+01	2.013051086298806780e+01	2.029124933307525325e+01	2.050716521733622244e+01	2.957536828845026378e+01	2.012705696832599500e+01	1.994326330874686803e+01	2.021498114061707341e+01	2.043072119567227674e+01	1.971116308785363458e+01	2.001247667800815933e+01	1.963431626749312287e+01	2.001659289391625407e+01	1.951627494592931455e+01	2.004109006141895577e+01	1.989199883346833175e+01	1.953844601161740258e+01	1.943756908284186480e+01	2.001037851897552855e+01	1.888453510529758361e+01	1.965013192621528404e+01	2.032533238778218276e+01	2.014012091556265105e+01	2.049219909571210252e+01	1.948749157195855375e+01	1.983135898421329912e+01	2.018933518124302395e+01	1.928731022573920839e+01	1.997400474994443798e+01	2.000242924785937149e+01	2.006980074419855953e+01
2.095237686325619819e+01	2.039625988747716434e+01	2.037920206341304308e+01	2.020927364911335289e+01	1.977282845719429005e+01	1.953094996590636612e+01	1.988951367437172379e+01	2.057689646008712359e+01	2.010560033064919949e+01	1.987960571033331192e+01	2.057406482994944241e+01	2.059814042946401003e+01	2.027588176579269330e+01	2.038836547727180815e+01	1.972605908401139985e+01	1.977026471377559247e+01	2.056595850149223992e+01	2.010890267268586484e+01	2.035415984171073234e+01	2.051484026422946272e+01	2.051064091953199409e+01	2.082698342287361726e+01	2.064043156580379446e+01	2.012705696832599500e+01	3.084770323358877064e+01	2.021179379212873783e+01	2.022658002058818383e+01	2.071410495150788122e+01	2.028119033588413345e+01	2.067142435232519304e+01	1.973384076303446122e+01	2.016557337277084372e+01	1.991879011203462113e+01	2.030302389749797953e+01	2.034385407616203878e+01	1.958480031556554835e+01	1.955973052872787221e+01	2.080588219088059176e+01	1.948431736102751799e+01	1.969333225846828839e+01	2.065700221347207588e+01	2.063020534342010492e+01	2.091986714176356443e+01	1.966740460879501029e+01	2.018729759804204349e+01	2.010990259977503314e+01	2.014983293653763852e+01	1.986828383723572244e+01	2.041176193650447956e+01	2.012505497480315597e+01
2.012290269701649947e+01	1.971683605437785047e+01	1.976567902352946504e+01	1.962278500771549261e+01	1.968256486697268670e+01	1.924790795294448742e+01	1.995042888025293237e+01	2.005882519671814634e+01	1.961195054451677322e+01	1.945119459398498307e+01	2.005902618251733216e+01	2.039078290436804508e+01	1.981910231915303200e+01	1.986418632805340323e+01	1.976006177490907234e+01	1.992996141788027842e+01	2.004099552886616920e+01	1.989022759696600318e+01	1.988527844533178879e+01	2.021703944084968896e+01	1.999362532138334103e+01	1.989335503117888848e+01	2.032040840745672483e+01	1.994326330874686803e+01	2.021179379212873783e+01	2.970946555600182393e+01	2.010199839062878624e+01	1.998524771053367743e+01	2.028607927308722481e+01	2.024001500314670920e+01	1.909550289854207961e+01	1.966994806212208502e+01	1.963749652643873844e+01	2.028115627559785139e+01	1.993538718973819002e+01	1.975160555945399921e+01	1.942748413794394224e+01	2.010553216380910513e+01	1.930682589454285036e+01	1.977422872561273692e+01	1.987197935408832450e+01	1.972642509168315783e+01	2.009810621052191237e+01	1.961307619700949090e+01	2.003185536206438044e+01	2.033993651398183289e+01	1.962234005763214029e+01	1.944542286629674166e+01	1.975832734344615815e+01	1.966942889240762682e+01
2.021619718919302144e+01	2.017334194751616749e+01	2.052283851853542274e+01	2.013497379900821826e+01	1.953251508300207817e+01	1.943835270958252082e+01	2.014879443779446433e+01	2.009994561027131965e+01	1.976793890295072487e+01	1.910489052768853213e+01	2.044372177978893390e+01	2.046580481739899326e+01	1.985610701773282827e+01	1.960378352935359203e+01	1.971279412924647900e+01	2.010839268520002321e+01	2.014278777483665195e+01	1.974908639103275476e+01	2.024948064715006169e+01	1.979261963056226392e+01	1.982011063155283637e+01	2.050978348249883254e+01	2.038279575560954981e+01	2.021498114061707341e+01	2.022658002058818383e+01	2.010199839062878624e+01	3.019693280143077629e+01	2.049682611587706305e+01	2.010864157705703903e+01	2.031177907627960266e+01	1.944006563068349536e+01	2.016172451657210729e+01	1.968360185180814526e+01	2.002722451347306531e+01	1.989293223273981681e+01	1.972914463275165886e+01	1.969054259479104729e+01	2.057284486641076882e+01	1.935907776977915873e+01	1.946122252617808002e+01	2.047778366650114279e+01	1.973747979507462702e+01	1.999442195820467560e+01	2.013403788052685073e+01	2.029367388043962350e+01	1.996553294578618321e+01	1.966901894770152026e+01	1.974663612701206361e+01	2.012885847592427524e+01	1.984897835123820187e+01
2.043869794241640037e+01	2.012099518827910316e+01	2.040927769598997799e+01	2.054970304640038492e+01	1.972269070228228927e+01	1.969422133889464632e+01	1.995171130407008420e+01	2.060068741630166400e+01	2.007567040099462830e+01	2.026548417699649463e+01	2.046967264800326802e+01	2.032452028243917397e+01	2.024205596910666216e+01	2.006813524761120959e+01	1.991505930558608739e+01	2.000085875860307993e+01	2.044564966343456192e+01	1.996349774609577565e+01	2.032097700935861440e+01	2.031361219862320411e+01	1.980988717071517158e+01	2.065103937838799553e+01	2.058036452258406612e+01	2.043072119567227674e+01	2.071410495150788122e+01	1.998524771053367743e+01	2.049682611587706305e+01	3.008182320023913192e+01	2.057951080761559481e+01	2.066452681230380506e+01	1.994590727862374635e+01	2.027986402462711979e+01	1.993445953211239186e+01	2.028474846627414507e+01	1.998942045882172991e+01	2.013147504735584192e+01	1.975586533903177511e+01	2.052811599446838287e+01	1.943255736399657962e+01	1.969125665368882494e+01	2.038929519146676128e+01	2.045832548896105507e+01	2.054628784725245083e+01	1.975719014149879982e+01	2.033121686107712378e+01	2.075730940875542885e+01	1.982200862708345213e+01	2.022122862921559161e+01	2.031870352731924356e+01	2.048053550708255344e+01
1.999995558958225317e+01	2.049823555763780192e+01	2.007192581849259483e+01	2.017118765944490022e+01	2.028523758427092716e+01	1.940672662242054969e+01	1.989738331338644883e+01	2.056348343240424725e+01	2.014522209246585760e+01	1.972291458724282975e+01	2.028532658200535366e+01	2.030782362306707611e+01	2.017752942101824942e+01	2.004718121328537350e+01	1.976678968774854539e+01	2.044381599213219403e+01	2.044620750570294021e+01	1.992628897719225023e+01	2.065673467287113496e+01	2.014788943624107276e+01	2.006517695477013419e+01	2.042695100955651100e+01	2.053835152665845598e+01	1.971116308785363458e+01	2.028119033588413345e+01	2.028607927308722481e+01	2.010864157705703903e+01	2.057951080761559481e+01	3.041146095977097730e+01	2.049988107219298072e+01	2.003652369375611997e+01	2.016793885598060498e+01	1.977591507861458453e+01	2.007393622689410861e+01	1.993132426140267199e+01	1.989971120183797737e+01	1.969252372659649097e+01	2.084820590054842171e+01	1.961256779492141433e+01	1.970872501286611822e+01	2.048871448852092669e+01	2.014531319813085375e+01	2.061499979973098107e+01	1.977598124758703335e+01	1.997813645674885308e+01	2.025607740461789419e+01	1.960182769121706414e+01	2.000100665856543358e+01	1.996464261861862255e+01	2.017640141897678774e+01
2.039341020474005006e+01	2.057260428202803837e+01	2.049297061267235520e+01	2.027534790700605782e+01	1.987814482019589235e+01	1.970606999959034766e+01	2.058890152100130067e+01	2.046181216362413835e+01	2.037140694149735864e+01	2.009448442188875461e+01	2.068834047972580592e+01	2.063466920576545505e+01	2.014674917363200279e+01	2.006291524879987165e+01	1.995601245007814484e+01	2.028981397712365720e+01	2.053571558117889850e+01	1.999323784930313508e+01	2.068734906180814548e+01	2.072039322377301929e+01	2.061035995819262823e+01	2.057369658266443224e+01	2.063941735755225437e+01	2.001247667800815933e+01	2.067142435232519304e+01	2.024001500314670920e+01	2.031177907627960266e+01	2.066452681230380506e+01	2.049988107219298072e+01	3.098357119057763143e+01	1.951445483075554677e+01	2.008589996337884998e+01	2.001373305000486624e+01	2.038576240686202112e+01	2.015186714477469820e+01	2.011179264223933671e+01	1.986944928999489335e+01	2.053219686170726632e+01	1.974581529624296294e+01	1.997753306393866168e+01	2.073662344705848071e+01	2.048609792137012775e+01	2.064060733711141538e+01	1.976010460086487797e+01	2.008944903929215542e+01	2.029968990493717484e+01	1.988208310638384901e+01	2.016956768834212355e+01	2.074611305461397137e+01	2.038130278884907298e+01
1.992241090135512849e+01	1.977445087552347758e+01	1.988306624641259290e+01	1.950786166876581618e+01	1.896661826967572395e+01	1.865198252800109913e+01	1.946908862508728788e+01	1.944356781456378869e+01	1.957510008298819670e+01	1.896164946164651255e+01	1.942046653505199671e+01	1.946514402913363639e+01	1.914769908124671716e+01	1.922259703297631717e+01	1.906129696823952457e+01	1.929771880144642182e+01	1.933990158996009256e+01	1.925463201472791397e+01	1.985162253411295197e+01	1.940710198873437875e+01	1.969200084419452779e+01	1.990670383360018292e+01	1.998598860355846440e+01	1.963431626749312287e+01	1.973384076303446122e+01	1.909550289854207961e+01	1.944006563068349536e+01	1.994590727862374635e+01	2.003652369375611997e+01	1.951445483075554677e+01	2.882140448871655281e+01	1.970771095633415726e+01	1.905331935505364171e+01	1.979526036196629946e+01	1.962507318573435100e+01	1.936879480849669477e+01	1.905893671192767869e+01	1.970036325337591876e+01	1.939551966613707634e+01	1.906598461461287641e+01	2.006158863871181097e+01	1.987605326773858039e+01	2.005198207880171068e+01	1.930219299735504634e+01	1.930213018963682714e+01	1.946832094682409675e+01	1.907286051349412048e+01	1.942149483206308958e+01	1.924539056111739654e+01	1.957125011120189839e+01
2.012332480547397395e+01	2.020080659454352556e+01	1.992813821278761921e+01	1.992757687366574970e+01	1.943221271641588643e+01	1.920634633433600769e+01	1.935261046796894746e+01	2.016087051636261762e+01	1.959728256678487313e+01	1.950515294003681177e+01	2.058114566913942056e+01	2.002064515765572494e+01	1.987152356163286271e+01	1.969224481911167857e+01	1.962733024965747219e+01	2.016473530554502602e+01	2.046390784519307005e+01	1.955437400350760413e+01	2.000295634003886036e+01	2.012680869883255141e+01	1.996453011351757567e+01	2.008197866938344234e+01	2.044573788765027444e+01	2.001659289391625407e+01	2.016557337277084372e+01	1.966994806212208502e+01	2.016172451657210729e+01	2.027986402462711979e+01	2.016793885598060498e+01	2.008589996337884998e+01	1.970771095633415726e+01	2.942431568192127855e+01	1.950728776260411479e+01	2.006907934824893758e+01	2.003236110006946546e+01	1.974652289571915986e+01	1.935722457409383424e+01	2.013818088279400342e+01	1.880955800744659001e+01	1.926684653536310776e+01	2.039528145484921495e+01	2.016160719394972745e+01	2.025634376947555282e+01	1.956829065599987416e+01	1.959461183024876263e+01	2.006300768991826899e+01	1.964966977195458497e+01	1.995739504817215249e+01	1.993890831402022812e+01	1.951760482929621077e+01
