2.927290172845993155e+01	1.981097338417199438e+01	1.975893372490319777e+01	2.017197688654862020e+01	2.021194881793009657e+01	1.955372138665963888e+01	1.939757834821466531e+01	1.941159258977015156e+01	2.031050774557020944e+01	2.000754922642987310e+01	1.979177723363240915e+01	1.969772138203347822e+01	2.045516262205243407e+01	1.934610253037666894e+01	2.026871464456538874e+01	1.946222759193348750e+01	2.020888399837568628e+01	1.993501794356726720e+01	1.935086315293914083e+01	1.956608160739309810e+01	1.981844166561464604e+01	1.964238885292591519e+01	1.909318413009276938e+01	1.925555199643659776e+01	1.983423182452405342e+01	1.970827307645165050e+01	1.960534999204022810e+01	1.989635238470143719e+01	2.005077149245033397e+01	1.997297544462644581e+01	1.936120106708244748e+01	2.005727446116113200e+01	2.023760224749769066e+01	1.995072205637797325e+01	1.936842967790601122e+01	1.981229744840291218e+01	1.941539561982653339e+01	2.030901758859511119e+01	2.006107793290083308e+01	2.001558156304358960e+01	2.014309585848833706e+01	1.988605289544983989e+01	1.995140058710988740e+01	1.911237585993967514e+01	1.975730782393752349e+01	1.970735871184854560e+01	1.992141408726934770e+01	2.049854471992657423e+01	2.018037533209064094e+01	1.977258114194353311e+01
1.981097338417199438e+01	3.011563010494346315e+01	2.002514116542362643e+01	2.064124140845536814e+01	2.005379779626754910e+01	2.004176458603164690e+01	1.985728736509415526e+01	1.976692684036780889e+01	2.044082497188424696e+01	1.999659537473078075e+01	2.022331638737051662e+01	2.022128243374700318e+01	2.074303659271469513e+01	1.922417160205076314e+01	2.055831282661188908e+01	1.981613251906449946e+01	1.981382395812063990e+01	2.004850703079149454e+01	2.007684326932449181e+01	1.929719127684865043e+01	1.969864215413781494e+01	1.970419840458069771e+01	1.996721513401482540e+01	1.954392341309869252e+01	1.996611295539752007e+01	1.995206358786484202e+01	1.961675799963295930e+01	2.005372568721970694e+01	2.010253450254321805e+01	2.090632683927168145e+01	1.985661681801191492e+01	2.005878307541729910e+01	2.093630938932463081e+01	2.026556045938085404e+01	2.005608714797463676e+01	2.008461048799010840e+01	2.016189941908337602e+01	2.065973928085115219e+01	2.012800179787565824e+01	1.984707078981011108e+01	2.004643471283618439e+01	1.995872573841026920e+01	2.021988769572017475e+01	1.991775177232850069e+01	2.007085618993265186e+01	2.014370510681473903e+01	1.992976903299290825e+01	2.090616448108539061e+01	1.976491579800063292e+01	2.046004021644476012e+01
1.975893372490319777e+01	2.002514116542362643e+01	2.962480492984244407e+01	1.980801994468277272e+01	2.002054372695998197e+01	1.980453514041154506e+01	1.951629845161408383e+01	1.962456762487998674e+01	2.029420678166014014e+01	2.004671072575657575e+01	1.988049845078541367e+01	1.995482798344777819e+01	2.053234315902981422e+01	1.961510152943901986e+01	2.058946989087972312e+01	2.007204920602439557e+01	2.001561244282103047e+01	2.036950514976643944e+01	1.981715424567913431e+01	1.965281368603025314e+01	1.973872131218518788e+01	1.969024079091503054e+01	1.948502612615776997e+01	1.959665568996878093e+01	1.986390971830005725e+01	2.050652922755404362e+01	1.980943040857365389e+01	1.998703885819035264e+01	2.049637815636674532e+01	2.032727541344774380e+01	1.942855949577417007e+01	2.035750222073620108e+01	2.026218557258048136e+01	1.996313701953859621e+01	1.972591535551553221e+01	2.024775019344957272e+01	1.984364372541388022e+01	2.026769370327017583e+01	1.983057481362729035e+01	1.987423064852888999e+01	2.027403136097780134e+01	1.979788663043498431e+01	1.982324174185987786e+01	1.965771293583976487e+01	2.000177657141417242e+01	2.001012918224790127e+01	2.046592785513415436e+01	2.048896196022876381e+01	2.018167463652245885e+01	1.993912378761743298e+01
2.017197688654862020e+01	2.064124140845536814e+01	1.980801994468277272e+01	3.059934822751873895e+01	2.063671892990632983e+01	2.055734427339028514e+01	2.028749166870836262e+01	2.001018525893209699e+01	2.054799901179517718e+01	2.088691186341044315e+01	2.022531976889322891e+01	2.006601672826195326e+01	2.130479931201344002e+01	1.988383525574404231e+01	2.091612289122823398e+01	2.025313639030983381e+01	2.022877949854336066e+01	2.013840318015355280e+01	2.026958236309345196e+01	1.972240997458629863e+01	1.987145596607833653e+01	2.036742614198041679e+01	1.975566532085694860e+01	1.960320677626776131e+01	1.988481790425134932e+01	2.019039897905140180e+01	2.041738556461702814e+01	2.027343163709877771e+01	2.057496903434661562e+01	2.086107259168387529e+01	2.025637323383778465e+01	2.035571465597872276e+01	2.066172764645164861e+01	2.034497426260905328e+01	2.043419775975345942e+01	2.006253397757308932e+01	2.053750274144378096e+01	2.101523922147458734e+01	2.048309734528360693e+01	2.013152344907009805e+01	2.078977269779795023e+01	2.008216211838270482e+01	2.107840018483491207e+01	2.014435018033109515e+01	2.048492850424660716e+01	2.065859607822609689e+01	2.044250861734706248e+01	2.074922614811353228e+01	2.032724912411995533e+01	2.096203363655543583e+01
2.021194881793009657e+01	2.005379779626754910e+01	2.002054372695998197e+01	2.063671892990632983e+01	3.056329633964501369e+01	2.094882477377928609e+01	1.985159837864776122e+01	2.008309175006590763e+01	2.077576612315323956e+01	2.027008618525721317e+01	2.035170613223145963e+01	2.065829386394582912e+01	2.120048922651950463e+01	1.970767923278363654e+01	2.068766272627477676e+01	2.060269254570796349e+01	2.056894216192990754e+01	2.055174209741873526e+01	2.008773498762368348e+01	2.023120009096326299e+01	2.016527669667834743e+01	2.017295303884809243e+01	1.983753050895266412e+01	1.967977831598972216e+01	2.015764914175970191e+01	2.064940994310973821e+01	2.012376214361581361e+01	2.008342059126919565e+01	2.062020327609796411e+01	2.068155942196136010e+01	2.048266336916649877e+01	2.069168037587806808e+01	2.027315441570124932e+01	2.004045666670426584e+01	2.024109072261186171e+01	2.029939262310318071e+01	2.038834935585564168e+01	2.086046029263630786e+01	2.028190776096238679e+01	2.024630870694878126e+01	2.074048217732759269e+01	1.999640180959131897e+01	2.070134807144611244e+01	1.991369207135340602e+01	2.041671596226157703e+01	2.033582414784394388e+01	2.036548350730773294e+01	2.065718839124652462e+01	2.024337655023541060e+01	2.060271427716826054e+01
1.955372138665963888e+01	2.004176458603164690e+01	1.980453514041154506e+01	2.055734427339028514e+01	2.094882477377928609e+01	3.054293124703394469e+01	1.972077463089819105e+01	2.031413945870950144e+01	2.045252804860574969e+01	2.042981556020868439e+01	2.040703831543535074e+01	1.997705671249671866e+01	2.095825927796686372e+01	1.964608034476812648e+01	2.031988847065984416e+01	2.040040014712146643e+01	2.011957884537417129e+01	2.004757134743127978e+01	2.004868339047482451e+01	1.970628928040236971e+01	1.995618066633240417e+01	1.981497385657273469e+01	1.984770197208785447e+01	1.975967623560258346e+01	1.998196374654872187e+01	2.025901941503848036e+01	1.984586114718251793e+01	2.027245893940778743e+01	2.053232626404505012e+01	2.030716054789819580e+01	2.030868065603526773e+01	2.074622159286256107e+01	2.041830018923362644e+01	2.032210986241980066e+01	1.983741580312473118e+01	2.014709194865969621e+01	1.977250175037082869e+01	2.030501579579582838e+01	2.025236449068366085e+01	2.044953807979420901e+01	2.061204710056959755e+01	1.955323996556524335e+01	2.044608055969478144e+01	1.975166818879752739e+01	1.992484327025978175e+01	2.015279268302195703e+01	2.019674101684481116e+01	2.073726407431053431e+01	1.989754446250911002e+01	2.035799782385452161e+01
1.939757834821466531e+01	1.985728736509415526e+01	1.951629845161408383e+01	2.028749166870836262e+01	1.985159837864776122e+01	1.972077463089819105e+01	2.922256037181498201e+01	1.936481253195676899e+01	2.010339511559192971e+01	1.970339539133620477e+01	1.971946488718302959e+01	1.960565615152434660e+01	2.069903491971400911e+01	1.957908011315905128e+01	2.019908306855903390e+01	1.944579697292495979e+01	1.980691554899157225e+01	1.947889334800242978e+01	1.972778077906641769e+01	1.947575921182642844e+01	1.956826972460983427e+01	1.942681884509998014e+01	1.924696641503546601e+01	1.904041164378829265e+01	1.957840219461283127e+01	1.938423934708947272e+01	1.913203569303508544e+01	1.976638745570613409e+01	1.986213946753988324e+01	1.988691363026389070e+01	1.973896249238819323e+01	1.974836632685188675e+01	1.981218360304925241e+01	1.957167320869793059e+01	1.901275189518766240e+01	1.956851917550550368e+01	1.957344443252040733e+01	2.082179187128179620e+01	1.989499052777901866e+01	1.939360097769802493e+01	1.966368570922695724e+01	1.912342782106660621e+01	1.992166634299108807e+01	1.933151919581284517e+01	1.999727374861715035e+01	1.969189266086871015e+01	1.978260068164661689e+01	2.044428035501188745e+01	1.929765171364003606e+01	2.004054753227225305e+01
1.941159258977015156e+01	1.976692684036780889e+01	1.962456762487998674e+01	2.001018525893209699e+01	2.008309175006590763e+01	2.031413945870950144e+01	1.936481253195676899e+01	2.977779819471564338e+01	2.049418962684937284e+01	2.007393242343075812e+01	2.032316413606907446e+01	1.994694031990135841e+01	2.099732018282199064e+01	1.983395309228100345e+01	2.005274319256731630e+01	2.001700240938894737e+01	2.003467498533382241e+01	2.016454996660492327e+01	1.970940100227703340e+01	1.967969646407563644e+01	1.962015689320568157e+01	1.986069234343703727e+01	1.941560322907577074e+01	1.957829106107130457e+01	1.967170195419850742e+01	1.994780838815726298e+01	1.965026711300821916e+01	1.967094577637621811e+01	2.030235323893389676e+01	2.033656013200253554e+01	2.004827691856583272e+01	2.027081525522021721e+01	2.044738946549862746e+01	2.013351457321652660e+01	1.955608281553168126e+01	2.025624210267103464e+01	1.988963400685892324e+01	2.042339907016094358e+01	1.962895263103553845e+01	2.014043397828809745e+01	2.008368618928176730e+01	1.977719948647288462e+01	1.993768474094485299e+01	1.932031772969259364e+01	2.002200282809710430e+01	2.051587713423280235e+01	2.006531086265791686e+01	2.054025531666826154e+01	1.975780320864943462e+01	2.003855277358937315e+01
2.031050774557020944e+01	2.044082497188424696e+01	2.029420678166014014e+01	2.054799901179517718e+01	2.077576612315323956e+01	2.045252804860574969e+01	2.010339511559192971e+01	2.049418962684937284e+01	3.086128223795022052e+01	2.007911210775794686e+01	2.072810739825152027e+01	2.048536687271394285e+01	2.116077380875918124e+01	1.982953759397382143e+01	2.057760132395267050e+01	2.040237318189303650e+01	2.061325848153741092e+01	2.079014863379059364e+01	2.047896176257209078e+01	2.008630745810020457e+01	2.033498846790381620e+01	2.043400264830333057e+01	2.019564946187311705e+01	1.971202740817657073e+01	1.982934357681853754e+01	2.057204076610841881e+01	2.039317643138641500e+01	2.037590696344565799e+01	2.096049270941791676e+01	2.057501404488465369e+01	2.024351542160828288e+01	2.088817850205292714e+01	2.103796890295781452e+01	2.052639180365337168e+01	1.993788162869474689e+01	2.025051048835822343e+01	1.998503134322772112e+01	2.123737891337173878e+01	2.051712453548150705e+01	2.038680630161264418e+01	2.056325278124111833e+01	2.044552187597950166e+01	2.092239520454400648e+01	2.002425018524856881e+01	2.041249547085796223e+01	2.084273670206671625e+01	2.087290465642666248e+01	2.099486253272463898e+01	2.058802949221801626e+01	2.071824412457777953e+01
2.000754922642987310e+01	1.999659537473078075e+01	2.004671072575657575e+01	2.088691186341044315e+01	2.027008618525721317e+01	2.042981556020868439e+01	1.970339539133620477e+01	2.007393242343075812e+01	2.007911210775794686e+01	3.036237756183190939e+01	2.018759722406136703e+01	2.036589214383518964e+01	2.131862033468152262e+01	1.948342248324231818e+01	2.030615530166094729e+01	2.009135121169117966e+01	2.018342347800608749e+01	2.042703758264817182e+01	2.020479647993530392e+01	1.994170788142104556e+01	2.003794197370390506e+01	2.002573078199060674e+01	1.943657576833279776e+01	1.960540570132938498e+01	1.981726776140701674e+01	2.008637525206182417e+01	2.029078144931626326e+01	2.029946557600806045e+01	2.054767931213370957e+01	2.058303706597058280e+01	1.985661689916427619e+01	2.070828963239754827e+01	2.094438352737729048e+01	2.042874996820585309e+01	2.021253470720521861e+01	2.035749078763545938e+01	2.036777639334982837e+01	2.091972552336012114e+01	2.023514782543755075e+01	2.028759038441942408e+01	2.074634971752573520e+01	1.985017184655994171e+01	2.023647507271623880e+01	2.006223929267396144e+01	2.013134690466600674e+01	2.011322492178070576e+01	2.062960237164096000e+01	2.103828097007841436e+01	2.020912347919312424e+01	2.043075226254640597e+01
1.979177723363240915e+01	2.022331638737051662e+01	1.988049845078541367e+01	2.022531976889322891e+01	2.035170613223145963e+01	2.040703831543535074e+01	1.971946488718302959e+01	2.032316413606907446e+01	2.072810739825152027e+01	2.018759722406136703e+01	2.981245166042798900e+01	2.023757268459491243e+01	2.121545419739317850e+01	2.033623605169021786e+01	2.053225081310268152e+01	2.038073099112432374e+01	1.996940816391126106e+01	2.059482501741649685e+01	1.999139783840810125e+01	1.999567839745272124e+01	2.004303784238657826e+01	2.000532726907786696e+01	1.956900176515915035e+01	1.957291203326980877e+01	1.968263768260964142e+01	2.040821421137713543e+01	2.019659293087259044e+01	2.021846521483539405e+01	2.062133043293998824e+01	2.044949419967118587e+01	2.015404141521139536e+01	2.059389873665957182e+01	2.114164698378278828e+01	2.014939524151902006e+01	1.971132249137848547e+01	1.984578604397498935e+01	2.019962653047304002e+01	2.096851820225838736e+01	2.048614186220853739e+01	2.006700408041571748e+01	2.038508044740006397e+01	1.987161825249670244e+01	2.070663769567635626e+01	1.984588207593099085e+01	1.985821571772275362e+01	2.075996379446241136e+01	2.040622204585902821e+01	2.109360761911179694e+01	2.035454049027211454e+01	1.995283835055297672e+01
1.969772138203347822e+01	2.022128243374700318e+01	1.995482798344777819e+01	2.006601672826195326e+01	2.065829386394582912e+01	1.997705671249671866e+01	1.960565615152434660e+01	1.994694031990135841e+01	2.048536687271394285e+01	2.036589214383518964e+01	2.023757268459491243e+01	2.973461430078978651e+01	2.091566143607735384e+01	1.975522458621301780e+01	2.049326823227174899e+01	2.024476259954230883e+01	2.014101642706272699e+01	2.023482709266313151e+01	2.012614324134882438e+01	1.946278380681787823e+01	1.982183491043319634e+01	1.953871211845344646e+01	1.995492628074934416e+01	1.943996216969994251e+01	2.019447682336731731e+01	2.007615383050154279e+01	1.991006257879847752e+01	2.026431552664634594e+01	2.037224525724785096e+01	2.066373519610526444e+01	2.032390012778827781e+01	2.074182182210734027e+01	2.030946713796726044e+01	2.018913523067109494e+01	1.995131712455194872e+01	2.041531552152743600e+01	2.025455237390131558e+01	2.058839954472131240e+01	2.020256446026990815e+01	1.992306930536182819e+01	2.055741054391057787e+01	1.992901710261433479e+01	2.042161097114302493e+01	1.982703000840029617e+01	1.973922416165100913e+01	2.045892939831623636e+01	2.038131175166581954e+01	2.057591928858168728e+01	2.017933521672269492e+01	2.040454732311666319e+01
2.045516262205243407e+01	2.074303659271469513e+01	2.053234315902981422e+01	2.130479931201344002e+01	2.120048922651950463e+01	2.095825927796686372e+01	2.069903491971400911e+01	2.099732018282199064e+01	2.116077380875918124e+01	2.131862033468152262e+01	2.121545419739317850e+01	2.091566143607735384e+01	3.156687166716258020e+01	2.080989975013460835e+01	2.101569198562836505e+01	2.088957431156183020e+01	2.102100615655304949e+01	2.118736739122372725e+01	2.096698141046419650e+01	2.057932479561443628e+01	2.049298504290684519e+01	2.052022627456140924e+01	2.036977583872300457e+01	2.000111898881903372e+01	2.107997302710718657e+01	2.083690776991208082e+01	2.080241457710262409e+01	2.101523811803090069e+01	2.161363941001513922e+01	2.130253974453930255e+01	2.053072894296839834e+01	2.126328925394161118e+01	2.154338832204723886e+01	2.094756200635902132e+01	2.082965801532983363e+01	2.088659672614470608e+01	2.093048555441862391e+01	2.150622289671221665e+01	2.144814663165623969e+01	2.100165374107370297e+01	2.123450266737586389e+01	2.081461549522038013e+01	2.093374232260385170e+01	2.027810893946747939e+01	2.113851498790168648e+01	2.076080502968402541e+01	2.090973891389666051e+01	2.162740650267509679e+01	2.081139021238689679e+01	2.111815245683925113e+01
1.934610253037666894e+01	1.922417160205076314e+01	1.961510152943901986e+01	1.988383525574404231e+01	1.970767923278363654e+01	1.964608034476812648e+01	1.957908011315905128e+01	1.983395309228100345e+01	1.982953759397382143e+01	1.948342248324231818e+01	2.033623605169021786e+01	1.975522458621301780e+01	2.080989975013460835e+01	2.909978440221173557e+01	2.014041331133604018e+01	1.953714398591746360e+01	2.017977605405147656e+01	2.027815369689790614e+01	1.953112160420328536e+01	1.967698951077068159e+01	1.950552092759701850e+01	1.914683969196334345e+01	1.900023210514389760e+01	1.875854191697825257e+01	1.925674434527566703e+01	1.955048356194996728e+01	1.978368761208806248e+01	1.956038938658152304e+01	1.969700280071845455e+01	2.016730408016045928e+01	1.968804100820974767e+01	2.043382037329624978e+01	2.009860587774599594e+01	1.942184903115911254e+01	1.950336944328165600e+01	1.956547316156187932e+01	1.950711354755831906e+01	2.025605579017448221e+01	1.940566714570486084e+01	1.923905499565773525e+01	1.957126038360913256e+01	1.911757397293553495e+01	1.975012514869368374e+01	1.936867264308191849e+01	1.935013095157992780e+01	1.953162709860224311e+01	1.974452487120229094e+01	2.007789085759450742e+01	1.967224743462175240e+01	1.956516217046531025e+01
2.026871464456538874e+01	2.055831282661188908e+01	2.058946989087972312e+01	2.091612289122823398e+01	2.068766272627477676e+01	2.031988847065984416e+01	2.019908306855903390e+01	2.005274319256731630e+01	2.057760132395267050e+01	2.030615530166094729e+01	2.053225081310268152e+01	2.049326823227174899e+01	2.101569198562836505e+01	2.014041331133604018e+01	3.050514442138039684e+01	2.041183857772369947e+01	2.078699798635669893e+01	2.075457933650559283e+01	2.031761602593872240e+01	1.990038378206700287e+01	1.978747038929127555e+01	2.032648972309019442e+01	1.981804574038177336e+01	1.953565466186888955e+01	1.984634767403406741e+01	2.014138945747206932e+01	2.012142054817030967e+01	2.046366459175473196e+01	2.053711313840106101e+01	2.077068669146993685e+01	1.987882348073880223e+01	2.058362083869455006e+01	2.051746915217148270e+01	1.993207830067959208e+01	2.035018943697786398e+01	2.041320478070104372e+01	2.021033016801932547e+01	2.098503115925378992e+01	2.079256100210533731e+01	2.032810336201987056e+01	2.053963534553108516e+01	2.017821751319157286e+01	2.053276473126907575e+01	1.968027818209148805e+01	2.045619837248445450e+01	2.054945924202921859e+01	2.038065669305043670e+01	2.088521154393507828e+01	2.054353029442856737e+01	2.032061016288448485e+01
1.946222759193348750e+01	1.981613251906449946e+01	2.007204920602439557e+01	2.025313639030983381e+01	2.060269254570796349e+01	2.040040014712146643e+01	1.944579697292495979e+01	2.001700240938894737e+01	2.040237318189303650e+01	2.009135121169117966e+01	2.038073099112432374e+01	2.024476259954230883e+01	2.088957431156183020e+01	1.953714398591746360e+01	2.041183857772369947e+01	2.940936926156398101e+01	1.972338907518488327e+01	2.053157262030880403e+01	2.037597044582348715e+01	1.947902288951340921e+01	1.966317159156454863e+01	1.949391945538722837e+01	1.949871877572011414e+01	1.918097781096915000e+01	2.002182755898651223e+01	1.975587166326390332e+01	2.005010881727334748e+01	2.015479272493608676e+01	2.023960965409706958e+01	2.014736973582001056e+01	2.021967371550774928e+01	2.049685051583179884e+01	2.049676109602642171e+01	2.008600452907833045e+01	1.992330081992373891e+01	2.025081126805481802e+01	1.969538405834378025e+01	2.037350721021928024e+01	2.045725758643414238e+01	1.989449114309298139e+01	2.034952846087849920e+01	1.978339007830470564e+01	1.997930373635313117e+01	1.985529262979285647e+01	1.996767346041913882e+01	2.053400072846414304e+01	2.003872831694753032e+01	2.050621732005894060e+01	1.957579214365463116e+01	2.011061827609508512e+01
2.020888399837568628e+01	1.981382395812063990e+01	2.001561244282103047e+01	2.022877949854336066e+01	2.056894216192990754e+01	2.011957884537417129e+01	1.980691554899157225e+01	2.003467498533382241e+01	2.061325848153741092e+01	2.018342347800608749e+01	1.996940816391126106e+01	2.014101642706272699e+01	2.102100615655304949e+01	2.017977605405147656e+01	2.078699798635669893e+01	1.972338907518488327e+01	2.991067389599302473e+01	2.020995863073858345e+01	1.972309945542005849e+01	2.004184542717043982e+01	1.986495357526630201e+01	2.009019788827989927e+01	1.941288163738367345e+01	1.934125465945969680e+01	1.979723020625396046e+01	1.994399660207808722e+01	2.016338261812708055e+01	2.021076245431800089e+01	2.027064541669443187e+01	2.028251738115234915e+01	1.967959551894822923e+01	2.054947996278301403e+01	2.028951987376052557e+01	2.009430892008565550e+01	1.977040908854005252e+01	2.001206519866126143e+01	2.019880928663580733e+01	2.095215337536482281e+01	2.025575713826690105e+01	2.003095113137282723e+01	2.006675890855721178e+01	1.996705543244674530e+01	2.037588329344700711e+01	1.983406153851577969e+01	2.020725772155778799e+01	2.037557013092969882e+01	2.062857137186562539e+01	2.086448282003743415e+01	2.012332876990865671e+01	2.047422453430929679e+01
1.993501794356726720e+01	2.004850703079149454e+01	2.036950514976643944e+01	2.013840318015355280e+01	2.055174209741873526e+01	2.004757134743127978e+01	1.947889334800242978e+01	2.016454996660492327e+01	2.079014863379059364e+01	2.042703758264817182e+01	2.059482501741649685e+01	2.023482709266313151e+01	2.118736739122372725e+01	2.027815369689790614e+01	2.075457933650559283e+01	2.053157262030880403e+01	2.020995863073858345e+01	3.046533797170637214e+01	1.993458580066968722e+01	2.004727127483617011e+01	1.996489381790856044e+01	2.005777186137114754e+01	1.998062473632288771e+01	1.957645180139549979e+01	1.968066606700714161e+01	2.039893453409852597e+01	2.013266927525804562e+01	2.057231035271387398e+01	2.030782157465828774e+01	2.072513729234407620e+01	2.035100731591483481e+01	2.051643361659456843e+01	2.103093643145370351e+01	2.038029959356060417e+01	1.983675274536762956e+01	2.049187405170286169e+01	1.993618207145938470e+01	2.084641232252139176e+01	2.051534377818861188e+01	2.073898634121342965e+01	2.039890257093525960e+01	1.991743304187686547e+01	2.029603995221819446e+01	2.005316812230480039e+01	2.043014691251977766e+01	2.066723645906213491e+01	2.023656426804976149e+01	2.119492650939431400e+01	2.035528949187800762e+01	2.063263001288910914e+01
1.935086315293914083e+01	2.007684326932449181e+01	1.981715424567913431e+01	2.026958236309345196e+01	2.008773498762368348e+01	2.004868339047482451e+01	1.972778077906641769e+01	1.970940100227703340e+01	2.047896176257209078e+01	2.020479647993530392e+01	1.999139783840810125e+01	2.012614324134882438e+01	2.096698141046419650e+01	1.953112160420328536e+01	2.031761602593872240e+01	2.037597044582348715e+01	1.972309945542005849e+01	1.993458580066968722e+01	2.970963287601403735e+01	1.996797930459544901e+01	1.968965221056731707e+01	1.983096139078687870e+01	1.993925488425940529e+01	1.942574145358197057e+01	1.962384369039282817e+01	2.026911103503922007e+01	1.997987937638333378e+01	1.990865288279743339e+01	2.037272474166192993e+01	2.073409341685289320e+01	1.979711013215479909e+01	2.038981817640724969e+01	2.073318118446587732e+01	2.015383726950094712e+01	2.010497078804530702e+01	1.980318377112882899e+01	1.996866864375088824e+01	2.108472617531798932e+01	2.043388453078076239e+01	2.008766501748496580e+01	2.049277080385103034e+01	1.940116748413758430e+01	1.978533518827763160e+01	1.954886165447212321e+01	1.971840584444237621e+01	1.989669728782153868e+01	2.038185579914713230e+01	2.041219089220819427e+01	1.991621784536480178e+01	2.007090362552093055e+01
1.956608160739309810e+01	1.929719127684865043e+01	1.965281368603025314e+01	1.972240997458629863e+01	2.023120009096326299e+01	1.970628928040236971e+01	1.947575921182642844e+01	1.967969646407563644e+01	2.008630745810020457e+01	1.994170788142104556e+01	1.999567839745272124e+01	1.946278380681787823e+01	2.057932479561443628e+01	1.967698951077068159e+01	1.990038378206700287e+01	1.947902288951340921e+01	2.004184542717043982e+01	2.004727127483617011e+01	1.996797930459544901e+01	2.889212935681969441e+01	1.947463555722576345e+01	1.988094026388601776e+01	1.948022230777364072e+01	1.957916972217648066e+01	1.964535898533509339e+01	1.968283533794040707e+01	1.944361626424014489e+01	1.953428631333003196e+01	1.998592305672386971e+01	2.031187152817853203e+01	1.993899837647549234e+01	2.008564605922732937e+01	2.070076869196346081e+01	2.001978415873744410e+01	1.954632679249386840e+01	1.994672509137673444e+01	1.988233906763241521e+01	2.052843098605982775e+01	1.996346118447508999e+01	1.982458003702740612e+01	2.007432651931027934e+01	1.929221558546188930e+01	2.037139369501958797e+01	1.976382133894743021e+01	1.980139945739731289e+01	2.005666095950914496e+01	1.953157980017535778e+01	2.034945358664271708e+01	1.971324304227394464e+01	2.038433163068922127e+01
1.981844166561464604e+01	1.969864215413781494e+01	1.973872131218518788e+01	1.987145596607833653e+01	2.016527669667834743e+01	1.995618066633240417e+01	1.956826972460983427e+01	1.962015689320568157e+01	2.033498846790381620e+01	2.003794197370390506e+01	2.004303784238657826e+01	1.982183491043319634e+01	2.049298504290684519e+01	1.950552092759701850e+01	1.978747038929127555e+01	1.966317159156454863e+01	1.986495357526630201e+01	1.996489381790856044e+01	1.968965221056731707e+01	1.947463555722576345e+01	2.983866672703741685e+01	2.002856066068201457e+01	1.931430380228515986e+01	1.936794672972736819e+01	1.956574396611026501e+01	1.982540089599991262e+01	1.974714132840136216e+01	1.972631494294304488e+01	2.005203936318895686e+01	1.988809969396061206e+01	1.999149279851343763e+01	1.995296709816048519e+01	2.025940319776954013e+01	1.973423285583083242e+01	1.955217222665980259e+01	2.001635984074533070e+01	1.988075874627604023e+01	2.072755738487725807e+01	1.988782013431006845e+01	1.966283929064573144e+01	1.960949032872718334e+01	1.939673016330544542e+01	1.980256454720539594e+01	1.910229890791856278e+01	1.953662071355222096e+01	2.042909373668155482e+01	2.021147129661017061e+01	1.997670642657186946e+01	1.987320817735635003e+01	1.985005360591449630e+01
1.964238885292591519e+01	1.970419840458069771e+01	1.969024079091503054e+01	2.036742614198041679e+01	2.017295303884809243e+01	1.981497385657273469e+01	1.942681884509998014e+01	1.986069234343703727e+01	2.043400264830333057e+01	2.002573078199060674e+01	2.000532726907786696e+01	1.953871211845344646e+01	2.052022627456140924e+01	1.914683969196334345e+01	2.032648972309019442e+01	1.949391945538722837e+01	2.009019788827989927e+01	2.005777186137114754e+01	1.983096139078687870e+01	1.988094026388601776e+01	2.002856066068201457e+01	2.947262526227427415e+01	1.971841916081658752e+01	1.944427972181499698e+01	1.945019053133147580e+01	1.977688105336769198e+01	1.957780197202702155e+01	1.984059048997127661e+01	2.020133460480807486e+01	2.013967848680022144e+01	1.963018335575318929e+01	1.997466967490345624e+01	2.031927225429366501e+01	1.993356802239033954e+01	1.954248369667318386e+01	2.004412496321415205e+01	1.987282912988055017e+01	2.078189581511821871e+01	2.034443817993444981e+01	1.988067866335503098e+01	1.993911765429552929e+01	1.980293899376403743e+01	1.987124401095706716e+01	1.943319993990469285e+01	1.952992671548034664e+01	1.989924045473037850e+01	1.991473361531124553e+01	2.030338174658172790e+01	1.979268272245334614e+01	1.966134715985695536e+01
1.909318413009276938e+01	1.996721513401482540e+01	1.948502612615776997e+01	1.975566532085694860e+01	1.983753050895266412e+01	1.984770197208785447e+01	1.924696641503546601e+01	1.941560322907577074e+01	2.019564946187311705e+01	1.943657576833279776e+01	1.956900176515915035e+01	1.995492628074934416e+01	2.036977583872300457e+01	1.900023210514389760e+01	1.981804574038177336e+01	1.949871877572011414e+01	1.941288163738367345e+01	1.998062473632288771e+01	1.993925488425940529e+01	1.948022230777364072e+01	1.931430380228515986e+01	1.971841916081658752e+01	2.877176506886686269e+01	1.886465153088882118e+01	1.940719499086387145e+01	1.977358466124168856e+01	1.917094458847138227e+01	1.987097128252428746e+01	1.978501274638754026e+01	2.002504502491144578e+01	1.941856456041010048e+01	2.040574483272789763e+01	2.008182059670344088e+01	1.977346321802728113e+01	1.941722176017977119e+01	2.011651804369799734e+01	1.972602130059784642e+01	2.022912148601562521e+01	2.002330674499459562e+01	1.969576767417573393e+01	1.957269227465623729e+01	1.942366073882334021e+01	2.015567455230735305e+01	1.918998650650501503e+01	1.960894839922215382e+01	1.966620307655365707e+01	1.969724831919981156e+01	2.026794481844818563e+01	1.965687687706939357e+01	2.011938047830718901e+01
1.925555199643659776e+01	1.954392341309869252e+01	1.959665568996878093e+01	1.960320677626776131e+01	1.967977831598972216e+01	1.975967623560258346e+01	1.904041164378829265e+01	1.957829106107130457e+01	1.971202740817657073e+01	1.960540570132938498e+01	1.957291203326980877e+01	1.943996216969994251e+01	2.000111898881903372e+01	1.875854191697825257e+01	1.953565466186888955e+01	1.918097781096915000e+01	1.934125465945969680e+01	1.957645180139549979e+01	1.942574145358197057e+01	1.957916972217648066e+01	1.936794672972736819e+01	1.944427972181499698e+01	1.886465153088882118e+01	2.806381886837540307e+01	1.906763990634239647e+01	1.918208765970709706e+01	1.906321543394208362e+01	1.956298796910679272e+01	1.949931842228934897e+01	1.984146420054855398e+01	1.935265559329852536e+01	1.977852077468543612e+01	1.981979684765748218e+01	1.916554559741424768e+01	1.883438486961692249e+01	1.919925379199514026e+01	1.929433009016032585e+01	1.971663161651891016e+01	1.978046745000628093e+01	1.937400878621377487e+01	1.964413008345532674e+01	1.899224139163662528e+01	1.957762808967232715e+01	1.891219174096044142e+01	1.930994051730837668e+01	1.946897870108827888e+01	1.961704358023193961e+01	2.017920987206326444e+01	1.959325393626736300e+01	1.948522723971156267e+01
1.983423182452405342e+01	1.996611295539752007e+01	1.986390971830005725e+01	1.988481790425134932e+01	2.015764914175970191e+01	1.998196374654872187e+01	1.957840219461283127e+01	1.967170195419850742e+01	1.982934357681853754e+01	1.981726776140701674e+01	1.968263768260964142e+01	2.019447682336731731e+01	2.107997302710718657e+01	1.925674434527566703e+01	1.984634767403406741e+01	2.002182755898651223e+01	1.979723020625396046e+01	1.968066606700714161e+01	1.962384369039282817e+01	1.964535898533509339e+01	1.956574396611026501e+01	1.945019053133147580e+01	1.940719499086387145e+01	1.906763990634239647e+01	2.943221136494354795e+01	1.983421422569214343e+01	1.982300690878820504e+01	1.962456659587699193e+01	2.012662838638437890e+01	1.996856569802696413e+01	1.980883468704396222e+01	2.041164569212665114e+01	1.972630789592722067e+01	2.004274169047009835e+01	1.950082376916091675e+01	1.968133069558743387e+01	1.964884402564866761e+01	2.058423779186638569e+01	2.027114972041373520e+01	1.969910641436281651e+01	2.013778155442554052e+01	1.939448228009590380e+01	2.000547369259679087e+01	1.950781334558125124e+01	1.998128200174561542e+01	2.010849953910298993e+01	1.956480859476330991e+01	2.038995514915296070e+01	1.987127532248754491e+01	1.958373994187122236e+01
1.970827307645165050e+01	1.995206358786484202e+01	2.050652922755404362e+01	2.019039897905140180e+01	2.064940994310973821e+01	2.025901941503848036e+01	1.938423934708947272e+01	1.994780838815726298e+01	2.057204076610841881e+01	2.008637525206182417e+01	2.040821421137713543e+01	2.007615383050154279e+01	2.083690776991208082e+01	1.955048356194996728e+01	2.014138945747206932e+01	1.975587166326390332e+01	1.994399660207808722e+01	2.039893453409852597e+01	2.026911103503922007e+01	1.968283533794040707e+01	1.982540089599991262e+01	1.977688105336769198e+01	1.977358466124168856e+01	1.918208765970709706e+01	1.983421422569214343e+01	2.965625843328066580e+01	2.002315319823022577e+01	1.990435028136323226e+01	2.055166215731674129e+01	2.060234043466801523e+01	2.020948644602185595e+01	2.069541109629868458e+01	2.026614512665328860e+01	2.029881972234311149e+01	1.994708980601674853e+01	1.984970288979929265e+01	1.976138271312986561e+01	2.037056247050505320e+01	2.043624514263553849e+01	1.991653189756553743e+01	2.040393055162494917e+01	1.981789116823121688e+01	2.009508183950365634e+01	1.987254901610429059e+01	2.006503560308313894e+01	2.032986148876194576e+01	2.024815918085491262e+01	2.053387445064867123e+01	2.000890116318465672e+01	2.013967981016301678e+01
1.960534999204022810e+01	1.961675799963295930e+01	1.980943040857365389e+01	2.041738556461702814e+01	2.012376214361581361e+01	1.984586114718251793e+01	1.913203569303508544e+01	1.965026711300821916e+01	2.039317643138641500e+01	2.029078144931626326e+01	2.019659293087259044e+01	1.991006257879847752e+01	2.080241457710262409e+01	1.978368761208806248e+01	2.012142054817030967e+01	2.005010881727334748e+01	2.016338261812708055e+01	2.013266927525804562e+01	1.997987937638333378e+01	1.944361626424014489e+01	1.974714132840136216e+01	1.957780197202702155e+01	1.917094458847138227e+01	1.906321543394208362e+01	1.982300690878820504e+01	2.002315319823022577e+01	2.944614943745722613e+01	2.002572366960642469e+01	2.044633037846996970e+01	2.023411123214061647e+01	2.003402269823159898e+01	2.047250471654237103e+01	2.033189700886595119e+01	1.935830499436580254e+01	1.979211664695793615e+01	1.955510898425982802e+01	1.960779221711033316e+01	2.041397409760113391e+01	2.026503458860947049e+01	2.025769702832153740e+01	2.045054304868730100e+01	1.966264666999528288e+01	2.018065451026396673e+01	1.937746916339212078e+01	2.008053497166611834e+01	1.992297758732049573e+01	1.999000926835542202e+01	2.010326819911440310e+01	2.004577282475249334e+01	2.011322239405432555e+01
1.989635238470143719e+01	2.005372568721970694e+01	1.998703885819035264e+01	2.027343163709877771e+01	2.008342059126919565e+01	2.027245893940778743e+01	1.976638745570613409e+01	1.967094577637621811e+01	2.037590696344565799e+01	2.029946557600806045e+01	2.021846521483539405e+01	2.026431552664634594e+01	2.101523811803090069e+01	1.956038938658152304e+01	2.046366459175473196e+01	2.015479272493608676e+01	2.021076245431800089e+01	2.057231035271387398e+01	1.990865288279743339e+01	1.953428631333003196e+01	1.972631494294304488e+01	1.984059048997127661e+01	1.987097128252428746e+01	1.956298796910679272e+01	1.962456659587699193e+01	1.990435028136323226e+01	2.002572366960642469e+01	3.025519627712321480e+01	2.043564246112309846e+01	2.049194205531868107e+01	2.017083142331853907e+01	2.082886218925846222e+01	2.069442168272158256e+01	2.009363450742436541e+01	2.001026138635646845e+01	1.991671919582996608e+01	1.997874164409122955e+01	2.051259426546460674e+01	2.022081918359735653e+01	2.007602263415423849e+01	2.052450631659672453e+01	1.976081972124582720e+01	1.991864070245347307e+01	2.001645528388114670e+01	2.001042661927583666e+01	2.016696216962639099e+01	2.057769355368979092e+01	2.102970451867555823e+01	2.020129907600646391e+01	2.053086892444913047e+01
2.005077149245033397e+01	2.010253450254321805e+01	2.049637815636674532e+01	2.057496903434661562e+01	2.062020327609796411e+01	2.053232626404505012e+01	1.986213946753988324e+01	2.030235323893389676e+01	2.096049270941791676e+01	2.054767931213370957e+01	2.062133043293998824e+01	2.037224525724785096e+01	2.161363941001513922e+01	1.969700280071845455e+01	2.053711313840106101e+01	2.023960965409706958e+01	2.027064541669443187e+01	2.030782157465828774e+01	2.037272474166192993e+01	1.998592305672386971e+01	2.005203936318895686e+01	2.020133460480807486e+01	1.978501274638754026e+01	1.949931842228934897e+01	2.012662838638437890e+01	2.055166215731674129e+01	2.044633037846996970e+01	2.043564246112309846e+01	3.004370945009301863e+01	2.047170132342066040e+01	2.004245746118833083e+01	2.107277224197078880e+01	2.067750097435856560e+01	2.021618758867362686e+01	2.040890250615183632e+01	2.052399824459079980e+01	2.036919170443752591e+01	2.076305510283186706e+01	2.066399239680628241e+01	1.999564996125952732e+01	2.073889366728282013e+01	2.007694432672262508e+01	2.082060454584566500e+01	1.990316402139192675e+01	2.013695168427581450e+01	2.063137517073662153e+01	2.060460713677722566e+01	2.074023930808057159e+01	2.031100941424758943e+01	2.013093150449515178e+01
1.997297544462644581e+01	2.090632683927168145e+01	2.032727541344774380e+01	2.086107259168387529e+01	2.068155942196136010e+01	2.030716054789819580e+01	1.988691363026389070e+01	2.033656013200253554e+01	2.057501404488465369e+01	2.058303706597058280e+01	2.044949419967118587e+01	2.066373519610526444e+01	2.130253974453930255e+01	2.016730408016045928e+01	2.077068669146993685e+01	2.014736973582001056e+01	2.028251738115234915e+01	2.072513729234407620e+01	2.073409341685289320e+01	2.031187152817853203e+01	1.988809969396061206e+01	2.013967848680022144e+01	2.002504502491144578e+01	1.984146420054855398e+01	1.996856569802696413e+01	2.060234043466801523e+01	2.023411123214061647e+01	2.049194205531868107e+01	2.047170132342066040e+01	3.099138999541872153e+01	2.058116140405408956e+01	2.075882717834221225e+01	2.115927493581545349e+01	2.051558592945716342e+01	2.056493372742514580e+01	2.062170331440484006e+01	2.009906346471178296e+01	2.111495454733933386e+01	2.098658521324388815e+01	2.040516681629259921e+01	2.066203258141542420e+01	2.023876437517395033e+01	2.064512146597026288e+01	2.005690019565283322e+01	2.055369104232984512e+01	2.072347028612400521e+01	2.053638771220249026e+01	2.160839502826929603e+01	2.074538880935121554e+01	2.081360725330170425e+01
1.936120106708244748e+01	1.985661681801191492e+01	1.942855949577417007e+01	2.025637323383778465e+01	2.048266336916649877e+01	2.030868065603526773e+01	1.973896249238819323e+01	2.004827691856583272e+01	2.024351542160828288e+01	1.985661689916427619e+01	2.015404141521139536e+01	2.032390012778827781e+01	2.053072894296839834e+01	1.968804100820974767e+01	1.987882348073880223e+01	2.021967371550774928e+01	1.967959551894822923e+01	2.035100731591483481e+01	1.979711013215479909e+01	1.993899837647549234e+01	1.999149279851343763e+01	1.963018335575318929e+01	1.941856456041010048e+01	1.935265559329852536e+01	1.980883468704396222e+01	2.020948644602185595e+01	2.003402269823159898e+01	2.017083142331853907e+01	2.004245746118833083e+01	2.058116140405408956e+01	2.960174625036559704e+01	2.027933031219712490e+01	2.022329790925639870e+01	2.028941082735312662e+01	1.991563455753761147e+01	1.995759769117075777e+01	1.973326563563346525e+01	2.072371013072314838e+01	2.024953822460747688e+01	2.029510295355864002e+01	1.990807194967863225e+01	1.957359674082226420e+01	2.013401043912871913e+01	1.953525086104703590e+01	1.986308160594300887e+01	2.040023089242111354e+01	2.001778608517925662e+01	2.054835177960075043e+01	1.995965661403416291e+01	2.026607429779242153e+01
2.005727446116113200e+01	2.005878307541729910e+01	2.035750222073620108e+01	2.035571465597872276e+01	2.069168037587806808e+01	2.074622159286256107e+01	1.974836632685188675e+01	2.027081525522021721e+01	2.088817850205292714e+01	2.070828963239754827e+01	2.059389873665957182e+01	2.074182182210734027e+01	2.126328925394161118e+01	2.043382037329624978e+01	2.058362083869455006e+01	2.049685051583179884e+01	2.054947996278301403e+01	2.051643361659456843e+01	2.038981817640724969e+01	2.008564605922732937e+01	1.995296709816048519e+01	1.997466967490345624e+01	2.040574483272789763e+01	1.977852077468543612e+01	2.041164569212665114e+01	2.069541109629868458e+01	2.047250471654237103e+01	2.082886218925846222e+01	2.107277224197078880e+01	2.075882717834221225e+01	2.027933031219712490e+01	3.105938351260798669e+01	2.059975096101470271e+01	2.032522800474004399e+01	2.025015947752422818e+01	2.016371909440547938e+01	2.048918040652879924e+01	2.137707296859732153e+01	2.067331336932474528e+01	2.060628494027507429e+01	2.109707544382255406e+01	2.032814619645399645e+01	2.076471023317594344e+01	1.995462892414643363e+01	2.014751939364087008e+01	2.051744876254354111e+01	2.138386294152447675e+01	2.124980070821709788e+01	2.062726477916680068e+01	2.085631047048759967e+01
