2.926247894444642483e+01	2.001319698344977027e+01	1.976982980705266613e+01	1.986591704607161191e+01	1.989722089267165472e+01	1.978291673075159451e+01	1.980329671174197159e+01	1.965412944697496656e+01	2.011796661233904260e+01	1.997886775302270124e+01	2.001479323586690739e+01	1.961606122424529275e+01	1.926806773721297716e+01	1.951062535690976674e+01	1.898948684963795230e+01	1.959137483173184435e+01	1.976921288186346004e+01	1.965015107237583436e+01	1.961262306681458867e+01	2.014042308191028852e+01	1.990553599023735032e+01	1.974045152962883876e+01	2.023261964082931286e+01	2.004498877072575880e+01	1.886132243456282964e+01	1.971582688319396937e+01	1.936698442545650067e+01	1.983691064285779149e+01	1.973794204928439200e+01	1.975395059110505258e+01	2.011472354396910589e+01	1.979172533767719599e+01	2.022373425141345038e+01	1.967178921405466596e+01	1.983627228345238791e+01	1.958215423442850422e+01	1.943550584156000127e+01	1.951518892885152212e+01	1.952456588816395922e+01	2.000821852882751983e+01	2.014455216174879126e+01	1.981295620190404350e+01	2.001089129272283174e+01	1.978738651997655396e+01	1.992524916517791667e+01	2.068146140851595760e+01	2.013044345319612205e+01	1.977786482438233762e+01	1.994054791048162656e+01	2.012631821047443026e+01
2.001319698344977027e+01	3.057704356928168465e+01	2.033849047915840558e+01	2.021623346490698836e+01	2.069064496055438340e+01	2.033128767285197469e+01	2.036365014787712724e+01	1.991979914464166868e+01	2.022269841576017413e+01	2.049240619414653608e+01	2.061078265554682432e+01	2.067992590697536315e+01	2.008795479396813022e+01	2.043072263895393803e+01	1.963731795706232575e+01	2.030777620188657906e+01	2.031906742854960868e+01	2.011322703371643428e+01	2.036746575769007350e+01	2.042928482681578117e+01	2.056092207651250092e+01	2.060251894319519295e+01	2.059887449712526930e+01	2.090244342460310634e+01	1.971071263618111402e+01	2.060751991484282186e+01	2.015471445319802868e+01	2.065274224629265731e+01	2.002630395241321537e+01	2.007068016321561288e+01	2.024733811067973477e+01	2.074402095095862464e+01	2.045829623078196136e+01	2.065174309037759315e+01	2.039210073929159250e+01	2.076082228388468209e+01	2.050899700794998637e+01	2.021241677261398806e+01	2.022802264857665122e+01	2.091485877545788696e+01	2.034358191502671787e+01	2.041995359175454183e+01	2.028192706635524090e+01	2.020101390922069839e+01	2.048892043006953045e+01	2.120087517749663064e+01	2.086018286688984702e+01	2.056443194430488930e+01	2.059073908811446074e+01	2.063075724341503303e+01
1.976982980705266613e+01	2.033849047915840558e+01	2.967004183311037124e+01	1.986814245745175711e+01	2.018369511899774693e+01	1.970268794890846209e+01	1.947802812115758542e+01	1.923880662713121481e+01	2.033962959690830630e+01	1.996661263979765266e+01	1.987713251012932503e+01	1.986549993181737506e+01	1.954082660166239549e+01	1.993239034472464866e+01	1.925449206482620212e+01	1.959451205982757571e+01	1.993212293183347583e+01	1.983397068790993600e+01	1.986633314098556369e+01	1.997520827772393304e+01	2.008613760841267037e+01	2.031510611331453475e+01	2.014113936029896479e+01	1.999840682467788966e+01	1.910313617332428038e+01	1.987719032824167797e+01	1.989979029572560876e+01	1.987104534195229988e+01	1.988729001006847952e+01	1.971876499982115760e+01	2.005311466423809463e+01	1.997202482665040790e+01	2.036434769998346539e+01	2.043266522651186889e+01	2.000320634907589223e+01	1.968868743026789758e+01	2.011134653237045455e+01	1.972881109122637611e+01	1.997638727864162433e+01	2.042739138467191751e+01	2.012522448763129645e+01	1.980221448679414564e+01	1.999402914391132668e+01	2.001916641927600793e+01	2.019965437136900377e+01	2.025279788871265652e+01	2.026968685285682525e+01	2.005053792880831764e+01	2.017343709992127287e+01	2.010199017471749983e+01
1.986591704607161191e+01	2.021623346490698836e+01	1.986814245745175711e+01	2.938901328433758309e+01	2.011967237565127320e+01	1.965198313225456772e+01	1.939452124344275674e+01	1.951644149070131107e+01	1.998735638919985647e+01	2.007398120727702207e+01	2.002880516822801127e+01	1.998044999518207021e+01	1.984182769066760343e+01	1.984628774797968020e+01	1.945185398211293659e+01	1.980804360672753717e+01	2.002296342016846964e+01	1.967846010729408235e+01	1.982746889203474083e+01	2.028939348811513810e+01	1.992034574894447374e+01	2.001837436040778684e+01	1.983774265490370325e+01	1.998373341631651812e+01	1.917482172113740191e+01	1.973799890251805422e+01	2.008482953382449310e+01	2.022766615812653868e+01	1.997120797663357905e+01	1.959305940767245957e+01	2.020835571267890174e+01	2.003424951941007848e+01	1.996012326442561502e+01	2.023196438152125864e+01	2.030698086233722321e+01	1.966428712921841537e+01	1.995926697218412471e+01	1.959720890345026589e+01	2.016442962974013398e+01	2.064844348150173303e+01	2.003107775831630377e+01	1.972734419723207822e+01	1.953887180896351694e+01	1.988077246521776331e+01	1.981715115969215191e+01	2.037257788705765549e+01	2.055320106631732457e+01	2.024003714121587194e+01	2.035689285948667049e+01	2.012248340034537719e+01
1.989722089267165472e+01	2.069064496055438340e+01	2.018369511899774693e+01	2.011967237565127320e+01	3.045443299897380385e+01	1.976552357354010425e+01	2.030860198685113360e+01	1.981314100690137892e+01	2.023935653477196084e+01	2.014255918158626457e+01	2.025157665522405992e+01	2.022057733966984827e+01	1.970255203986673820e+01	1.962546016686126649e+01	1.943577590485158169e+01	2.008267758212089404e+01	1.979618491428186644e+01	2.038398215571448091e+01	2.006054297274440401e+01	2.057661790898911747e+01	2.073812128787271192e+01	2.029882504744691474e+01	2.023105725659459964e+01	2.019945615813689699e+01	1.976126960458616466e+01	2.033097420230906849e+01	2.002614061416122482e+01	1.991183027073087786e+01	2.036797602320564948e+01	1.989543873323722067e+01	2.043839673144215396e+01	2.051962440489404571e+01	1.989299770802962541e+01	2.054500812439046342e+01	2.054488961041677442e+01	2.044888041568154691e+01	2.039278693983411017e+01	1.994759169764175510e+01	1.992681278592556282e+01	2.048094050057699178e+01	2.008080867836804018e+01	2.007431674132177690e+01	2.009604910349978013e+01	1.951007260412720257e+01	2.017989704238510740e+01	2.093338295968759155e+01	2.030060544317094084e+01	2.003504144281881594e+01	2.007503708527882580e+01	2.022333352751829239e+01
1.978291673075159451e+01	2.033128767285197469e+01	1.970268794890846209e+01	1.965198313225456772e+01	1.976552357354010425e+01	2.934212250693160229e+01	1.988616865422055824e+01	1.969730806482759888e+01	2.007720936991558247e+01	2.004977546568924041e+01	1.995458567708863384e+01	1.992105816159830312e+01	1.973091063751416741e+01	1.941310513407283977e+01	1.919715285225531431e+01	1.970903925661055567e+01	1.975939647987816983e+01	1.957600454127812384e+01	1.925407553799628957e+01	1.988443753149958582e+01	1.991761919604724795e+01	1.969664445970548172e+01	1.992495685232908897e+01	2.020935486882429544e+01	1.858180075325712011e+01	2.029525730511571169e+01	1.942146619539679264e+01	1.990355090969766394e+01	1.997323501532860845e+01	1.928790969232758812e+01	1.989850882260745379e+01	2.018749746867663575e+01	2.019808832520208597e+01	1.992765564224066566e+01	2.001440454923577406e+01	1.992917537787164761e+01	1.994231527876801380e+01	1.947179442158802942e+01	1.992586832432655086e+01	1.972884235660244556e+01	2.029964314262726077e+01	1.976524700668449341e+01	1.972885403626375123e+01	1.987547902162168967e+01	1.993537068972761972e+01	2.020549721095624562e+01	2.018142982808940289e+01	1.973185192364788421e+01	2.007985764639062509e+01	1.963875837425893778e+01
1.980329671174197159e+01	2.036365014787712724e+01	1.947802812115758542e+01	1.939452124344275674e+01	2.030860198685113360e+01	1.988616865422055824e+01	2.961110262578696961e+01	1.945719978515947091e+01	1.990129075348518839e+01	1.998074851976872424e+01	1.992907658416133643e+01	2.011672296296187312e+01	1.988852758066554216e+01	1.966292920522181475e+01	1.938903742135601505e+01	1.958397959539934163e+01	1.954628539165141987e+01	2.014206811635177630e+01	1.944689189613683311e+01	1.980695401734839223e+01	2.040420373387051711e+01	1.991173173728412493e+01	2.034077054148978192e+01	1.957874863474182092e+01	1.947895250889516205e+01	1.986252745886638138e+01	1.983357898966533028e+01	2.012974812994326257e+01	2.003339141687506597e+01	1.964572106881542624e+01	1.991572098128844814e+01	1.974121821580692071e+01	2.030895347471329515e+01	1.993670230093125184e+01	2.022820550386558125e+01	1.967800135982026433e+01	1.978891281619495146e+01	1.987345056584680236e+01	1.985013566679852559e+01	2.008577286158510589e+01	1.989393959615737728e+01	1.991678244761387262e+01	2.012582113548873863e+01	2.016909530755169655e+01	2.055934376806720110e+01	2.063625069527133249e+01	2.056591598076075300e+01	2.022329641797347577e+01	2.008980206547974490e+01	2.001046765333385125e+01
1.965412944697496656e+01	1.991979914464166868e+01	1.923880662713121481e+01	1.951644149070131107e+01	1.981314100690137892e+01	1.969730806482759888e+01	1.945719978515947091e+01	2.962644571455287945e+01	2.033577838619168077e+01	1.984793876758976339e+01	1.952894129643912891e+01	2.032247879671723467e+01	1.982804530376280638e+01	1.963905492167443967e+01	1.923270486991955508e+01	1.969637759177563296e+01	1.938348157580272968e+01	1.990803937591714501e+01	1.957610351538568594e+01	1.972674070263494528e+01	1.992324389070852675e+01	2.010321981442287509e+01	2.005907071374547357e+01	2.002590399150687261e+01	1.909241356818739632e+01	2.003622804635960009e+01	1.997850452389740994e+01	1.980942985612530549e+01	1.990969960485076840e+01	1.929085240034438087e+01	1.997203128583922549e+01	2.023479580538274547e+01	2.022797395052689495e+01	2.022749474408145787e+01	2.043743266073897757e+01	1.980805424416331206e+01	1.993519708109359456e+01	1.989180143096977460e+01	1.969947314012947359e+01	1.985725310541163324e+01	2.015338459360012990e+01	1.978501368488017675e+01	1.987262864395163930e+01	1.997510165101408219e+01	2.004200893944933526e+01	2.060291618053504692e+01	1.986746674210155916e+01	1.968428945243202932e+01	2.012286301180615311e+01	2.012486950844164113e+01
2.011796661233904260e+01	2.022269841576017413e+01	2.033962959690830630e+01	1.998735638919985647e+01	2.023935653477196084e+01	2.007720936991558247e+01	1.990129075348518839e+01	2.033577838619168077e+01	3.078947569183527477e+01	2.047000958088738898e+01	2.020786328546598298e+01	2.059394860786358095e+01	1.999566081029368192e+01	1.975594731559835893e+01	1.971835067384904150e+01	2.017314503059009567e+01	1.957653138901957846e+01	2.001930525881542167e+01	2.002585997873669399e+01	2.067327649755802810e+01	2.003350796367852737e+01	2.057245457626602914e+01	2.040770785320796321e+01	2.046437749867134315e+01	1.933340638764313013e+01	2.011708423417009683e+01	1.998892458546414019e+01	2.009967918664204234e+01	2.043873819548683102e+01	1.966407702580439576e+01	2.062361880828133920e+01	2.051547164108736609e+01	2.048233600355658268e+01	2.010105382983019595e+01	2.044122643725209088e+01	1.996868883033556585e+01	2.026073948896246435e+01	1.990996399527381655e+01	1.991742252225106569e+01	2.043994769552459800e+01	2.024993126255455067e+01	2.064051970008223691e+01	1.993926386966563769e+01	2.012023997627245464e+01	2.011127969804066140e+01	2.110299777965252588e+01	2.075397110918372334e+01	2.022545390756363659e+01	2.034415113435451872e+01	2.034372421124284358e+01
1.997886775302270124e+01	2.049240619414653608e+01	1.996661263979765266e+01	2.007398120727702207e+01	2.014255918158626457e+01	2.004977546568924041e+01	1.998074851976872424e+01	1.984793876758976339e+01	2.047000958088738898e+01	2.977293101702988309e+01	1.983702969588642517e+01	2.022825845752038632e+01	1.976308383309204686e+01	1.978159139256856491e+01	1.969792388498068547e+01	1.987234950832662150e+01	1.978391332245413281e+01	2.010159528090938963e+01	1.984414570794813315e+01	2.018886684756346384e+01	2.033038949303594123e+01	2.029043477426940001e+01	1.989414862384531801e+01	2.022642950035915277e+01	1.944120868993687168e+01	2.003877371937768714e+01	1.995380557529330545e+01	2.010952216856151864e+01	2.012602285300559757e+01	1.986886177876471749e+01	2.043916197158885240e+01	2.019674925039304725e+01	2.031713275889452319e+01	2.012996923227451873e+01	2.037696410111618661e+01	2.016239012979370315e+01	1.978585867717064417e+01	2.025490522047369168e+01	1.994466060084134185e+01	2.016728553816271585e+01	2.040481411229724884e+01	2.007142662702437974e+01	1.998784934965198090e+01	1.998605623291092925e+01	2.029780452278689395e+01	2.049695724081960790e+01	2.108773308361237042e+01	1.995244714389006546e+01	2.018568312349290039e+01	2.006416697476385380e+01
2.001479323586690739e+01	2.061078265554682432e+01	1.987713251012932503e+01	2.002880516822801127e+01	2.025157665522405992e+01	1.995458567708863384e+01	1.992907658416133643e+01	1.952894129643912891e+01	2.020786328546598298e+01	1.983702969588642517e+01	3.014479657669493662e+01	1.965162408074030509e+01	1.981573604344693962e+01	1.977201091875172168e+01	1.944495781238179788e+01	2.003431404599507459e+01	2.020721834510278114e+01	1.989353015581322737e+01	2.008383849379657704e+01	2.000468613112453653e+01	1.993693634669869041e+01	2.050664864266084209e+01	2.022271959269688679e+01	2.046049251593986895e+01	1.936977959846187147e+01	2.007810292732283486e+01	2.009688345112839158e+01	1.996602470556852182e+01	1.997467106369335355e+01	1.977554581168877235e+01	2.025287702535217349e+01	2.016908900766639334e+01	2.006169549594515189e+01	2.020565169276671824e+01	2.004123203021113753e+01	2.007963835066366087e+01	2.014999108575969089e+01	2.006783931786816666e+01	2.027759054074108391e+01	2.093771440511879334e+01	2.020412086897527359e+01	2.022346272496139363e+01	1.988991456317562623e+01	1.996023543716770021e+01	2.007313177223672440e+01	2.062377285772732449e+01	2.024588311181943467e+01	2.016637553459526444e+01	2.003453596309804752e+01	2.035987474786011830e+01
1.961606122424529275e+01	2.067992590697536315e+01	1.986549993181737506e+01	1.998044999518207021e+01	2.022057733966984827e+01	1.992105816159830312e+01	2.011672296296187312e+01	2.032247879671723467e+01	2.059394860786358095e+01	2.022825845752038632e+01	1.965162408074030509e+01	3.038305742858975123e+01	1.995770610360699848e+01	2.016821691112768278e+01	1.985876543970983832e+01	2.011314869207194178e+01	1.972861855756750060e+01	1.981949902735123459e+01	2.006450259046098239e+01	2.035489427629677905e+01	2.038178849114054714e+01	2.017129506133780126e+01	2.005688884649879711e+01	2.035070786674856791e+01	1.957168553541871603e+01	2.068043323975576442e+01	2.019720793678607151e+01	2.057066517693575847e+01	2.018308788582330848e+01	1.970050358199385343e+01	2.072525193576872127e+01	2.063911694817063491e+01	2.018067539320511017e+01	2.015087282994619855e+01	2.053703560753485391e+01	2.012399513048972821e+01	2.003523813626473427e+01	1.979910444129344071e+01	2.003876906230542687e+01	2.048925562598061489e+01	2.044100564547096965e+01	2.018894645824275358e+01	2.003767739552080940e+01	2.019974969812441756e+01	2.069911255105586534e+01	2.093324479447366215e+01	2.066785031346083912e+01	2.019222361512834496e+01	2.033237835402085381e+01	2.046449785091331464e+01
1.926806773721297716e+01	2.008795479396813022e+01	1.954082660166239549e+01	1.984182769066760343e+01	1.970255203986673820e+01	1.973091063751416741e+01	1.988852758066554216e+01	1.982804530376280638e+01	1.999566081029368192e+01	1.976308383309204686e+01	1.981573604344693962e+01	1.995770610360699848e+01	2.925433166197058554e+01	1.956282854387658432e+01	1.925414795919142463e+01	1.953001927929792458e+01	1.957551189029449290e+01	1.944438243322827375e+01	1.945514922900622778e+01	1.995209196903861937e+01	1.967555452786777437e+01	1.981253954789626803e+01	1.971925022498562541e+01	2.015846390666793653e+01	1.941048443956792369e+01	1.990877443025149063e+01	1.947678714936994027e+01	1.985880695912163674e+01	1.965787658719166586e+01	1.920578294327409807e+01	2.021034476181733908e+01	2.006294034324240982e+01	2.024918123329483421e+01	2.009948866751525642e+01	2.014756790740615600e+01	1.946140092407295796e+01	1.942988609984964654e+01	1.956208865573286815e+01	1.970855755146182631e+01	2.023977246961742438e+01	1.957104598355799396e+01	2.000747375295379982e+01	1.982666375413957383e+01	1.940318235212404119e+01	2.022142872515526335e+01	1.999364069465173799e+01	2.043434955213324145e+01	1.985485406646529327e+01	1.999091559036703458e+01	1.965844313630110207e+01
1.951062535690976674e+01	2.043072263895393803e+01	1.993239034472464866e+01	1.984628774797968020e+01	1.962546016686126649e+01	1.941310513407283977e+01	1.966292920522181475e+01	1.963905492167443967e+01	1.975594731559835893e+01	1.978159139256856491e+01	1.977201091875172168e+01	2.016821691112768278e+01	1.956282854387658432e+01	2.952026100649870699e+01	1.923896326370768151e+01	1.959968585412360298e+01	1.958666149865400996e+01	1.957875183685571940e+01	2.002332499737464744e+01	2.000350042395703909e+01	1.999805496856275155e+01	2.009996846946588533e+01	2.012883001592187071e+01	1.987411622657394261e+01	1.870120384237808864e+01	2.049461479484023485e+01	1.960259650976675871e+01	1.948720418988045466e+01	2.010075829620960519e+01	1.906378271280543757e+01	2.025767207324793873e+01	2.018608794436597620e+01	2.006540537356028508e+01	1.976360702896671384e+01	2.012224482663389580e+01	1.983496795128271373e+01	1.986336552580252501e+01	1.988541949718805313e+01	1.947884404059410812e+01	2.007066229326276385e+01	2.046744100208812256e+01	1.990692544073301562e+01	1.962993832196687194e+01	1.965440264414049309e+01	2.002891482714071714e+01	2.023579032610268769e+01	2.017414851279582066e+01	1.995661963742049139e+01	1.997634701980642902e+01	2.000621309867253572e+01
1.898948684963795230e+01	1.963731795706232575e+01	1.925449206482620212e+01	1.945185398211293659e+01	1.943577590485158169e+01	1.919715285225531431e+01	1.938903742135601505e+01	1.923270486991955508e+01	1.971835067384904150e+01	1.969792388498068547e+01	1.944495781238179788e+01	1.985876543970983832e+01	1.925414795919142463e+01	1.923896326370768151e+01	2.823158760992529537e+01	1.951411948993050416e+01	1.922745427196277390e+01	1.929827962226747928e+01	1.935797881713792634e+01	1.958316690532062410e+01	1.937075876306149169e+01	1.898011461992784277e+01	1.919995034349459928e+01	1.976396663901089568e+01	1.872205724255449510e+01	1.907847938616554018e+01	1.952140722508550752e+01	1.950337762936468167e+01	1.963930964039397864e+01	1.925990819723438818e+01	1.985897396304282836e+01	1.967213241632776999e+01	1.946875673606777823e+01	1.924017324857334188e+01	1.989595898633832149e+01	1.949908644608403208e+01	1.949991371943537288e+01	1.930949509246338991e+01	1.931832266355208105e+01	1.942966667929399094e+01	1.989469362477296244e+01	1.958140514529267762e+01	1.905725622795245400e+01	1.959315465814090018e+01	1.957870027668658963e+01	2.013124026437360925e+01	1.982306261655640967e+01	1.951589318361877901e+01	1.956431634305898370e+01	1.960510983218571113e+01
1.959137483173184435e+01	2.030777620188657906e+01	1.959451205982757571e+01	1.980804360672753717e+01	2.008267758212089404e+01	1.970903925661055567e+01	1.958397959539934163e+01	1.969637759177563296e+01	2.017314503059009567e+01	1.987234950832662150e+01	2.003431404599507459e+01	2.011314869207194178e+01	1.953001927929792458e+01	1.959968585412360298e+01	1.951411948993050416e+01	2.948405765285198399e+01	1.976959980136899020e+01	1.994208928428686889e+01	1.958377957608136910e+01	2.015025167886054902e+01	2.027394792106284882e+01	1.998556680077508574e+01	1.982039890871812915e+01	2.007448963154821797e+01	1.939857342933310846e+01	2.007095115034407229e+01	2.012563807053529175e+01	2.029543188429795109e+01	1.987656850961531418e+01	1.978925693971611821e+01	2.008316042668104018e+01	1.982411322206468896e+01	2.001407262686842614e+01	1.994688873448533784e+01	2.043209465730992136e+01	2.004708814521047344e+01	1.998388283633218876e+01	2.004558318090407809e+01	1.981170350707994032e+01	2.036340040376453331e+01	1.982280218003966255e+01	2.004730763602221089e+01	1.968969655257091844e+01	1.986694458396798524e+01	2.024851682105225592e+01	2.072590732803692148e+01	2.013414173011208419e+01	2.016434659560276188e+01	1.983751840008928014e+01	2.044712998416739680e+01
1.976921288186346004e+01	2.031906742854960868e+01	1.993212293183347583e+01	2.002296342016846964e+01	1.979618491428186644e+01	1.975939647987816983e+01	1.954628539165141987e+01	1.938348157580272968e+01	1.957653138901957846e+01	1.978391332245413281e+01	2.020721834510278114e+01	1.972861855756750060e+01	1.957551189029449290e+01	1.958666149865400996e+01	1.922745427196277390e+01	1.976959980136899020e+01	2.950097962887038250e+01	1.981515818675055840e+01	1.945255224806947325e+01	1.992775406943463423e+01	2.004420938262471807e+01	2.016148717251934386e+01	2.024389837654636892e+01	2.023198661974663537e+01	1.914800488916357679e+01	1.995233464979789773e+01	2.004209770278151836e+01	1.964465219512370808e+01	2.000845879931130966e+01	1.961650220570888337e+01	2.050043749660102677e+01	1.961877637995257118e+01	2.024004853479662103e+01	2.014661689854019855e+01	2.020365772620154132e+01	1.993500623932358096e+01	1.985807427530365743e+01	1.983644548224329895e+01	1.979703449967525231e+01	2.034778684303011786e+01	2.033982272943462277e+01	2.035586981510266114e+01	1.982939130565651453e+01	1.938136902730425248e+01	1.999158866631474396e+01	2.020754244953399947e+01	2.045415444438922492e+01	2.023043666975458521e+01	2.012160965585925609e+01	1.975884437249500181e+01
1.965015107237583436e+01	2.011322703371643428e+01	1.983397068790993600e+01	1.967846010729408235e+01	2.038398215571448091e+01	1.957600454127812384e+01	2.014206811635177630e+01	1.990803937591714501e+01	2.001930525881542167e+01	2.010159528090938963e+01	1.989353015581322737e+01	1.981949902735123459e+01	1.944438243322827375e+01	1.957875183685571940e+01	1.929827962226747928e+01	1.994208928428686889e+01	1.981515818675055840e+01	2.956936044762705862e+01	1.971117775175095588e+01	2.026214903491968045e+01	2.000027736642581999e+01	2.001401695549582627e+01	2.000933976403786119e+01	2.012726090986192773e+01	1.928360929359113740e+01	2.021168752599474772e+01	1.992292631956932070e+01	1.995186503330375061e+01	1.983564264591199944e+01	1.976834908820931958e+01	2.042901704841126787e+01	2.029718005428632210e+01	2.012730545503337609e+01	1.983486567884894214e+01	2.030465156062661336e+01	1.967650714100467013e+01	2.005888710746699743e+01	1.990440936174870146e+01	1.966113886842946101e+01	2.036816888404917947e+01	2.023341626382593006e+01	2.001450207904161616e+01	1.974855673828416869e+01	1.945424844853334179e+01	2.022361770010441973e+01	2.055582176742921874e+01	2.021404217618768584e+01	2.020600113810341369e+01	2.003609407092757877e+01	1.981578430399542157e+01
1.961262306681458867e+01	2.036746575769007350e+01	1.986633314098556369e+01	1.982746889203474083e+01	2.006054297274440401e+01	1.925407553799628957e+01	1.944689189613683311e+01	1.957610351538568594e+01	2.002585997873669399e+01	1.984414570794813315e+01	2.008383849379657704e+01	2.006450259046098239e+01	1.945514922900622778e+01	2.002332499737464744e+01	1.935797881713792634e+01	1.958377957608136910e+01	1.945255224806947325e+01	1.971117775175095588e+01	2.940866304765886596e+01	2.027664179459829441e+01	2.034171105994528617e+01	1.978800924761993585e+01	1.986687226246983684e+01	2.019602563759531932e+01	1.882602387429433222e+01	2.003828726293131623e+01	1.976998689365170137e+01	1.963068722224054241e+01	2.012820470429496922e+01	1.959864915684701714e+01	2.009170344785241369e+01	2.013913845337093278e+01	1.947849380239730976e+01	2.002362482546561395e+01	2.017859463465904923e+01	1.998277710398511076e+01	2.013341965432271508e+01	1.980069644584977340e+01	1.957959068682300696e+01	2.020678867207926288e+01	2.045105177099096494e+01	2.008649970343686064e+01	2.003931077468772415e+01	1.956085171468563644e+01	1.998805240279547490e+01	2.055703203770491783e+01	2.020730112975862269e+01	1.984442211588481797e+01	1.987591395706495234e+01	1.962105078542609604e+01
2.014042308191028852e+01	2.042928482681578117e+01	1.997520827772393304e+01	2.028939348811513810e+01	2.057661790898911747e+01	1.988443753149958582e+01	1.980695401734839223e+01	1.972674070263494528e+01	2.067327649755802810e+01	2.018886684756346384e+01	2.000468613112453653e+01	2.035489427629677905e+01	1.995209196903861937e+01	2.000350042395703909e+01	1.958316690532062410e+01	2.015025167886054902e+01	1.992775406943463423e+01	2.026214903491968045e+01	2.027664179459829441e+01	3.057165922441274475e+01	2.032795625243829107e+01	2.051913876215547106e+01	2.021518353180191596e+01	2.014691917481939143e+01	1.950865749413058836e+01	2.051071371329637927e+01	1.971015262801036982e+01	2.048947569394306711e+01	2.018861874729848793e+01	1.959678807019410485e+01	2.041289371214729798e+01	2.073003276803196471e+01	2.048838059556944202e+01	2.046065670337997489e+01	2.035749889264549495e+01	2.050475066915116074e+01	1.989215316325360305e+01	2.034249422323447121e+01	1.997212484373498143e+01	2.077257706120738590e+01	2.066629164914052907e+01	2.022612890222729476e+01	1.976806120696139146e+01	1.972533748410864263e+01	2.031868109197342775e+01	2.088451566444452467e+01	2.047858810503591087e+01	2.045142701960682530e+01	2.031816678560009848e+01	2.029840751959241274e+01
1.990553599023735032e+01	2.056092207651250092e+01	2.008613760841267037e+01	1.992034574894447374e+01	2.073812128787271192e+01	1.991761919604724795e+01	2.040420373387051711e+01	1.992324389070852675e+01	2.003350796367852737e+01	2.033038949303594123e+01	1.993693634669869041e+01	2.038178849114054714e+01	1.967555452786777437e+01	1.999805496856275155e+01	1.937075876306149169e+01	2.027394792106284882e+01	2.004420938262471807e+01	2.000027736642581999e+01	2.034171105994528617e+01	2.032795625243829107e+01	3.014413543398017126e+01	1.984524687216887173e+01	2.023060334584678799e+01	1.983512411424307231e+01	1.906268507060156736e+01	2.008718857270218905e+01	1.986044685001836640e+01	2.006890174294064266e+01	2.025771100017090021e+01	1.974778489350308774e+01	2.038237499136158348e+01	2.028429898777458718e+01	2.011022787157424929e+01	1.998477088613998021e+01	2.043831831281756095e+01	2.019825971337976966e+01	1.985636793699482183e+01	2.002598388489683501e+01	2.011266982602053943e+01	1.996826895043606243e+01	1.982853797170611188e+01	2.017314334932291686e+01	1.991619141659202086e+01	1.977249228192425434e+01	2.020193102744179114e+01	2.065231017647694500e+01	2.046060656581445159e+01	2.044934911348602569e+01	2.028692154968813810e+01	2.003543339482910923e+01
1.974045152962883876e+01	2.060251894319519295e+01	2.031510611331453475e+01	2.001837436040778684e+01	2.029882504744691474e+01	1.969664445970548172e+01	1.991173173728412493e+01	2.010321981442287509e+01	2.057245457626602914e+01	2.029043477426940001e+01	2.050664864266084209e+01	2.017129506133780126e+01	1.981253954789626803e+01	2.009996846946588533e+01	1.898011461992784277e+01	1.998556680077508574e+01	2.016148717251934386e+01	2.001401695549582627e+01	1.978800924761993585e+01	2.051913876215547106e+01	1.984524687216887173e+01	2.977573966910516745e+01	2.067101702430023025e+01	2.021222956918803249e+01	1.955554961838674544e+01	2.004423803674047377e+01	1.971253211751342249e+01	2.050188018032149273e+01	2.006440522867418963e+01	1.977173020579247265e+01	2.059616411996135810e+01	2.044713959594164265e+01	2.032684195502433155e+01	2.060462109950097798e+01	2.022835719174632629e+01	2.001172899895154700e+01	2.004199566200124849e+01	2.003942244982244603e+01	2.004938832992461784e+01	2.058753159187143922e+01	2.001246687805962665e+01	2.010333890803419266e+01	1.994740852519966268e+01	1.998281969640015276e+01	2.043395086175196340e+01	2.044508417194334271e+01	2.057159993342211735e+01	2.034958367224822595e+01	2.036921311649728139e+01	2.026755848022765960e+01
2.023261964082931286e+01	2.059887449712526930e+01	2.014113936029896479e+01	1.983774265490370325e+01	2.023105725659459964e+01	1.992495685232908897e+01	2.034077054148978192e+01	2.005907071374547357e+01	2.040770785320796321e+01	1.989414862384531801e+01	2.022271959269688679e+01	2.005688884649879711e+01	1.971925022498562541e+01	2.012883001592187071e+01	1.919995034349459928e+01	1.982039890871812915e+01	2.024389837654636892e+01	2.000933976403786119e+01	1.986687226246983684e+01	2.021518353180191596e+01	2.023060334584678799e+01	2.067101702430023025e+01	3.041824755505610511e+01	2.032641060600057159e+01	1.944734596024675355e+01	2.031958218531179128e+01	2.012948763025331900e+01	1.993934317003242285e+01	2.043058200706238381e+01	1.996154159649438498e+01	2.055243516680076254e+01	2.079040856150111338e+01	2.041695010815104538e+01	2.008174888665906366e+01	2.063229536366679895e+01	2.030687117438096223e+01	2.009126006667744591e+01	2.017610298289754311e+01	2.009325462278005148e+01	2.050106228405632081e+01	2.027566052926750473e+01	1.978617218148162138e+01	1.996899428202581461e+01	2.029087878733929529e+01	2.038488357511897320e+01	2.116098090636226203e+01	2.071646013206469306e+01	2.062845466474293943e+01	2.017706487403024695e+01	2.005795094315487859e+01
2.004498877072575880e+01	2.090244342460310634e+01	1.999840682467788966e+01	1.998373341631651812e+01	2.019945615813689699e+01	2.020935486882429544e+01	1.957874863474182092e+01	2.002590399150687261e+01	2.046437749867134315e+01	2.022642950035915277e+01	2.046049251593986895e+01	2.035070786674856791e+01	2.015846390666793653e+01	1.987411622657394261e+01	1.976396663901089568e+01	2.007448963154821797e+01	2.023198661974663537e+01	2.012726090986192773e+01	2.019602563759531932e+01	2.014691917481939143e+01	1.983512411424307231e+01	2.021222956918803249e+01	2.032641060600057159e+01	2.971348826191506376e+01	1.926973023372059757e+01	2.030080730476528217e+01	1.999196930093883751e+01	2.013886378830709134e+01	2.004370518769460929e+01	1.991528553515833977e+01	2.049227975837707305e+01	2.058625610635795056e+01	2.010505289926473438e+01	2.022753381839980236e+01	2.041823433424444190e+01	1.965998326717974720e+01	1.983170186745576657e+01	1.992458158668598855e+01	1.991893707683984616e+01	2.028918393789872709e+01	2.006313959705937933e+01	2.053717860152074692e+01	2.006669108875905749e+01	1.961814200832104049e+01	2.016748519154553065e+01	2.057260178782865623e+01	2.082090639935223209e+01	2.015230933170702343e+01	2.052280070122510480e+01	2.038226833724933584e+01
1.886132243456282964e+01	1.971071263618111402e+01	1.910313617332428038e+01	1.917482172113740191e+01	1.976126960458616466e+01	1.858180075325712011e+01	1.947895250889516205e+01	1.909241356818739632e+01	1.933340638764313013e+01	1.944120868993687168e+01	1.936977959846187147e+01	1.957168553541871603e+01	1.941048443956792369e+01	1.870120384237808864e+01	1.872205724255449510e+01	1.939857342933310846e+01	1.914800488916357679e+01	1.928360929359113740e+01	1.882602387429433222e+01	1.950865749413058836e+01	1.906268507060156736e+01	1.955554961838674544e+01	1.944734596024675355e+01	1.926973023372059757e+01	2.792379859517200202e+01	1.951603774660397050e+01	1.896214892336426772e+01	1.903277413858017297e+01	1.934441881441142996e+01	1.870930454599049142e+01	1.960579333898361654e+01	1.951620093377865928e+01	1.955544953164679001e+01	1.920558190078946836e+01	1.940725185833377964e+01	1.935298750268669821e+01	1.896993259759374340e+01	1.932498965416134240e+01	1.944796870211047590e+01	1.954677272863342452e+01	1.930285615204892480e+01	1.913342336795646403e+01	1.918478088457047903e+01	1.884733536012986477e+01	1.957444567817914205e+01	1.940664575947572956e+01	1.989014686061971915e+01	1.932101564220999279e+01	1.929610252018344241e+01	1.912188864854315540e+01
1.971582688319396937e+01	2.060751991484282186e+01	1.987719032824167797e+01	1.973799890251805422e+01	2.033097420230906849e+01	2.029525730511571169e+01	1.986252745886638138e+01	2.003622804635960009e+01	2.011708423417009683e+01	2.003877371937768714e+01	2.007810292732283486e+01	2.068043323975576442e+01	1.990877443025149063e+01	2.049461479484023485e+01	1.907847938616554018e+01	2.007095115034407229e+01	1.995233464979789773e+01	2.021168752599474772e+01	2.003828726293131623e+01	2.051071371329637927e+01	2.008718857270218905e+01	2.004423803674047377e+01	2.031958218531179128e+01	2.030080730476528217e+01	1.951603774660397050e+01	2.972831752553325657e+01	1.997478411559975697e+01	2.012284746502803756e+01	2.049218329356666146e+01	1.977411374845125636e+01	2.027797929186341008e+01	2.040817345229776691e+01	2.040711763612209140e+01	2.048195580087359247e+01	2.020353555538604695e+01	2.039322577803779879e+01	1.976548128716137498e+01	1.971309552388508379e+01	2.015056901843014359e+01	2.035604274464224517e+01	2.043639354453910428e+01	2.027069026238854832e+01	1.985675848550054212e+01	2.021178113651995290e+01	2.039278905352280802e+01	2.066076037460815584e+01	2.044314751248411710e+01	2.010520248268057131e+01	2.018241583735178679e+01	2.012833584026483891e+01
1.936698442545650067e+01	2.015471445319802868e+01	1.989979029572560876e+01	2.008482953382449310e+01	2.002614061416122482e+01	1.942146619539679264e+01	1.983357898966533028e+01	1.997850452389740994e+01	1.998892458546414019e+01	1.995380557529330545e+01	2.009688345112839158e+01	2.019720793678607151e+01	1.947678714936994027e+01	1.960259650976675871e+01	1.952140722508550752e+01	2.012563807053529175e+01	2.004209770278151836e+01	1.992292631956932070e+01	1.976998689365170137e+01	1.971015262801036982e+01	1.986044685001836640e+01	1.971253211751342249e+01	2.012948763025331900e+01	1.999196930093883751e+01	1.896214892336426772e+01	1.997478411559975697e+01	2.943901253862019729e+01	2.013841705125817683e+01	1.968520148735968434e+01	1.994379937775717337e+01	1.992762059694650034e+01	2.039977503208050535e+01	2.009391227680866621e+01	2.028556784054537943e+01	2.037355364295219218e+01	2.009011220410948795e+01	2.018603312650330750e+01	1.990156387599657961e+01	2.001264844850431857e+01	2.020921870196642445e+01	2.022205207528853066e+01	2.016238104909150408e+01	1.954502094318780436e+01	1.992708689155830371e+01	2.002801676387482388e+01	2.061833106453380893e+01	2.019953555277368551e+01	2.009077553030177654e+01	1.976704587348670827e+01	1.969657126021143867e+01
1.983691064285779149e+01	2.065274224629265731e+01	1.987104534195229988e+01	2.022766615812653868e+01	1.991183027073087786e+01	1.990355090969766394e+01	2.012974812994326257e+01	1.980942985612530549e+01	2.009967918664204234e+01	2.010952216856151864e+01	1.996602470556852182e+01	2.057066517693575847e+01	1.985880695912163674e+01	1.948720418988045466e+01	1.950337762936468167e+01	2.029543188429795109e+01	1.964465219512370808e+01	1.995186503330375061e+01	1.963068722224054241e+01	2.048947569394306711e+01	2.006890174294064266e+01	2.050188018032149273e+01	1.993934317003242285e+01	2.013886378830709134e+01	1.903277413858017297e+01	2.012284746502803756e+01	2.013841705125817683e+01	2.983248535629072151e+01	2.022547610132907181e+01	2.000747211949938986e+01	2.027063739013810562e+01	2.022313859585357321e+01	2.009068120070546470e+01	2.020748726309877341e+01	2.047817750504089673e+01	2.031373113210849368e+01	1.982917522812011768e+01	1.986377997610097168e+01	1.989308148448376556e+01	2.007211323682288651e+01	1.992204139758559833e+01	2.021702268136173686e+01	1.979415022728370843e+01	2.010297223289366997e+01	2.035913918233647735e+01	2.067562078009427751e+01	2.069354688735465331e+01	2.007851564509286391e+01	2.021463546654235444e+01	2.036495161348278771e+01
1.973794204928439200e+01	2.002630395241321537e+01	1.988729001006847952e+01	1.997120797663357905e+01	2.036797602320564948e+01	1.997323501532860845e+01	2.003339141687506597e+01	1.990969960485076840e+01	2.043873819548683102e+01	2.012602285300559757e+01	1.997467106369335355e+01	2.018308788582330848e+01	1.965787658719166586e+01	2.010075829620960519e+01	1.963930964039397864e+01	1.987656850961531418e+01	2.000845879931130966e+01	1.983564264591199944e+01	2.012820470429496922e+01	2.018861874729848793e+01	2.025771100017090021e+01	2.006440522867418963e+01	2.043058200706238381e+01	2.004370518769460929e+01	1.934441881441142996e+01	2.049218329356666146e+01	1.968520148735968434e+01	2.022547610132907181e+01	2.983148112908438065e+01	1.962306452170502880e+01	2.043904216480058622e+01	2.029904174657766447e+01	2.021298056549176181e+01	1.990727099151687085e+01	2.054247236435517010e+01	1.993285455690194041e+01	2.005448846396682683e+01	1.956556444553637419e+01	1.967339290998026868e+01	2.069459480712833255e+01	2.029477174450422439e+01	2.021300430072937004e+01	2.011707415217401973e+01	2.013364491024638880e+01	2.063094543216008248e+01	2.056403653482780669e+01	2.052758864446714426e+01	2.006889528563701575e+01	2.026763469522813921e+01	2.004334853332640165e+01
1.975395059110505258e+01	2.007068016321561288e+01	1.971876499982115760e+01	1.959305940767245957e+01	1.989543873323722067e+01	1.928790969232758812e+01	1.964572106881542624e+01	1.929085240034438087e+01	1.966407702580439576e+01	1.986886177876471749e+01	1.977554581168877235e+01	1.970050358199385343e+01	1.920578294327409807e+01	1.906378271280543757e+01	1.925990819723438818e+01	1.978925693971611821e+01	1.961650220570888337e+01	1.976834908820931958e+01	1.959864915684701714e+01	1.959678807019410485e+01	1.974778489350308774e+01	1.977173020579247265e+01	1.996154159649438498e+01	1.991528553515833977e+01	1.870930454599049142e+01	1.977411374845125636e+01	1.994379937775717337e+01	2.000747211949938986e+01	1.962306452170502880e+01	2.943589561089737217e+01	2.015826057509953628e+01	1.979239542541497343e+01	1.993590908470293144e+01	2.000857928942913944e+01	1.982121809920172595e+01	1.984553167121296724e+01	1.969889945316923274e+01	1.953190250813729989e+01	1.987192391177141104e+01	2.001723632346681825e+01	1.993755139517211816e+01	1.988423481087680500e+01	1.999540675779502763e+01	1.981027752667462494e+01	1.966470736087156013e+01	1.995240294008761595e+01	1.994956848202249589e+01	1.990891460839314320e+01	1.983028753629278995e+01	1.989655562474866457e+01
2.011472354396910589e+01	2.024733811067973477e+01	2.005311466423809463e+01	2.020835571267890174e+01	2.043839673144215396e+01	1.989850882260745379e+01	1.991572098128844814e+01	1.997203128583922549e+01	2.062361880828133920e+01	2.043916197158885240e+01	2.025287702535217349e+01	2.072525193576872127e+01	2.021034476181733908e+01	2.025767207324793873e+01	1.985897396304282836e+01	2.008316042668104018e+01	2.050043749660102677e+01	2.042901704841126787e+01	2.009170344785241369e+01	2.041289371214729798e+01	2.038237499136158348e+01	2.059616411996135810e+01	2.055243516680076254e+01	2.049227975837707305e+01	1.960579333898361654e+01	2.027797929186341008e+01	1.992762059694650034e+01	2.027063739013810562e+01	2.043904216480058622e+01	2.015826057509953628e+01	3.040039585605794059e+01	2.030946378052183832e+01	2.044458497982247280e+01	2.053743404646131054e+01	2.071901672323958010e+01	2.042443413988319989e+01	1.984834131042588723e+01	2.043965039758220215e+01	2.000345409262664376e+01	2.028308288118574509e+01	2.047487304975963340e+01	2.024402122553488326e+01	2.049918285542144147e+01	1.980299734044133331e+01	2.014681221623753160e+01	2.061822415445071499e+01	2.055360568307940738e+01	2.029416349330351466e+01	2.049857838624858886e+01	2.033946716249410969e+01
1.979172533767719599e+01	2.074402095095862464e+01	1.997202482665040790e+01	2.003424951941007848e+01	2.051962440489404571e+01	2.018749746867663575e+01	1.974121821580692071e+01	2.023479580538274547e+01	2.051547164108736609e+01	2.019674925039304725e+01	2.016908900766639334e+01	2.063911694817063491e+01	2.006294034324240982e+01	2.018608794436597620e+01	1.967213241632776999e+01	1.982411322206468896e+01	1.961877637995257118e+01	2.029718005428632210e+01	2.013913845337093278e+01	2.073003276803196471e+01	2.028429898777458718e+01	2.044713959594164265e+01	2.079040856150111338e+01	2.058625610635795056e+01	1.951620093377865928e+01	2.040817345229776691e+01	2.039977503208050535e+01	2.022313859585357321e+01	2.029904174657766447e+01	1.979239542541497343e+01	2.030946378052183832e+01	3.039241120045255684e+01	2.049554102156843882e+01	2.065950627504646775e+01	2.048718237551402055e+01	2.054395920789254504e+01	2.012228241393665584e+01	2.020145903358838524e+01	2.000965894751662333e+01	2.042174336978726146e+01	2.045367760281157743e+01	2.033576747709244970e+01	2.002141406327586992e+01	1.999828555023896826e+01	2.030270260095233681e+01	2.103186799054343581e+01	2.067853877040775501e+01	2.053785443400898814e+01	1.975788566489960729e+01	2.038566921165307733e+01
