3.058572896763100246e+01	2.023237934699199059e+01	2.045050212392649058e+01	2.025688497557574763e+01	1.965103839695868260e+01	1.971510135565865340e+01	2.018854109879513814e+01	2.028339615980511113e+01	2.100042562549699099e+01	2.065617493355497558e+01	2.038670315210962869e+01	2.005733524750242225e+01	1.992811488748027315e+01	2.009437556365503852e+01	2.054184636535062225e+01	2.030232507570603318e+01	2.022965957711645402e+01	2.091640376085606334e+01	2.020432460762394200e+01	1.998016201144429616e+01	2.035441937828496606e+01	2.024613527690370418e+01	2.024816588631910008e+01	2.082857164383380066e+01	2.040465256183895804e+01	2.093390524662666152e+01	1.996978590968393164e+01	2.057061273306117855e+01	2.017326015299459741e+01	2.059429373913467742e+01	2.003604482817664589e+01	1.999388093048431259e+01	2.048497472869708957e+01	2.013375087934267782e+01	2.104003753057859427e+01	2.036592456412664021e+01	2.106937569592319548e+01	2.034959085659843225e+01	1.976801770416393822e+01	2.023936081551083532e+01	2.002428967219524125e+01	2.036270459427321455e+01	2.039388741865919741e+01	2.057778726625972254e+01	1.999407210924183431e+01	2.082502936114753922e+01	2.069355752000102555e+01	2.026148922036513156e+01	1.995492509676704174e+01	2.038479899741607682e+01
2.023237934699199059e+01	2.970251092070918375e+01	1.992235871124074009e+01	2.020386532374793731e+01	1.958335161684072645e+01	1.974321428149897883e+01	1.957893743919615659e+01	1.976583589380712169e+01	2.049575739903846028e+01	2.044822576250427559e+01	1.995526229750931080e+01	1.972297332810919812e+01	1.944647797591740002e+01	1.961397822435171179e+01	2.008164512048402628e+01	2.016729632435851016e+01	1.986144505883015299e+01	2.013862169449771145e+01	1.984288548546710018e+01	1.956317353129240999e+01	2.012099150447370377e+01	1.967607120906666296e+01	2.027143824459842847e+01	2.037510982547637184e+01	1.979340838253266455e+01	2.045991766382743648e+01	1.990233180741334351e+01	2.009476909516829579e+01	1.964366274857031769e+01	2.018645737164879250e+01	1.969907249081541423e+01	1.970074003103426108e+01	2.025541861353820394e+01	1.984785139958450273e+01	1.995773160263183499e+01	2.011226326789329732e+01	2.022394368823506028e+01	2.003557934460797441e+01	1.938260675956833978e+01	2.004211808366277836e+01	1.948112533675528013e+01	1.993535082710302575e+01	1.990074301230481169e+01	2.031113842744610665e+01	2.002511009361106176e+01	2.026655246455633730e+01	1.996274795242546318e+01	1.989002313854367898e+01	1.963077633328769167e+01	1.994282314516862087e+01
2.045050212392649058e+01	1.992235871124074009e+01	2.941434958026675872e+01	1.986129875970232206e+01	1.937195992133759148e+01	1.981165972895198379e+01	1.969104184616180220e+01	1.983114312055198170e+01	2.033347465737777782e+01	2.046571610098725458e+01	2.011752319170566139e+01	1.980005691705221693e+01	1.977645450961528795e+01	1.985109424150313373e+01	2.029107699763519790e+01	2.009194611058959978e+01	1.934499885415161557e+01	2.056919778015410571e+01	1.955286725233652589e+01	1.980100750971835666e+01	2.017561137986561448e+01	1.982927432018536962e+01	2.009853960757605762e+01	2.066115939815423630e+01	2.008937041127139977e+01	2.054770272088147109e+01	1.939807736246849146e+01	2.007539885557484283e+01	1.972442939924125582e+01	1.986384910488782651e+01	1.941777405780253218e+01	1.938557350036541393e+01	2.014501675945237480e+01	1.960676353088898693e+01	2.024062417550440429e+01	1.994411490419763666e+01	2.020836300792807094e+01	2.019415837515783707e+01	1.932685623270992892e+01	2.009963099241712570e+01	1.957149532022458516e+01	2.002798323850653972e+01	1.989889186009582644e+01	1.964018321087314334e+01	1.987268418193844610e+01	2.013980940032955758e+01	1.987862621268044450e+01	1.978745831214517992e+01	1.972447239802960439e+01	2.009237636060533916e+01
2.025688497557574763e+01	2.020386532374793731e+01	1.986129875970232206e+01	2.947355037577441550e+01	1.974549450499869963e+01	1.950358035358878439e+01	1.987827888078314231e+01	1.975430339710182537e+01	2.077594796054488313e+01	1.998462484061224131e+01	1.983620027890859205e+01	1.949264638034378905e+01	1.941236193635064566e+01	2.016425434111442883e+01	2.023742101255363224e+01	1.967646172321688880e+01	1.986734051611264462e+01	2.034523126300867091e+01	1.954213913124132418e+01	2.004503935834034678e+01	2.027835923081580205e+01	1.990628897428429411e+01	1.959719007129975310e+01	2.059441611424590235e+01	1.985515730723179573e+01	2.055818740244158249e+01	1.929891498575123876e+01	1.998567123328996331e+01	2.012160753602680074e+01	2.024898403173939343e+01	2.018523169848466381e+01	1.978725586269996839e+01	2.014369177983565962e+01	2.008505156728454111e+01	2.052489806449414900e+01	2.002510508071034678e+01	2.038814366047372317e+01	2.017903035952143753e+01	1.947428436867538437e+01	2.038866277400530791e+01	2.006218981120447609e+01	1.993675419094679668e+01	1.997754840028994394e+01	1.958986467601813786e+01	1.982967266116682126e+01	2.000967908410061824e+01	1.986851814710393427e+01	2.010049166535738152e+01	1.931377837491102767e+01	2.001283064212645613e+01
1.965103839695868260e+01	1.958335161684072645e+01	1.937195992133759148e+01	1.974549450499869963e+01	2.869364900961457465e+01	1.892938960500790557e+01	1.958426496344749523e+01	1.947148609695637944e+01	1.993219597306885404e+01	1.950856084434043325e+01	1.961682420401803029e+01	1.953786459893481720e+01	1.887149349558731970e+01	1.944778025514899866e+01	1.994320532609296137e+01	1.947273156204187572e+01	1.911690195558498218e+01	1.979958897916837657e+01	1.949158345179606400e+01	1.904349094696843636e+01	1.959950376715011799e+01	1.923455076794685326e+01	1.937888864190983895e+01	2.036777476679572274e+01	1.960705951857676510e+01	2.001908096161728423e+01	1.897036305159871006e+01	1.947213063954181322e+01	1.896383804844627718e+01	1.957419769480621241e+01	1.907619288225150100e+01	1.882192695531030324e+01	1.914232304120576345e+01	1.926703552088068605e+01	1.981022571297257429e+01	1.938483600872528356e+01	1.938739180527696249e+01	1.947722172721968192e+01	1.878414598065332086e+01	1.994883881206625631e+01	1.919089654806637313e+01	1.934259219396555807e+01	1.934192515783289323e+01	1.963593368481922496e+01	1.971021618669020015e+01	1.922311153858686339e+01	1.939276441321279165e+01	1.966748594511810921e+01	1.900733338571005149e+01	1.957521474727912292e+01
1.971510135565865340e+01	1.974321428149897883e+01	1.981165972895198379e+01	1.950358035358878439e+01	1.892938960500790557e+01	2.935583491689219926e+01	1.964680686627889017e+01	1.928372199989735236e+01	2.002459102281772374e+01	1.970196800321263808e+01	1.974412709540265709e+01	1.959105124540363363e+01	1.922592184008576410e+01	1.953062459414606877e+01	1.962844830488565862e+01	1.928643266842910364e+01	1.951015551435871487e+01	2.014391563708291244e+01	1.952295165804840593e+01	1.944339785111061403e+01	1.964657020188954561e+01	1.939296084546165133e+01	1.933890897581361656e+01	2.011846789176133754e+01	1.966222551912242622e+01	2.000235270353442729e+01	1.935900942102193412e+01	1.937578072574098798e+01	1.963498642832065499e+01	1.980272750681304927e+01	1.933055872132422692e+01	1.947033602417271680e+01	1.949457884843065614e+01	1.904343763766292241e+01	1.981654525391686050e+01	1.950694913564506550e+01	1.993437384755848996e+01	1.956923823490883407e+01	1.903402170095693435e+01	1.987430347972654232e+01	1.910416717541459164e+01	1.991720053922267297e+01	1.949285526131090407e+01	1.941152714374096533e+01	1.947823208206861167e+01	1.962154929255532210e+01	1.948882183979011273e+01	1.983969753206566011e+01	1.925279943848626729e+01	1.989332735598777901e+01
2.018854109879513814e+01	1.957893743919615659e+01	1.969104184616180220e+01	1.987827888078314231e+01	1.958426496344749523e+01	1.964680686627889017e+01	2.930093243059005204e+01	1.957801591836469868e+01	1.996606178022792832e+01	1.989696147047897412e+01	2.041990692972990118e+01	1.947295598744147682e+01	1.940556882864254007e+01	2.009899744490035545e+01	2.002918323828353664e+01	1.998837007178727987e+01	1.996800918793850599e+01	2.017761390067095206e+01	1.976120549850879016e+01	1.989541648522125783e+01	1.976192371482408205e+01	1.942880695701690286e+01	1.953444867514283700e+01	2.026424517283700055e+01	1.982108311940628553e+01	2.051475996495413767e+01	1.913614262341317485e+01	1.937824200333295721e+01	1.960481986356837325e+01	1.979987615524600741e+01	1.978730842848470317e+01	1.967245924556790015e+01	2.002862197555728230e+01	1.997289154777529419e+01	1.988902523990402926e+01	1.987944299435687512e+01	2.018941656271267604e+01	1.977351391482568488e+01	1.967671718143598625e+01	1.973285425860992603e+01	1.931704898791761948e+01	2.016744409745368571e+01	1.981145701150183669e+01	1.971027687385462102e+01	1.957702044918173812e+01	2.036288734143017010e+01	1.990909926844658173e+01	1.982107898783248956e+01	1.938873128435740512e+01	2.023037285107941585e+01
2.028339615980511113e+01	1.976583589380712169e+01	1.983114312055198170e+01	1.975430339710182537e+01	1.947148609695637944e+01	1.928372199989735236e+01	1.957801591836469868e+01	2.906054722560254078e+01	2.049305189528553939e+01	1.952372834163114490e+01	1.982726968887322982e+01	1.962035738742232382e+01	1.950782856345618299e+01	1.934712889584293549e+01	1.963326411650176695e+01	1.968187110775989623e+01	1.966802189013071001e+01	1.990461427076014189e+01	1.964127880888722189e+01	1.939160304842690508e+01	1.965828777644588499e+01	1.974036482407054649e+01	1.993700006728498053e+01	2.041418444245307384e+01	1.955074566652566403e+01	2.017311041314959041e+01	1.915881316646956378e+01	1.958879262832297741e+01	1.952228873625830019e+01	2.012977913639492300e+01	1.949909536096549090e+01	1.923375626068536093e+01	1.992120822299348859e+01	1.976611101785188040e+01	2.003388838551237328e+01	1.942574716242129895e+01	1.997485011645146358e+01	1.986947465134102941e+01	1.911291932894358681e+01	2.003004284775570909e+01	1.943209919735958024e+01	1.966067163377556071e+01	1.979228266416241055e+01	1.949214868032063208e+01	1.981950604551898820e+01	2.016618628465614194e+01	1.953013376007065105e+01	1.972142206584814872e+01	1.940760834803192481e+01	1.962164348425841354e+01
2.100042562549699099e+01	2.049575739903846028e+01	2.033347465737777782e+01	2.077594796054488313e+01	1.993219597306885404e+01	2.002459102281772374e+01	1.996606178022792832e+01	2.049305189528553939e+01	3.065413026908403538e+01	2.098741390587653655e+01	2.015211097499558690e+01	1.988164434176048090e+01	1.987154628463904871e+01	2.055576263416401517e+01	2.082696171914366090e+01	2.070121795340826054e+01	2.015242514850342559e+01	2.089546389876084831e+01	2.050869522211502982e+01	2.015376125864271017e+01	2.058888552507068681e+01	2.032590226791959154e+01	2.013422894291991128e+01	2.072386204042009439e+01	2.046199281423893979e+01	2.129054991415441833e+01	2.058170540426294082e+01	2.034404922887735978e+01	2.037322732190155605e+01	2.015058963885213217e+01	2.068896779061061508e+01	2.054560361249009048e+01	2.055710279869813562e+01	2.056371355811044310e+01	2.070088001777575926e+01	2.076573230846432239e+01	2.123440205027423744e+01	2.045902544480367524e+01	1.971298274769240066e+01	2.079568605094814870e+01	2.021695050330253096e+01	2.036748142402137418e+01	2.008880231858248067e+01	2.015068580763480455e+01	2.038337634230751405e+01	2.085609472287679012e+01	2.033896016264580808e+01	2.012050275329145776e+01	2.008295505678404780e+01	2.034507634625461137e+01
2.065617493355497558e+01	2.044822576250427559e+01	2.046571610098725458e+01	1.998462484061224131e+01	1.950856084434043325e+01	1.970196800321263808e+01	1.989696147047897412e+01	1.952372834163114490e+01	2.098741390587653655e+01	2.984717793626073146e+01	1.991103546578624162e+01	1.998940595285445454e+01	1.963796038493875074e+01	1.970499750645650749e+01	2.036291997376003238e+01	2.024203071848263846e+01	2.010979824537563587e+01	2.040604189188944417e+01	1.968519537390408303e+01	1.988203624333176833e+01	2.003071768360438298e+01	1.983115097705071506e+01	2.027121315362408538e+01	2.058685288340053887e+01	1.985373672925441468e+01	2.063768469008785544e+01	1.969331762348939918e+01	1.989041353325480799e+01	1.991578710995428381e+01	2.040441629763511955e+01	2.007786000952133421e+01	1.965707277595680580e+01	1.978935248553230153e+01	1.993390784624645917e+01	2.029977381944285142e+01	2.028265530015920604e+01	2.053670049897645100e+01	2.020568587583460385e+01	1.950844191864368682e+01	2.003863686177383130e+01	1.990880125288677505e+01	1.987781458779640076e+01	2.001427965961605082e+01	2.005987530929288809e+01	1.991248382171146858e+01	2.016708318717449799e+01	2.025478777458026514e+01	2.025553135454329379e+01	1.984246267475303327e+01	1.987300346748367019e+01
2.038670315210962869e+01	1.995526229750931080e+01	2.011752319170566139e+01	1.983620027890859205e+01	1.961682420401803029e+01	1.974412709540265709e+01	2.041990692972990118e+01	1.982726968887322982e+01	2.015211097499558690e+01	1.991103546578624162e+01	3.005239342750627074e+01	2.037659021599067088e+01	1.990179852783591130e+01	1.987845283933865659e+01	2.016739346759365148e+01	1.991344278853329186e+01	1.964148331517563761e+01	2.080976384854537642e+01	2.003812157394270699e+01	2.002851807571088116e+01	2.042498120661121064e+01	1.996550387075543043e+01	1.980739995323512304e+01	2.055926660357305735e+01	2.028487707719547117e+01	2.081736895227266260e+01	1.914367804598799694e+01	2.032891152276532409e+01	1.996978941622628767e+01	2.038412130954426971e+01	1.995650855448637273e+01	1.970896994310696826e+01	2.001819687014862836e+01	2.003641780529838101e+01	2.063926894977663551e+01	2.001022034263459304e+01	2.043384266695587215e+01	2.010542501054792908e+01	1.919038539651423747e+01	1.989516738915399685e+01	1.936780117625401232e+01	1.989203168634652030e+01	1.988039417229251526e+01	1.986702271392395502e+01	2.026307131837434383e+01	2.027958272836479736e+01	2.031507420354749271e+01	1.996481495449335597e+01	1.945986295246788700e+01	2.046628700415750401e+01
2.005733524750242225e+01	1.972297332810919812e+01	1.980005691705221693e+01	1.949264638034378905e+01	1.953786459893481720e+01	1.959105124540363363e+01	1.947295598744147682e+01	1.962035738742232382e+01	1.988164434176048090e+01	1.998940595285445454e+01	2.037659021599067088e+01	2.919396575845046371e+01	1.946094762917389431e+01	1.944602048321056031e+01	1.969730827034504372e+01	1.981800779158134418e+01	1.951502305479484178e+01	2.045565657157960615e+01	1.992847070891716754e+01	1.952851567265199506e+01	1.975057253923768741e+01	2.001981489502394140e+01	1.954341593213887762e+01	2.035902154611378734e+01	1.980414161761284575e+01	2.043467080412198911e+01	1.921760808252591346e+01	2.006519380474960101e+01	1.966358868057936249e+01	1.982541933789224586e+01	1.950380881104931063e+01	1.918495088830948347e+01	1.997226995336612276e+01	1.944191674027062078e+01	2.034157588230672431e+01	1.952699726849591499e+01	2.027971327965486381e+01	1.970862133475143452e+01	1.942825607822724621e+01	1.995634212385821371e+01	1.933173078834971292e+01	1.971273030213454547e+01	1.969242907053429192e+01	1.935226825867622580e+01	1.965760223962679021e+01	1.943866336597817224e+01	2.014438080701167522e+01	1.953661480052901211e+01	1.907747303757495416e+01	1.966954568695405925e+01
1.992811488748027315e+01	1.944647797591740002e+01	1.977645450961528795e+01	1.941236193635064566e+01	1.887149349558731970e+01	1.922592184008576410e+01	1.940556882864254007e+01	1.950782856345618299e+01	1.987154628463904871e+01	1.963796038493875074e+01	1.990179852783591130e+01	1.946094762917389431e+01	2.866852810130373896e+01	1.946761005609334205e+01	1.935948284129114327e+01	1.929440784279330501e+01	1.910936648251921355e+01	2.012727800241572496e+01	1.929334543288016590e+01	1.878086282359610237e+01	1.953197194255854896e+01	1.945813339100836359e+01	1.920814783306133222e+01	2.055262782275721278e+01	1.961476892160242613e+01	2.033401359522542506e+01	1.921547491868883384e+01	1.973571261965521373e+01	1.939675204425368449e+01	1.962909810830653612e+01	1.937728697898290520e+01	1.900808394558295333e+01	1.963567445236733633e+01	1.938575502282915153e+01	1.981209531128446955e+01	1.970658960879346822e+01	1.968359171849557754e+01	1.969878087185635351e+01	1.838672975100898910e+01	1.953942979878486241e+01	1.946649817162853680e+01	1.949644901000294439e+01	1.941573810089746388e+01	1.927352068926200701e+01	1.912442883999816701e+01	1.981357604568149711e+01	1.953021699787068144e+01	1.944394251578880883e+01	1.901537081840833565e+01	1.939876640258450990e+01
2.009437556365503852e+01	1.961397822435171179e+01	1.985109424150313373e+01	2.016425434111442883e+01	1.944778025514899866e+01	1.953062459414606877e+01	2.009899744490035545e+01	1.934712889584293549e+01	2.055576263416401517e+01	1.970499750645650749e+01	1.987845283933865659e+01	1.944602048321056031e+01	1.946761005609334205e+01	2.982412316173253686e+01	1.983532742734401566e+01	2.015801529646155288e+01	1.972435615129075970e+01	2.038132768633871450e+01	1.961137524257682330e+01	1.984740079283229619e+01	2.014024690987173472e+01	1.992300480367509863e+01	1.964416115283821895e+01	2.037034055086256856e+01	1.959568764751661263e+01	2.098980324106469553e+01	1.931262074141888263e+01	1.974727535587087601e+01	1.985995773868922143e+01	2.007181589373803021e+01	2.005396699615316791e+01	1.986494150509238565e+01	1.998766934839419207e+01	2.026628360965862896e+01	2.053816468153896224e+01	2.016651097909377910e+01	2.070357272624074341e+01	1.968124573155837709e+01	1.905671941908267542e+01	1.995196230631115952e+01	1.947798167773775901e+01	1.987035939329402012e+01	2.007078329701864305e+01	1.989107653900317985e+01	1.986132453981375789e+01	2.006874660982578362e+01	2.006293254554946870e+01	1.987311625072211285e+01	1.915024071792682747e+01	1.978696211614196088e+01
2.054184636535062225e+01	2.008164512048402628e+01	2.029107699763519790e+01	2.023742101255363224e+01	1.994320532609296137e+01	1.962844830488565862e+01	2.002918323828353664e+01	1.963326411650176695e+01	2.082696171914366090e+01	2.036291997376003238e+01	2.016739346759365148e+01	1.969730827034504372e+01	1.935948284129114327e+01	1.983532742734401566e+01	2.978180165284101122e+01	2.013083931352707623e+01	1.961618311904012657e+01	2.059638931458346889e+01	1.993894697819493089e+01	1.936774883877645337e+01	2.018225031612977816e+01	1.953816318725452561e+01	1.946165393079750672e+01	2.059411582230876192e+01	1.996717823549853676e+01	2.075927636226859008e+01	1.953408192468323534e+01	1.997200653328824416e+01	2.002331564524243745e+01	2.040189734573316827e+01	1.975381154523043747e+01	1.971048501080071347e+01	2.033416432511324601e+01	1.975447262092352219e+01	2.026517284624483040e+01	1.992247333953706701e+01	2.036613128802438055e+01	2.009755123294008783e+01	1.938832033891863560e+01	2.001102466055241180e+01	1.964042564388604362e+01	1.995401521780826926e+01	2.015966056226088909e+01	1.994339622377865240e+01	1.989221826807871452e+01	2.025719149126553020e+01	2.006255661060802709e+01	2.009409595194307130e+01	1.974541827810396910e+01	1.992969578568064648e+01
2.030232507570603318e+01	2.016729632435851016e+01	2.009194611058959978e+01	1.967646172321688880e+01	1.947273156204187572e+01	1.928643266842910364e+01	1.998837007178727987e+01	1.968187110775989623e+01	2.070121795340826054e+01	2.024203071848263846e+01	1.991344278853329186e+01	1.981800779158134418e+01	1.929440784279330501e+01	2.015801529646155288e+01	2.013083931352707623e+01	3.021332576820608651e+01	1.971151916065647214e+01	2.064862410503960177e+01	1.999936987991773307e+01	1.953151193678573350e+01	1.999447865898200760e+01	1.984789663673663540e+01	1.993795115326013700e+01	2.038833273925085976e+01	1.996947109929796937e+01	2.111906544298354760e+01	1.987716043228799023e+01	1.975967855871112988e+01	1.980886280181340808e+01	1.986013515850217459e+01	1.995037942325083336e+01	1.988899509382743602e+01	2.013217849793533176e+01	1.954133421277331806e+01	2.015012589744045357e+01	2.002817320894984121e+01	2.054133271909846670e+01	1.997618075828069450e+01	1.942468620631202825e+01	2.020276512380023348e+01	1.958546696711249524e+01	1.974068762605839567e+01	1.971325584568588596e+01	1.970624697991955543e+01	2.031428768298842158e+01	2.033170078366724098e+01	2.003536468219460076e+01	1.950895373380718922e+01	1.937329580733601020e+01	1.993931030481839173e+01
2.022965957711645402e+01	1.986144505883015299e+01	1.934499885415161557e+01	1.986734051611264462e+01	1.911690195558498218e+01	1.951015551435871487e+01	1.996800918793850599e+01	1.966802189013071001e+01	2.015242514850342559e+01	2.010979824537563587e+01	1.964148331517563761e+01	1.951502305479484178e+01	1.910936648251921355e+01	1.972435615129075970e+01	1.961618311904012657e+01	1.971151916065647214e+01	2.913656293919657259e+01	2.058178499542310291e+01	1.939081701791338475e+01	1.921858032141821582e+01	1.939471111940750703e+01	1.989951249457676141e+01	1.974483423242756785e+01	2.040760361532247558e+01	1.972423620341908901e+01	2.063556038419958938e+01	1.908307900090903075e+01	2.003762581319590552e+01	1.949783084393154553e+01	1.967183271478846862e+01	1.945008182339121561e+01	1.932913170186825980e+01	1.984527457513378579e+01	1.977822877852041827e+01	1.970871254252551097e+01	1.984266927664001656e+01	2.002178072107401974e+01	1.960856311925287088e+01	1.896775764878569603e+01	1.965683331108511567e+01	1.957148278269426811e+01	1.948889393113283219e+01	1.977419482596929612e+01	1.932243555384388500e+01	1.981951560485919117e+01	1.994979910147062796e+01	1.966255016109710851e+01	1.932394812311777343e+01	1.911029338490889273e+01	1.998626996518658316e+01
2.091640376085606334e+01	2.013862169449771145e+01	2.056919778015410571e+01	2.034523126300867091e+01	1.979958897916837657e+01	2.014391563708291244e+01	2.017761390067095206e+01	1.990461427076014189e+01	2.089546389876084831e+01	2.040604189188944417e+01	2.080976384854537642e+01	2.045565657157960615e+01	2.012727800241572496e+01	2.038132768633871450e+01	2.059638931458346889e+01	2.064862410503960177e+01	2.058178499542310291e+01	3.094323269312035762e+01	2.040686451084718556e+01	2.035606276724709218e+01	2.039663016718960264e+01	2.008251864330182102e+01	2.002426441423416748e+01	2.099741701300701635e+01	1.995381615721826307e+01	2.141049794692604280e+01	1.981762752448720022e+01	2.035691911458588876e+01	2.052350790383778900e+01	2.109637199889542103e+01	2.034634521066712054e+01	2.028510839171151758e+01	2.047722598302375019e+01	2.025970914962875469e+01	2.081274214784772880e+01	2.037040380732648970e+01	2.091336467696331525e+01	2.048049241531311182e+01	1.983337794433841239e+01	2.059072918008937592e+01	2.015599423412980329e+01	2.070379718278366354e+01	2.024568061190260693e+01	2.038636186599438460e+01	2.046081962591857817e+01	2.074467193886401262e+01	2.031151279811896160e+01	1.995135884085009437e+01	2.012041782055246841e+01	2.042159545432144796e+01
2.020432460762394200e+01	1.984288548546710018e+01	1.955286725233652589e+01	1.954213913124132418e+01	1.949158345179606400e+01	1.952295165804840593e+01	1.976120549850879016e+01	1.964127880888722189e+01	2.050869522211502982e+01	1.968519537390408303e+01	2.003812157394270699e+01	1.992847070891716754e+01	1.929334543288016590e+01	1.961137524257682330e+01	1.993894697819493089e+01	1.999936987991773307e+01	1.939081701791338475e+01	2.040686451084718556e+01	2.887267144378733263e+01	1.954004135692595767e+01	1.981521284706410313e+01	1.974040992743436718e+01	1.965351010013523592e+01	2.043535632939007129e+01	1.987089203760954348e+01	2.040790147175278690e+01	1.956309318149508414e+01	1.990820981304540993e+01	1.968076388276440980e+01	1.958006038520711201e+01	1.974981600064366205e+01	1.933765030602741319e+01	1.973413989252607692e+01	1.964949018162923267e+01	1.982996391175930384e+01	1.961041748508679206e+01	2.002018621410704569e+01	1.964797478518419993e+01	1.895873986689915114e+01	1.990686233731020494e+01	1.961029516629618996e+01	1.978538579183402035e+01	1.957442024315938767e+01	1.962951941514462462e+01	1.952864184135543013e+01	1.990531009315246180e+01	2.006057177878966158e+01	1.937084949509306497e+01	1.915427046490967200e+01	1.960864905551828841e+01
1.998016201144429616e+01	1.956317353129240999e+01	1.980100750971835666e+01	2.004503935834034678e+01	1.904349094696843636e+01	1.944339785111061403e+01	1.989541648522125783e+01	1.939160304842690508e+01	2.015376125864271017e+01	1.988203624333176833e+01	2.002851807571088116e+01	1.952851567265199506e+01	1.878086282359610237e+01	1.984740079283229619e+01	1.936774883877645337e+01	1.953151193678573350e+01	1.921858032141821582e+01	2.035606276724709218e+01	1.954004135692595767e+01	2.929852329833664726e+01	2.022261603480492198e+01	1.930828506672421341e+01	1.948994895838494301e+01	2.014081915539745893e+01	1.977740683443435188e+01	2.027994237691549984e+01	1.926029732424105489e+01	1.968892461825226192e+01	1.975622772196068766e+01	1.999335519277104467e+01	1.959409472495494597e+01	1.958836519409671695e+01	1.997838070281090594e+01	1.960355154859882276e+01	2.001877147506530363e+01	1.968525330114207605e+01	2.008495565816674144e+01	1.994519682005157790e+01	1.907041427607545003e+01	2.034417552179250777e+01	1.960917476267220394e+01	1.968205764460869744e+01	1.945445993786786332e+01	1.980374327766732634e+01	1.949251630371941602e+01	1.987040003509582320e+01	1.985747785679505739e+01	1.975708753811936447e+01	1.929739060536789452e+01	1.999173618909920336e+01
2.035441937828496606e+01	2.012099150447370377e+01	2.017561137986561448e+01	2.027835923081580205e+01	1.959950376715011799e+01	1.964657020188954561e+01	1.976192371482408205e+01	1.965828777644588499e+01	2.058888552507068681e+01	2.003071768360438298e+01	2.042498120661121064e+01	1.975057253923768741e+01	1.953197194255854896e+01	2.014024690987173472e+01	2.018225031612977816e+01	1.999447865898200760e+01	1.939471111940750703e+01	2.039663016718960264e+01	1.981521284706410313e+01	2.022261603480492198e+01	2.945265726077540691e+01	1.962359893861443894e+01	1.984249223337607404e+01	2.047993255686007785e+01	1.979317595163552213e+01	2.098223663750630053e+01	1.966510636965446324e+01	2.004050663546410860e+01	1.992468529295297586e+01	2.023140662237253551e+01	2.003380545556459680e+01	1.977209703523024231e+01	2.017788936293525026e+01	2.019591482170527286e+01	2.010835275998636718e+01	1.979154979315552509e+01	2.043462075349880180e+01	2.018834283965399123e+01	1.937333137087410861e+01	2.031866985887129218e+01	1.961765258900668840e+01	1.992759723252984116e+01	1.964634444785464851e+01	1.983748742767337703e+01	1.965277379055951812e+01	2.029351764674841263e+01	2.002651029846111541e+01	1.991903576905886553e+01	1.956710488639891210e+01	2.016422917493084555e+01
2.024613527690370418e+01	1.967607120906666296e+01	1.982927432018536962e+01	1.990628897428429411e+01	1.923455076794685326e+01	1.939296084546165133e+01	1.942880695701690286e+01	1.974036482407054649e+01	2.032590226791959154e+01	1.983115097705071506e+01	1.996550387075543043e+01	2.001981489502394140e+01	1.945813339100836359e+01	1.992300480367509863e+01	1.953816318725452561e+01	1.984789663673663540e+01	1.989951249457676141e+01	2.008251864330182102e+01	1.974040992743436718e+01	1.930828506672421341e+01	1.962359893861443894e+01	2.923514204244075998e+01	1.956524470017528117e+01	2.017840813461124583e+01	1.955558342573095487e+01	2.016443281759911699e+01	1.946693404002670746e+01	1.976827717637496917e+01	1.978730283214742158e+01	1.994086929098232019e+01	1.972845632900934021e+01	1.942389463109617864e+01	1.988158728166452249e+01	1.979371879985746219e+01	2.010972650684924901e+01	1.976959673989377819e+01	2.007511035204872485e+01	1.993079636053084513e+01	1.904265039964165851e+01	1.982988463283465919e+01	1.965397086032999852e+01	1.955874116941638974e+01	1.975713279824273272e+01	1.953228842825201284e+01	1.977009388532298928e+01	1.977776521351839278e+01	2.004562352953385940e+01	1.924229257791195380e+01	1.925962974083642010e+01	1.995578455372186610e+01
2.024816588631910008e+01	2.027143824459842847e+01	2.009853960757605762e+01	1.959719007129975310e+01	1.937888864190983895e+01	1.933890897581361656e+01	1.953444867514283700e+01	1.993700006728498053e+01	2.013422894291991128e+01	2.027121315362408538e+01	1.980739995323512304e+01	1.954341593213887762e+01	1.920814783306133222e+01	1.964416115283821895e+01	1.946165393079750672e+01	1.993795115326013700e+01	1.974483423242756785e+01	2.002426441423416748e+01	1.965351010013523592e+01	1.948994895838494301e+01	1.984249223337607404e+01	1.956524470017528117e+01	2.991042201562483882e+01	2.030409847410112079e+01	1.987787347474902688e+01	2.031411735981031796e+01	1.914537686366956493e+01	2.001349110248551000e+01	1.947883079035874587e+01	1.984946682297579201e+01	1.938788740189902526e+01	1.973668840555276205e+01	1.999884989466828245e+01	1.965085433840007312e+01	2.010522755734556100e+01	1.991124535652044614e+01	2.051414729808365678e+01	2.030476265971802619e+01	1.949771438052187378e+01	1.968389512091657423e+01	1.978154172855705184e+01	1.939344363346963362e+01	1.979058627831926387e+01	2.000030113974557366e+01	2.004293271558085010e+01	1.990602118477760385e+01	1.991815334207675647e+01	2.004047803659480209e+01	1.970325271742452955e+01	2.005184954090045224e+01
2.082857164383380066e+01	2.037510982547637184e+01	2.066115939815423630e+01	2.059441611424590235e+01	2.036777476679572274e+01	2.011846789176133754e+01	2.026424517283700055e+01	2.041418444245307384e+01	2.072386204042009439e+01	2.058685288340053887e+01	2.055926660357305735e+01	2.035902154611378734e+01	2.055262782275721278e+01	2.037034055086256856e+01	2.059411582230876192e+01	2.038833273925085976e+01	2.040760361532247558e+01	2.099741701300701635e+01	2.043535632939007129e+01	2.014081915539745893e+01	2.047993255686007785e+01	2.017840813461124583e+01	2.030409847410112079e+01	3.089252608120388999e+01	2.073117588698372771e+01	2.054877136477815824e+01	1.979308595107205093e+01	2.073251428117991324e+01	2.042002864773149540e+01	2.089886650990096939e+01	2.035286465403222778e+01	1.999159942021187675e+01	2.050607916694672284e+01	2.037959935956619972e+01	2.083845034365191040e+01	2.031366432761208429e+01	2.092295844215366074e+01	2.073735057734545251e+01	1.982471649320683582e+01	2.056291424451364591e+01	2.034704976005852117e+01	2.043093830261279464e+01	2.045535830904107399e+01	2.026537759821342277e+01	2.013274793697339504e+01	2.072428395247305488e+01	2.075132270197443063e+01	2.036131919153281444e+01	1.969330519377763977e+01	2.064423412127010593e+01
2.040465256183895804e+01	1.979340838253266455e+01	2.008937041127139977e+01	1.985515730723179573e+01	1.960705951857676510e+01	1.966222551912242622e+01	1.982108311940628553e+01	1.955074566652566403e+01	2.046199281423893979e+01	1.985373672925441468e+01	2.028487707719547117e+01	1.980414161761284575e+01	1.961476892160242613e+01	1.959568764751661263e+01	1.996717823549853676e+01	1.996947109929796937e+01	1.972423620341908901e+01	1.995381615721826307e+01	1.987089203760954348e+01	1.977740683443435188e+01	1.979317595163552213e+01	1.955558342573095487e+01	1.987787347474902688e+01	2.073117588698372771e+01	2.977017656208036556e+01	2.073890948288393332e+01	1.917473980893157659e+01	2.006283120377610985e+01	2.022451048915544192e+01	1.983851577177181369e+01	1.965841975422530297e+01	1.956614096638218925e+01	1.967799837640242089e+01	1.947014033975293046e+01	2.046468204487199927e+01	1.967953384713330323e+01	2.029057461381151484e+01	1.998274302501842570e+01	1.918159357099898443e+01	2.015859967154780819e+01	1.961414761248303051e+01	1.987603559698110800e+01	2.007118336330190544e+01	2.019839070544462345e+01	1.955791464077992003e+01	2.029447871935212433e+01	2.041620255015903851e+01	1.948744524468728656e+01	1.935358189387068961e+01	1.967807554917119361e+01
2.093390524662666152e+01	2.045991766382743648e+01	2.054770272088147109e+01	2.055818740244158249e+01	2.001908096161728423e+01	2.000235270353442729e+01	2.051475996495413767e+01	2.017311041314959041e+01	2.129054991415441833e+01	2.063768469008785544e+01	2.081736895227266260e+01	2.043467080412198911e+01	2.033401359522542506e+01	2.098980324106469553e+01	2.075927636226859008e+01	2.111906544298354760e+01	2.063556038419958938e+01	2.141049794692604280e+01	2.040790147175278690e+01	2.027994237691549984e+01	2.098223663750630053e+01	2.016443281759911699e+01	2.031411735981031796e+01	2.054877136477815824e+01	2.073890948288393332e+01	3.157822454957910097e+01	2.027153520401996190e+01	2.062368659402376636e+01	2.070131462276431833e+01	2.082985237822416025e+01	2.048951704465162393e+01	2.038483664018654196e+01	2.100023613210674966e+01	2.029711139745404225e+01	2.086262247633427691e+01	2.067444655893446281e+01	2.111784056378366259e+01	2.064265645665282989e+01	1.974073665556338497e+01	2.090565702703426254e+01	2.017586357619042658e+01	2.073985855316897542e+01	2.028594921005255003e+01	2.061000389230836305e+01	2.026508820629121388e+01	2.089805956662494424e+01	2.098059957250122309e+01	2.040566475035736715e+01	2.026637804976763135e+01	2.061285520560148754e+01
1.996978590968393164e+01	1.990233180741334351e+01	1.939807736246849146e+01	1.929891498575123876e+01	1.897036305159871006e+01	1.935900942102193412e+01	1.913614262341317485e+01	1.915881316646956378e+01	2.058170540426294082e+01	1.969331762348939918e+01	1.914367804598799694e+01	1.921760808252591346e+01	1.921547491868883384e+01	1.931262074141888263e+01	1.953408192468323534e+01	1.987716043228799023e+01	1.908307900090903075e+01	1.981762752448720022e+01	1.956309318149508414e+01	1.926029732424105489e+01	1.966510636965446324e+01	1.946693404002670746e+01	1.914537686366956493e+01	1.979308595107205093e+01	1.917473980893157659e+01	2.027153520401996190e+01	2.880943299217006270e+01	1.950571825827011097e+01	1.940042297570477103e+01	1.930802321611942673e+01	1.946894091722691300e+01	1.920013644297200983e+01	1.973815233726893226e+01	1.907325322981209226e+01	1.983003444112437563e+01	1.966146426886736620e+01	2.015520740827507140e+01	1.972571466636409454e+01	1.903184201406813969e+01	1.966935892776542616e+01	1.924681697671345404e+01	1.926460350192174786e+01	1.884272363028615516e+01	1.930881875416120153e+01	1.963229361736922840e+01	1.980076065144950803e+01	1.980285888273075656e+01	1.919832674619691559e+01	1.922215316547370634e+01	1.952010416701889994e+01
2.057061273306117855e+01	2.009476909516829579e+01	2.007539885557484283e+01	1.998567123328996331e+01	1.947213063954181322e+01	1.937578072574098798e+01	1.937824200333295721e+01	1.958879262832297741e+01	2.034404922887735978e+01	1.989041353325480799e+01	2.032891152276532409e+01	2.006519380474960101e+01	1.973571261965521373e+01	1.974727535587087601e+01	1.997200653328824416e+01	1.975967855871112988e+01	2.003762581319590552e+01	2.035691911458588876e+01	1.990820981304540993e+01	1.968892461825226192e+01	2.004050663546410860e+01	1.976827717637496917e+01	2.001349110248551000e+01	2.073251428117991324e+01	2.006283120377610985e+01	2.062368659402376636e+01	1.950571825827011097e+01	2.988682296896901747e+01	1.967455246118939272e+01	1.997195169892900424e+01	1.988844691625644856e+01	1.935646135155085901e+01	2.022284757213554940e+01	1.964110731591304670e+01	2.016838220220389744e+01	1.996199598832784261e+01	2.037053035489632080e+01	1.982521710205324084e+01	1.925532256937722053e+01	2.028111303239544938e+01	1.981772959458563577e+01	1.985162233969516166e+01	1.940754631807867270e+01	1.998419537620222286e+01	1.985276755202947641e+01	2.030643575469980178e+01	1.995315687774670366e+01	1.980136985108515191e+01	1.958499535676316228e+01	1.999795930953149536e+01
2.017326015299459741e+01	1.964366274857031769e+01	1.972442939924125582e+01	2.012160753602680074e+01	1.896383804844627718e+01	1.963498642832065499e+01	1.960481986356837325e+01	1.952228873625830019e+01	2.037322732190155605e+01	1.991578710995428381e+01	1.996978941622628767e+01	1.966358868057936249e+01	1.939675204425368449e+01	1.985995773868922143e+01	2.002331564524243745e+01	1.980886280181340808e+01	1.949783084393154553e+01	2.052350790383778900e+01	1.968076388276440980e+01	1.975622772196068766e+01	1.992468529295297586e+01	1.978730283214742158e+01	1.947883079035874587e+01	2.042002864773149540e+01	2.022451048915544192e+01	2.070131462276431833e+01	1.940042297570477103e+01	1.967455246118939272e+01	2.956528013213701200e+01	2.010749339441781913e+01	1.970129287935987961e+01	1.960719797716291524e+01	2.013694815223719914e+01	1.940678012816300324e+01	2.024729093139711367e+01	1.977300406595754723e+01	2.032341949774932033e+01	1.994084305077200625e+01	1.916898766596108672e+01	2.015108744472048130e+01	1.967409850782057390e+01	1.965740705871251848e+01	1.987131056575967492e+01	1.977356827545126094e+01	1.939939024049029115e+01	2.011337018130383569e+01	1.992041386584832097e+01	1.932041182295070314e+01	1.925462949678204083e+01	1.996883269227794599e+01
2.059429373913467742e+01	2.018645737164879250e+01	1.986384910488782651e+01	2.024898403173939343e+01	1.957419769480621241e+01	1.980272750681304927e+01	1.979987615524600741e+01	2.012977913639492300e+01	2.015058963885213217e+01	2.040441629763511955e+01	2.038412130954426971e+01	1.982541933789224586e+01	1.962909810830653612e+01	2.007181589373803021e+01	2.040189734573316827e+01	1.986013515850217459e+01	1.967183271478846862e+01	2.109637199889542103e+01	1.958006038520711201e+01	1.999335519277104467e+01	2.023140662237253551e+01	1.994086929098232019e+01	1.984946682297579201e+01	2.089886650990096939e+01	1.983851577177181369e+01	2.082985237822416025e+01	1.930802321611942673e+01	1.997195169892900424e+01	2.010749339441781913e+01	3.049039411299579783e+01	2.004822110297474680e+01	1.972387175511021340e+01	2.008930279864861390e+01	2.019005803502971474e+01	2.049573782307498249e+01	1.984385973154723359e+01	2.002547578875935130e+01	2.026389833460282119e+01	1.952166423302000808e+01	2.024738375916311028e+01	1.989596469659174005e+01	1.984314229984724420e+01	1.978748558446471506e+01	1.982402277490914955e+01	1.972170707740877660e+01	2.036976530969339194e+01	2.009677659445003783e+01	1.981875597029942071e+01	1.981316443539378014e+01	1.972510741681213631e+01
2.003604482817664589e+01	1.969907249081541423e+01	1.941777405780253218e+01	2.018523169848466381e+01	1.907619288225150100e+01	1.933055872132422692e+01	1.978730842848470317e+01	1.949909536096549090e+01	2.068896779061061508e+01	2.007786000952133421e+01	1.995650855448637273e+01	1.950380881104931063e+01	1.937728697898290520e+01	2.005396699615316791e+01	1.975381154523043747e+01	1.995037942325083336e+01	1.945008182339121561e+01	2.034634521066712054e+01	1.974981600064366205e+01	1.959409472495494597e+01	2.003380545556459680e+01	1.972845632900934021e+01	1.938788740189902526e+01	2.035286465403222778e+01	1.965841975422530297e+01	2.048951704465162393e+01	1.946894091722691300e+01	1.988844691625644856e+01	1.970129287935987961e+01	2.004822110297474680e+01	2.919038280143580621e+01	1.961733930817198868e+01	1.985168939767927299e+01	1.980467119258645425e+01	2.029163344133248259e+01	1.993084109342755283e+01	2.026373958644048301e+01	2.000193362579004130e+01	1.940993344814023658e+01	2.024255394930904473e+01	1.968792570703779532e+01	1.982106063892508274e+01	1.975964615054403950e+01	1.927720821389811690e+01	1.982047160163053334e+01	1.982035588661370085e+01	1.987095115417476165e+01	1.993801870498786499e+01	1.920649387580266065e+01	1.966469564778758539e+01
1.999388093048431259e+01	1.970074003103426108e+01	1.938557350036541393e+01	1.978725586269996839e+01	1.882192695531030324e+01	1.947033602417271680e+01	1.967245924556790015e+01	1.923375626068536093e+01	2.054560361249009048e+01	1.965707277595680580e+01	1.970896994310696826e+01	1.918495088830948347e+01	1.900808394558295333e+01	1.986494150509238565e+01	1.971048501080071347e+01	1.988899509382743602e+01	1.932913170186825980e+01	2.028510839171151758e+01	1.933765030602741319e+01	1.958836519409671695e+01	1.977209703523024231e+01	1.942389463109617864e+01	1.973668840555276205e+01	1.999159942021187675e+01	1.956614096638218925e+01	2.038483664018654196e+01	1.920013644297200983e+01	1.935646135155085901e+01	1.960719797716291524e+01	1.972387175511021340e+01	1.961733930817198868e+01	2.903680538516441700e+01	1.983398711552148796e+01	1.925051257807005456e+01	1.985125993107541476e+01	1.971107275708705586e+01	2.016562677876066800e+01	1.975833861014054449e+01	1.887564395357075142e+01	1.995541424092443705e+01	1.951356405983567299e+01	1.941106241679145583e+01	1.949895439125955576e+01	1.944204967749319835e+01	1.982186121539296408e+01	1.994223461108351714e+01	1.986335978284952120e+01	1.945495350291072967e+01	1.902888739507955762e+01	1.969451205524055482e+01
