2.935041783862004650e+01	1.991811952506179750e+01	1.886435428437068751e+01	2.028095328846165657e+01	1.945634481606896315e+01	2.005540252720194871e+01	1.977971970356363940e+01	1.922955634350230980e+01	1.969470208700629854e+01	1.998660748992950431e+01	1.892995188145392405e+01	2.055520044409730218e+01	1.970097383913678968e+01	1.973417048745679736e+01	2.010624728242796877e+01	2.011650639046905908e+01	2.059445011228782718e+01	2.021695985660980810e+01	2.016315414760268609e+01	2.038147371245554140e+01	1.928595676089332400e+01	1.986154862553919997e+01	1.961536572673675138e+01	1.958206538065401503e+01	1.939133635162349734e+01	2.051608356480409867e+01	1.936346335600469004e+01	2.002778493601041632e+01	1.914012435231716935e+01	1.971639379474057918e+01	1.986636327552973569e+01	1.974879679962583268e+01	1.987474602418052427e+01	2.055035154397344144e+01	1.930549731741042763e+01	1.997069302309503414e+01	2.015755510708090270e+01	1.924269950770020188e+01	2.009397747159204783e+01	1.983663543138284524e+01	1.969239894547256853e+01	1.953145320815898600e+01	1.979368655107470332e+01	1.976583135383526013e+01	2.045020544333211276e+01	2.009769468040428109e+01	2.021224966138694512e+01	1.973300094176274655e+01	1.958632271478615650e+01	1.984874411333398214e+01
1.991811952506179750e+01	2.970601369232725375e+01	1.962842019773344759e+01	2.034729700430718680e+01	1.968614704967189155e+01	2.011411712746242131e+01	2.008588302585598484e+01	1.940040061412084782e+01	1.985463976475709913e+01	1.979228890165135724e+01	1.956709189392849524e+01	2.076749194956431310e+01	1.989705439853914015e+01	1.999521664319441072e+01	2.035169063863144956e+01	2.034882391840967841e+01	2.112012480902885869e+01	2.066511283615755801e+01	2.038754808535331975e+01	2.037698133833568548e+01	1.950960884974892551e+01	2.031075441118901992e+01	2.015460417639980406e+01	1.974967143721002216e+01	1.991237908746856178e+01	2.048067218389708799e+01	1.947634143000572138e+01	2.047232835738055456e+01	1.958842053099527547e+01	1.990611026550114815e+01	2.027759187936840135e+01	2.020219043280050286e+01	2.027301247666952122e+01	2.077250375431149720e+01	1.976729021981789813e+01	1.994630389115158309e+01	2.039612691627826635e+01	2.001519322984560390e+01	2.027189787485357897e+01	2.048167611884588268e+01	2.045343748722428145e+01	1.974480098652962212e+01	1.969496038573761254e+01	2.016548582360651665e+01	2.025589863714727556e+01	2.044553095149369071e+01	2.050022545299177068e+01	1.980956830391823686e+01	1.995242295705619995e+01	2.036226217575607222e+01
1.886435428437068751e+01	1.962842019773344759e+01	2.830312894417537350e+01	1.920641498523271551e+01	1.891826439706432694e+01	1.914690083106055241e+01	1.931954156551532265e+01	1.853667518999176878e+01	1.942553056560715063e+01	1.904062863029886188e+01	1.889556331595045435e+01	1.996154104683872177e+01	1.917528389175712178e+01	1.897941703595339291e+01	1.905033753008913777e+01	1.967379724962100340e+01	1.937241770032165178e+01	1.963176126406560940e+01	1.923159233081437947e+01	1.940332917529345025e+01	1.872744873328326065e+01	1.905134854540595413e+01	1.951801021454800633e+01	1.891947856694370245e+01	1.890319605466773822e+01	1.970739108585219057e+01	1.836259952574137344e+01	1.923832306426086802e+01	1.885256318270462472e+01	1.891147919104420438e+01	1.947317907387980185e+01	1.931630970206048303e+01	1.964269276437966383e+01	1.976090730459360501e+01	1.901781829963210768e+01	1.898205730182864670e+01	1.946857236248534306e+01	1.896643648706626450e+01	1.927795008090917150e+01	1.931031989864600007e+01	1.934296485526772003e+01	1.889575233993135939e+01	1.915739871851798171e+01	1.892912628559767541e+01	1.974277743023980847e+01	1.945169697154824817e+01	1.933782872274665010e+01	1.913917476313303112e+01	1.914620901676233089e+01	1.993613190272487046e+01
2.028095328846165657e+01	2.034729700430718680e+01	1.920641498523271551e+01	2.926832202408811767e+01	1.952061953597950605e+01	1.977777621799608809e+01	1.972707658620025128e+01	1.924782948069525901e+01	2.010015480564320001e+01	1.993248306371945588e+01	1.927732805967193741e+01	2.050696377962057682e+01	1.988624026404151124e+01	1.992454318774678512e+01	2.008545928504949174e+01	2.025510001678778949e+01	2.046915290150555222e+01	2.021517173178524018e+01	2.011975660794840337e+01	2.070416307366913600e+01	1.937776008695953323e+01	1.961926142073947688e+01	1.962308502379062602e+01	1.929456165113377253e+01	1.967532060000849015e+01	2.017951462776712290e+01	1.894587756613926999e+01	2.010465502435247487e+01	1.948389780282241190e+01	1.983790199092739570e+01	2.001129551108939708e+01	1.993731485426209460e+01	1.957146692692843004e+01	2.068058873652185170e+01	1.957217386133861581e+01	1.963804771671195226e+01	2.051152996453614463e+01	1.918501890873298876e+01	1.991811149158413485e+01	1.992657371974205560e+01	2.012851049090058453e+01	1.955485241308793221e+01	1.971136343920162659e+01	1.988996136020897865e+01	2.012591050833852435e+01	2.003032757532374220e+01	2.028217984153397424e+01	1.963228671351594912e+01	1.960943413447784778e+01	1.993444369154618911e+01
1.945634481606896315e+01	1.968614704967189155e+01	1.891826439706432694e+01	1.952061953597950605e+01	2.950058292900743240e+01	1.968365986623450326e+01	2.002774962632300060e+01	1.939518152347650570e+01	1.984595991353053890e+01	1.915035215170397365e+01	1.898103796556987177e+01	1.981711952564636192e+01	1.932887379528068905e+01	1.970011188605174723e+01	1.953070983215607370e+01	1.983130125864341409e+01	2.025998021816552708e+01	2.022636788756644322e+01	1.915696931030617733e+01	1.968499509082979060e+01	1.890396395194607493e+01	1.934309219145042746e+01	1.962221864545534800e+01	1.948274138797607336e+01	1.911439262825701135e+01	1.986152132259696046e+01	1.878568925002252854e+01	1.993624552044892795e+01	1.947559913683143762e+01	1.996485663252288134e+01	1.985834527593145538e+01	1.963273454787967864e+01	1.983735654106989088e+01	2.044194352520260338e+01	1.905924626513046150e+01	1.943499801365130253e+01	2.049503676165251775e+01	1.930331142006929923e+01	1.956342811331571241e+01	1.979941796317032399e+01	1.968986995672939599e+01	1.928909458632319485e+01	1.979183538320085489e+01	1.952074742112283090e+01	2.001778141713863945e+01	1.971949953455810700e+01	2.002243246306808544e+01	1.951785417458039973e+01	1.949491670948446398e+01	2.007366695549860935e+01
2.005540252720194871e+01	2.011411712746242131e+01	1.914690083106055241e+01	1.977777621799608809e+01	1.968365986623450326e+01	2.995293766396634183e+01	1.986826253477589788e+01	1.928325929945718897e+01	1.967545868774580242e+01	1.949150300720550177e+01	1.989029911007722973e+01	2.065108399205595902e+01	1.969149146696480557e+01	2.026592661644378524e+01	2.030960162508846878e+01	2.019083117693487850e+01	2.030298885330942937e+01	2.018023714641455513e+01	2.010718564131403241e+01	2.020447050023071611e+01	1.930854873021852214e+01	1.998525654590360645e+01	1.965674727531238020e+01	1.935005925073690136e+01	2.001753540990776159e+01	2.058626983094751850e+01	1.940776697256853467e+01	2.015650663345335047e+01	1.928254813275442103e+01	2.005565095421599509e+01	1.950413499087848024e+01	1.999485097336833661e+01	1.988382289239887868e+01	2.070896686347212423e+01	1.947411492009729628e+01	1.928270719268136801e+01	2.037627829296155113e+01	1.966460507936854185e+01	2.005662127733240396e+01	1.991135429313630922e+01	1.973353453492955722e+01	1.959134610205446592e+01	2.000158524747929434e+01	2.025364244866320718e+01	2.045181629524548939e+01	1.992938968318116366e+01	2.054751855478149380e+01	1.961003843017864057e+01	2.034482846059376016e+01	1.997518686550974820e+01
1.977971970356363940e+01	2.008588302585598484e+01	1.931954156551532265e+01	1.972707658620025128e+01	2.002774962632300060e+01	1.986826253477589788e+01	2.974869370388042356e+01	1.978075069251963569e+01	2.022674265483361467e+01	1.987854490738228819e+01	1.945581656664833048e+01	2.051191649530416328e+01	2.031132919566537254e+01	2.050129357219547543e+01	2.003163488626258015e+01	2.023942910335018652e+01	2.063887765324290413e+01	2.061293671410027173e+01	2.058534416758817542e+01	2.060185377743689017e+01	1.947903693519596047e+01	1.998564675249585676e+01	1.976016433743680878e+01	1.983878601827494492e+01	1.942676096409266862e+01	2.024295816885368993e+01	1.938143210586650156e+01	2.038589762523343296e+01	1.992638313227780600e+01	2.014747839072368052e+01	2.055688483376594888e+01	2.023904650244937997e+01	2.023599948311252916e+01	2.094545715113889273e+01	1.949078154966398913e+01	1.988518329553216901e+01	2.057531989533352501e+01	1.997734299687799364e+01	2.013000195495332179e+01	2.053645607902440062e+01	2.006846898957904202e+01	1.991798407891962697e+01	2.017228968172626580e+01	1.971557610295185015e+01	2.040264049278546921e+01	2.050021456471134229e+01	2.058030038612784907e+01	1.975843868926788005e+01	2.011133645717487894e+01	2.021500734055310389e+01
1.922955634350230980e+01	1.940040061412084782e+01	1.853667518999176878e+01	1.924782948069525901e+01	1.939518152347650570e+01	1.928325929945718897e+01	1.978075069251963569e+01	2.829307855808853489e+01	1.943248943767089543e+01	1.879058036532482134e+01	1.890861297458240387e+01	2.014482419228483323e+01	1.924800991003596451e+01	1.967771571769180738e+01	1.914149886118581634e+01	1.997143148192268924e+01	2.004312447574132605e+01	1.981636862932422360e+01	1.938347989820456263e+01	1.930310312494133029e+01	1.907466342034464901e+01	1.893978807486919180e+01	1.896777106517425793e+01	1.950354991532103810e+01	1.925833444750082180e+01	1.985965214055168815e+01	1.871691937605116962e+01	2.000245561895591706e+01	1.859199970859695838e+01	1.936356644574858166e+01	1.916472833266294984e+01	1.931381740829454330e+01	1.947072215397025374e+01	1.990928843544658022e+01	1.888524205172114634e+01	1.867265905754607402e+01	1.991344180008561793e+01	1.887730865092762045e+01	1.940451262186062209e+01	1.982285401408048742e+01	1.926842314077403273e+01	1.904915566851761000e+01	1.931051005743289650e+01	1.936480102205664622e+01	1.982138428586543100e+01	1.940501840965599811e+01	1.969472206605859199e+01	1.888496373847496201e+01	1.908190954938246620e+01	1.985903723951995303e+01
1.969470208700629854e+01	1.985463976475709913e+01	1.942553056560715063e+01	2.010015480564320001e+01	1.984595991353053890e+01	1.967545868774580242e+01	2.022674265483361467e+01	1.943248943767089543e+01	3.005937248769685866e+01	1.982408381893628402e+01	1.923956992246235487e+01	2.090901966570308801e+01	1.976823359509749167e+01	2.015835130825174204e+01	2.008592421770679337e+01	1.999804020761783363e+01	2.022503350026007851e+01	2.021917808119719240e+01	2.016681472446383339e+01	1.967864863569530343e+01	1.961927489050897577e+01	1.953861429833688490e+01	1.980032097556701842e+01	1.947675642317071265e+01	1.979350992303526269e+01	2.047606921244255318e+01	1.914988399170797351e+01	2.015708525449522526e+01	1.894325589637763940e+01	1.966801489113849755e+01	1.965452122033965665e+01	1.981943249392358197e+01	2.005421868322614287e+01	2.032363946169884272e+01	1.957968495898413508e+01	1.938610532826267274e+01	2.066678682051329119e+01	1.946633184284627660e+01	1.999300737987777055e+01	1.987816634272703098e+01	1.975105703730104167e+01	1.973401599436483522e+01	1.937629370802530815e+01	1.980565934484377877e+01	2.017599054731612185e+01	1.996044358073300984e+01	2.016416476965247639e+01	1.977288156281805698e+01	1.988757679413908974e+01	2.023851536509405946e+01
1.998660748992950431e+01	1.979228890165135724e+01	1.904062863029886188e+01	1.993248306371945588e+01	1.915035215170397365e+01	1.949150300720550177e+01	1.987854490738228819e+01	1.879058036532482134e+01	1.982408381893628402e+01	2.929825826596593785e+01	1.912255022220787026e+01	1.980822641127333483e+01	1.975470994056117036e+01	1.977266666156532082e+01	1.960686295797600565e+01	1.995955819655335972e+01	2.026037223794806863e+01	1.980600834221832685e+01	2.005116919733285386e+01	2.057712230426296784e+01	1.909938016607211964e+01	1.960133241711318419e+01	1.975326415498274102e+01	1.966011290489553431e+01	1.952692802258635751e+01	1.990765946011048015e+01	1.903046429320898270e+01	1.994220757107117237e+01	1.942305491503501003e+01	1.953665974070476352e+01	2.010915488680143071e+01	1.992112710655023733e+01	1.951590403505093363e+01	2.032212791925756434e+01	1.955222988276061358e+01	1.953755316045815604e+01	2.013069637806729517e+01	1.940339439156260681e+01	1.992284122332115004e+01	2.020588619354529669e+01	1.973839733623413650e+01	1.942860820044581516e+01	1.952003970036416902e+01	1.955842180161357291e+01	2.011496247966694639e+01	1.974503448703093511e+01	1.975187546137626171e+01	1.946029546408872690e+01	1.987104404698184723e+01	1.983016654932093559e+01
1.892995188145392405e+01	1.956709189392849524e+01	1.889556331595045435e+01	1.927732805967193741e+01	1.898103796556987177e+01	1.989029911007722973e+01	1.945581656664833048e+01	1.890861297458240387e+01	1.923956992246235487e+01	1.912255022220787026e+01	2.886397553435674723e+01	2.005014668636579600e+01	1.908739337262830915e+01	1.963030148769174943e+01	1.936502732818949468e+01	2.016867658153218912e+01	2.043652023692925113e+01	1.959725229756605813e+01	1.953455004728285971e+01	1.914773838406642525e+01	1.922573102448107107e+01	1.900961771706014503e+01	1.931597719798924473e+01	1.918437545899404384e+01	1.921635535279795448e+01	1.983883566330041859e+01	1.906278381329170202e+01	1.983717263936463127e+01	1.923148074158811838e+01	1.952893247805130272e+01	1.947086657538598331e+01	1.971611285404298997e+01	1.967265152557388674e+01	2.003340348071219523e+01	1.893027727978962815e+01	1.950605306106399084e+01	2.001719629307300963e+01	1.920484383293869968e+01	1.977148723549895948e+01	1.959068283691431844e+01	1.957727970148637198e+01	1.931959173183438949e+01	1.910609806412701772e+01	1.952326279697207667e+01	1.991310076260773698e+01	1.981201379502821069e+01	1.973524679125498338e+01	1.890694020668500031e+01	1.984095416241225962e+01	2.009869174267004155e+01
2.055520044409730218e+01	2.076749194956431310e+01	1.996154104683872177e+01	2.050696377962057682e+01	1.981711952564636192e+01	2.065108399205595902e+01	2.051191649530416328e+01	2.014482419228483323e+01	2.090901966570308801e+01	1.980822641127333483e+01	2.005014668636579600e+01	3.126059698631928896e+01	2.039465305328081968e+01	2.055889572945920563e+01	2.043860415008105491e+01	2.070979137541267079e+01	2.077793309559388746e+01	2.119658295164498440e+01	2.108576083235271525e+01	2.053783612601862529e+01	2.020379848586259186e+01	1.994843733801483054e+01	2.012840602249768551e+01	1.999755396603717372e+01	2.017996469075360366e+01	2.116131571174626558e+01	1.956320415126100443e+01	2.047797644322108468e+01	1.994653315186678810e+01	2.037833937261305906e+01	2.067390963224116973e+01	2.043403715610453020e+01	2.030832950662270164e+01	2.154585827557776412e+01	2.011975842164181216e+01	2.035744894163886798e+01	2.111204342169366299e+01	1.967719013722821941e+01	2.053185117023600625e+01	2.050699080123809637e+01	2.064277802105695514e+01	2.037833994484060085e+01	2.047501170688771310e+01	2.039729608265538019e+01	2.086554705598817350e+01	2.060409461082100080e+01	2.056788796140411790e+01	2.024515226173000570e+01	2.009717349644208895e+01	2.080309705630392614e+01
1.970097383913678968e+01	1.989705439853914015e+01	1.917528389175712178e+01	1.988624026404151124e+01	1.932887379528068905e+01	1.969149146696480557e+01	2.031132919566537254e+01	1.924800991003596451e+01	1.976823359509749167e+01	1.975470994056117036e+01	1.908739337262830915e+01	2.039465305328081968e+01	2.949991405125850363e+01	1.943217391856374832e+01	1.992686459916883734e+01	2.003536977508301575e+01	2.029844171483852122e+01	2.044465070952664121e+01	1.965382019626533250e+01	2.003438418708995172e+01	1.941886272090256327e+01	1.942172845011073790e+01	1.978521798592929315e+01	1.919754061118898747e+01	1.945504524402520730e+01	2.030489974304391154e+01	1.865618774270645019e+01	2.006005790792856658e+01	1.911451477701798751e+01	1.950894294771351412e+01	2.017097727509124638e+01	2.005722223748046673e+01	1.950194170236195390e+01	2.025988750305030095e+01	1.902122563249519871e+01	1.922064059904876387e+01	2.053604714668042419e+01	1.896851006618782165e+01	1.976967803787799127e+01	1.985025822128132589e+01	1.994076275496318829e+01	1.941899727978453427e+01	1.966898066583555860e+01	1.958464407056462520e+01	2.031939587878962783e+01	1.983976388773995936e+01	1.982742524622707236e+01	1.949183550446092283e+01	2.000371789683753931e+01	2.008834005009274648e+01
1.973417048745679736e+01	1.999521664319441072e+01	1.897941703595339291e+01	1.992454318774678512e+01	1.970011188605174723e+01	2.026592661644378524e+01	2.050129357219547543e+01	1.967771571769180738e+01	2.015835130825174204e+01	1.977266666156532082e+01	1.963030148769174943e+01	2.055889572945920563e+01	1.943217391856374832e+01	2.928956890591279816e+01	1.987882967524526379e+01	2.052222211498165905e+01	2.026329191810678054e+01	2.021065214599515514e+01	1.992378021147398925e+01	2.028452664746209422e+01	1.919729203417136532e+01	1.973149537886690652e+01	1.994209350756294086e+01	1.935197124652419376e+01	1.972007355274929452e+01	2.008908057583280282e+01	1.907180471534324795e+01	2.000114493429564533e+01	1.983011905464756808e+01	2.003313077135740272e+01	1.972218919266047266e+01	1.989545165952282701e+01	2.011525996496212443e+01	2.061770141123363942e+01	1.932904171551583872e+01	1.944998354962999088e+01	2.045068596634704505e+01	1.929315092841436297e+01	1.991886692879133136e+01	2.026576638968007060e+01	2.012328547815987179e+01	1.954540736080814156e+01	1.971478589492334166e+01	1.984873046875289404e+01	2.013103659821059210e+01	2.030219725845121204e+01	2.029627406237648657e+01	1.961176290639268061e+01	1.995821110066952997e+01	1.980781213587111722e+01
2.010624728242796877e+01	2.035169063863144956e+01	1.905033753008913777e+01	2.008545928504949174e+01	1.953070983215607370e+01	2.030960162508846878e+01	2.003163488626258015e+01	1.914149886118581634e+01	2.008592421770679337e+01	1.960686295797600565e+01	1.936502732818949468e+01	2.043860415008105491e+01	1.992686459916883734e+01	1.987882967524526379e+01	3.060819136886416558e+01	2.032173412846461247e+01	2.048480046121138187e+01	2.017441628915813467e+01	2.015541145637711296e+01	2.036561471170792714e+01	1.945763991352141176e+01	2.004671389184444763e+01	1.959735042345165468e+01	1.942237144817632455e+01	1.965456169739063341e+01	2.054466489235787918e+01	1.930004393310039745e+01	2.028504844542665708e+01	1.982345939173465865e+01	2.051748772453652592e+01	2.020865066012014566e+01	2.012063124448501483e+01	2.016394163984593035e+01	2.096590665671066134e+01	1.952135714874840389e+01	1.980676476248466500e+01	2.019332375823961456e+01	1.958436414545350601e+01	2.022558430587860201e+01	2.005772879445943602e+01	1.994937711734563379e+01	1.997809950709311266e+01	1.989617447608792489e+01	1.985136261874210817e+01	2.089543718153269225e+01	2.013815428282143927e+01	1.991487029368195039e+01	1.933375635364201628e+01	1.953871738306954953e+01	1.993113317547824437e+01
2.011650639046905908e+01	2.034882391840967841e+01	1.967379724962100340e+01	2.025510001678778949e+01	1.983130125864341409e+01	2.019083117693487850e+01	2.023942910335018652e+01	1.997143148192268924e+01	1.999804020761783363e+01	1.995955819655335972e+01	2.016867658153218912e+01	2.070979137541267079e+01	2.003536977508301575e+01	2.052222211498165905e+01	2.032173412846461247e+01	3.061455782766480027e+01	2.067967687793875342e+01	2.077471043577130771e+01	2.013225368462483544e+01	2.039901659085316155e+01	1.973225491392826214e+01	2.009041395943741293e+01	2.013386729870954994e+01	1.961036608386699243e+01	1.993532155680821916e+01	2.111979152697623618e+01	1.944127601011269491e+01	2.025814615093834803e+01	2.005327337682928857e+01	2.022774363540280618e+01	2.024052024806462313e+01	2.029904791128342367e+01	2.024037014317782379e+01	2.107466760645617398e+01	1.957618634694283344e+01	1.974699373222074072e+01	2.115725543891036864e+01	1.975363030401981135e+01	2.073308410532155577e+01	2.036332407262244004e+01	2.038283339774689296e+01	2.009231932935072251e+01	2.021554980515311328e+01	2.022378402760122640e+01	2.089634681510003844e+01	2.037600334123077772e+01	2.095713912906047938e+01	1.979985217968228639e+01	2.017488661620808799e+01	2.037564996260100969e+01
2.059445011228782718e+01	2.112012480902885869e+01	1.937241770032165178e+01	2.046915290150555222e+01	2.025998021816552708e+01	2.030298885330942937e+01	2.063887765324290413e+01	2.004312447574132605e+01	2.022503350026007851e+01	2.026037223794806863e+01	2.043652023692925113e+01	2.077793309559388746e+01	2.029844171483852122e+01	2.026329191810678054e+01	2.048480046121138187e+01	2.067967687793875342e+01	3.043285285470776103e+01	2.082646060017383860e+01	2.058293012614703699e+01	2.064369238603344314e+01	1.991997222153983671e+01	1.971895442694670564e+01	2.018787960548524651e+01	2.011171646988550421e+01	1.991968289073534493e+01	2.059509403017908369e+01	1.982973927347604004e+01	2.062776006094913583e+01	2.005456708581844794e+01	2.045358852081013978e+01	2.078945931092417254e+01	2.026565021919398291e+01	2.055374513737077535e+01	2.137196682023676786e+01	2.007675486541215903e+01	1.968151986932289788e+01	2.069575579095336337e+01	1.990243526657226525e+01	2.031497788074739219e+01	2.086396625146655381e+01	2.037211607542952407e+01	2.009554902371612073e+01	2.001099930227597667e+01	2.063256453858522121e+01	2.097346612038817426e+01	2.077544433472391461e+01	2.069386818249024529e+01	1.979870551235211806e+01	2.046914858806907489e+01	2.029385405304051204e+01
2.021695985660980810e+01	2.066511283615755801e+01	1.963176126406560940e+01	2.021517173178524018e+01	2.022636788756644322e+01	2.018023714641455513e+01	2.061293671410027173e+01	1.981636862932422360e+01	2.021917808119719240e+01	1.980600834221832685e+01	1.959725229756605813e+01	2.119658295164498440e+01	2.044465070952664121e+01	2.021065214599515514e+01	2.017441628915813467e+01	2.077471043577130771e+01	2.082646060017383860e+01	3.015295726221570050e+01	2.038931551232235861e+01	2.064908742644035655e+01	1.970692747943146728e+01	2.012197656833287596e+01	1.987580295025578536e+01	1.987424805473720113e+01	2.021232095632682757e+01	2.102698298485868733e+01	1.963822832794957307e+01	2.028336809919171557e+01	1.969232438431262366e+01	2.013534293287109733e+01	2.035148894304435530e+01	2.066938010798425296e+01	2.049704119591795148e+01	2.094314859988128319e+01	1.970764281228873926e+01	2.009494693254364250e+01	2.057713317441989886e+01	1.959274062118628734e+01	2.031653613546195203e+01	2.078807751518217373e+01	2.027431040686989761e+01	1.986855456467601044e+01	2.004934634984665465e+01	2.009730790048158511e+01	2.080235932560110612e+01	2.055535927918999306e+01	2.062086979096756778e+01	1.981738829330090468e+01	2.046951039955874663e+01	2.033444349522757832e+01
2.016315414760268609e+01	2.038754808535331975e+01	1.923159233081437947e+01	2.011975660794840337e+01	1.915696931030617733e+01	2.010718564131403241e+01	2.058534416758817542e+01	1.938347989820456263e+01	2.016681472446383339e+01	2.005116919733285386e+01	1.953455004728285971e+01	2.108576083235271525e+01	1.965382019626533250e+01	1.992378021147398925e+01	2.015541145637711296e+01	2.013225368462483544e+01	2.058293012614703699e+01	2.038931551232235861e+01	3.009113493034446662e+01	2.036793003955853365e+01	1.957788335008650549e+01	1.983682015862386550e+01	1.976302492532344601e+01	1.962527808681323549e+01	1.966443645846819166e+01	2.040803349583574189e+01	1.931969141774222010e+01	2.026873365896067014e+01	1.958443973974960528e+01	1.990922983250535694e+01	2.027726689038624031e+01	2.023599285859006969e+01	1.996383793459833456e+01	2.075430224596500395e+01	1.924219871040153151e+01	1.959629423469872478e+01	2.060799223268599079e+01	1.966673863833231550e+01	2.015254278224895401e+01	2.013788684300699217e+01	1.991241149251165510e+01	2.013599193473009308e+01	2.014292283163953101e+01	2.001914229074505158e+01	2.024656465517161408e+01	1.996538988631853329e+01	2.021406184519622684e+01	1.976307308969630228e+01	2.025892394867762647e+01	2.039263581100078682e+01
2.038147371245554140e+01	2.037698133833568548e+01	1.940332917529345025e+01	2.070416307366913600e+01	1.968499509082979060e+01	2.020447050023071611e+01	2.060185377743689017e+01	1.930310312494133029e+01	1.967864863569530343e+01	2.057712230426296784e+01	1.914773838406642525e+01	2.053783612601862529e+01	2.003438418708995172e+01	2.028452664746209422e+01	2.036561471170792714e+01	2.039901659085316155e+01	2.064369238603344314e+01	2.064908742644035655e+01	2.036793003955853365e+01	2.971941861580103605e+01	1.964581070714967836e+01	2.001775366739927264e+01	2.005957128322756944e+01	1.961897209829577804e+01	1.984685724022836339e+01	2.084758388690514153e+01	1.965458594293190941e+01	2.059876474783785127e+01	1.982065426137580033e+01	2.003127664327606183e+01	2.023535270775854400e+01	2.043125295202484182e+01	2.023687583385682487e+01	2.070860419166203314e+01	1.973807819477687175e+01	1.997012861518922477e+01	2.075971594240511919e+01	1.951611445366671305e+01	2.035420225145840689e+01	2.017773359519740239e+01	2.047479723513445649e+01	1.973420479776652314e+01	2.017303272773733980e+01	2.003331054608528916e+01	2.091156192547727599e+01	2.008478289780301651e+01	2.051514810475536166e+01	1.973772647603692576e+01	2.008118784884522867e+01	2.048248690852782872e+01
1.928595676089332400e+01	1.950960884974892551e+01	1.872744873328326065e+01	1.937776008695953323e+01	1.890396395194607493e+01	1.930854873021852214e+01	1.947903693519596047e+01	1.907466342034464901e+01	1.961927489050897577e+01	1.909938016607211964e+01	1.922573102448107107e+01	2.020379848586259186e+01	1.941886272090256327e+01	1.919729203417136532e+01	1.945763991352141176e+01	1.973225491392826214e+01	1.991997222153983671e+01	1.970692747943146728e+01	1.957788335008650549e+01	1.964581070714967836e+01	2.840917497050557117e+01	1.912713554128778526e+01	1.925050298431295204e+01	1.914964467591180508e+01	1.923731117547246683e+01	1.990613015070910308e+01	1.883243555237502065e+01	1.972081682882028630e+01	1.934039933052677895e+01	1.937442302587413678e+01	1.995444564252699493e+01	1.932392064980394153e+01	1.982637614041357565e+01	2.036814555120454528e+01	1.909426938395186824e+01	1.932711488081736917e+01	2.016967107081452326e+01	1.912949271452585265e+01	1.949713544664226461e+01	1.956679521166155311e+01	1.944082944237636568e+01	1.940954342276775435e+01	1.949923139479239609e+01	1.928915560456509581e+01	1.965187595658326813e+01	1.969065699671060443e+01	1.986716219711100706e+01	1.923351912784927009e+01	1.954339805367434124e+01	1.931234677259172727e+01
1.986154862553919997e+01	2.031075441118901992e+01	1.905134854540595413e+01	1.961926142073947688e+01	1.934309219145042746e+01	1.998525654590360645e+01	1.998564675249585676e+01	1.893978807486919180e+01	1.953861429833688490e+01	1.960133241711318419e+01	1.900961771706014503e+01	1.994843733801483054e+01	1.942172845011073790e+01	1.973149537886690652e+01	2.004671389184444763e+01	2.009041395943741293e+01	1.971895442694670564e+01	2.012197656833287596e+01	1.983682015862386550e+01	2.001775366739927264e+01	1.912713554128778526e+01	2.981964222889244454e+01	1.938512603319614769e+01	1.920598283497279013e+01	1.948954098194866091e+01	2.009404672479746878e+01	1.906351409915470541e+01	1.967054360756133136e+01	1.944264887641818618e+01	1.954008317311119214e+01	2.004552140969854079e+01	1.980023456838953777e+01	1.929846543730373654e+01	2.053922952017571291e+01	1.930335988302617167e+01	1.940052355623691938e+01	2.033528943021885027e+01	1.963850445380341725e+01	1.974668078739859567e+01	2.023392383853552090e+01	1.958017347683965781e+01	1.930853473533879949e+01	1.969325623227399902e+01	1.955512776813780107e+01	1.988458839216121632e+01	2.010578374653239209e+01	2.002403772213756028e+01	1.928212688891331794e+01	1.984835549971640489e+01	2.022384939256247804e+01
1.961536572673675138e+01	2.015460417639980406e+01	1.951801021454800633e+01	1.962308502379062602e+01	1.962221864545534800e+01	1.965674727531238020e+01	1.976016433743680878e+01	1.896777106517425793e+01	1.980032097556701842e+01	1.975326415498274102e+01	1.931597719798924473e+01	2.012840602249768551e+01	1.978521798592929315e+01	1.994209350756294086e+01	1.959735042345165468e+01	2.013386729870954994e+01	2.018787960548524651e+01	1.987580295025578536e+01	1.976302492532344601e+01	2.005957128322756944e+01	1.925050298431295204e+01	1.938512603319614769e+01	2.961903458691788771e+01	1.963923265173213650e+01	1.963726594288773342e+01	2.020053269080772296e+01	1.903734082979399744e+01	1.983212144628047469e+01	1.943778686239490838e+01	1.961142278847249187e+01	1.992343590339261539e+01	1.992916446526941243e+01	1.967554607564291658e+01	2.025933218398589730e+01	1.931414392241631361e+01	1.964387360387599557e+01	2.014512017576295477e+01	1.949389897259023741e+01	2.003613822946197587e+01	1.998255749533202064e+01	1.982464224723055324e+01	1.925593163305405753e+01	1.986608997278212740e+01	1.960263178039254939e+01	2.043307823251032218e+01	2.020212852671572534e+01	2.033395058813682610e+01	1.971669072742435347e+01	2.000611526822563135e+01	2.011261734754024744e+01
1.958206538065401503e+01	1.974967143721002216e+01	1.891947856694370245e+01	1.929456165113377253e+01	1.948274138797607336e+01	1.935005925073690136e+01	1.983878601827494492e+01	1.950354991532103810e+01	1.947675642317071265e+01	1.966011290489553431e+01	1.918437545899404384e+01	1.999755396603717372e+01	1.919754061118898747e+01	1.935197124652419376e+01	1.942237144817632455e+01	1.961036608386699243e+01	2.011171646988550421e+01	1.987424805473720113e+01	1.962527808681323549e+01	1.961897209829577804e+01	1.914964467591180508e+01	1.920598283497279013e+01	1.963923265173213650e+01	2.906217813122710680e+01	1.906506402762536823e+01	1.971625885213958895e+01	1.877484702786712489e+01	2.003178061672436172e+01	1.912275940601798396e+01	1.966110313889498329e+01	1.969662477147836555e+01	2.016160011811789587e+01	1.957838570204169670e+01	2.021864033413996253e+01	1.927232359156556285e+01	1.950271401736661403e+01	2.013038041216114848e+01	1.914953327415448570e+01	1.961792858132803374e+01	1.971997958358504732e+01	1.974689157346141144e+01	1.919679293432827194e+01	1.933851074200928366e+01	1.928689291074115175e+01	2.017709616183228150e+01	1.968829571873268591e+01	1.983020104729235200e+01	1.933267288698881359e+01	1.945106480185009090e+01	2.007793932168611306e+01
1.939133635162349734e+01	1.991237908746856178e+01	1.890319605466773822e+01	1.967532060000849015e+01	1.911439262825701135e+01	2.001753540990776159e+01	1.942676096409266862e+01	1.925833444750082180e+01	1.979350992303526269e+01	1.952692802258635751e+01	1.921635535279795448e+01	2.017996469075360366e+01	1.945504524402520730e+01	1.972007355274929452e+01	1.965456169739063341e+01	1.993532155680821916e+01	1.991968289073534493e+01	2.021232095632682757e+01	1.966443645846819166e+01	1.984685724022836339e+01	1.923731117547246683e+01	1.948954098194866091e+01	1.963726594288773342e+01	1.906506402762536823e+01	2.902152184109741739e+01	2.023489965295759774e+01	1.859409842481187525e+01	1.975484954331369636e+01	1.896966376204861504e+01	1.984224194179083511e+01	2.024417927998872457e+01	1.954581953935534600e+01	1.976742879707482814e+01	1.998185627099064376e+01	1.913006022764966119e+01	1.916504454683819247e+01	2.008742588110449745e+01	1.922774783386148911e+01	1.974991013831154874e+01	1.999112474662181782e+01	1.970038590110900856e+01	1.935637400592101898e+01	1.972815696083767278e+01	1.939401242741309517e+01	1.969803008114450904e+01	2.024755110075369302e+01	2.004197529438708614e+01	1.938442758705489055e+01	1.958049955295073019e+01	1.958394163176203762e+01
2.051608356480409867e+01	2.048067218389708799e+01	1.970739108585219057e+01	2.017951462776712290e+01	1.986152132259696046e+01	2.058626983094751850e+01	2.024295816885368993e+01	1.985965214055168815e+01	2.047606921244255318e+01	1.990765946011048015e+01	1.983883566330041859e+01	2.116131571174626558e+01	2.030489974304391154e+01	2.008908057583280282e+01	2.054466489235787918e+01	2.111979152697623618e+01	2.059509403017908369e+01	2.102698298485868733e+01	2.040803349583574189e+01	2.084758388690514153e+01	1.990613015070910308e+01	2.009404672479746878e+01	2.020053269080772296e+01	1.971625885213958895e+01	2.023489965295759774e+01	3.109051681661816602e+01	1.937911270908882955e+01	2.024036250252611424e+01	1.990049859502166640e+01	2.021526562532599414e+01	2.029908866441176940e+01	2.032733698425007773e+01	2.009503773439996976e+01	2.121088007249857199e+01	2.016729725070889145e+01	2.016848805121539812e+01	2.058184344436610402e+01	1.962180513406996596e+01	2.025699844430321406e+01	2.059859446484495038e+01	2.035928980321124371e+01	1.988483731338372706e+01	2.011729309971489599e+01	2.015458689574990458e+01	2.092168093592738742e+01	2.033716793602319939e+01	2.062305086309147129e+01	2.009763644088647894e+01	2.022237504066327318e+01	2.052683675099508775e+01
1.936346335600469004e+01	1.947634143000572138e+01	1.836259952574137344e+01	1.894587756613926999e+01	1.878568925002252854e+01	1.940776697256853467e+01	1.938143210586650156e+01	1.871691937605116962e+01	1.914988399170797351e+01	1.903046429320898270e+01	1.906278381329170202e+01	1.956320415126100443e+01	1.865618774270645019e+01	1.907180471534324795e+01	1.930004393310039745e+01	1.944127601011269491e+01	1.982973927347604004e+01	1.963822832794957307e+01	1.931969141774222010e+01	1.965458594293190941e+01	1.883243555237502065e+01	1.906351409915470541e+01	1.903734082979399744e+01	1.877484702786712489e+01	1.859409842481187525e+01	1.937911270908882955e+01	2.808519180894309386e+01	1.922059577936525443e+01	1.868264912102512554e+01	1.928422990682237526e+01	1.913625526544440447e+01	1.895440600695970090e+01	1.917036270673886733e+01	2.001825723392884981e+01	1.903515097793116695e+01	1.935714950173830573e+01	1.994744229568269134e+01	1.878604205183705389e+01	1.916947414879595257e+01	1.921391336517429238e+01	1.972403594061333010e+01	1.889134458194367383e+01	1.904302352753723326e+01	1.928467887613550857e+01	1.943859487440709799e+01	1.905823605034836632e+01	1.947406824274680304e+01	1.932462184372861103e+01	1.907213491046606535e+01	1.958522510547643947e+01
2.002778493601041632e+01	2.047232835738055456e+01	1.923832306426086802e+01	2.010465502435247487e+01	1.993624552044892795e+01	2.015650663345335047e+01	2.038589762523343296e+01	2.000245561895591706e+01	2.015708525449522526e+01	1.994220757107117237e+01	1.983717263936463127e+01	2.047797644322108468e+01	2.006005790792856658e+01	2.000114493429564533e+01	2.028504844542665708e+01	2.025814615093834803e+01	2.062776006094913583e+01	2.028336809919171557e+01	2.026873365896067014e+01	2.059876474783785127e+01	1.972081682882028630e+01	1.967054360756133136e+01	1.983212144628047469e+01	2.003178061672436172e+01	1.975484954331369636e+01	2.024036250252611424e+01	1.922059577936525443e+01	3.038499948511145732e+01	1.971892285793128252e+01	1.997752736609188773e+01	2.014113919249842510e+01	2.032126830445534793e+01	1.999569701715359926e+01	2.050126803607467352e+01	1.969246593894607145e+01	1.970010574701698403e+01	2.067041617720503410e+01	1.945377953747303934e+01	1.995485337603073006e+01	2.024187820434501717e+01	2.057203525834792046e+01	1.975822843106887561e+01	1.969237448821991165e+01	1.977815860528438918e+01	2.034493984425995805e+01	2.024821160505230466e+01	2.030491805220653845e+01	1.980491944670449556e+01	1.994855237320482644e+01	1.993826945465879064e+01
1.914012435231716935e+01	1.958842053099527547e+01	1.885256318270462472e+01	1.948389780282241190e+01	1.947559913683143762e+01	1.928254813275442103e+01	1.992638313227780600e+01	1.859199970859695838e+01	1.894325589637763940e+01	1.942305491503501003e+01	1.923148074158811838e+01	1.994653315186678810e+01	1.911451477701798751e+01	1.983011905464756808e+01	1.982345939173465865e+01	2.005327337682928857e+01	2.005456708581844794e+01	1.969232438431262366e+01	1.958443973974960528e+01	1.982065426137580033e+01	1.934039933052677895e+01	1.944264887641818618e+01	1.943778686239490838e+01	1.912275940601798396e+01	1.896966376204861504e+01	1.990049859502166640e+01	1.868264912102512554e+01	1.971892285793128252e+01	2.904618658401431830e+01	1.901908423322956310e+01	1.954655053654713015e+01	1.938290734656082392e+01	1.926021989461770190e+01	2.028884682639648673e+01	1.906520733707627357e+01	1.913197386574607251e+01	1.985942498953740909e+01	1.882205785591161273e+01	1.985467587249204158e+01	1.999616343887561598e+01	1.961224761170007724e+01	1.917071791747532927e+01	1.926160586228060012e+01	1.943325491782637471e+01	1.952806386211450018e+01	1.962597962149927966e+01	1.958110747814167851e+01	1.907862985687516044e+01	1.937183474647696713e+01	1.977795030635850537e+01
1.971639379474057918e+01	1.990611026550114815e+01	1.891147919104420438e+01	1.983790199092739570e+01	1.996485663252288134e+01	2.005565095421599509e+01	2.014747839072368052e+01	1.936356644574858166e+01	1.966801489113849755e+01	1.953665974070476352e+01	1.952893247805130272e+01	2.037833937261305906e+01	1.950894294771351412e+01	2.003313077135740272e+01	2.051748772453652592e+01	2.022774363540280618e+01	2.045358852081013978e+01	2.013534293287109733e+01	1.990922983250535694e+01	2.003127664327606183e+01	1.937442302587413678e+01	1.954008317311119214e+01	1.961142278847249187e+01	1.966110313889498329e+01	1.984224194179083511e+01	2.021526562532599414e+01	1.928422990682237526e+01	1.997752736609188773e+01	1.901908423322956310e+01	2.973868489365747436e+01	2.007263474848758378e+01	2.016226366906806788e+01	2.012688266329362463e+01	2.115670690810255294e+01	1.902710552081595807e+01	1.933877585438160196e+01	2.037460131024784360e+01	1.953846258237261679e+01	1.980845326197383827e+01	1.983446735755027746e+01	1.977958158661033750e+01	1.978047615184479469e+01	1.977221561994391408e+01	1.978397597544936204e+01	2.035830388272319169e+01	2.018859600795253328e+01	2.034207023435282480e+01	1.985455696000374104e+01	1.988562240053065722e+01	1.984940481337589802e+01
1.986636327552973569e+01	2.027759187936840135e+01	1.947317907387980185e+01	2.001129551108939708e+01	1.985834527593145538e+01	1.950413499087848024e+01	2.055688483376594888e+01	1.916472833266294984e+01	1.965452122033965665e+01	2.010915488680143071e+01	1.947086657538598331e+01	2.067390963224116973e+01	2.017097727509124638e+01	1.972218919266047266e+01	2.020865066012014566e+01	2.024052024806462313e+01	2.078945931092417254e+01	2.035148894304435530e+01	2.027726689038624031e+01	2.023535270775854400e+01	1.995444564252699493e+01	2.004552140969854079e+01	1.992343590339261539e+01	1.969662477147836555e+01	2.024417927998872457e+01	2.029908866441176940e+01	1.913625526544440447e+01	2.014113919249842510e+01	1.954655053654713015e+01	2.007263474848758378e+01	3.005860028402106110e+01	2.055166226392057993e+01	2.005516768897467017e+01	2.061539932741552761e+01	1.911387457312784122e+01	1.976084405915106146e+01	2.034579786370840893e+01	1.951310285980084203e+01	2.004891237219844768e+01	2.057827342874387710e+01	2.009320908714726883e+01	1.988639111278746441e+01	1.988307238093246454e+01	1.963352277826696834e+01	2.043499093209455708e+01	2.013206285075854041e+01	2.013685639944327832e+01	1.958430592247724533e+01	1.976232312216088260e+01	2.002019576580269344e+01
1.974879679962583268e+01	2.020219043280050286e+01	1.931630970206048303e+01	1.993731485426209460e+01	1.963273454787967864e+01	1.999485097336833661e+01	2.023904650244937997e+01	1.931381740829454330e+01	1.981943249392358197e+01	1.992112710655023733e+01	1.971611285404298997e+01	2.043403715610453020e+01	2.005722223748046673e+01	1.989545165952282701e+01	2.012063124448501483e+01	2.029904791128342367e+01	2.026565021919398291e+01	2.066938010798425296e+01	2.023599285859006969e+01	2.043125295202484182e+01	1.932392064980394153e+01	1.980023456838953777e+01	1.992916446526941243e+01	2.016160011811789587e+01	1.954581953935534600e+01	2.032733698425007773e+01	1.895440600695970090e+01	2.032126830445534793e+01	1.938290734656082392e+01	2.016226366906806788e+01	2.055166226392057993e+01	3.054209923882554634e+01	2.024329847066833921e+01	2.074743656992171736e+01	1.946202896344216171e+01	1.986362506949966544e+01	2.088137215964482252e+01	1.949554503339877343e+01	2.017416543005765561e+01	2.033312943723273847e+01	2.042358602029031900e+01	1.983330098560522714e+01	2.021040366121022203e+01	2.016737520823580709e+01	2.058259440568295773e+01	2.002937706316614452e+01	2.066795721518844076e+01	2.000545872185754348e+01	2.012532100284051850e+01	2.009336182096782153e+01
