2.989657608827674551e+01	2.053714885889773001e+01	2.031945766982835977e+01	1.979307613365961060e+01	2.001475813878946397e+01	1.987496829966319822e+01	2.011487652694072636e+01	2.026763926129189031e+01	2.029604135216911232e+01	1.943986378913679758e+01	1.968737304294134915e+01	1.974134342434841827e+01	1.933375488305629020e+01	2.062592466442727712e+01	2.014495693514670549e+01	1.980380254501729809e+01	1.948743431444654206e+01	1.996868072450216047e+01	2.029919461201724928e+01	2.029646500142611387e+01	2.021376904014022102e+01	2.017262109749676924e+01	2.009505361215533270e+01	1.956129051431520693e+01	2.024534783369977831e+01	2.092931298783949856e+01	2.027022089867160304e+01	1.961924508532813505e+01	1.990596694805672939e+01	2.008952917516487346e+01	1.969180532760464786e+01	1.986587483848988001e+01	1.993220445857328116e+01	1.995709977773303478e+01	1.930273389829048725e+01	1.915014893071153423e+01	1.952817761503202476e+01	1.960742784444479270e+01	1.941182098935961164e+01	2.004735906691566427e+01	1.912896639940816002e+01	1.981694998988166390e+01	2.023104882583244901e+01	1.919139539699862596e+01	1.988814374598000967e+01	1.985774314741333768e+01	1.930670499150257768e+01	1.973100243158985378e+01	1.952565149718738979e+01	1.958481594533087033e+01
2.053714885889773001e+01	3.095265022464857196e+01	2.104778086609958621e+01	2.055174409304545335e+01	1.998866216864743706e+01	2.080119909311466486e+01	2.085910822382521701e+01	2.093906806335103354e+01	2.082685564970141812e+01	2.013680769937253956e+01	2.116933410210167565e+01	2.067853318654667305e+01	2.044136451596428472e+01	2.110175366827668597e+01	2.053802804993275188e+01	2.039846492715313886e+01	2.026368034407347807e+01	2.087972636530268034e+01	2.085253825680716844e+01	2.142035766583968481e+01	2.080871569723526449e+01	2.075354765889144204e+01	2.045960263762330911e+01	2.053939175434263831e+01	2.138412774827600060e+01	2.149527973555570526e+01	2.082704354163435312e+01	2.015932224730175548e+01	2.126112457197177719e+01	2.073092918564987386e+01	2.079973410573993675e+01	2.050995009572093863e+01	2.066881436023896157e+01	2.091086259766604627e+01	2.008872015167145975e+01	2.026669878861419605e+01	2.069830865197770109e+01	2.056903210051926933e+01	2.013514993373582129e+01	2.070430210628144607e+01	2.019093795787146206e+01	2.068855051908584741e+01	2.137569771818782272e+01	2.006835808120919395e+01	2.054294711548956087e+01	2.050064612405508058e+01	1.980597885760930765e+01	2.079984223187971537e+01	2.021635550021235517e+01	2.047652691110513601e+01
2.031945766982835977e+01	2.104778086609958621e+01	3.079085179748512502e+01	2.019991180435650335e+01	2.010609982941076268e+01	2.012670413772013589e+01	2.072506363553431541e+01	2.046828498874048563e+01	2.025471598029073306e+01	2.014769633547753713e+01	2.092873573503989348e+01	2.011374329615145840e+01	2.020115986311393641e+01	2.051616325210058278e+01	2.059681040647792827e+01	1.981402990098935035e+01	1.986657997180709856e+01	2.038148924731427059e+01	2.025522478720270669e+01	2.156376897641030155e+01	2.015650698476402169e+01	2.079546314880734315e+01	1.976784844269228714e+01	2.043340044004590084e+01	2.098746808567399214e+01	2.116036107189025373e+01	2.025285510882023132e+01	2.012208704626920408e+01	2.069568061448909546e+01	2.061532035342572300e+01	1.999166806710334399e+01	2.044827386438410599e+01	2.094607836361238284e+01	2.092193740250835532e+01	1.979480611511138122e+01	1.963634552471135208e+01	2.019866930168237928e+01	2.049618868095584645e+01	1.984840757872413164e+01	2.007925701135097185e+01	2.014688385159066542e+01	2.038747069992344052e+01	2.088230238042099529e+01	1.963692931859946711e+01	2.043914896585448204e+01	1.965130563771455741e+01	1.953967526995693760e+01	2.035510351811795005e+01	1.999318556774235134e+01	2.048448501190370763e+01
1.979307613365961060e+01	2.055174409304545335e+01	2.019991180435650335e+01	2.924237327323574220e+01	1.947405624293318027e+01	1.964790444781263190e+01	1.960276300211714684e+01	2.029457433616729389e+01	2.020801903034368152e+01	1.924357993111496157e+01	2.012829822781212741e+01	2.006918062709033279e+01	1.965492060396337948e+01	2.036525582162614256e+01	1.991394036793792566e+01	1.966541605180653463e+01	1.915774854323200671e+01	1.996532439919004531e+01	1.972554276848180166e+01	2.046593870781556035e+01	1.986313456266697841e+01	1.983064147038423997e+01	1.970312067503742881e+01	1.951738274070282841e+01	2.051837482971605198e+01	2.055415728275550080e+01	2.014795388466959025e+01	1.992772429831056868e+01	2.016299678587994393e+01	1.957309578229281755e+01	1.984804211598044077e+01	1.988691706689159844e+01	1.986755026610441988e+01	2.006157395067422655e+01	1.866344696939470538e+01	1.915663284283136747e+01	1.999142314557055400e+01	1.917833965525604967e+01	1.925852789472110160e+01	1.997465666149354035e+01	1.987716408279650082e+01	1.981567638067764747e+01	2.051313840275540201e+01	1.931363972045617672e+01	1.970639739273158142e+01	1.911390785496866229e+01	1.923338058220890545e+01	1.995211071842577510e+01	1.938889880700744328e+01	1.956497866048673018e+01
2.001475813878946397e+01	1.998866216864743706e+01	2.010609982941076268e+01	1.947405624293318027e+01	2.949248019940159082e+01	1.931777049165976479e+01	1.972127443865213436e+01	1.987787992133061366e+01	2.008984543028245895e+01	1.966735540271982785e+01	2.041038523519520353e+01	1.972323616638770361e+01	1.974396251564737170e+01	2.055922909590847070e+01	2.000813072354587163e+01	1.937182914066844575e+01	1.897989542328685530e+01	2.016211304305575425e+01	2.005771795412691461e+01	2.028550342448312449e+01	1.979886739477298008e+01	1.989699475539154605e+01	1.986306909945582433e+01	1.958286073699534313e+01	2.064943091572423484e+01	2.058654468624807521e+01	2.034351284459392062e+01	1.974481577452702652e+01	1.994292993048033225e+01	2.025766248790352009e+01	2.001540847271998658e+01	2.017750157308778469e+01	2.004386471178684914e+01	1.987930017926942483e+01	1.905244178842563585e+01	1.938456274617253783e+01	1.989774235698122951e+01	1.967697440105464679e+01	1.924984780318840549e+01	1.944226660713459864e+01	1.932095324918314105e+01	1.994463514750012578e+01	2.016236968549147690e+01	1.924676813421681842e+01	1.948564457254712678e+01	1.996437582546375111e+01	1.920042367759760893e+01	1.955168176366418109e+01	1.937973083348820325e+01	1.954334995549685772e+01
1.987496829966319822e+01	2.080119909311466486e+01	2.012670413772013589e+01	1.964790444781263190e+01	1.931777049165976479e+01	2.929414252904345872e+01	1.991290762342576315e+01	2.007560411194904049e+01	2.020504043243843739e+01	1.950556333185677715e+01	2.060632839505493408e+01	1.990845702599736100e+01	1.993478819138543656e+01	2.015135652154449630e+01	2.011486964153593959e+01	1.980514758846867807e+01	1.975104428610870855e+01	2.038035209959912919e+01	2.002602718265539394e+01	2.081020352420177133e+01	2.002746339985840507e+01	2.005963824634263304e+01	1.963684950385856709e+01	1.999306706351401530e+01	2.061554161284219333e+01	2.086904469083920333e+01	2.001573578050235369e+01	1.984301381815534171e+01	2.026676692294440940e+01	1.998249032581403029e+01	2.021293033890023949e+01	1.992596737985159194e+01	2.010381093170183320e+01	1.983663316646937957e+01	1.920380697110406132e+01	1.926993216274115639e+01	1.957745865613143721e+01	1.997510959108547723e+01	1.987633741096908579e+01	2.003120530863180093e+01	2.006658593015589886e+01	1.989971388006899744e+01	2.038919922179911737e+01	1.915042156677632690e+01	1.979480460800606778e+01	1.959519618342677560e+01	1.940451421247960440e+01	1.989658318121588465e+01	1.977475202481823047e+01	2.010928277254523522e+01
2.011487652694072636e+01	2.085910822382521701e+01	2.072506363553431541e+01	1.960276300211714684e+01	1.972127443865213436e+01	1.991290762342576315e+01	2.976791107260295632e+01	2.038909644180521141e+01	2.008757787919756410e+01	2.005390083240830634e+01	2.006259040075684652e+01	2.001527177291928794e+01	1.966530881268635511e+01	2.090485741477761650e+01	2.011850854249746945e+01	1.978135214488483484e+01	1.961196616819996308e+01	2.015909560779167720e+01	2.047744241000233956e+01	2.096792123665841956e+01	1.996748314626025333e+01	2.035861530342524617e+01	2.015285805396053931e+01	1.980630416076116873e+01	2.074170321643156356e+01	2.142134246911831497e+01	2.037456540329603882e+01	1.983296079627354302e+01	2.044209649486215596e+01	2.041268293288415592e+01	2.017176146129000713e+01	1.999779918587006122e+01	2.015037326348804925e+01	2.062378857432052115e+01	1.953741228516082629e+01	1.936445151176538815e+01	2.004537646650934590e+01	2.051370190352589518e+01	1.971812639839108172e+01	2.006675584243319932e+01	1.978624506143459882e+01	2.030074366623728821e+01	2.091351377312866688e+01	1.944139562220502526e+01	2.029514431914793349e+01	1.998517570886244243e+01	1.947369852429216763e+01	1.997907070994236989e+01	1.967632450088269280e+01	1.987675337658145480e+01
2.026763926129189031e+01	2.093906806335103354e+01	2.046828498874048563e+01	2.029457433616729389e+01	1.987787992133061366e+01	2.007560411194904049e+01	2.038909644180521141e+01	3.079239735586525128e+01	2.075650182464894655e+01	1.977908154166513199e+01	2.043040853465180362e+01	2.012257519097687464e+01	2.004804895807304987e+01	2.060238210327113961e+01	2.044260307975750024e+01	2.043083286417675737e+01	1.986699222323469627e+01	2.021597322321588663e+01	2.059174870297649562e+01	2.112101998060184016e+01	2.027530565590110356e+01	2.013494506507059612e+01	1.984027863910865364e+01	1.973359012855846473e+01	2.104087296035553578e+01	2.099681147795810432e+01	2.057303600639530572e+01	2.035852760712837650e+01	2.072124124593069183e+01	2.024077613268514853e+01	2.051091082725894665e+01	2.041266358586163676e+01	2.094588052095301123e+01	2.040453084096087011e+01	1.948310496115929880e+01	1.993119114117505930e+01	1.999545933681246623e+01	2.038634828466946303e+01	1.993567731249035901e+01	1.994696873855058783e+01	2.016478980053671322e+01	2.059304871673062820e+01	2.065118592787425555e+01	1.970387590534989641e+01	2.020150821028005339e+01	2.024001021287449831e+01	1.984559814895182939e+01	2.028833044317798340e+01	1.986990288820975081e+01	1.989589767125921682e+01
2.029604135216911232e+01	2.082685564970141812e+01	2.025471598029073306e+01	2.020801903034368152e+01	2.008984543028245895e+01	2.020504043243843739e+01	2.008757787919756410e+01	2.075650182464894655e+01	3.042240479992631563e+01	1.980374059743095927e+01	2.031901952541745615e+01	2.028367295415799987e+01	1.966196248372347810e+01	2.056328789909888144e+01	2.051806253767578170e+01	1.987531811575496477e+01	1.979986100541196947e+01	2.054055488980407063e+01	2.035217805235205191e+01	2.068380995653891574e+01	2.035813793226431301e+01	2.051213760171042111e+01	1.995525546925764715e+01	1.970680936755325519e+01	2.132406239681831650e+01	2.131288863091578634e+01	2.079487769674396702e+01	2.000952311335766609e+01	2.034004037272122289e+01	2.047669301141748832e+01	2.052480555158014042e+01	2.023571552916378380e+01	2.014972413988607514e+01	2.020239859033545216e+01	1.916993681698130914e+01	1.977448551452081205e+01	1.987823201673547757e+01	2.031339340243123814e+01	1.989931177704955090e+01	1.976545026725278831e+01	1.981670140445482531e+01	1.988800551261466509e+01	2.089632854072930712e+01	1.978345832329123510e+01	2.048296397146170023e+01	2.001258948751047484e+01	1.986395163136929654e+01	2.025838864530752659e+01	1.982457695504080064e+01	1.964563666135876119e+01
1.943986378913679758e+01	2.013680769937253956e+01	2.014769633547753713e+01	1.924357993111496157e+01	1.966735540271982785e+01	1.950556333185677715e+01	2.005390083240830634e+01	1.977908154166513199e+01	1.980374059743095927e+01	2.889041777196221616e+01	1.993987605917462602e+01	1.961710501304319010e+01	1.928771519315124294e+01	2.027830401266826144e+01	1.981297584695485980e+01	1.976787179242955972e+01	1.906815545045145299e+01	1.995541307791005892e+01	2.003679814964061734e+01	2.039099213835698166e+01	2.011271473809340904e+01	1.995663149337148212e+01	1.959127231515314094e+01	1.931138887952369743e+01	2.033342982952263611e+01	2.052683930810155033e+01	2.033050528402557688e+01	1.955215025870425194e+01	2.001217756253387492e+01	2.006157204365677416e+01	1.995208976473874785e+01	1.999133245304642159e+01	2.056289882962677851e+01	2.015241985690202142e+01	1.927858744315786410e+01	1.944601729285617964e+01	1.967293128867955687e+01	1.993465411516855923e+01	1.951703607450346212e+01	1.999222943887226833e+01	1.967335147256789440e+01	2.005140372029331530e+01	2.060228441995269577e+01	1.929054559457902229e+01	1.944475043609036646e+01	1.976698066482179428e+01	1.925534584625045298e+01	1.970839723583724634e+01	1.946323798425931173e+01	1.967078767454107791e+01
1.968737304294134915e+01	2.116933410210167565e+01	2.092873573503989348e+01	2.012829822781212741e+01	2.041038523519520353e+01	2.060632839505493408e+01	2.006259040075684652e+01	2.043040853465180362e+01	2.031901952541745615e+01	1.993987605917462602e+01	3.048848201145806414e+01	2.047893942033636705e+01	2.016856735824978131e+01	2.060831554556162359e+01	2.067979136788432015e+01	2.048096326023022584e+01	1.993473863733896678e+01	2.069211951014496975e+01	2.038820002909893603e+01	2.108005340417599882e+01	2.020372501509574192e+01	2.044597966268841915e+01	2.003284382493778182e+01	2.041450091524672672e+01	2.081556765722219993e+01	2.076390804027414205e+01	2.067298491293138341e+01	2.018696482287729665e+01	2.098502564671753134e+01	2.070095831550444387e+01	2.034342564871762704e+01	2.060417001924251679e+01	2.064200440381085144e+01	2.081026499643775551e+01	1.971175777104129168e+01	1.957759071436770881e+01	2.034343617796072223e+01	2.011168383933545911e+01	1.973701583760606582e+01	2.032877311541558640e+01	2.007392475577995938e+01	2.046982857512332998e+01	2.111304444634609112e+01	2.006235433129499057e+01	2.044121273460909549e+01	1.962148167510773433e+01	2.014858018608006063e+01	2.076626846213389044e+01	1.980456705098740855e+01	2.046751310086550646e+01
1.974134342434841827e+01	2.067853318654667305e+01	2.011374329615145840e+01	2.006918062709033279e+01	1.972323616638770361e+01	1.990845702599736100e+01	2.001527177291928794e+01	2.012257519097687464e+01	2.028367295415799987e+01	1.961710501304319010e+01	2.047893942033636705e+01	2.959137622203595797e+01	1.976817148785482559e+01	2.024284482481686709e+01	2.005340744736048464e+01	1.982344916074455554e+01	1.996339782728689016e+01	2.019254315700026225e+01	2.041335651635032988e+01	2.050627833582410275e+01	2.020075237214302533e+01	2.038332114786019744e+01	1.968345364935285957e+01	2.000584182668918842e+01	2.052954585982163138e+01	2.083890275860796137e+01	2.049158733415121603e+01	1.985880337007874630e+01	2.027584359856870577e+01	2.004579101359784943e+01	1.983679344576275838e+01	1.989519310465436774e+01	1.984020228863777646e+01	2.015786849102725853e+01	1.941599913094968599e+01	1.953107940915085905e+01	2.009220225016269268e+01	1.971993353360278078e+01	1.996801848506071408e+01	1.988300965099784889e+01	1.967850179259823662e+01	1.970019219623932827e+01	2.059940816814314601e+01	1.959743168116544965e+01	2.021482568298260674e+01	1.954174909727703735e+01	1.973935470561053762e+01	1.986287955622088219e+01	1.966069008382666894e+01	2.009477352995777011e+01
1.933375488305629020e+01	2.044136451596428472e+01	2.020115986311393641e+01	1.965492060396337948e+01	1.974396251564737170e+01	1.993478819138543656e+01	1.966530881268635511e+01	2.004804895807304987e+01	1.966196248372347810e+01	1.928771519315124294e+01	2.016856735824978131e+01	1.976817148785482559e+01	2.913936525942448696e+01	2.020581005781744466e+01	2.008987134391242790e+01	1.992643075316387780e+01	1.934817510448969102e+01	1.992259608353082356e+01	1.978445111511166843e+01	2.079130248218827148e+01	1.976636445126564468e+01	2.008309187181175304e+01	1.943741261643156548e+01	1.975086377841662966e+01	2.054068063789013010e+01	2.060247524041374945e+01	2.016325617149587046e+01	1.973064827594317805e+01	2.019141566624946549e+01	2.000738714423626163e+01	1.961085217016027116e+01	1.999692106349006337e+01	1.993579229755596316e+01	2.028283683963021389e+01	1.918775653051874386e+01	1.931727066857927255e+01	1.994874587724377690e+01	1.949507590408821400e+01	1.960851114630735026e+01	1.948510715736571086e+01	1.990377223473925028e+01	2.028533662354691813e+01	2.024526156110359310e+01	1.908792033078504247e+01	1.966466847231351167e+01	1.946399926579176309e+01	1.963163257378676363e+01	2.020501499422411484e+01	1.907550965505786067e+01	1.959395441835740215e+01
2.062592466442727712e+01	2.110175366827668597e+01	2.051616325210058278e+01	2.036525582162614256e+01	2.055922909590847070e+01	2.015135652154449630e+01	2.090485741477761650e+01	2.060238210327113961e+01	2.056328789909888144e+01	2.027830401266826144e+01	2.060831554556162359e+01	2.024284482481686709e+01	2.020581005781744466e+01	3.106037390296364364e+01	2.056756019872793928e+01	2.027239456160775077e+01	2.015090495435870110e+01	2.039291597490494823e+01	2.051384948876479442e+01	2.129771779489018968e+01	2.054019489965110523e+01	2.113864908628778494e+01	2.024312773107049779e+01	2.010724178528619888e+01	2.167993695179234592e+01	2.106389826270007504e+01	2.073808479184431519e+01	2.045544644289291014e+01	2.098266260306688125e+01	2.044937045182592072e+01	2.060209123498576389e+01	2.058506374713358866e+01	2.072771211480876019e+01	2.079348257589847293e+01	1.999433861294430059e+01	1.983360341657054704e+01	2.026262559893384463e+01	2.019565469153595316e+01	2.013614206197245693e+01	2.022859695924896073e+01	2.016827496643919204e+01	2.025020716777049401e+01	2.089701524354257245e+01	2.003367249567596176e+01	2.048076333397029813e+01	2.009161486467993640e+01	2.004210107376784222e+01	2.066110695333650327e+01	1.998667970174405184e+01	2.021133016464243681e+01
2.014495693514670549e+01	2.053802804993275188e+01	2.059681040647792827e+01	1.991394036793792566e+01	2.000813072354587163e+01	2.011486964153593959e+01	2.011850854249746945e+01	2.044260307975750024e+01	2.051806253767578170e+01	1.981297584695485980e+01	2.067979136788432015e+01	2.005340744736048464e+01	2.008987134391242790e+01	2.056756019872793928e+01	2.967314612551119524e+01	1.974408745758994499e+01	1.973999233765000838e+01	2.015330248442187866e+01	2.036714366791789033e+01	2.091308542881485621e+01	2.010670737546847064e+01	2.019848719596870268e+01	1.993779112673512799e+01	1.994989151646542425e+01	2.069893300050384610e+01	2.110487300773890951e+01	2.048532296572684785e+01	2.013987038976498312e+01	2.033992960002331074e+01	2.034221552905668418e+01	2.022935812338922545e+01	2.033868539189197122e+01	2.036734353073038406e+01	2.009570955629206068e+01	1.930416818706974880e+01	1.930213994086255269e+01	2.001791369471245829e+01	2.009089480556399465e+01	1.965526340470083611e+01	1.985517470143193819e+01	1.998861087817036974e+01	2.041559366531426889e+01	2.079991335255245133e+01	1.972092851585093953e+01	2.012721308147765242e+01	1.956872735252168027e+01	1.969852778683609174e+01	2.053004196697064643e+01	1.962416490758095122e+01	2.007171174139513781e+01
1.980380254501729809e+01	2.039846492715313886e+01	1.981402990098935035e+01	1.966541605180653463e+01	1.937182914066844575e+01	1.980514758846867807e+01	1.978135214488483484e+01	2.043083286417675737e+01	1.987531811575496477e+01	1.976787179242955972e+01	2.048096326023022584e+01	1.982344916074455554e+01	1.992643075316387780e+01	2.027239456160775077e+01	1.974408745758994499e+01	2.939181448132569940e+01	1.922329806180014344e+01	2.026393099535231812e+01	2.029635543568432254e+01	2.079090835016911143e+01	1.980834976958578508e+01	2.010574220605334617e+01	1.965392736975366716e+01	1.952298465031493180e+01	2.044948476378101532e+01	2.089876762541811317e+01	2.033077072850124623e+01	1.980588092995411742e+01	1.995810145519710943e+01	2.010917700437878253e+01	1.981558496844263573e+01	2.015560048728731601e+01	1.972134125409135308e+01	2.018040584868972687e+01	1.879799875044231783e+01	1.888184120499028040e+01	1.986721588464440202e+01	1.994696479748767715e+01	1.973015739255469114e+01	1.976159115496838581e+01	1.936618201764955671e+01	2.015050871920039199e+01	2.042911015332508384e+01	1.938307059598605875e+01	1.939942024119338981e+01	1.928078742518529864e+01	1.902159266566992457e+01	1.995523964285209217e+01	1.950978708891360114e+01	1.981205053204524802e+01
1.948743431444654206e+01	2.026368034407347807e+01	1.986657997180709856e+01	1.915774854323200671e+01	1.897989542328685530e+01	1.975104428610870855e+01	1.961196616819996308e+01	1.986699222323469627e+01	1.979986100541196947e+01	1.906815545045145299e+01	1.993473863733896678e+01	1.996339782728689016e+01	1.934817510448969102e+01	2.015090495435870110e+01	1.973999233765000838e+01	1.922329806180014344e+01	2.916952394022098360e+01	2.000011268597020830e+01	1.969696209301429590e+01	2.011170272817736304e+01	1.932076367527410454e+01	1.998096611633215502e+01	1.944444358987471233e+01	1.961898604834532733e+01	2.038216286879928418e+01	2.060884823129505250e+01	2.004909899059648382e+01	1.949465794006870567e+01	2.014393438512083989e+01	1.980606036089266908e+01	1.950046291461220349e+01	1.967560375426367969e+01	1.990558826544617688e+01	2.026493240857391953e+01	1.890417720521962863e+01	1.932776403704458446e+01	1.953785838383689821e+01	1.968873944970701118e+01	2.009501391875371468e+01	1.973672735646622556e+01	1.994330206233668079e+01	1.966325813523579669e+01	2.028343150151100360e+01	1.915390467129426000e+01	1.961608046524482774e+01	1.965181224369861468e+01	1.926492947610192275e+01	1.973360530462366214e+01	1.944241943462013822e+01	1.950544684846133237e+01
1.996868072450216047e+01	2.087972636530268034e+01	2.038148924731427059e+01	1.996532439919004531e+01	2.016211304305575425e+01	2.038035209959912919e+01	2.015909560779167720e+01	2.021597322321588663e+01	2.054055488980407063e+01	1.995541307791005892e+01	2.069211951014496975e+01	2.019254315700026225e+01	1.992259608353082356e+01	2.039291597490494823e+01	2.015330248442187866e+01	2.026393099535231812e+01	2.000011268597020830e+01	2.992388009030241847e+01	2.016667602090120681e+01	2.064042539689520694e+01	2.049163090793004827e+01	2.012505501082965864e+01	1.991340377667309980e+01	2.001729240965346079e+01	2.113618497963494391e+01	2.105169362023022117e+01	2.026080954893318165e+01	2.039744824002706025e+01	2.068839380206948064e+01	2.041940020358727637e+01	2.049691322337716670e+01	2.051837712747344256e+01	2.050035514055357311e+01	2.045490452272972348e+01	1.964505822300406379e+01	1.955786455501916166e+01	1.999343156864282278e+01	2.005867666199441146e+01	2.026576237634352751e+01	2.068159936071855398e+01	2.049925770327724805e+01	2.057002844680342335e+01	2.077407655087765193e+01	1.956019182105717036e+01	2.016155471860290049e+01	1.993512410690647840e+01	1.983451650633385199e+01	2.005719330977447967e+01	1.981210516293299051e+01	2.008477676551936142e+01
2.029919461201724928e+01	2.085253825680716844e+01	2.025522478720270669e+01	1.972554276848180166e+01	2.005771795412691461e+01	2.002602718265539394e+01	2.047744241000233956e+01	2.059174870297649562e+01	2.035217805235205191e+01	2.003679814964061734e+01	2.038820002909893603e+01	2.041335651635032988e+01	1.978445111511166843e+01	2.051384948876479442e+01	2.036714366791789033e+01	2.029635543568432254e+01	1.969696209301429590e+01	2.016667602090120681e+01	3.059502625697655631e+01	2.077814087655089992e+01	2.021015381647246656e+01	2.032845647477555318e+01	2.007796192584708805e+01	1.985606919859593944e+01	2.059896271534512024e+01	2.117927188139525185e+01	2.013878042309282890e+01	2.004861902977918220e+01	2.063712273419222853e+01	2.003252165024288090e+01	1.994737075076764299e+01	2.022636212132183786e+01	2.021122016484286377e+01	2.018616730800853531e+01	1.949639557442272775e+01	1.964809196415457393e+01	2.026065060893079561e+01	2.026498222374623381e+01	1.977162845719160345e+01	1.980511127007721583e+01	1.990901726798110261e+01	2.000278239440392269e+01	2.111680908447720029e+01	1.969868964918451226e+01	2.034468962020979887e+01	2.002703144166437355e+01	1.978973228882781754e+01	2.026152594841777344e+01	1.991146546921383376e+01	2.017158810621100429e+01
2.029646500142611387e+01	2.142035766583968481e+01	2.156376897641030155e+01	2.046593870781556035e+01	2.028550342448312449e+01	2.081020352420177133e+01	2.096792123665841956e+01	2.112101998060184016e+01	2.068380995653891574e+01	2.039099213835698166e+01	2.108005340417599882e+01	2.050627833582410275e+01	2.079130248218827148e+01	2.129771779489018968e+01	2.091308542881485621e+01	2.079090835016911143e+01	2.011170272817736304e+01	2.064042539689520694e+01	2.077814087655089992e+01	3.101078544723492314e+01	2.041482686938437396e+01	2.098155454069750903e+01	2.069901091868977261e+01	2.063830055092710936e+01	2.144440644109714356e+01	2.143656420773718807e+01	2.096823504913529135e+01	2.067627320047764528e+01	2.106780064166569133e+01	2.099841078150760865e+01	2.086495807097815103e+01	2.102946356202258471e+01	2.082692266774447276e+01	2.107664727050503473e+01	2.015468912282890201e+01	2.035985909102765845e+01	2.083966592914167393e+01	2.070559133562062826e+01	2.039394315802730517e+01	2.084698902469200377e+01	2.080382248390004563e+01	2.069155912857280555e+01	2.139751712696832442e+01	2.027810524323212604e+01	2.050021998648433552e+01	2.062587288347214098e+01	2.056494587706295007e+01	2.071378407257249776e+01	2.024672599973802178e+01	2.047177710082952728e+01
2.021376904014022102e+01	2.080871569723526449e+01	2.015650698476402169e+01	1.986313456266697841e+01	1.979886739477298008e+01	2.002746339985840507e+01	1.996748314626025333e+01	2.027530565590110356e+01	2.035813793226431301e+01	2.011271473809340904e+01	2.020372501509574192e+01	2.020075237214302533e+01	1.976636445126564468e+01	2.054019489965110523e+01	2.010670737546847064e+01	1.980834976958578508e+01	1.932076367527410454e+01	2.049163090793004827e+01	2.021015381647246656e+01	2.041482686938437396e+01	2.964260785412242072e+01	2.029847130887045381e+01	2.011669759561746673e+01	2.010620409952252885e+01	2.054884438231790256e+01	2.112170248573147902e+01	2.011071049387054899e+01	1.997352638506722400e+01	2.049045967799547441e+01	2.011900141790590268e+01	2.005797852121534319e+01	2.004285884679765317e+01	2.011988182232305178e+01	2.029012909074820925e+01	1.936467196673173419e+01	1.934078149530215640e+01	1.979189429145680990e+01	2.005169489558926088e+01	1.974112904027502680e+01	1.985931281289930794e+01	1.997307893243639398e+01	2.011335036986052316e+01	2.037177709789074953e+01	1.976128035765490054e+01	1.993418000009502222e+01	1.978230957094999809e+01	1.953628286064345332e+01	2.014853808031971383e+01	1.963294927450830230e+01	2.033394779397115570e+01
2.017262109749676924e+01	2.075354765889144204e+01	2.079546314880734315e+01	1.983064147038423997e+01	1.989699475539154605e+01	2.005963824634263304e+01	2.035861530342524617e+01	2.013494506507059612e+01	2.051213760171042111e+01	1.995663149337148212e+01	2.044597966268841915e+01	2.038332114786019744e+01	2.008309187181175304e+01	2.113864908628778494e+01	2.019848719596870268e+01	2.010574220605334617e+01	1.998096611633215502e+01	2.012505501082965864e+01	2.032845647477555318e+01	2.098155454069750903e+01	2.029847130887045381e+01	2.984454499750242462e+01	2.019324269880712208e+01	2.028604556176216889e+01	2.132655124422652193e+01	2.110086460619855231e+01	2.057338190876794215e+01	1.978560744781656311e+01	2.065743796509869057e+01	2.024457751475383205e+01	2.004380996833344497e+01	2.034793245758617530e+01	2.044112624870586004e+01	2.075204756094748149e+01	1.961862310318231550e+01	1.973359572264202200e+01	2.034404187924560503e+01	2.037669050266767812e+01	2.017650947298036712e+01	2.024810156719655652e+01	2.005935263175392080e+01	2.054170654450214073e+01	2.105108721821863682e+01	1.949594933602244851e+01	2.016177803822457193e+01	2.004390277574080770e+01	1.965062381193889962e+01	2.047873639903026799e+01	1.985808083463667373e+01	2.015860775207744382e+01
2.009505361215533270e+01	2.045960263762330911e+01	1.976784844269228714e+01	1.970312067503742881e+01	1.986306909945582433e+01	1.963684950385856709e+01	2.015285805396053931e+01	1.984027863910865364e+01	1.995525546925764715e+01	1.959127231515314094e+01	2.003284382493778182e+01	1.968345364935285957e+01	1.943741261643156548e+01	2.024312773107049779e+01	1.993779112673512799e+01	1.965392736975366716e+01	1.944444358987471233e+01	1.991340377667309980e+01	2.007796192584708805e+01	2.069901091868977261e+01	2.011669759561746673e+01	2.019324269880712208e+01	2.924488714577908510e+01	1.966739734371435588e+01	2.052958769549870155e+01	2.080193535001536631e+01	2.056035175778287538e+01	1.958048416264136904e+01	2.012114855508461275e+01	1.957794175331806485e+01	2.006870576346901558e+01	1.998218879727808428e+01	2.014627986398735970e+01	2.003833025089591402e+01	1.936914107932740237e+01	1.955645557331234841e+01	1.972524985808821896e+01	1.976503515891423390e+01	1.952184030986856556e+01	2.031802953741936690e+01	1.966670408421320460e+01	1.998546663314294847e+01	2.042289701871118268e+01	1.913301035128148442e+01	2.021712029409470546e+01	1.951265787284009789e+01	1.924640220572138460e+01	1.991900924713718624e+01	1.961978237240497691e+01	1.959040158976150892e+01
1.956129051431520693e+01	2.053939175434263831e+01	2.043340044004590084e+01	1.951738274070282841e+01	1.958286073699534313e+01	1.999306706351401530e+01	1.980630416076116873e+01	1.973359012855846473e+01	1.970680936755325519e+01	1.931138887952369743e+01	2.041450091524672672e+01	2.000584182668918842e+01	1.975086377841662966e+01	2.010724178528619888e+01	1.994989151646542425e+01	1.952298465031493180e+01	1.961898604834532733e+01	2.001729240965346079e+01	1.985606919859593944e+01	2.063830055092710936e+01	2.010620409952252885e+01	2.028604556176216889e+01	1.966739734371435588e+01	2.976637522393590984e+01	2.074302869512882452e+01	2.055545120843248341e+01	2.004733107600834430e+01	1.949462362610233512e+01	2.019704841146499419e+01	1.990515457855079973e+01	1.994269326100429396e+01	1.997617697972377471e+01	2.032951377190502740e+01	2.023921887038701684e+01	1.851550167141697756e+01	1.913955718708228559e+01	1.992431018675342713e+01	2.020889376836225182e+01	1.977305760116849243e+01	1.967134665897319579e+01	1.951509553417504605e+01	1.990248364276403237e+01	2.039199144562125099e+01	1.927030991614340394e+01	1.995968916050147612e+01	1.954934259375421846e+01	1.937993872578078225e+01	1.958019422068346671e+01	1.919200347642836491e+01	2.009850177258457293e+01
2.024534783369977831e+01	2.138412774827600060e+01	2.098746808567399214e+01	2.051837482971605198e+01	2.064943091572423484e+01	2.061554161284219333e+01	2.074170321643156356e+01	2.104087296035553578e+01	2.132406239681831650e+01	2.033342982952263611e+01	2.081556765722219993e+01	2.052954585982163138e+01	2.054068063789013010e+01	2.167993695179234592e+01	2.069893300050384610e+01	2.044948476378101532e+01	2.038216286879928418e+01	2.113618497963494391e+01	2.059896271534512024e+01	2.144440644109714356e+01	2.054884438231790256e+01	2.132655124422652193e+01	2.052958769549870155e+01	2.074302869512882452e+01	3.112470098482799230e+01	2.166953329619567725e+01	2.104218166051817107e+01	2.069258821477319898e+01	2.148273981864191384e+01	2.072342038981518186e+01	2.073360416851451404e+01	2.093660780629946672e+01	2.069742475715519703e+01	2.110067187254279020e+01	1.988455888852679010e+01	2.010536916343960456e+01	2.044897892029589315e+01	2.097254701196130355e+01	2.061696209968896554e+01	2.081931065057290553e+01	2.051936954727644746e+01	2.114285548778753920e+01	2.154813109712824470e+01	2.018460396816782421e+01	2.087078662767635961e+01	2.058110461474620223e+01	2.004971777976973257e+01	2.080259630604524546e+01	2.016563232223399282e+01	2.061683240828718056e+01
2.092931298783949856e+01	2.149527973555570526e+01	2.116036107189025373e+01	2.055415728275550080e+01	2.058654468624807521e+01	2.086904469083920333e+01	2.142134246911831497e+01	2.099681147795810432e+01	2.131288863091578634e+01	2.052683930810155033e+01	2.076390804027414205e+01	2.083890275860796137e+01	2.060247524041374945e+01	2.106389826270007504e+01	2.110487300773890951e+01	2.089876762541811317e+01	2.060884823129505250e+01	2.105169362023022117e+01	2.117927188139525185e+01	2.143656420773718807e+01	2.112170248573147902e+01	2.110086460619855231e+01	2.080193535001536631e+01	2.055545120843248341e+01	2.166953329619567725e+01	3.130539541063576792e+01	2.111039381040444241e+01	2.051260879187488939e+01	2.108724198176362208e+01	2.089615219220515385e+01	2.108080703150762147e+01	2.093487454289536842e+01	2.100236501384489429e+01	2.111435197649030826e+01	2.029568501526775393e+01	2.016547672223186183e+01	2.092802610962992915e+01	2.098210351783646033e+01	2.065929281435045084e+01	2.052357441585685294e+01	2.051215698072391191e+01	2.102427935083504451e+01	2.162206781225372509e+01	2.018854516917976838e+01	2.071749843910584232e+01	2.084210567035800565e+01	2.032011389717723659e+01	2.096296813637162870e+01	2.033287881655673601e+01	2.062903138058389274e+01
2.027022089867160304e+01	2.082704354163435312e+01	2.025285510882023132e+01	2.014795388466959025e+01	2.034351284459392062e+01	2.001573578050235369e+01	2.037456540329603882e+01	2.057303600639530572e+01	2.079487769674396702e+01	2.033050528402557688e+01	2.067298491293138341e+01	2.049158733415121603e+01	2.016325617149587046e+01	2.073808479184431519e+01	2.048532296572684785e+01	2.033077072850124623e+01	2.004909899059648382e+01	2.026080954893318165e+01	2.013878042309282890e+01	2.096823504913529135e+01	2.011071049387054899e+01	2.057338190876794215e+01	2.056035175778287538e+01	2.004733107600834430e+01	2.104218166051817107e+01	2.111039381040444241e+01	2.985207989846545473e+01	2.008017923297918728e+01	2.048189882364657066e+01	2.063005554315351731e+01	2.033331994199585679e+01	2.027508019986397159e+01	2.062212467562014595e+01	2.057764695919276576e+01	1.928024088152332993e+01	1.966058313905358901e+01	1.979502151869937521e+01	2.024559145944577665e+01	1.969423447361701207e+01	2.019729607657915693e+01	1.977488405529232551e+01	2.011071356770202456e+01	2.091298396378976676e+01	1.949767746648540268e+01	2.027410338906764409e+01	1.971403376326751555e+01	1.979976547732563930e+01	2.036627123586305288e+01	1.976988052598406043e+01	1.975599659948534992e+01
1.961924508532813505e+01	2.015932224730175548e+01	2.012208704626920408e+01	1.992772429831056868e+01	1.974481577452702652e+01	1.984301381815534171e+01	1.983296079627354302e+01	2.035852760712837650e+01	2.000952311335766609e+01	1.955215025870425194e+01	2.018696482287729665e+01	1.985880337007874630e+01	1.973064827594317805e+01	2.045544644289291014e+01	2.013987038976498312e+01	1.980588092995411742e+01	1.949465794006870567e+01	2.039744824002706025e+01	2.004861902977918220e+01	2.067627320047764528e+01	1.997352638506722400e+01	1.978560744781656311e+01	1.958048416264136904e+01	1.949462362610233512e+01	2.069258821477319898e+01	2.051260879187488939e+01	2.008017923297918728e+01	2.961855197498826087e+01	2.010848766199776350e+01	2.031640250026798711e+01	1.976650686695030501e+01	1.998792135179975560e+01	2.015075791180183273e+01	2.008442823953729217e+01	1.939849921424136525e+01	1.889688153387782776e+01	1.987182354735815082e+01	2.003949298963625125e+01	1.939835011806412979e+01	2.043282786848071453e+01	2.011185820420155679e+01	1.997653886316979666e+01	2.062971965350121195e+01	1.929406928119763975e+01	1.983589709818182456e+01	1.958137152639688239e+01	1.976172207593087293e+01	2.020934762693802966e+01	1.960808683997171897e+01	1.978077264216726050e+01
1.990596694805672939e+01	2.126112457197177719e+01	2.069568061448909546e+01	2.016299678587994393e+01	1.994292993048033225e+01	2.026676692294440940e+01	2.044209649486215596e+01	2.072124124593069183e+01	2.034004037272122289e+01	2.001217756253387492e+01	2.098502564671753134e+01	2.027584359856870577e+01	2.019141566624946549e+01	2.098266260306688125e+01	2.033992960002331074e+01	1.995810145519710943e+01	2.014393438512083989e+01	2.068839380206948064e+01	2.063712273419222853e+01	2.106780064166569133e+01	2.049045967799547441e+01	2.065743796509869057e+01	2.012114855508461275e+01	2.019704841146499419e+01	2.148273981864191384e+01	2.108724198176362208e+01	2.048189882364657066e+01	2.010848766199776350e+01	3.003402769224432944e+01	2.024097947203794945e+01	2.051887181972594121e+01	2.055237665533222113e+01	2.067308732624021417e+01	2.068050642594671018e+01	1.972846589358165303e+01	1.975070586517096771e+01	2.016690276873444887e+01	2.024938953103349348e+01	2.023816489316886091e+01	2.047932254577071731e+01	1.991003388256695317e+01	2.026043743236592576e+01	2.086605180437458529e+01	1.992864665502451160e+01	2.053642615951979522e+01	2.006852676664603052e+01	1.980935959198991725e+01	2.030002664189297690e+01	1.994566060453219336e+01	2.024947713439939534e+01
2.008952917516487346e+01	2.073092918564987386e+01	2.061532035342572300e+01	1.957309578229281755e+01	2.025766248790352009e+01	1.998249032581403029e+01	2.041268293288415592e+01	2.024077613268514853e+01	2.047669301141748832e+01	2.006157204365677416e+01	2.070095831550444387e+01	2.004579101359784943e+01	2.000738714423626163e+01	2.044937045182592072e+01	2.034221552905668418e+01	2.010917700437878253e+01	1.980606036089266908e+01	2.041940020358727637e+01	2.003252165024288090e+01	2.099841078150760865e+01	2.011900141790590268e+01	2.024457751475383205e+01	1.957794175331806485e+01	1.990515457855079973e+01	2.072342038981518186e+01	2.089615219220515385e+01	2.063005554315351731e+01	2.031640250026798711e+01	2.024097947203794945e+01	2.993984876553973251e+01	1.987938077024283956e+01	2.032307125573650097e+01	2.018016075516307595e+01	2.042045856612607224e+01	1.932798423001995403e+01	1.943613106733063134e+01	2.016757418308189997e+01	2.017881942189068667e+01	1.946021717022919262e+01	1.999525182837711057e+01	1.957439687940788531e+01	2.004785563194125686e+01	2.035463188978139115e+01	1.966304386559079020e+01	2.014498566589205808e+01	1.991883431431339346e+01	1.991770851239738604e+01	2.003297001899095875e+01	1.974184960196219762e+01	2.012457638711793706e+01
1.969180532760464786e+01	2.079973410573993675e+01	1.999166806710334399e+01	1.984804211598044077e+01	2.001540847271998658e+01	2.021293033890023949e+01	2.017176146129000713e+01	2.051091082725894665e+01	2.052480555158014042e+01	1.995208976473874785e+01	2.034342564871762704e+01	1.983679344576275838e+01	1.961085217016027116e+01	2.060209123498576389e+01	2.022935812338922545e+01	1.981558496844263573e+01	1.950046291461220349e+01	2.049691322337716670e+01	1.994737075076764299e+01	2.086495807097815103e+01	2.005797852121534319e+01	2.004380996833344497e+01	2.006870576346901558e+01	1.994269326100429396e+01	2.073360416851451404e+01	2.108080703150762147e+01	2.033331994199585679e+01	1.976650686695030501e+01	2.051887181972594121e+01	1.987938077024283956e+01	3.005766318721504859e+01	2.034939690196154771e+01	2.030952492847925583e+01	2.030694828626357307e+01	1.966091865984456533e+01	1.948346857684382272e+01	1.990406519562892385e+01	2.001210139639782071e+01	1.984822290164730063e+01	1.979377036495862541e+01	1.986604818258174276e+01	2.012588608014907976e+01	2.069304849982954764e+01	1.943547833681151715e+01	2.013800159308495097e+01	1.948279856075363270e+01	1.949298807810761858e+01	2.012328129114578346e+01	1.982496476634001681e+01	2.012966527224581981e+01
1.986587483848988001e+01	2.050995009572093863e+01	2.044827386438410599e+01	1.988691706689159844e+01	2.017750157308778469e+01	1.992596737985159194e+01	1.999779918587006122e+01	2.041266358586163676e+01	2.023571552916378380e+01	1.999133245304642159e+01	2.060417001924251679e+01	1.989519310465436774e+01	1.999692106349006337e+01	2.058506374713358866e+01	2.033868539189197122e+01	2.015560048728731601e+01	1.967560375426367969e+01	2.051837712747344256e+01	2.022636212132183786e+01	2.102946356202258471e+01	2.004285884679765317e+01	2.034793245758617530e+01	1.998218879727808428e+01	1.997617697972377471e+01	2.093660780629946672e+01	2.093487454289536842e+01	2.027508019986397159e+01	1.998792135179975560e+01	2.055237665533222113e+01	2.032307125573650097e+01	2.034939690196154771e+01	3.056128427282993698e+01	2.050438574622434018e+01	2.042972792788412661e+01	1.935129077844272061e+01	2.013947661478145079e+01	2.024253066013278257e+01	2.016155821875064191e+01	2.000439424142237854e+01	2.036430638085293054e+01	2.028930154675884623e+01	2.042328477787140173e+01	2.091527326241170925e+01	1.985140295135952471e+01	2.028497575781300100e+01	1.990517874435035850e+01	1.981249879875115383e+01	2.049662745007708153e+01	1.971002682117975269e+01	2.025030099623692692e+01
