2.969758711211623137e+01	1.957209229871011757e+01	2.020412522353385754e+01	2.007497981251285069e+01	2.021028172933259270e+01	2.027204203237090141e+01	2.084404113898065347e+01	1.999171826824878551e+01	2.054574271584640144e+01	2.028811895082927919e+01	2.012009720227846188e+01	1.953848822864941681e+01	1.999353199806774839e+01	2.014913840040083315e+01	2.020841258738470714e+01	2.016995156038285586e+01	2.057949233278480605e+01	2.002333073019457643e+01	1.964227599780387834e+01	1.982618165224673845e+01	2.037986001588499008e+01	2.010483420561628165e+01	2.020413194503932530e+01	1.935956330514864732e+01	2.009150660129578014e+01	1.990551359129743503e+01	1.992166084216547972e+01	1.998235062425257880e+01	2.023380324506413785e+01	2.008598048327511876e+01	2.015344837698384595e+01	2.000218049573071255e+01	2.039857534601878442e+01	2.008307922224116027e+01	1.989904153561695210e+01	2.032902209026432772e+01	2.053050960128534186e+01	1.965920350143141349e+01	2.013898083426511931e+01	2.017569619981643214e+01	2.034853668659199855e+01	1.995185362540054896e+01	2.028302001860913251e+01	1.987770253280929822e+01	1.970016140285598993e+01	1.983513193075959080e+01	2.049070442331527886e+01	2.040151182777124461e+01	1.993244417837982496e+01	2.011968151388839132e+01
1.957209229871011757e+01	2.912660031977759800e+01	1.960042518810434231e+01	2.025101792450973548e+01	1.981539209254290412e+01	1.978327881125620280e+01	2.072715303050298985e+01	2.024989396639235650e+01	2.014345609479276789e+01	1.955319329063553013e+01	2.007214100180064165e+01	1.941014042123494932e+01	1.954672734263841249e+01	1.956243426888550019e+01	1.954965113849639735e+01	1.948816397437563808e+01	2.004066787894635837e+01	1.954111023000637815e+01	1.939963351835873695e+01	1.967986731110206478e+01	1.985159136516288569e+01	1.964229195444747944e+01	1.989142544255498635e+01	1.930837282659515708e+01	2.002097950969320550e+01	1.964617023743380031e+01	1.959606217165084630e+01	1.963667993313318050e+01	1.985453137372092769e+01	1.996562833285636174e+01	1.934937037949440253e+01	1.995085174678473194e+01	1.992755787227531172e+01	1.998845217841604693e+01	1.953910157847905538e+01	1.996659135877373004e+01	1.998216856523769280e+01	1.973760606630062853e+01	2.011996107252150878e+01	1.983660516455638501e+01	2.012172135810894957e+01	1.954962871996875506e+01	1.973012328581892305e+01	1.951081231836719354e+01	2.002304511392121711e+01	1.910973758847680060e+01	1.998102177983212613e+01	2.009023476306601808e+01	1.952805206955668993e+01	1.955313503607026959e+01
2.020412522353385754e+01	1.960042518810434231e+01	3.016425737365591075e+01	2.006404512499529602e+01	1.965123959121165242e+01	2.025129200496118642e+01	2.098963330901565527e+01	2.011890244743944933e+01	2.004235326668718287e+01	2.033611190171177796e+01	2.030822026752369425e+01	1.964283500842117647e+01	2.005711940205290489e+01	2.010763860190722241e+01	1.994185307319441591e+01	1.987172833948240580e+01	2.062298227538918383e+01	1.948163531123191206e+01	1.977101769689772937e+01	1.988224887518745732e+01	2.025902367138301230e+01	1.986937842863142478e+01	1.981185082686370791e+01	1.978209690029819257e+01	1.999877782613817701e+01	1.985630366089505827e+01	1.982404565354089243e+01	2.024996041974209504e+01	2.023374315134304879e+01	2.036540840070901126e+01	1.970058998932470828e+01	1.991331011580901134e+01	2.027940760825880417e+01	2.032607572915553007e+01	1.974129291462963565e+01	2.058874923863197637e+01	2.035933151332417168e+01	1.985714885409203845e+01	2.055303288253432115e+01	2.009670293280631270e+01	2.046233438313612396e+01	2.030767131252828150e+01	1.992351365905937044e+01	1.956647616514969457e+01	2.003688075214734710e+01	1.976456314288870786e+01	2.006828721439766738e+01	2.033828142125966565e+01	2.022097988153151960e+01	2.019565430612332335e+01
2.007497981251285069e+01	2.025101792450973548e+01	2.006404512499529602e+01	3.065404678769739988e+01	1.994202835424010800e+01	2.035892750092898495e+01	2.063481813560923328e+01	1.981598504718059672e+01	2.062338544842830856e+01	2.019040044547030988e+01	2.027097763919612561e+01	1.991825321295337048e+01	2.021763485344070332e+01	1.986836662816126875e+01	1.992347315007771869e+01	1.984551580014840155e+01	2.041755108575028288e+01	2.019420009636134239e+01	2.011459091249524533e+01	1.989886638938020624e+01	2.016854561058500295e+01	2.004149186726098719e+01	2.040905553796430638e+01	1.958189283074981901e+01	2.017395088155002014e+01	2.008574538326790915e+01	1.992680155124098462e+01	2.013844668215003608e+01	2.042171236327342854e+01	2.047079848534676927e+01	2.014013049729613059e+01	2.035890018343941321e+01	2.025413154361218560e+01	2.032358689797453266e+01	1.983843622896876013e+01	2.047690624381632674e+01	2.066186339784714932e+01	1.997338728063697744e+01	2.021603467078708505e+01	1.996120091873055813e+01	2.050782096620169881e+01	2.043605737368520892e+01	2.039019917685172700e+01	1.991511992599967229e+01	2.054560291490603774e+01	1.981886522326025357e+01	1.997314474547734164e+01	2.045047277565046784e+01	1.969294084753946095e+01	2.039339569775917838e+01
2.021028172933259270e+01	1.981539209254290412e+01	1.965123959121165242e+01	1.994202835424010800e+01	2.961220481589520048e+01	2.033141485431401563e+01	2.056496206033433793e+01	2.024863151328467836e+01	2.016801979594113803e+01	2.026844516784053951e+01	2.050456964979212060e+01	1.977559906569904413e+01	1.983697981011591693e+01	1.987779585212458500e+01	1.986127481306073150e+01	2.006737065570698419e+01	2.068525617712149867e+01	1.994750408637405670e+01	1.964883479646874065e+01	2.019179697641314064e+01	2.020506910770286524e+01	2.003449083452425228e+01	2.015170485991849247e+01	1.940853609593505524e+01	1.975610351157511957e+01	1.981477946417268043e+01	1.962799910712418239e+01	2.021671360114826754e+01	2.030207030461886220e+01	1.996768686619808975e+01	1.963454605785375406e+01	2.032969721098139004e+01	2.024050513536845486e+01	1.979696099661449793e+01	2.002032098006501215e+01	2.055273665653826853e+01	2.011466047027293058e+01	1.993957340551067858e+01	2.059372107862949264e+01	1.994322835787519210e+01	1.998769037134550786e+01	2.004190016046248246e+01	2.005059365682593508e+01	1.987147777730699616e+01	1.994788727617037338e+01	1.978878071481920031e+01	2.052785079437409621e+01	2.012487667236913325e+01	1.974062339612569872e+01	2.003277435052439870e+01
2.027204203237090141e+01	1.978327881125620280e+01	2.025129200496118642e+01	2.035892750092898495e+01	2.033141485431401563e+01	2.989600813384254252e+01	2.083664486254982862e+01	2.012571080576682903e+01	2.061146317913652837e+01	2.046396670612225677e+01	2.060373985407900577e+01	1.980733714227154252e+01	1.986037872593373876e+01	2.008958639018263526e+01	2.029219762994698684e+01	2.029874185850443169e+01	2.061921679353133996e+01	2.007967559594426987e+01	1.973514620153474652e+01	2.034898786182935382e+01	2.044731345885674401e+01	2.017224058866104386e+01	2.005057351943915478e+01	1.976817420983189777e+01	2.040109256854388420e+01	2.016366955471554689e+01	2.026266893990297291e+01	2.034823731335402996e+01	2.030358720996406419e+01	2.016548595416414003e+01	2.031876816008586317e+01	2.042681507825565745e+01	2.030673421190702399e+01	2.028600904099882385e+01	2.025916458111606744e+01	2.068179638021402766e+01	2.047025295850328774e+01	1.999477278370602207e+01	2.056205872473946172e+01	1.995674824897510291e+01	2.023281691116782710e+01	2.045974532803451851e+01	2.046713109722576007e+01	2.013127832325860567e+01	2.026941190631781708e+01	2.007856761716546856e+01	2.015799608365569284e+01	2.045972180239240856e+01	1.985496126885884749e+01	2.057929332529579369e+01
2.084404113898065347e+01	2.072715303050298985e+01	2.098963330901565527e+01	2.063481813560923328e+01	2.056496206033433793e+01	2.083664486254982862e+01	3.160358666448064469e+01	2.029872173174469907e+01	2.091978870375094601e+01	2.093060905815639927e+01	2.111852521786580184e+01	2.056639279247290020e+01	2.049242606020357726e+01	2.068382230821896428e+01	2.004801421861849064e+01	2.099111412607818394e+01	2.116259738267496360e+01	2.098443348259190699e+01	2.019677049112211620e+01	2.066368896099136521e+01	2.078253444924477833e+01	2.066958552588645759e+01	2.070227386171664108e+01	2.013157119667657469e+01	2.083014745721538219e+01	2.056725040518910674e+01	2.064365467792630326e+01	2.080829540046193316e+01	2.080292503431824969e+01	2.092520859624507068e+01	2.031723772829006691e+01	2.072126180062301160e+01	2.051334146228010624e+01	2.079754775843345627e+01	2.086249681192589023e+01	2.082620522868202073e+01	2.074151347568775705e+01	2.043456630816054087e+01	2.134410026533759464e+01	2.038648302735988338e+01	2.093706736962202086e+01	2.070107185333143818e+01	2.098443582588394207e+01	2.050531542454757883e+01	2.065224218515226795e+01	2.019802331541964335e+01	2.128833644982552897e+01	2.113462162430057489e+01	2.056113468878821493e+01	2.069396729377325173e+01
1.999171826824878551e+01	2.024989396639235650e+01	2.011890244743944933e+01	1.981598504718059672e+01	2.024863151328467836e+01	2.012571080576682903e+01	2.029872173174469907e+01	2.927180764924437639e+01	2.004291278029315038e+01	1.983580479711070765e+01	2.023564091798834497e+01	1.989931807884745396e+01	1.976486634785313257e+01	1.996149926164159538e+01	1.992877325896501262e+01	1.978822273092975337e+01	2.011630734775699025e+01	1.967298225422205249e+01	1.961871552783857808e+01	1.980328902105790334e+01	2.005184911332298725e+01	1.981292928944178300e+01	1.962587308792890539e+01	1.948371881493055113e+01	2.009905106917210915e+01	1.976303765826179415e+01	1.963488061396037665e+01	1.961413048267902326e+01	2.029788672138349881e+01	2.042893729061371744e+01	1.987882388481651930e+01	2.018215755625271868e+01	2.023785916611806712e+01	1.989147735864002797e+01	1.973075919130067390e+01	2.021871204955158419e+01	2.019963430491459633e+01	1.974260979329891796e+01	2.062253550405393199e+01	1.975062273720900663e+01	2.019667895687312509e+01	1.985630343807487108e+01	1.993544065025511713e+01	1.955576941128751045e+01	1.994534895359659643e+01	1.968065017434659936e+01	2.031032458971888488e+01	2.004040687229019113e+01	1.956647715396197995e+01	2.024446867314841114e+01
2.054574271584640144e+01	2.014345609479276789e+01	2.004235326668718287e+01	2.062338544842830856e+01	2.016801979594113803e+01	2.061146317913652837e+01	2.091978870375094601e+01	2.004291278029315038e+01	2.988273581548907742e+01	2.016725687331709693e+01	2.043256862303435639e+01	2.007479118747303914e+01	2.001162949288449511e+01	1.995870172326708669e+01	2.049698081353627899e+01	2.020150186358313249e+01	2.081957903606015137e+01	1.977162929480930842e+01	1.957712286209656938e+01	2.020037707340207689e+01	2.029723586069989594e+01	1.970732574275247018e+01	1.998531678660845756e+01	1.969408921869952422e+01	1.985638090288485103e+01	1.984321038968329276e+01	1.986155186018713437e+01	2.033208910497482691e+01	2.031479892190924375e+01	2.045518147243155127e+01	1.998998421247103607e+01	2.018475186413989775e+01	2.033883393711642640e+01	2.030602933452018988e+01	2.016469433340205342e+01	2.037544362071200510e+01	2.027977988130456311e+01	1.966323264581043873e+01	2.047516458309608112e+01	2.030709877957322362e+01	2.021158767035132442e+01	1.993777220866000377e+01	1.988559309321046698e+01	2.000242143864046440e+01	2.018151581097095004e+01	2.038392768917350750e+01	2.010383653818142591e+01	2.035075200636660497e+01	2.008330717247626040e+01	2.037703354491582175e+01
2.028811895082927919e+01	1.955319329063553013e+01	2.033611190171177796e+01	2.019040044547030988e+01	2.026844516784053951e+01	2.046396670612225677e+01	2.093060905815639927e+01	1.983580479711070765e+01	2.016725687331709693e+01	2.989851780569372153e+01	2.010374318183229292e+01	1.973727309983484801e+01	2.019913113802796900e+01	1.987504645066561437e+01	2.004761287756218380e+01	2.008621361608407696e+01	2.031117183540430204e+01	1.969432211242305186e+01	1.973629629199323787e+01	2.000491314381523011e+01	2.030694526738638928e+01	1.991917035812213754e+01	2.032106026043497238e+01	1.967713076669941330e+01	2.009777852994474401e+01	2.018446426708914387e+01	1.982270284002511218e+01	2.028440992438887847e+01	2.062222515042738635e+01	2.056012976272606352e+01	2.005152454565352826e+01	2.030022266109489593e+01	2.030544574526663126e+01	2.013001842149007103e+01	1.989835518324969499e+01	2.087528705971256926e+01	2.032133723370630918e+01	2.012239569559789487e+01	2.020041571775713862e+01	1.991740770817832029e+01	2.039420887988434572e+01	2.004220896741831126e+01	2.037514161794643641e+01	1.998693520295671888e+01	2.036766926046021808e+01	1.996320519434036100e+01	2.029936018410393572e+01	2.050984950635675830e+01	1.990934178277890965e+01	2.016309701527146814e+01
2.012009720227846188e+01	2.007214100180064165e+01	2.030822026752369425e+01	2.027097763919612561e+01	2.050456964979212060e+01	2.060373985407900577e+01	2.111852521786580184e+01	2.023564091798834497e+01	2.043256862303435639e+01	2.010374318183229292e+01	3.046889872157801094e+01	1.998684851246035166e+01	1.992947291254107256e+01	2.012698223643958784e+01	2.022859447946467881e+01	2.027834536388073872e+01	2.058669368312813219e+01	2.025237146290547940e+01	1.967114061852801044e+01	2.062510639599267748e+01	2.049089725969717435e+01	2.025912382969300296e+01	2.021209612889080631e+01	1.979328602337889720e+01	2.036600822409048206e+01	2.029208420499784182e+01	2.005555650773225196e+01	2.008071486700763941e+01	2.081775657118802059e+01	2.096780965735227298e+01	1.992080399234018628e+01	2.051921297011084988e+01	2.032769617389000771e+01	2.039227243231168529e+01	2.011608099556887552e+01	2.029527156629528406e+01	2.068946929594194373e+01	1.960409661885058341e+01	2.069527958547653412e+01	2.016229924953690400e+01	2.049648826590484418e+01	2.009400216854790955e+01	2.045409113826854863e+01	2.027710638453439529e+01	2.032574002657059609e+01	2.012605227387293283e+01	2.048807949245466276e+01	2.060421197961022344e+01	2.032053271655130544e+01	2.040254600342271729e+01
1.953848822864941681e+01	1.941014042123494932e+01	1.964283500842117647e+01	1.991825321295337048e+01	1.977559906569904413e+01	1.980733714227154252e+01	2.056639279247290020e+01	1.989931807884745396e+01	2.007479118747303914e+01	1.973727309983484801e+01	1.998684851246035166e+01	2.921621827804910509e+01	1.955948691036797626e+01	1.957659569816708967e+01	1.976624215500241633e+01	2.008506108711524618e+01	2.044216109074367793e+01	1.929981160556245356e+01	1.980743037708993270e+01	2.000888927913560877e+01	1.979651489866289538e+01	1.976799709543352890e+01	1.959731663015649517e+01	1.958493532130752968e+01	1.970985890603413182e+01	2.002544864586488416e+01	1.933421369039154314e+01	1.986255261561550611e+01	2.003829841588392924e+01	1.991317706364235463e+01	2.012733948814604190e+01	1.979528675271771121e+01	2.038119469105106063e+01	1.987609830101166963e+01	1.923490626527442160e+01	1.995365042371356523e+01	1.983732782618530877e+01	1.979574949356908320e+01	2.008124600284637040e+01	1.979169595356440681e+01	2.029002661691071197e+01	1.951839688967912068e+01	1.980847534374697716e+01	1.968617055623956702e+01	2.003978359061381198e+01	1.985839634870234960e+01	2.016192563382670500e+01	2.026803469260271129e+01	1.953115345709394290e+01	1.971776142910401575e+01
1.999353199806774839e+01	1.954672734263841249e+01	2.005711940205290489e+01	2.021763485344070332e+01	1.983697981011591693e+01	1.986037872593373876e+01	2.049242606020357726e+01	1.976486634785313257e+01	2.001162949288449511e+01	2.019913113802796900e+01	1.992947291254107256e+01	1.955948691036797626e+01	2.986024022544700074e+01	2.000252409723650970e+01	1.958889653103934236e+01	1.995140071517183955e+01	2.028247866762729856e+01	1.942413807549102600e+01	1.940210817201000992e+01	1.962105772194886555e+01	2.016416628331597849e+01	2.010229296394086518e+01	1.971437552530203519e+01	1.912418985538753446e+01	1.991759856001040774e+01	1.962057958864539131e+01	1.972707057576714007e+01	1.954400963275510250e+01	2.048247409513655626e+01	2.035033760159993932e+01	1.981094411122481702e+01	2.043004862651065778e+01	2.005891311230954344e+01	1.977834171068638369e+01	1.969328851874629294e+01	2.002654914437175293e+01	1.977580962829982880e+01	1.975313158221043608e+01	2.030291332688693018e+01	1.957394190579727322e+01	2.007378519481557788e+01	1.991103506975470339e+01	2.001766669962464462e+01	1.958996282102949849e+01	2.015688566293991002e+01	1.939484795431697250e+01	1.956886028121801502e+01	2.032304138041758179e+01	1.963240770660234702e+01	2.008690528706108935e+01
2.014913840040083315e+01	1.956243426888550019e+01	2.010763860190722241e+01	1.986836662816126875e+01	1.987779585212458500e+01	2.008958639018263526e+01	2.068382230821896428e+01	1.996149926164159538e+01	1.995870172326708669e+01	1.987504645066561437e+01	2.012698223643958784e+01	1.957659569816708967e+01	2.000252409723650970e+01	2.980159787436974028e+01	1.963176458131542645e+01	1.984188699741395112e+01	1.994117026850486951e+01	1.957132606827275012e+01	1.942245312307631622e+01	2.005302130806651917e+01	2.017693434797708463e+01	2.010620654648139549e+01	1.986265964863462230e+01	1.948980259809255244e+01	1.987127555666326018e+01	1.973919902879902821e+01	2.003762986676328239e+01	1.967822598463020611e+01	2.032867365581518726e+01	2.031848362609684955e+01	1.978949858856499233e+01	1.962675393806613400e+01	2.029926210433579925e+01	2.009993454409704583e+01	1.967721943518727556e+01	2.003975347943930529e+01	2.021861087443793181e+01	1.974329822004733259e+01	2.041785437579945395e+01	1.987127521479138181e+01	2.012334851840337535e+01	1.993828116611428314e+01	2.023185335158846954e+01	1.946482187497162286e+01	1.980364173406615436e+01	1.973577853623843126e+01	2.025972483390056667e+01	2.006608659403935491e+01	1.950657034984498495e+01	1.996192290961671745e+01
2.020841258738470714e+01	1.954965113849639735e+01	1.994185307319441591e+01	1.992347315007771869e+01	1.986127481306073150e+01	2.029219762994698684e+01	2.004801421861849064e+01	1.992877325896501262e+01	2.049698081353627899e+01	2.004761287756218380e+01	2.022859447946467881e+01	1.976624215500241633e+01	1.958889653103934236e+01	1.963176458131542645e+01	2.988737429394073075e+01	1.986636546081480503e+01	2.045032550456273768e+01	1.983913633603500770e+01	1.989271936132686136e+01	2.039963757092998975e+01	2.040610967899890582e+01	1.943675717231894851e+01	2.026353948202988065e+01	1.935547938025732151e+01	2.016685546753936720e+01	2.024014375256413700e+01	2.019627443870193773e+01	2.005229621746803303e+01	2.047100049276399147e+01	2.054774904852041928e+01	1.997822194478277780e+01	2.066753759615339092e+01	2.040506529340722963e+01	2.019964368242322905e+01	2.021364070966600934e+01	1.973066345589721493e+01	2.011618546670825580e+01	1.964016764629701939e+01	2.067874144548496318e+01	1.980126263521834318e+01	2.007904979892001407e+01	2.009132116206875196e+01	2.008044038504175433e+01	2.003366106124909507e+01	1.995508908177679785e+01	1.962273826730321957e+01	2.012672464163977182e+01	2.008903306782080378e+01	1.976749768168092203e+01	2.027321439123906544e+01
2.016995156038285586e+01	1.948816397437563808e+01	1.987172833948240580e+01	1.984551580014840155e+01	2.006737065570698419e+01	2.029874185850443169e+01	2.099111412607818394e+01	1.978822273092975337e+01	2.020150186358313249e+01	2.008621361608407696e+01	2.027834536388073872e+01	2.008506108711524618e+01	1.995140071517183955e+01	1.984188699741395112e+01	1.986636546081480503e+01	2.965893884793648638e+01	2.016433659132712464e+01	1.977066092184863422e+01	1.941058709106373925e+01	1.967226528712509293e+01	1.997392805806666871e+01	1.999009194719351257e+01	2.021888215217852647e+01	1.908215785744928539e+01	2.027982661642355566e+01	1.999730590211884973e+01	1.983717721764417519e+01	2.033676972508352776e+01	2.048820139643923710e+01	2.016673122483939906e+01	1.961676981834417077e+01	2.003006219953451961e+01	1.984574065603725046e+01	2.037785672641414081e+01	1.984352511866696034e+01	2.006783611016156499e+01	1.962554609473781397e+01	1.947398538073226604e+01	2.057692615980812079e+01	1.979660763038086202e+01	1.995072660317566005e+01	2.010862592707594487e+01	2.014609501598339847e+01	1.981040693369194372e+01	1.989774055722889656e+01	1.962236320011319535e+01	1.988584443405148505e+01	2.044290864447967948e+01	1.973574309980443786e+01	2.018577704932065586e+01
2.057949233278480605e+01	2.004066787894635837e+01	2.062298227538918383e+01	2.041755108575028288e+01	2.068525617712149867e+01	2.061921679353133996e+01	2.116259738267496360e+01	2.011630734775699025e+01	2.081957903606015137e+01	2.031117183540430204e+01	2.058669368312813219e+01	2.044216109074367793e+01	2.028247866762729856e+01	1.994117026850486951e+01	2.045032550456273768e+01	2.016433659132712464e+01	3.031977871098230892e+01	2.033430929246705787e+01	1.968672954111382722e+01	2.034946554060898904e+01	2.055427941587003460e+01	2.022750875240918234e+01	2.063157537780037387e+01	1.979826699364665643e+01	2.056161823792604082e+01	2.010387151806325079e+01	1.995530775603132057e+01	2.012213766612453014e+01	2.069425011131826153e+01	2.080430273473306713e+01	2.008818786365579356e+01	2.040639386855098181e+01	2.093777462443820880e+01	2.076171226583950258e+01	2.033284595479019075e+01	2.060886220352584886e+01	2.043566915694102448e+01	2.005326388574994922e+01	2.044218156812470255e+01	2.031500237554642041e+01	2.079520200973922783e+01	2.020650323772555268e+01	2.029529326142262136e+01	2.011949609897649083e+01	2.023162297148953570e+01	2.022155396799495364e+01	2.056258430268086457e+01	2.052266771775702736e+01	2.008328734044671648e+01	2.048999098614627101e+01
2.002333073019457643e+01	1.954111023000637815e+01	1.948163531123191206e+01	2.019420009636134239e+01	1.994750408637405670e+01	2.007967559594426987e+01	2.098443348259190699e+01	1.967298225422205249e+01	1.977162929480930842e+01	1.969432211242305186e+01	2.025237146290547940e+01	1.929981160556245356e+01	1.942413807549102600e+01	1.957132606827275012e+01	1.983913633603500770e+01	1.977066092184863422e+01	2.033430929246705787e+01	2.964325779396246219e+01	1.916200635407988173e+01	1.961063818438891104e+01	1.991196617618185627e+01	1.993952130709383752e+01	1.981191646376628057e+01	1.908132598363969734e+01	2.007217304146369230e+01	1.987128356046348543e+01	1.928986363808574112e+01	1.960492783392941618e+01	2.004666985926513689e+01	2.006485835437054277e+01	1.938016623177810516e+01	2.015266987834198886e+01	1.970493272535694729e+01	1.991996078804215031e+01	1.959346374055226647e+01	2.030685855669207385e+01	1.972306329345158460e+01	1.949834606458467334e+01	2.021667805667308926e+01	1.951191179367491202e+01	1.991668920646063512e+01	1.963835278830496023e+01	1.962954984307005191e+01	1.960129860598675222e+01	1.968251661178158685e+01	1.964102131414981400e+01	1.990136070026450810e+01	2.028108970424671043e+01	1.949866977207689089e+01	1.971570669635006468e+01
1.964227599780387834e+01	1.939963351835873695e+01	1.977101769689772937e+01	2.011459091249524533e+01	1.964883479646874065e+01	1.973514620153474652e+01	2.019677049112211620e+01	1.961871552783857808e+01	1.957712286209656938e+01	1.973629629199323787e+01	1.967114061852801044e+01	1.980743037708993270e+01	1.940210817201000992e+01	1.942245312307631622e+01	1.989271936132686136e+01	1.941058709106373925e+01	1.968672954111382722e+01	1.916200635407988173e+01	2.948747084679240871e+01	1.950310176379869276e+01	1.990595671301792180e+01	1.949966162746299148e+01	1.961193261060813953e+01	1.923857664407964663e+01	1.950417207095137329e+01	1.972087126717347871e+01	1.941855836733721219e+01	1.962364638330873845e+01	1.985201702920760525e+01	1.990458140439578827e+01	1.959026158525685801e+01	2.025687660149193547e+01	1.961146479649797669e+01	1.943054947916013830e+01	1.938222977493054344e+01	1.979140642886890333e+01	2.000103437578620813e+01	1.960384610019703544e+01	1.941197265074016087e+01	1.961574875449711186e+01	1.994777475286996804e+01	1.962393808127006167e+01	1.935103716012879360e+01	1.925173971122834260e+01	1.941586520983480924e+01	1.952058998072514839e+01	1.954980118839421266e+01	1.971406423057648993e+01	1.900412507491134306e+01	1.936657923728660435e+01
1.982618165224673845e+01	1.967986731110206478e+01	1.988224887518745732e+01	1.989886638938020624e+01	2.019179697641314064e+01	2.034898786182935382e+01	2.066368896099136521e+01	1.980328902105790334e+01	2.020037707340207689e+01	2.000491314381523011e+01	2.062510639599267748e+01	2.000888927913560877e+01	1.962105772194886555e+01	2.005302130806651917e+01	2.039963757092998975e+01	1.967226528712509293e+01	2.034946554060898904e+01	1.961063818438891104e+01	1.950310176379869276e+01	2.933214756072264606e+01	2.000096341726483828e+01	1.975022879183822511e+01	1.983687062366796994e+01	1.944458532951301066e+01	1.965979640005670603e+01	1.964462455784236994e+01	1.955704968260844367e+01	2.004398172555012536e+01	2.024174133159758782e+01	2.002992036377233731e+01	2.012258171566012166e+01	2.000054905207221978e+01	2.053042545895726789e+01	1.967758366955628802e+01	1.970083058643189489e+01	2.026785145420702605e+01	2.011594071532235617e+01	1.978657399085280488e+01	2.030766339776725715e+01	1.969830431458001740e+01	2.033040382146577230e+01	1.985143960561996934e+01	1.994335717475755487e+01	1.981727262636209019e+01	1.997904227765554097e+01	2.005743826887736958e+01	2.026827211989339261e+01	2.047282847938943462e+01	1.983251591207780251e+01	1.990854382640421605e+01
2.037986001588499008e+01	1.985159136516288569e+01	2.025902367138301230e+01	2.016854561058500295e+01	2.020506910770286524e+01	2.044731345885674401e+01	2.078253444924477833e+01	2.005184911332298725e+01	2.029723586069989594e+01	2.030694526738638928e+01	2.049089725969717435e+01	1.979651489866289538e+01	2.016416628331597849e+01	2.017693434797708463e+01	2.040610967899890582e+01	1.997392805806666871e+01	2.055427941587003460e+01	1.991196617618185627e+01	1.990595671301792180e+01	2.000096341726483828e+01	2.995133971685441665e+01	1.983895696253676633e+01	2.002173839517413967e+01	1.954245559775941743e+01	2.006908323101583491e+01	2.050814356724200138e+01	1.951935952732673840e+01	2.043395058734462921e+01	2.042518614236313113e+01	2.047157649114989297e+01	2.022815810441554873e+01	2.030139534466376716e+01	2.030993671752019836e+01	1.996156786879688028e+01	1.982046236396037031e+01	2.059153054570201036e+01	2.038771648833581196e+01	1.987746261516818080e+01	2.021059276277099670e+01	2.037244619713748861e+01	2.030485176182371987e+01	2.031604520557096194e+01	2.034845216477213725e+01	2.003783898556368470e+01	2.018106396500219901e+01	1.998846075952192436e+01	1.998345404393278457e+01	2.017833912901715721e+01	1.959787664130048412e+01	2.007363319386960399e+01
2.010483420561628165e+01	1.964229195444747944e+01	1.986937842863142478e+01	2.004149186726098719e+01	2.003449083452425228e+01	2.017224058866104386e+01	2.066958552588645759e+01	1.981292928944178300e+01	1.970732574275247018e+01	1.991917035812213754e+01	2.025912382969300296e+01	1.976799709543352890e+01	2.010229296394086518e+01	2.010620654648139549e+01	1.943675717231894851e+01	1.999009194719351257e+01	2.022750875240918234e+01	1.993952130709383752e+01	1.949966162746299148e+01	1.975022879183822511e+01	1.983895696253676633e+01	3.006336705343322180e+01	1.997401681870645263e+01	1.934255322228422358e+01	1.987635512514649250e+01	1.990013145477606926e+01	1.972443677753499003e+01	2.015507773273907688e+01	2.035741675392072381e+01	2.027346945069284345e+01	2.011524288788566750e+01	2.007133049612540177e+01	2.025963257250538518e+01	2.017599601148969413e+01	1.967192165874916654e+01	2.051996592973644695e+01	1.982700847092567997e+01	1.971059565231779587e+01	2.041388731748680740e+01	1.991211662342631428e+01	2.039242398391104061e+01	2.007975787726055472e+01	2.017187221319506207e+01	1.921456287764201676e+01	1.997829203799553355e+01	1.965176751453883242e+01	2.030615640249128262e+01	2.004896496931483441e+01	1.920589942926572746e+01	2.006707142251448062e+01
2.020413194503932530e+01	1.989142544255498635e+01	1.981185082686370791e+01	2.040905553796430638e+01	2.015170485991849247e+01	2.005057351943915478e+01	2.070227386171664108e+01	1.962587308792890539e+01	1.998531678660845756e+01	2.032106026043497238e+01	2.021209612889080631e+01	1.959731663015649517e+01	1.971437552530203519e+01	1.986265964863462230e+01	2.026353948202988065e+01	2.021888215217852647e+01	2.063157537780037387e+01	1.981191646376628057e+01	1.961193261060813953e+01	1.983687062366796994e+01	2.002173839517413967e+01	1.997401681870645263e+01	2.977110529802830285e+01	1.974338833328500087e+01	1.999262809733106394e+01	1.969586011571914241e+01	1.975107270276058813e+01	1.991690634005446725e+01	2.072269465525874921e+01	2.017351051104975923e+01	1.955042209281367604e+01	2.038646376462742893e+01	2.041415268644778180e+01	2.009345411669455217e+01	1.982295995721478477e+01	2.037013859317555742e+01	2.054245412758819000e+01	2.003249761680385888e+01	1.997948693288280708e+01	1.987168394466838350e+01	2.028486587528576379e+01	2.020496058111576332e+01	1.999597600887630833e+01	1.955687150703517219e+01	1.993132717614888350e+01	1.962574777276493521e+01	2.030064661042679930e+01	2.014797236755494581e+01	1.977543968496677707e+01	1.967397971094588627e+01
1.935956330514864732e+01	1.930837282659515708e+01	1.978209690029819257e+01	1.958189283074981901e+01	1.940853609593505524e+01	1.976817420983189777e+01	2.013157119667657469e+01	1.948371881493055113e+01	1.969408921869952422e+01	1.967713076669941330e+01	1.979328602337889720e+01	1.958493532130752968e+01	1.912418985538753446e+01	1.948980259809255244e+01	1.935547938025732151e+01	1.908215785744928539e+01	1.979826699364665643e+01	1.908132598363969734e+01	1.923857664407964663e+01	1.944458532951301066e+01	1.954245559775941743e+01	1.934255322228422358e+01	1.974338833328500087e+01	2.805503440093200496e+01	1.903999661766850338e+01	1.967537430180314928e+01	1.929286425490737855e+01	1.949058319004637596e+01	1.953332871667619486e+01	1.936882296871028331e+01	1.948311862397736149e+01	1.950346137486930331e+01	1.964031340953498628e+01	1.935177273178192436e+01	1.926730438975678439e+01	1.976862535748382399e+01	1.949892064949539616e+01	1.931675992324753111e+01	1.966963463066247897e+01	1.923423039565829029e+01	1.944435376235141888e+01	1.963001842737724800e+01	1.966972094142086647e+01	1.911553495448924522e+01	1.986610148233632955e+01	1.879287570681156794e+01	1.961382685150799077e+01	1.998915068378423499e+01	1.923003226382516573e+01	1.906975017712043297e+01
2.009150660129578014e+01	2.002097950969320550e+01	1.999877782613817701e+01	2.017395088155002014e+01	1.975610351157511957e+01	2.040109256854388420e+01	2.083014745721538219e+01	2.009905106917210915e+01	1.985638090288485103e+01	2.009777852994474401e+01	2.036600822409048206e+01	1.970985890603413182e+01	1.991759856001040774e+01	1.987127555666326018e+01	2.016685546753936720e+01	2.027982661642355566e+01	2.056161823792604082e+01	2.007217304146369230e+01	1.950417207095137329e+01	1.965979640005670603e+01	2.006908323101583491e+01	1.987635512514649250e+01	1.999262809733106394e+01	1.903999661766850338e+01	2.979605656904178090e+01	2.056623666467840295e+01	2.003250083854160479e+01	1.989410295287568431e+01	2.000819448144635260e+01	2.000614494929765641e+01	1.965486751376262831e+01	2.019315876727474901e+01	2.031412359389665312e+01	2.022959120033166158e+01	2.019571621233687253e+01	2.023473486202895799e+01	2.016091558532130534e+01	1.991698713482799121e+01	2.005700755684636150e+01	2.002852330752763876e+01	2.026856248793960447e+01	2.021883499877939272e+01	2.035759841584060936e+01	1.950236406135114464e+01	1.994272680047201618e+01	1.979091274148816026e+01	1.988276195334244179e+01	2.030305324891066832e+01	1.997158610297822179e+01	2.016313567059177458e+01
1.990551359129743503e+01	1.964617023743380031e+01	1.985630366089505827e+01	2.008574538326790915e+01	1.981477946417268043e+01	2.016366955471554689e+01	2.056725040518910674e+01	1.976303765826179415e+01	1.984321038968329276e+01	2.018446426708914387e+01	2.029208420499784182e+01	2.002544864586488416e+01	1.962057958864539131e+01	1.973919902879902821e+01	2.024014375256413700e+01	1.999730590211884973e+01	2.010387151806325079e+01	1.987128356046348543e+01	1.972087126717347871e+01	1.964462455784236994e+01	2.050814356724200138e+01	1.990013145477606926e+01	1.969586011571914241e+01	1.967537430180314928e+01	2.056623666467840295e+01	2.997977058339903067e+01	1.976459476183507036e+01	1.996233206800479820e+01	2.013601415544114559e+01	2.003230535507038468e+01	1.987355044221148503e+01	2.000807794887811752e+01	2.038290498362858116e+01	2.025205194107104489e+01	2.015685365506550397e+01	2.022247956948076819e+01	2.007243583089080019e+01	1.964663836698876764e+01	1.991034715190157200e+01	2.006711583621505213e+01	1.997266947592674668e+01	1.999100180489991985e+01	1.996951829886316077e+01	1.967428348954171469e+01	1.993749690313871170e+01	1.952070584869262859e+01	2.001240000491647564e+01	2.025746599257958636e+01	1.958079336824344452e+01	1.976664454891102451e+01
1.992166084216547972e+01	1.959606217165084630e+01	1.982404565354089243e+01	1.992680155124098462e+01	1.962799910712418239e+01	2.026266893990297291e+01	2.064365467792630326e+01	1.963488061396037665e+01	1.986155186018713437e+01	1.982270284002511218e+01	2.005555650773225196e+01	1.933421369039154314e+01	1.972707057576714007e+01	2.003762986676328239e+01	2.019627443870193773e+01	1.983717721764417519e+01	1.995530775603132057e+01	1.928986363808574112e+01	1.941855836733721219e+01	1.955704968260844367e+01	1.951935952732673840e+01	1.972443677753499003e+01	1.975107270276058813e+01	1.929286425490737855e+01	2.003250083854160479e+01	1.976459476183507036e+01	2.909687509931776006e+01	1.951103231833293350e+01	1.994767209990519774e+01	1.999199611908613150e+01	1.980301105503849257e+01	1.987295498042756847e+01	1.996686575939883568e+01	1.966544144971790331e+01	1.952265635113720066e+01	2.001075150625601395e+01	2.008033296785083621e+01	1.966535701668361114e+01	2.016332319462773270e+01	1.983739133825277179e+01	2.004322473835736318e+01	2.003362734800401057e+01	1.963108488127241102e+01	1.934990511382878253e+01	1.975684936857525642e+01	1.960654459645613201e+01	1.986550279851422829e+01	2.023390934891800086e+01	1.939064912344689873e+01	1.985542251537548353e+01
1.998235062425257880e+01	1.963667993313318050e+01	2.024996041974209504e+01	2.013844668215003608e+01	2.021671360114826754e+01	2.034823731335402996e+01	2.080829540046193316e+01	1.961413048267902326e+01	2.033208910497482691e+01	2.028440992438887847e+01	2.008071486700763941e+01	1.986255261561550611e+01	1.954400963275510250e+01	1.967822598463020611e+01	2.005229621746803303e+01	2.033676972508352776e+01	2.012213766612453014e+01	1.960492783392941618e+01	1.962364638330873845e+01	2.004398172555012536e+01	2.043395058734462921e+01	2.015507773273907688e+01	1.991690634005446725e+01	1.949058319004637596e+01	1.989410295287568431e+01	1.996233206800479820e+01	1.951103231833293350e+01	3.019685299418804192e+01	2.039112550138225544e+01	2.071950615416988839e+01	1.974302009332587460e+01	2.010609030873424175e+01	2.033219793499042538e+01	1.983675063711405784e+01	1.995566139202426825e+01	2.055082487140060721e+01	1.983937512760903488e+01	1.972741702353466309e+01	2.035476308841507631e+01	1.980769151459120536e+01	2.007372381785037518e+01	2.029558586087215843e+01	1.965754112353923233e+01	1.954552804995549309e+01	1.999225770362431831e+01	1.973533714113580473e+01	2.029720484944358105e+01	2.033089968004067671e+01	2.025711596062724595e+01	1.991477988588129122e+01
2.023380324506413785e+01	1.985453137372092769e+01	2.023374315134304879e+01	2.042171236327342854e+01	2.030207030461886220e+01	2.030358720996406419e+01	2.080292503431824969e+01	2.029788672138349881e+01	2.031479892190924375e+01	2.062222515042738635e+01	2.081775657118802059e+01	2.003829841588392924e+01	2.048247409513655626e+01	2.032867365581518726e+01	2.047100049276399147e+01	2.048820139643923710e+01	2.069425011131826153e+01	2.004666985926513689e+01	1.985201702920760525e+01	2.024174133159758782e+01	2.042518614236313113e+01	2.035741675392072381e+01	2.072269465525874921e+01	1.953332871667619486e+01	2.000819448144635260e+01	2.013601415544114559e+01	1.994767209990519774e+01	2.039112550138225544e+01	3.024170250188565845e+01	2.025678860224293132e+01	2.017939337309930536e+01	2.014511167038650186e+01	2.062670404560205739e+01	2.043124630722701340e+01	2.025962326201529251e+01	2.033553089676038894e+01	2.023459961976001154e+01	1.991577846678301711e+01	2.059486847608396687e+01	2.046060001210643264e+01	2.019563471026965473e+01	2.029855553265834800e+01	2.039665865021696689e+01	2.008634752601404116e+01	2.040683154439809499e+01	1.983146443983835638e+01	2.077820191276025241e+01	2.054694647197016621e+01	1.995895905599648401e+01	2.036124920311623754e+01
2.008598048327511876e+01	1.996562833285636174e+01	2.036540840070901126e+01	2.047079848534676927e+01	1.996768686619808975e+01	2.016548595416414003e+01	2.092520859624507068e+01	2.042893729061371744e+01	2.045518147243155127e+01	2.056012976272606352e+01	2.096780965735227298e+01	1.991317706364235463e+01	2.035033760159993932e+01	2.031848362609684955e+01	2.054774904852041928e+01	2.016673122483939906e+01	2.080430273473306713e+01	2.006485835437054277e+01	1.990458140439578827e+01	2.002992036377233731e+01	2.047157649114989297e+01	2.027346945069284345e+01	2.017351051104975923e+01	1.936882296871028331e+01	2.000614494929765641e+01	2.003230535507038468e+01	1.999199611908613150e+01	2.071950615416988839e+01	2.025678860224293132e+01	3.066108550199385263e+01	2.023221179409339499e+01	2.030704913832223468e+01	2.022556727043978242e+01	1.999270884442099927e+01	2.022051863117320991e+01	2.029274266047452002e+01	2.041470870632144496e+01	1.973346392923074077e+01	2.038070070936219125e+01	1.987725353242569426e+01	2.038171099698382704e+01	2.022768040465479800e+01	2.020090628850751102e+01	1.956448103285476137e+01	2.007335282818668531e+01	1.973909933672146622e+01	2.053717355103194464e+01	2.041408860679537085e+01	1.950038574165219174e+01	2.020554521166247497e+01
2.015344837698384595e+01	1.934937037949440253e+01	1.970058998932470828e+01	2.014013049729613059e+01	1.963454605785375406e+01	2.031876816008586317e+01	2.031723772829006691e+01	1.987882388481651930e+01	1.998998421247103607e+01	2.005152454565352826e+01	1.992080399234018628e+01	2.012733948814604190e+01	1.981094411122481702e+01	1.978949858856499233e+01	1.997822194478277780e+01	1.961676981834417077e+01	2.008818786365579356e+01	1.938016623177810516e+01	1.959026158525685801e+01	2.012258171566012166e+01	2.022815810441554873e+01	2.011524288788566750e+01	1.955042209281367604e+01	1.948311862397736149e+01	1.965486751376262831e+01	1.987355044221148503e+01	1.980301105503849257e+01	1.974302009332587460e+01	2.017939337309930536e+01	2.023221179409339499e+01	2.915673120469396196e+01	2.034383597407727606e+01	2.037625781155061944e+01	1.982818276452857731e+01	1.963425488491217408e+01	1.985397901654643604e+01	2.025405613583063769e+01	1.973764777065218823e+01	2.027890380609606069e+01	1.977740315994040188e+01	1.996688534634122902e+01	1.981793736629011349e+01	1.997762249784982913e+01	1.964351156478514326e+01	2.003270986792573893e+01	1.955331490862855048e+01	2.010905373623219461e+01	2.004263834934506860e+01	1.963027511244899159e+01	2.014965255881117656e+01
2.000218049573071255e+01	1.995085174678473194e+01	1.991331011580901134e+01	2.035890018343941321e+01	2.032969721098139004e+01	2.042681507825565745e+01	2.072126180062301160e+01	2.018215755625271868e+01	2.018475186413989775e+01	2.030022266109489593e+01	2.051921297011084988e+01	1.979528675271771121e+01	2.043004862651065778e+01	1.962675393806613400e+01	2.066753759615339092e+01	2.003006219953451961e+01	2.040639386855098181e+01	2.015266987834198886e+01	2.025687660149193547e+01	2.000054905207221978e+01	2.030139534466376716e+01	2.007133049612540177e+01	2.038646376462742893e+01	1.950346137486930331e+01	2.019315876727474901e+01	2.000807794887811752e+01	1.987295498042756847e+01	2.010609030873424175e+01	2.014511167038650186e+01	2.030704913832223468e+01	2.034383597407727606e+01	3.055095257292194333e+01	2.060430222054517557e+01	2.030421254355360361e+01	2.027982214514682369e+01	2.031522766599713492e+01	2.040396623125689857e+01	1.997982112502654317e+01	2.066292157077689851e+01	2.001952727406771615e+01	2.021717917242887808e+01	2.033124948406369725e+01	2.033920988314338274e+01	2.039438347713185706e+01	2.023692154589161163e+01	1.999765972028643191e+01	2.008326215581398344e+01	2.040941635210122485e+01	1.974190342938406673e+01	2.031703436796566820e+01
