3.006392053401853204e+01	1.971449060868964764e+01	1.984742316863153277e+01	1.998350019884987461e+01	1.999790815897618401e+01	2.058352883485912344e+01	1.963451938399652263e+01	2.011447982546324198e+01	2.005301271575148192e+01	1.974732990386020504e+01	1.998240107470443760e+01	1.942192134404977466e+01	2.100302806804761246e+01	1.991314366192665375e+01	1.994902050333922716e+01	1.947993551693608794e+01	2.044402908473725233e+01	2.028250982998409668e+01	2.032829599421808808e+01	2.045208872543686240e+01	2.005323529213727696e+01	2.019486003779445582e+01	1.998278446423813293e+01	1.940725870071337766e+01	2.061575702356432771e+01	2.071593156153557302e+01	2.000269244062810259e+01	1.989331982555894740e+01	2.039227070756982130e+01	2.048416338191340813e+01	2.020678451136155829e+01	1.987492034092061033e+01	1.982464130623849741e+01	1.935605222647215840e+01	2.062238697877233662e+01	2.032798863393837863e+01	1.986788344103806025e+01	1.997728307094113021e+01	2.014453592082057654e+01	2.080332976325854233e+01	1.955114478927662702e+01	2.010183840713708392e+01	1.983462068753402363e+01	2.028563481574738248e+01	2.021010361798512633e+01	2.034901035521050616e+01	2.057447540227602545e+01	2.035226100308314301e+01	2.007228374847414543e+01	2.035671884476768412e+01
1.971449060868964764e+01	2.961599479465947127e+01	1.993360941404045761e+01	2.020356865465803153e+01	1.980377039099000669e+01	2.022809918323058653e+01	1.959879325931389360e+01	1.965737735243698836e+01	1.915021020494056003e+01	1.993853908659298213e+01	2.005063689946606686e+01	1.925153224114338713e+01	2.043640059488196314e+01	1.985344536401826687e+01	1.987058308878956581e+01	1.914761519851725424e+01	1.998727261300340530e+01	1.981390087647570297e+01	1.983327665181128197e+01	2.069370511320030204e+01	1.941732051900885736e+01	1.997793592991110501e+01	1.944266294785273885e+01	1.955885472953422877e+01	1.992349869575165755e+01	2.011581598521777892e+01	2.014399109925170706e+01	2.016819491526487340e+01	1.974984852310538130e+01	2.001632035591677905e+01	2.029683021277015342e+01	1.981873123104672274e+01	1.966694164578698079e+01	1.951897872080324348e+01	1.967999382904017480e+01	2.032973092710195928e+01	1.965820565011667398e+01	2.004279225264938802e+01	1.969944259935907382e+01	2.008703825976662571e+01	1.949720362594946010e+01	1.990032340459581661e+01	1.963691926197788717e+01	1.981830895459321340e+01	2.010923299287992450e+01	1.992852729447448468e+01	2.009922442921688557e+01	2.001476849929471769e+01	1.971078675602098329e+01	1.980192103494494660e+01
1.984742316863153277e+01	1.993360941404045761e+01	2.996315626023532630e+01	2.090858321476053305e+01	2.043735579594516949e+01	2.067167737329794974e+01	1.976859023255049763e+01	2.022200636721645139e+01	2.007245636951054379e+01	2.041392747751717707e+01	2.062838962353541561e+01	1.978713331046467871e+01	2.063511729075410273e+01	2.000615542523764034e+01	2.029058425422923762e+01	1.922529697450912423e+01	2.062847640776076830e+01	2.037426556541173994e+01	2.016688370445289280e+01	2.082895443347971565e+01	1.995715902755629401e+01	2.037577948733921929e+01	2.004365417459345977e+01	1.970985452493628998e+01	2.063685939035089234e+01	2.068007295047830851e+01	2.050145330340883731e+01	2.018634590026449160e+01	2.050978812068541757e+01	2.062648443328173187e+01	2.053474698849660740e+01	2.013041716860871944e+01	2.008828952715426652e+01	2.011234968068887952e+01	2.015033886930936902e+01	2.056474906772423950e+01	2.009800411073971560e+01	2.016578031864965226e+01	2.042953469491891738e+01	2.047806289384906719e+01	1.966131901802930670e+01	2.016741088688327821e+01	2.005245433935626309e+01	2.016370444467176526e+01	2.039801640513178072e+01	2.049559761589499374e+01	2.027549042393656364e+01	2.001373849963732354e+01	2.012500868718866442e+01	2.077646560437706569e+01
1.998350019884987461e+01	2.020356865465803153e+01	2.090858321476053305e+01	3.073447161412857298e+01	2.063531093187506116e+01	2.102578731604899076e+01	2.000864249931311889e+01	2.062011933559810828e+01	2.039837362924100006e+01	2.017911957387664756e+01	2.044644567733744367e+01	1.950869255165940075e+01	2.072042581715824028e+01	2.014647614871122272e+01	2.052315937718003269e+01	1.983508142916632622e+01	2.078715072454281199e+01	2.050887013044964036e+01	2.075479017098166779e+01	2.053557356428437686e+01	1.990385536616443929e+01	2.036786336723564617e+01	2.045070910070220904e+01	1.981801801673932317e+01	2.055064956966197798e+01	2.044336071158363666e+01	2.046811064952055403e+01	1.996722260428684592e+01	2.045325989915534848e+01	2.087182736133448913e+01	2.053313558277843143e+01	2.020922833395799501e+01	2.012283168321177129e+01	2.038137448791563600e+01	2.032233552142361432e+01	2.076786186448561011e+01	1.993384579077875074e+01	2.055616200669078708e+01	2.046664567649446553e+01	2.090333585612360423e+01	1.969371661293323328e+01	2.050632218861609601e+01	2.009639288009070412e+01	2.038745690300610036e+01	2.046327644622853370e+01	2.023475322095183415e+01	2.025534132381024222e+01	2.066785504764268211e+01	2.023451632902381903e+01	2.075035674525728169e+01
1.999790815897618401e+01	1.980377039099000669e+01	2.043735579594516949e+01	2.063531093187506116e+01	2.987702532488351537e+01	2.041741796315235291e+01	1.944766670573842404e+01	1.989869075214211236e+01	1.976268469600602629e+01	2.016709744290040263e+01	2.029106358445941538e+01	1.951419546549109540e+01	2.075613440733120640e+01	2.017963311760395584e+01	2.012907903684457622e+01	1.968396382817325119e+01	2.034820638242542756e+01	2.066868096372230923e+01	2.029270003318148241e+01	2.053978176542874934e+01	1.992868710592370718e+01	2.020487385759555465e+01	1.993202809686287225e+01	1.978182436667287547e+01	2.035221978808505483e+01	2.043728697346595524e+01	1.997304626367418834e+01	2.030535937049199902e+01	2.033537292594586887e+01	2.033986180392096443e+01	2.023706166193278477e+01	1.955360007744015149e+01	1.939969977483125518e+01	1.973932860970217007e+01	2.023809733068497962e+01	2.064496957776903230e+01	2.009850941290553905e+01	2.005888767320807631e+01	2.004156662413036827e+01	2.049348161952900327e+01	2.004772497249597407e+01	1.992551869819390475e+01	2.021786015112890311e+01	1.981784573556005569e+01	2.029013219909945676e+01	2.017395339489002026e+01	2.002654368743462499e+01	2.026193373814989229e+01	1.997064080551313836e+01	2.025780723649961601e+01
2.058352883485912344e+01	2.022809918323058653e+01	2.067167737329794974e+01	2.102578731604899076e+01	2.041741796315235291e+01	3.035961938397315052e+01	2.024942788369719082e+01	2.049179962024614454e+01	2.007575611098166135e+01	2.056685289887890988e+01	2.073723104627653768e+01	1.946682904779347822e+01	2.067903317027005627e+01	1.987499544518117389e+01	2.061854705271393939e+01	1.955974579450826312e+01	2.079838738530772702e+01	2.106829199054971369e+01	2.007763980536666537e+01	2.053918163388446061e+01	2.009133580874504332e+01	2.013324321751721158e+01	2.031105357871947348e+01	1.997083813817908293e+01	2.038922367262884450e+01	2.098732041000210202e+01	2.050499715740687279e+01	2.028516863620787802e+01	2.049259338838322364e+01	2.057031643972197443e+01	2.087377621476936440e+01	2.043930912759060448e+01	1.991268188703265807e+01	2.018353681089701368e+01	2.049627026539094743e+01	2.080155880111861322e+01	2.055201349307763437e+01	2.047531952605432082e+01	2.021754507901101405e+01	2.122698323941751042e+01	1.993407771922756666e+01	2.042972742525816088e+01	2.062806458121424669e+01	2.018069145306365897e+01	2.009774075911772329e+01	2.074396931274037570e+01	2.111770539579606876e+01	2.045751989942062465e+01	2.004339833221664335e+01	2.064120462046042803e+01
1.963451938399652263e+01	1.959879325931389360e+01	1.976859023255049763e+01	2.000864249931311889e+01	1.944766670573842404e+01	2.024942788369719082e+01	2.878841396606445358e+01	1.928446530823943661e+01	1.906259978383918607e+01	1.948490381006843108e+01	1.993596245787781029e+01	1.915687898930142552e+01	2.010801968303645282e+01	1.964676413621468853e+01	1.966708849872687281e+01	1.923001077202792075e+01	1.976780207111021070e+01	2.023376091841986124e+01	1.961756458899863631e+01	1.968137550940096148e+01	1.930006174472857339e+01	1.968590908119544025e+01	1.936152065615665308e+01	1.870367807608232980e+01	1.998171542694911196e+01	2.014941718909819812e+01	1.979156988529301131e+01	1.965923423424583660e+01	1.975276895715089864e+01	1.986530385551359146e+01	2.008505335912750667e+01	1.962123438732453096e+01	1.950893294396449562e+01	1.913292266602674729e+01	1.944646938416221715e+01	1.975591637269265632e+01	1.970171946657146478e+01	1.995642809792480321e+01	1.937497245105131682e+01	2.032780029308132796e+01	1.960603047330771176e+01	1.977844757779161355e+01	1.935202903915416428e+01	1.947904664048353141e+01	1.953895606742478108e+01	1.987702506870996899e+01	2.010742317480144692e+01	1.950772858714207203e+01	1.966341480337194980e+01	1.979137656962166147e+01
2.011447982546324198e+01	1.965737735243698836e+01	2.022200636721645139e+01	2.062011933559810828e+01	1.989869075214211236e+01	2.049179962024614454e+01	1.928446530823943661e+01	3.019976936154619551e+01	1.962493195632775667e+01	2.016254809639092116e+01	2.040264390167789443e+01	1.934320145718872652e+01	2.043427802600274390e+01	1.975811534448649454e+01	2.005496081568829325e+01	1.933323566512470393e+01	2.056860326909091441e+01	1.968778683399901652e+01	2.014619573941214625e+01	2.001260796402027253e+01	1.917236781346313634e+01	2.026140810954043303e+01	1.962365367862401655e+01	1.971651224354092946e+01	1.994990396400304533e+01	2.026943871533547892e+01	2.036270118750644897e+01	1.993752259596162091e+01	2.026738653568382631e+01	2.006431808609570666e+01	2.032294250099445421e+01	1.973059379251317225e+01	1.952506616007448770e+01	1.947581105793812739e+01	2.040586524789896217e+01	2.028744392915323758e+01	2.021346196600521239e+01	1.997933445526037488e+01	2.008782286840018827e+01	2.071271909216784124e+01	1.942616396143187529e+01	2.035002069027290972e+01	1.985362016811026464e+01	1.947465150872323392e+01	1.996708231053257876e+01	2.031905040512589622e+01	1.997601479469560459e+01	1.991116914423728801e+01	1.956058187949325955e+01	1.972799086313937522e+01
2.005301271575148192e+01	1.915021020494056003e+01	2.007245636951054379e+01	2.039837362924100006e+01	1.976268469600602629e+01	2.007575611098166135e+01	1.906259978383918607e+01	1.962493195632775667e+01	2.932560803470332544e+01	1.962420402837751610e+01	1.991387500745683425e+01	1.934460847545673801e+01	2.018488949560411072e+01	1.971678434535329316e+01	1.936011210486199374e+01	1.911617032965533625e+01	1.980517291451931783e+01	1.998238615976312005e+01	1.994758593724835904e+01	1.997567703300457254e+01	1.912689252492126712e+01	1.983713663563460017e+01	1.970621898920421700e+01	1.922338359185657453e+01	1.984047641146708330e+01	2.008590836744608765e+01	1.983510889098910823e+01	1.975421699042669488e+01	2.030895056121611830e+01	1.990371947477084191e+01	2.020488817978005258e+01	1.952495504836072016e+01	1.925764924838816938e+01	1.954339094788730335e+01	2.003829239228186410e+01	2.005907193713549574e+01	1.978994720792994144e+01	1.972737105503909305e+01	1.948381480416957245e+01	2.049542024596933842e+01	1.942669332966758944e+01	1.952645023770158872e+01	1.985780184206334908e+01	1.935754678606543777e+01	2.004094745462125715e+01	1.970838591049515287e+01	1.999499493698683494e+01	1.978772819270727368e+01	1.991653769157592180e+01	2.005970534812100681e+01
1.974732990386020504e+01	1.993853908659298213e+01	2.041392747751717707e+01	2.017911957387664756e+01	2.016709744290040263e+01	2.056685289887890988e+01	1.948490381006843108e+01	2.016254809639092116e+01	1.962420402837751610e+01	3.046076038925565399e+01	2.056589983931687016e+01	1.950410428292592613e+01	2.071117531142195389e+01	1.988484673841941586e+01	1.998186184996499648e+01	1.907886737280371392e+01	2.024218394688931966e+01	2.011833603909735757e+01	2.014367907415912384e+01	2.022954528041968203e+01	1.935867987419544178e+01	2.017721305168768708e+01	2.023404774935778505e+01	1.934875638087337535e+01	2.051423521348658952e+01	2.024088622297614037e+01	1.994627708631960061e+01	2.021684269328459393e+01	1.971126673539425056e+01	2.005788209513105258e+01	2.030465988080712236e+01	1.979587864463551128e+01	1.989518260008165740e+01	1.962086219570637624e+01	2.001034920432587327e+01	2.030907236417403183e+01	1.991513349023531632e+01	2.003851445796474806e+01	2.030075175057505632e+01	2.088809328721570324e+01	1.978839746316555903e+01	2.017449693288713419e+01	2.029605420707639141e+01	1.937468709416584289e+01	1.955552375765429929e+01	2.040508988537078849e+01	2.023444420837881452e+01	2.000681052088766876e+01	2.001019918897724637e+01	2.003695025589648182e+01
1.998240107470443760e+01	2.005063689946606686e+01	2.062838962353541561e+01	2.044644567733744367e+01	2.029106358445941538e+01	2.073723104627653768e+01	1.993596245787781029e+01	2.040264390167789443e+01	1.991387500745683425e+01	2.056589983931687016e+01	3.012099469692369524e+01	1.961622077405341358e+01	2.120909676559468693e+01	2.026955238579571983e+01	2.047967925298527803e+01	2.006803400018715067e+01	2.064899183814094386e+01	2.067691616840820856e+01	2.041275948204065216e+01	2.049290072284313879e+01	1.990898538873480206e+01	2.053219202076162375e+01	2.000992059335613860e+01	1.968391057145440470e+01	2.057275505547097438e+01	2.063377208295610643e+01	2.056719456958138537e+01	2.048160235072403523e+01	2.039299662885120412e+01	2.065116416450282699e+01	2.076600567079752224e+01	2.020143645875990401e+01	2.000776529234297385e+01	1.991042260767989092e+01	2.048425248608078419e+01	2.094719465501284716e+01	1.999864981537464814e+01	1.989551985372638399e+01	2.013766119250659159e+01	2.096994817919390286e+01	1.998317539200147408e+01	2.019315515000221950e+01	2.013178042381579047e+01	1.976601057705017084e+01	1.978095829916334836e+01	2.032189837384350994e+01	2.025897811355250866e+01	2.041083163622517560e+01	2.053511227287517116e+01	2.030975839532976934e+01
1.942192134404977466e+01	1.925153224114338713e+01	1.978713331046467871e+01	1.950869255165940075e+01	1.951419546549109540e+01	1.946682904779347822e+01	1.915687898930142552e+01	1.934320145718872652e+01	1.934460847545673801e+01	1.950410428292592613e+01	1.961622077405341358e+01	2.872049334198847248e+01	1.986244496870072140e+01	1.926143074925571597e+01	1.957897236410251551e+01	1.870605265262934580e+01	1.973949040010391798e+01	2.009850523316994497e+01	1.990169252891075757e+01	1.976717185034083002e+01	1.911029827822350313e+01	1.982670194997296420e+01	1.913896435515092520e+01	1.902920128357819252e+01	1.955042371847665095e+01	1.949139363776734868e+01	1.940709782447887122e+01	1.962635077594240940e+01	1.940485309350069798e+01	1.987020806348176905e+01	2.012608301463051674e+01	1.925098473215731332e+01	1.926906175581267178e+01	1.918322717652087661e+01	1.994135105680865294e+01	1.986755879985197737e+01	1.945910128071627554e+01	1.959004501927081066e+01	1.947405975800286981e+01	1.997858740565803970e+01	1.884004832958108722e+01	1.936666146914244635e+01	1.918019857099048764e+01	1.940558183212497312e+01	1.953366062114614721e+01	1.985390174528921747e+01	1.933095510197057365e+01	1.934337452246463940e+01	1.962972211288257185e+01	1.998788905172201424e+01
2.100302806804761246e+01	2.043640059488196314e+01	2.063511729075410273e+01	2.072042581715824028e+01	2.075613440733120640e+01	2.067903317027005627e+01	2.010801968303645282e+01	2.043427802600274390e+01	2.018488949560411072e+01	2.071117531142195389e+01	2.120909676559468693e+01	1.986244496870072140e+01	3.093539455468923194e+01	2.067075599206299685e+01	2.065439253093833472e+01	1.987009977520764892e+01	2.080802025695114921e+01	2.115208427389758938e+01	2.052709240559316939e+01	2.103619664966786473e+01	2.035209291644115126e+01	2.082944778386712414e+01	2.046922152483876189e+01	1.988588066114262887e+01	2.060336608896442812e+01	2.113823633869030871e+01	2.044381217432591669e+01	2.068460122448845340e+01	2.089923413396662966e+01	2.090035339860279251e+01	2.152818314946336642e+01	2.009234106712514034e+01	2.015399218245605795e+01	2.025144444697491508e+01	2.070181089689038245e+01	2.052258183651478873e+01	2.088036705484902100e+01	2.029142192341453921e+01	2.040333455144403274e+01	2.130057773827230960e+01	2.032273434744452345e+01	2.085245925961676505e+01	2.012558339236202798e+01	2.054505677451624734e+01	2.023320898360722353e+01	2.064943854501520448e+01	2.070655632230688070e+01	2.048890360670560540e+01	2.086553781669053720e+01	2.018770136780402424e+01
1.991314366192665375e+01	1.985344536401826687e+01	2.000615542523764034e+01	2.014647614871122272e+01	2.017963311760395584e+01	1.987499544518117389e+01	1.964676413621468853e+01	1.975811534448649454e+01	1.971678434535329316e+01	1.988484673841941586e+01	2.026955238579571983e+01	1.926143074925571597e+01	2.067075599206299685e+01	2.940205770566990751e+01	2.004808950034601978e+01	1.915401570264134179e+01	2.005476755321808469e+01	2.043827932947679926e+01	1.990560170184099320e+01	1.993918034509538728e+01	1.960767396695260345e+01	1.996324602070147591e+01	1.983100774144501699e+01	1.933632391280919904e+01	2.037958251101602514e+01	2.024337815453838729e+01	2.003385723186442036e+01	2.021650114232165407e+01	1.974305892414765040e+01	2.012614998619688222e+01	2.037737664298266083e+01	1.957138949831951891e+01	1.951651150945207291e+01	1.916469072753481129e+01	1.985910514461011545e+01	2.005757945767735251e+01	2.018731249817384921e+01	1.983453330167843021e+01	1.998836069466432619e+01	2.036593283747448879e+01	1.953833038193685567e+01	1.971717557988318248e+01	2.024418003255717480e+01	1.931450316943933387e+01	1.993068341750583272e+01	1.986972028778471966e+01	1.983373381054993700e+01	2.004436148870430046e+01	1.952445925075133104e+01	1.962683099928493391e+01
1.994902050333922716e+01	1.987058308878956581e+01	2.029058425422923762e+01	2.052315937718003269e+01	2.012907903684457622e+01	2.061854705271393939e+01	1.966708849872687281e+01	2.005496081568829325e+01	1.936011210486199374e+01	1.998186184996499648e+01	2.047967925298527803e+01	1.957897236410251551e+01	2.065439253093833472e+01	2.004808950034601978e+01	2.951617705319642582e+01	1.947547640069768349e+01	2.008213928775865398e+01	2.031481217600200750e+01	2.008204140372118829e+01	2.022725365860587488e+01	1.976457305003269127e+01	1.986673437122670904e+01	1.960634967641771098e+01	1.949745913562471600e+01	2.032767330413840412e+01	2.016242881764558348e+01	1.962537250288765023e+01	2.005421647381199790e+01	2.016207960963395607e+01	2.013624508111496070e+01	2.064341236221367737e+01	1.986288822937776999e+01	1.964414723126480666e+01	1.980948972823124876e+01	2.037789998974878358e+01	2.016750477954938248e+01	2.008091825012287757e+01	2.003266883411933819e+01	2.044232648029698041e+01	2.061695123799467666e+01	1.980993169256390374e+01	1.974966930794774811e+01	2.016925246607352662e+01	1.965779101488979563e+01	2.016604683728493796e+01	2.053682945091178169e+01	1.989196512065081279e+01	2.062072781813119349e+01	1.978737151842052810e+01	2.008689842129208358e+01
1.947993551693608794e+01	1.914761519851725424e+01	1.922529697450912423e+01	1.983508142916632622e+01	1.968396382817325119e+01	1.955974579450826312e+01	1.923001077202792075e+01	1.933323566512470393e+01	1.911617032965533625e+01	1.907886737280371392e+01	2.006803400018715067e+01	1.870605265262934580e+01	1.987009977520764892e+01	1.915401570264134179e+01	1.947547640069768349e+01	2.833948056630612555e+01	2.000651647070795747e+01	1.982633362083528183e+01	1.945298767260732120e+01	2.005304613071854547e+01	1.898835303856267487e+01	1.937953320316469430e+01	1.896870206271759329e+01	1.862426761957258492e+01	1.952661801804793740e+01	1.980751622753472674e+01	1.961804281786532655e+01	1.958086579996764698e+01	1.994056458113221808e+01	1.980353075257955098e+01	1.974787892828389602e+01	1.923361999721410598e+01	1.892121503522259118e+01	1.892799539262536967e+01	1.982987202128727233e+01	1.959909660512635909e+01	1.968185260452941066e+01	1.945710295516403932e+01	1.952100712817505013e+01	2.030621845809752202e+01	1.922364878927775678e+01	1.960824370613373802e+01	1.937785240603556502e+01	1.907458292245774700e+01	1.917595480171463151e+01	1.959551815347008130e+01	1.960246090140321940e+01	1.972162905124082144e+01	1.940745174321316924e+01	1.948405152384774652e+01
2.044402908473725233e+01	1.998727261300340530e+01	2.062847640776076830e+01	2.078715072454281199e+01	2.034820638242542756e+01	2.079838738530772702e+01	1.976780207111021070e+01	2.056860326909091441e+01	1.980517291451931783e+01	2.024218394688931966e+01	2.064899183814094386e+01	1.973949040010391798e+01	2.080802025695114921e+01	2.005476755321808469e+01	2.008213928775865398e+01	2.000651647070795747e+01	3.009279959063246324e+01	2.023287219709185791e+01	2.032747597258710925e+01	2.037770839009090906e+01	1.991782613249149492e+01	2.046860940637248660e+01	2.013291582188882245e+01	1.991680869491319683e+01	2.035349118840354876e+01	2.079507143498166144e+01	2.036554440985142023e+01	2.049199807342621327e+01	2.039275781656292352e+01	2.038907111093710967e+01	2.070620819754531894e+01	2.018171792639090967e+01	2.008177236580214853e+01	1.997135207933712664e+01	2.058998300074852850e+01	2.051108747794982179e+01	2.007533467157628237e+01	2.018286743331746180e+01	2.105764365694091822e+01	2.089508775159064768e+01	1.985655630639640634e+01	2.041606863181263876e+01	2.021485161499925098e+01	2.025648006376170684e+01	2.016973884190047883e+01	2.032029354673394295e+01	2.068519295854695272e+01	2.039749817968028012e+01	2.025944468960597078e+01	2.061519991092964688e+01
2.028250982998409668e+01	1.981390087647570297e+01	2.037426556541173994e+01	2.050887013044964036e+01	2.066868096372230923e+01	2.106829199054971369e+01	2.023376091841986124e+01	1.968778683399901652e+01	1.998238615976312005e+01	2.011833603909735757e+01	2.067691616840820856e+01	2.009850523316994497e+01	2.115208427389758938e+01	2.043827932947679926e+01	2.031481217600200750e+01	1.982633362083528183e+01	2.023287219709185791e+01	3.067526585951640783e+01	2.042105853661007941e+01	2.065613982202756915e+01	2.014201420660416275e+01	2.038661627576931323e+01	2.025542717941301873e+01	1.963619240972979796e+01	2.046488831543179643e+01	2.082604321285039362e+01	2.034323236183829664e+01	2.042192570369428850e+01	2.052131526878249446e+01	2.059108589864052874e+01	2.093618373269401545e+01	1.993946871843192881e+01	1.967353462860151225e+01	1.980399189598979603e+01	2.086987896530559183e+01	2.083030755799988043e+01	2.042621297946586623e+01	2.016658386969412575e+01	2.018565212404450904e+01	2.103499951526217160e+01	2.010214911864350285e+01	2.050620910919602125e+01	2.018744936465116524e+01	1.990446050482066909e+01	2.039973874624475769e+01	2.038461600121888750e+01	2.023344776701212311e+01	2.021688222288747028e+01	2.038636102901723390e+01	2.050248085529246111e+01
2.032829599421808808e+01	1.983327665181128197e+01	2.016688370445289280e+01	2.075479017098166779e+01	2.029270003318148241e+01	2.007763980536666537e+01	1.961756458899863631e+01	2.014619573941214625e+01	1.994758593724835904e+01	2.014367907415912384e+01	2.041275948204065216e+01	1.990169252891075757e+01	2.052709240559316939e+01	1.990560170184099320e+01	2.008204140372118829e+01	1.945298767260732120e+01	2.032747597258710925e+01	2.042105853661007941e+01	2.994678619030306521e+01	2.064377956978564654e+01	1.980304211408186177e+01	2.029306996181201583e+01	2.017106234041196444e+01	1.972835568675282758e+01	2.029879780397444122e+01	2.062752348264834268e+01	1.999934539451763271e+01	2.022688341807774393e+01	2.036751812562113884e+01	2.025363532593897276e+01	2.055742146114093316e+01	2.022688200273514525e+01	1.980200291856369788e+01	1.979503650344362242e+01	2.050927123575959854e+01	2.027125090933595075e+01	1.997375656542788036e+01	1.998715572029073684e+01	2.000990564605571720e+01	2.049787175201328537e+01	1.965272569603792974e+01	2.017400247836148353e+01	2.005225513362307410e+01	1.968768739639401133e+01	1.993063097524080263e+01	2.034551433824662325e+01	1.997900686534123338e+01	2.013609151310374301e+01	2.005372682139163842e+01	2.027474962201320352e+01
2.045208872543686240e+01	2.069370511320030204e+01	2.082895443347971565e+01	2.053557356428437686e+01	2.053978176542874934e+01	2.053918163388446061e+01	1.968137550940096148e+01	2.001260796402027253e+01	1.997567703300457254e+01	2.022954528041968203e+01	2.049290072284313879e+01	1.976717185034083002e+01	2.103619664966786473e+01	1.993918034509538728e+01	2.022725365860587488e+01	2.005304613071854547e+01	2.037770839009090906e+01	2.065613982202756915e+01	2.064377956978564654e+01	3.067316506714458058e+01	1.978347757047602329e+01	2.031948189520713655e+01	2.006889417878175763e+01	1.973156584653041179e+01	2.050986509839545135e+01	2.066783364474145301e+01	2.020423445766680004e+01	2.071484073341271070e+01	2.066521069732960569e+01	2.075187173480870939e+01	2.066582486567036270e+01	2.005973372073518135e+01	1.991345001247052693e+01	1.976990415085422015e+01	2.058035052411083754e+01	2.053580490698330152e+01	2.002338472204419872e+01	2.030226056662278111e+01	2.029058280753155685e+01	2.066242852245621719e+01	1.983166365554981780e+01	2.034722774676888690e+01	2.022302712210823827e+01	2.021410969043878225e+01	2.031774038530172888e+01	2.038271587077692715e+01	2.030216330935566660e+01	2.040015912088189864e+01	2.057604854538146455e+01	2.071486117705606844e+01
2.005323529213727696e+01	1.941732051900885736e+01	1.995715902755629401e+01	1.990385536616443929e+01	1.992868710592370718e+01	2.009133580874504332e+01	1.930006174472857339e+01	1.917236781346313634e+01	1.912689252492126712e+01	1.935867987419544178e+01	1.990898538873480206e+01	1.911029827822350313e+01	2.035209291644115126e+01	1.960767396695260345e+01	1.976457305003269127e+01	1.898835303856267487e+01	1.991782613249149492e+01	2.014201420660416275e+01	1.980304211408186177e+01	1.978347757047602329e+01	2.911132348978190976e+01	1.983669589466409633e+01	1.962957351914133142e+01	1.902892216473301090e+01	1.965723013499599858e+01	1.998911114749702733e+01	1.922315869365470675e+01	1.969970181938339238e+01	1.959962083760461127e+01	1.969478024686248574e+01	2.006213984281349383e+01	1.953945428163777009e+01	1.931850266104978431e+01	1.942612238121283141e+01	1.962511566618786674e+01	1.996000818079611960e+01	1.928556210900491763e+01	1.968088577612214252e+01	1.989074481383615378e+01	2.039948615534991561e+01	1.939153987413209990e+01	1.948506475714256680e+01	2.004074424235393437e+01	1.955166602123395947e+01	1.954454983211344299e+01	2.030223067585392727e+01	1.925356695257518780e+01	1.981603061796038645e+01	1.943379654082512786e+01	2.007804132779861916e+01
2.019486003779445582e+01	1.997793592991110501e+01	2.037577948733921929e+01	2.036786336723564617e+01	2.020487385759555465e+01	2.013324321751721158e+01	1.968590908119544025e+01	2.026140810954043303e+01	1.983713663563460017e+01	2.017721305168768708e+01	2.053219202076162375e+01	1.982670194997296420e+01	2.082944778386712414e+01	1.996324602070147591e+01	1.986673437122670904e+01	1.937953320316469430e+01	2.046860940637248660e+01	2.038661627576931323e+01	2.029306996181201583e+01	2.031948189520713655e+01	1.983669589466409633e+01	2.979747643134735213e+01	1.965572508485056247e+01	1.954882955306742076e+01	2.036839349300236535e+01	2.039600020788384072e+01	2.005881209809332688e+01	2.001767800008461506e+01	2.047046646113666313e+01	2.024396976953413585e+01	2.061078028374692295e+01	1.969123566382726764e+01	1.989155374375223317e+01	1.960805651784608372e+01	2.003600979187190134e+01	2.024878768263130624e+01	2.004190386723027117e+01	1.992123597231548615e+01	2.040177700966954433e+01	2.071422125240480128e+01	1.972568492199732404e+01	1.959243706282969910e+01	2.003902340424174255e+01	1.992119919493685742e+01	2.047000478161600867e+01	2.061316365816672658e+01	2.028025262643706483e+01	2.019223626920720704e+01	2.017448635695334858e+01	2.033606089350467272e+01
1.998278446423813293e+01	1.944266294785273885e+01	2.004365417459345977e+01	2.045070910070220904e+01	1.993202809686287225e+01	2.031105357871947348e+01	1.936152065615665308e+01	1.962365367862401655e+01	1.970621898920421700e+01	2.023404774935778505e+01	2.000992059335613860e+01	1.913896435515092520e+01	2.046922152483876189e+01	1.983100774144501699e+01	1.960634967641771098e+01	1.896870206271759329e+01	2.013291582188882245e+01	2.025542717941301873e+01	2.017106234041196444e+01	2.006889417878175763e+01	1.962957351914133142e+01	1.965572508485056247e+01	2.909045867337395208e+01	1.896691109002841813e+01	1.976237216337192493e+01	1.997842121618360522e+01	1.977275712523545081e+01	1.975350827212590232e+01	1.973264074195168050e+01	2.015634805190380163e+01	2.025737924892272090e+01	1.928717277685996834e+01	1.982466875177340881e+01	1.945508971069001447e+01	1.995990818408522927e+01	2.044036054772856659e+01	1.986037681675451338e+01	1.973963664754397840e+01	1.963737564330764584e+01	2.048750478549946052e+01	1.940683411602899255e+01	1.976955640108548096e+01	1.979979769150270741e+01	1.956608099240702714e+01	1.933039277742725304e+01	2.016506890528382812e+01	2.005530666359311809e+01	1.978610787499560786e+01	1.981229727596302936e+01	1.990412463458126524e+01
1.940725870071337766e+01	1.955885472953422877e+01	1.970985452493628998e+01	1.981801801673932317e+01	1.978182436667287547e+01	1.997083813817908293e+01	1.870367807608232980e+01	1.971651224354092946e+01	1.922338359185657453e+01	1.934875638087337535e+01	1.968391057145440470e+01	1.902920128357819252e+01	1.988588066114262887e+01	1.933632391280919904e+01	1.949745913562471600e+01	1.862426761957258492e+01	1.991680869491319683e+01	1.963619240972979796e+01	1.972835568675282758e+01	1.973156584653041179e+01	1.902892216473301090e+01	1.954882955306742076e+01	1.896691109002841813e+01	2.896238268792481563e+01	1.972837006017202555e+01	1.965302056790616447e+01	1.926885348030007350e+01	1.933443020432087778e+01	1.990396557850280956e+01	1.944480911096950493e+01	1.982465209664924544e+01	1.932090160869356055e+01	1.896340008140773392e+01	1.928447014064892429e+01	1.958016510085059636e+01	2.006826331996220247e+01	1.938581815614980641e+01	1.950674298305854393e+01	1.954395891342178260e+01	2.020322580909558141e+01	1.884929289773070593e+01	1.956531679402857904e+01	1.939268859130080003e+01	1.964029182140019714e+01	1.967552907470234302e+01	1.990341392789887820e+01	1.940527051970068939e+01	1.940487973388379572e+01	1.955300949773437225e+01	1.953779886526975673e+01
2.061575702356432771e+01	1.992349869575165755e+01	2.063685939035089234e+01	2.055064956966197798e+01	2.035221978808505483e+01	2.038922367262884450e+01	1.998171542694911196e+01	1.994990396400304533e+01	1.984047641146708330e+01	2.051423521348658952e+01	2.057275505547097438e+01	1.955042371847665095e+01	2.060336608896442812e+01	2.037958251101602514e+01	2.032767330413840412e+01	1.952661801804793740e+01	2.035349118840354876e+01	2.046488831543179643e+01	2.029879780397444122e+01	2.050986509839545135e+01	1.965723013499599858e+01	2.036839349300236535e+01	1.976237216337192493e+01	1.972837006017202555e+01	2.972243150969521963e+01	2.019862126344193243e+01	2.031378774769801510e+01	2.035873735234608617e+01	2.032547529177476520e+01	2.042681955336679778e+01	2.083166055283315998e+01	1.995352197821050666e+01	1.989535987585318111e+01	1.993163396091925677e+01	2.002787836345748218e+01	2.057249390540466294e+01	2.016874136621838076e+01	2.026668508993933671e+01	2.007062008549531384e+01	2.100158686919403550e+01	1.980873953704814383e+01	2.008660914879784443e+01	1.996773418000657685e+01	2.001573519335379814e+01	1.996751931025099225e+01	2.030988159737229992e+01	2.071604067509406022e+01	2.005440936110297301e+01	2.078040568819696787e+01	2.073861607819194575e+01
2.071593156153557302e+01	2.011581598521777892e+01	2.068007295047830851e+01	2.044336071158363666e+01	2.043728697346595524e+01	2.098732041000210202e+01	2.014941718909819812e+01	2.026943871533547892e+01	2.008590836744608765e+01	2.024088622297614037e+01	2.063377208295610643e+01	1.949139363776734868e+01	2.113823633869030871e+01	2.024337815453838729e+01	2.016242881764558348e+01	1.980751622753472674e+01	2.079507143498166144e+01	2.082604321285039362e+01	2.062752348264834268e+01	2.066783364474145301e+01	1.998911114749702733e+01	2.039600020788384072e+01	1.997842121618360522e+01	1.965302056790616447e+01	2.019862126344193243e+01	3.074964558845931606e+01	2.015939036388550676e+01	2.045015773068760012e+01	2.055433557316897364e+01	2.058989345398405391e+01	2.038916442054377498e+01	2.014835771545077847e+01	1.984815083252966161e+01	1.964563543392054257e+01	2.068637836664592911e+01	2.022182007205867293e+01	2.024718316017462527e+01	2.060255861170735869e+01	2.003747785260987513e+01	2.105473874456856009e+01	1.983796091595908706e+01	2.042236153455641556e+01	2.055212487712633873e+01	2.042498903887774020e+01	2.001977190690739050e+01	2.041200736639056856e+01	2.038716777924915036e+01	2.044635387740997601e+01	2.059374613822114242e+01	2.031444878577611135e+01
2.000269244062810259e+01	2.014399109925170706e+01	2.050145330340883731e+01	2.046811064952055403e+01	1.997304626367418834e+01	2.050499715740687279e+01	1.979156988529301131e+01	2.036270118750644897e+01	1.983510889098910823e+01	1.994627708631960061e+01	2.056719456958138537e+01	1.940709782447887122e+01	2.044381217432591669e+01	2.003385723186442036e+01	1.962537250288765023e+01	1.961804281786532655e+01	2.036554440985142023e+01	2.034323236183829664e+01	1.999934539451763271e+01	2.020423445766680004e+01	1.922315869365470675e+01	2.005881209809332688e+01	1.977275712523545081e+01	1.926885348030007350e+01	2.031378774769801510e+01	2.015939036388550676e+01	2.965175599800970119e+01	2.022360520565083064e+01	2.029996271478156444e+01	2.015922079772149189e+01	2.045190085332923502e+01	1.987431915214575540e+01	1.933241666020217764e+01	1.925595190961268344e+01	2.034094279544128625e+01	2.046806819194167915e+01	1.997156925050931520e+01	2.028863827944079290e+01	2.022507731800838471e+01	2.042588050367488606e+01	1.953647783664591486e+01	2.027180366452320115e+01	1.979151312277185326e+01	1.968444482099530646e+01	1.980475231624777166e+01	2.028282455893212344e+01	2.015854615663817739e+01	2.034706619532541438e+01	1.984437167964993520e+01	1.993419254849944622e+01
1.989331982555894740e+01	2.016819491526487340e+01	2.018634590026449160e+01	1.996722260428684592e+01	2.030535937049199902e+01	2.028516863620787802e+01	1.965923423424583660e+01	1.993752259596162091e+01	1.975421699042669488e+01	2.021684269328459393e+01	2.048160235072403523e+01	1.962635077594240940e+01	2.068460122448845340e+01	2.021650114232165407e+01	2.005421647381199790e+01	1.958086579996764698e+01	2.049199807342621327e+01	2.042192570369428850e+01	2.022688341807774393e+01	2.071484073341271070e+01	1.969970181938339238e+01	2.001767800008461506e+01	1.975350827212590232e+01	1.933443020432087778e+01	2.035873735234608617e+01	2.045015773068760012e+01	2.022360520565083064e+01	2.948942076138590451e+01	2.046815739964510072e+01	2.034874841974606241e+01	2.050608912308509346e+01	1.974970200005646603e+01	1.979751360382386949e+01	1.968896348223432113e+01	2.036282324834409252e+01	2.011925922535156275e+01	2.021420690676211862e+01	1.985029883942556950e+01	2.020610885288876446e+01	2.064342959883604323e+01	1.967214487495498076e+01	1.977101025202858509e+01	2.005762851365469857e+01	1.978156352129330031e+01	1.995315633221842333e+01	2.048386354446180491e+01	1.999220690779777954e+01	2.017944977372081894e+01	2.011037996431256403e+01	2.002322338849060657e+01
2.039227070756982130e+01	1.974984852310538130e+01	2.050978812068541757e+01	2.045325989915534848e+01	2.033537292594586887e+01	2.049259338838322364e+01	1.975276895715089864e+01	2.026738653568382631e+01	2.030895056121611830e+01	1.971126673539425056e+01	2.039299662885120412e+01	1.940485309350069798e+01	2.089923413396662966e+01	1.974305892414765040e+01	2.016207960963395607e+01	1.994056458113221808e+01	2.039275781656292352e+01	2.052131526878249446e+01	2.036751812562113884e+01	2.066521069732960569e+01	1.959962083760461127e+01	2.047046646113666313e+01	1.973264074195168050e+01	1.990396557850280956e+01	2.032547529177476520e+01	2.055433557316897364e+01	2.029996271478156444e+01	2.046815739964510072e+01	3.013844216060856596e+01	2.028500523643047160e+01	2.019363087457339745e+01	2.001833098999198413e+01	2.005832577096214919e+01	2.003944661258802640e+01	2.049827237048954842e+01	2.069439401127723954e+01	2.014932395030246326e+01	2.005197451240843876e+01	2.033299959208771668e+01	2.065270941581457720e+01	1.994262302793356767e+01	2.008039991445975758e+01	2.047203930147374962e+01	2.023452670330015124e+01	2.026553082454342203e+01	2.043120926829928763e+01	2.018744355844345506e+01	2.012283097225952133e+01	2.020201343556338003e+01	2.072407281209977725e+01
2.048416338191340813e+01	2.001632035591677905e+01	2.062648443328173187e+01	2.087182736133448913e+01	2.033986180392096443e+01	2.057031643972197443e+01	1.986530385551359146e+01	2.006431808609570666e+01	1.990371947477084191e+01	2.005788209513105258e+01	2.065116416450282699e+01	1.987020806348176905e+01	2.090035339860279251e+01	2.012614998619688222e+01	2.013624508111496070e+01	1.980353075257955098e+01	2.038907111093710967e+01	2.059108589864052874e+01	2.025363532593897276e+01	2.075187173480870939e+01	1.969478024686248574e+01	2.024396976953413585e+01	2.015634805190380163e+01	1.944480911096950493e+01	2.042681955336679778e+01	2.058989345398405391e+01	2.015922079772149189e+01	2.034874841974606241e+01	2.028500523643047160e+01	2.987080466407113022e+01	2.051644406679023902e+01	2.030953302419154127e+01	2.007840650721589881e+01	1.984053176834891730e+01	2.021580714067337325e+01	2.074013758174405453e+01	2.069306712573254714e+01	2.008796003265342733e+01	2.016137423524063621e+01	2.094296777245679664e+01	2.017644316016096795e+01	2.017592520320212301e+01	2.027268324075745909e+01	1.967083279508631932e+01	2.012927340064621262e+01	2.038508739847814510e+01	2.006235455305556314e+01	2.030499101224009095e+01	2.065496525462658894e+01	2.070551366799260151e+01
2.020678451136155829e+01	2.029683021277015342e+01	2.053474698849660740e+01	2.053313558277843143e+01	2.023706166193278477e+01	2.087377621476936440e+01	2.008505335912750667e+01	2.032294250099445421e+01	2.020488817978005258e+01	2.030465988080712236e+01	2.076600567079752224e+01	2.012608301463051674e+01	2.152818314946336642e+01	2.037737664298266083e+01	2.064341236221367737e+01	1.974787892828389602e+01	2.070620819754531894e+01	2.093618373269401545e+01	2.055742146114093316e+01	2.066582486567036270e+01	2.006213984281349383e+01	2.061078028374692295e+01	2.025737924892272090e+01	1.982465209664924544e+01	2.083166055283315998e+01	2.038916442054377498e+01	2.045190085332923502e+01	2.050608912308509346e+01	2.019363087457339745e+01	2.051644406679023902e+01	3.100793732747316156e+01	2.019872923538539311e+01	2.037954099336683811e+01	2.005298984732327483e+01	2.028991140796310333e+01	2.048365816081295421e+01	2.055098840024083984e+01	2.051087050102803744e+01	2.066286879208769278e+01	2.091888787285097351e+01	1.992947198186386615e+01	2.007560051686737168e+01	2.053759602460808154e+01	2.022805650536737687e+01	2.057448386775366345e+01	2.078876502017771344e+01	2.060705884312321601e+01	2.074980753712731740e+01	2.060547398218134418e+01	2.045301373361079555e+01
1.987492034092061033e+01	1.981873123104672274e+01	2.013041716860871944e+01	2.020922833395799501e+01	1.955360007744015149e+01	2.043930912759060448e+01	1.962123438732453096e+01	1.973059379251317225e+01	1.952495504836072016e+01	1.979587864463551128e+01	2.020143645875990401e+01	1.925098473215731332e+01	2.009234106712514034e+01	1.957138949831951891e+01	1.986288822937776999e+01	1.923361999721410598e+01	2.018171792639090967e+01	1.993946871843192881e+01	2.022688200273514525e+01	2.005973372073518135e+01	1.953945428163777009e+01	1.969123566382726764e+01	1.928717277685996834e+01	1.932090160869356055e+01	1.995352197821050666e+01	2.014835771545077847e+01	1.987431915214575540e+01	1.974970200005646603e+01	2.001833098999198413e+01	2.030953302419154127e+01	2.019872923538539311e+01	2.899328852470513596e+01	1.929584120566868677e+01	1.926420583090854421e+01	2.030474282703799105e+01	2.010632283742422288e+01	1.971569983158632766e+01	1.983082831349298658e+01	2.011223648869107805e+01	2.037822503258846041e+01	1.936497104586167950e+01	1.976564727791665987e+01	2.007381041392673993e+01	1.955733564121380041e+01	1.992518466009572364e+01	1.974476489376988653e+01	1.958183375045840435e+01	2.028361214943444324e+01	1.987737636269437047e+01	1.992959171705114940e+01
