2.974482206235544623e+01	1.961928048522530688e+01	1.993522229413306945e+01	1.969043057809235009e+01	2.033821338049969896e+01	1.954759149079196234e+01	1.933659330635901341e+01	1.967946276172321873e+01	1.911851030326868184e+01	1.933224284467580745e+01	1.988183302563708210e+01	1.953193429829123318e+01	2.001143922796983432e+01	2.001005105878784107e+01	1.980018167392154993e+01	1.970566784981362929e+01	1.980781941423308723e+01	1.997253137647685506e+01	1.993748279563753556e+01	1.996889497387538981e+01	2.003039097759681297e+01	1.962504957064359346e+01	1.929143494421257188e+01	1.888032073142360190e+01	2.022713389890622082e+01	2.012691956293301132e+01	1.988229416679522998e+01	1.993832204135558328e+01	2.021223642828287126e+01	1.985636565738370862e+01	1.993109359502097178e+01	1.950521866230671719e+01	2.009319162829922689e+01	1.982437145505019416e+01	1.974703760589234491e+01	2.010464989183517304e+01	1.991900189982462521e+01	1.972730423276497902e+01	1.923423419227024311e+01	1.954987572150971786e+01	1.889709411238751713e+01	1.972917117719197577e+01	2.009347942188649938e+01	1.989222907049177280e+01	1.946788360372868709e+01	1.965959867403922701e+01	1.939275120510287920e+01	1.941522498457429791e+01	1.962678818815975745e+01	1.946224363112726863e+01
1.961928048522530688e+01	3.026598861422959530e+01	2.007235833739586539e+01	2.002655286763297582e+01	2.054537651953297583e+01	1.971591604612292770e+01	1.982424506791017293e+01	1.923916801561242806e+01	2.039230460348344920e+01	2.021599675485077086e+01	2.048989960354366602e+01	1.985111413933771018e+01	1.994014584490470909e+01	2.014001401871888675e+01	1.974285277299582120e+01	2.014780550475103027e+01	2.010882041404708431e+01	2.019591088018608360e+01	1.979925747822922588e+01	2.050848881934687640e+01	1.988817250578064133e+01	2.057374154317291470e+01	1.989807044139082137e+01	1.991555140266233437e+01	2.019889688141596906e+01	2.035918618736718244e+01	2.016515713550507982e+01	2.047253904218232989e+01	2.084318793961716310e+01	2.032097218881639478e+01	2.049117450674799912e+01	2.013579627668672245e+01	2.052779210081092032e+01	2.015548463888124431e+01	2.037986360054004820e+01	2.034943166191682806e+01	2.005509888545108410e+01	1.998393395636345460e+01	1.986160718138557613e+01	1.979192338145336194e+01	1.938776881674379737e+01	1.990977559244670303e+01	2.045443055196901838e+01	2.047208753783423774e+01	1.969355311245890050e+01	1.967161757776287700e+01	1.998781486121921702e+01	1.979018496061874544e+01	1.955451016736683911e+01	2.004843348266029679e+01
1.993522229413306945e+01	2.007235833739586539e+01	2.986503820498992567e+01	1.999345224956704925e+01	2.074553614457491690e+01	1.983587777848612177e+01	1.990467854464963793e+01	1.995714167635999559e+01	1.975696348313872264e+01	1.989325658088675297e+01	2.020881609815211633e+01	1.999287996724785899e+01	2.035257903808512836e+01	2.016721915206084148e+01	2.003362998700739084e+01	2.050858452649344699e+01	1.982680681341853557e+01	2.003936581617547219e+01	2.033587645194169724e+01	2.030965982321642116e+01	2.047014452108453852e+01	2.040767133516970944e+01	1.962287846623019050e+01	2.001893852487006598e+01	2.029898909780210303e+01	2.031258319786927657e+01	2.058337996399309944e+01	2.037415405307253025e+01	2.076612797396528265e+01	1.969395188405919583e+01	1.980536943592766974e+01	2.031980737483079835e+01	2.042171208006405791e+01	2.025861643110926025e+01	2.017304363845769899e+01	2.062004110512125976e+01	2.023504636053742445e+01	2.016351530130930314e+01	1.999307126276949020e+01	1.986713281862396130e+01	1.993141875095235704e+01	2.013389709629259983e+01	2.037711243361275848e+01	2.044796991059134328e+01	1.981698946406614326e+01	1.949390922570386309e+01	2.021467198784278807e+01	1.965529385576848398e+01	2.020576076497975393e+01	2.023411974674986524e+01
1.969043057809235009e+01	2.002655286763297582e+01	1.999345224956704925e+01	2.985252290275490950e+01	2.064283347014600878e+01	1.959643517838237159e+01	1.966489559791789787e+01	1.967100796708967891e+01	1.940241580344443761e+01	1.986597125997419511e+01	2.034197631927665739e+01	1.961954380559848587e+01	2.011080557087337795e+01	2.020888511401085808e+01	1.961074038226410821e+01	1.980505977215275593e+01	1.994161412709775405e+01	1.984154054834846548e+01	2.022681354889201444e+01	2.022940029785367599e+01	2.048989004784786871e+01	2.008332908077204237e+01	1.967366017663651334e+01	1.940505409333140108e+01	2.020974842984882969e+01	2.035542973535924105e+01	2.023188359165185801e+01	2.052669134191805256e+01	2.075913167198732268e+01	1.969178347474388957e+01	1.987937768490566626e+01	1.963078418331099684e+01	1.994468116196182095e+01	1.991333153534164069e+01	1.969229634842512766e+01	1.996308344113077382e+01	1.951241648695802056e+01	1.962779944711331837e+01	1.955196539893345431e+01	1.960206847171668798e+01	1.929779452527472117e+01	1.977613737947404005e+01	2.033463351295290877e+01	2.021303045007428523e+01	1.990855443852791851e+01	1.968717325636869120e+01	1.981113654064760254e+01	1.998048533753028266e+01	1.957893451066975743e+01	1.986240262455075367e+01
2.033821338049969896e+01	2.054537651953297583e+01	2.074553614457491690e+01	2.064283347014600878e+01	3.060920911276320311e+01	2.009240253942719079e+01	2.011419757140095044e+01	1.976093868685180865e+01	2.034028528407633019e+01	2.026949457849758218e+01	2.063856832497298299e+01	2.039749138867902545e+01	2.021983976313308062e+01	2.032656656834388897e+01	2.034745775709806281e+01	2.044191104918741075e+01	2.062433026741674524e+01	2.056087283360320228e+01	2.026027657704091567e+01	2.067513238613309312e+01	2.070896494604116000e+01	2.055540460780607859e+01	1.980982296573199264e+01	2.015572355538474625e+01	2.051099393009718597e+01	2.077014504435650721e+01	2.081126941210738934e+01	2.049610323557359948e+01	2.093243844400968356e+01	2.052529174498828723e+01	2.072431634929604272e+01	2.032173038530593345e+01	2.106375515746879046e+01	2.035155899942013491e+01	2.045371217603204528e+01	2.094128300707663470e+01	2.048644679825415338e+01	2.074990041616338843e+01	2.019540758556550841e+01	2.046698788451976014e+01	1.988573715163033029e+01	2.071324771306340651e+01	2.068931586405668455e+01	2.085339415371034733e+01	2.043374740452283689e+01	2.013190753972876479e+01	2.032941783901556576e+01	2.025912979894758692e+01	2.026780337905905327e+01	2.001892470589134732e+01
1.954759149079196234e+01	1.971591604612292770e+01	1.983587777848612177e+01	1.959643517838237159e+01	2.009240253942719079e+01	2.941419157335171519e+01	1.939017436478860645e+01	1.940911722185486354e+01	1.956784132940634535e+01	1.965080643780738612e+01	1.988867361303519132e+01	1.926641368914675212e+01	1.979031272882014036e+01	1.984245131873982970e+01	1.917470225498122360e+01	1.985403970325180723e+01	1.968733866178377667e+01	1.980788923897729248e+01	1.968933722235706441e+01	2.004247159841876780e+01	1.962918956750042199e+01	1.954439906557459850e+01	1.911482119026329940e+01	1.951739144079018828e+01	2.013383524583722561e+01	1.945700459577249930e+01	1.996513031987164410e+01	1.978601924990688232e+01	2.038183708711343911e+01	1.978363587130945334e+01	2.007523382538246537e+01	1.982156958172254591e+01	1.991886736848140771e+01	1.974804390066059412e+01	1.971305556348737653e+01	1.988419121338122508e+01	1.952851552137130398e+01	1.985793690829576263e+01	1.946479427307738064e+01	1.944790771267527063e+01	1.923573335442162247e+01	1.945830251764160579e+01	2.021541591062917931e+01	2.029954331655698141e+01	1.918044664009760680e+01	1.899957442002581232e+01	1.956328654332166650e+01	1.982718085967604793e+01	1.929031450153859950e+01	1.970258159687096722e+01
1.933659330635901341e+01	1.982424506791017293e+01	1.990467854464963793e+01	1.966489559791789787e+01	2.011419757140095044e+01	1.939017436478860645e+01	2.907756809729942304e+01	1.936750049034310095e+01	1.916068882310343113e+01	1.994136574912106141e+01	1.991112703686635754e+01	1.969966135435812404e+01	2.016654118088428405e+01	1.991804668251053201e+01	1.955082819948140482e+01	1.984064013689526007e+01	1.935497530843975511e+01	1.958631121305121781e+01	1.972188903520914849e+01	1.990174436840153405e+01	1.989315250662136592e+01	1.982126943048428558e+01	1.945455917671851154e+01	1.912243268984842004e+01	1.981099270100564524e+01	2.008440369359886191e+01	1.980188341915658867e+01	1.992571880042379462e+01	2.049047266545028734e+01	1.985497861393536567e+01	1.962043837684408487e+01	1.967658083115769330e+01	2.007822355454571550e+01	1.993346308537955736e+01	1.970211187791637641e+01	2.025078621370055387e+01	1.969867317862152234e+01	1.963219866542946335e+01	1.947823533342103630e+01	1.976877948623821979e+01	1.931788399600672790e+01	1.971688291134852022e+01	1.989505677313853838e+01	2.001386310119830725e+01	1.962620688902194033e+01	1.929002881387968671e+01	1.969038624347444966e+01	1.930233685534365762e+01	1.935631874268500496e+01	1.950749825111802593e+01
1.967946276172321873e+01	1.923916801561242806e+01	1.995714167635999559e+01	1.967100796708967891e+01	1.976093868685180865e+01	1.940911722185486354e+01	1.936750049034310095e+01	2.873719882602402009e+01	1.906826132257763362e+01	1.939890508119041357e+01	1.991428422358866257e+01	1.925761835439527303e+01	1.960857832279209845e+01	2.006518199645270784e+01	1.930674176988649648e+01	1.990313618897422643e+01	1.962428736230755177e+01	1.935127801847471574e+01	2.003879607551844089e+01	1.980482971672277870e+01	1.963763062898655321e+01	1.946670916296696774e+01	1.906117476848017489e+01	1.942743533872189232e+01	1.991352058561093585e+01	1.988448296389695713e+01	1.990414386203887531e+01	2.016052597232272348e+01	2.023449064815700993e+01	1.972137932940684379e+01	1.952668153111896387e+01	1.986916611146308398e+01	1.993409327919779628e+01	1.979371879212358465e+01	1.992449690606979118e+01	2.017789332231618005e+01	1.978760572051759681e+01	1.926474592650686901e+01	1.955649634958433225e+01	1.970892453701443614e+01	1.917137755381351738e+01	1.961479676604290390e+01	2.006826868826581745e+01	1.984429165283141216e+01	1.978295965274612200e+01	1.923486045665064026e+01	1.964494307150167174e+01	1.927477343577334068e+01	1.968876474366280505e+01	1.967113174006242815e+01
1.911851030326868184e+01	2.039230460348344920e+01	1.975696348313872264e+01	1.940241580344443761e+01	2.034028528407633019e+01	1.956784132940634535e+01	1.916068882310343113e+01	1.906826132257763362e+01	2.897785777277591279e+01	1.935899834414191290e+01	1.993500301265072494e+01	1.937205783234944079e+01	1.940135484597123394e+01	1.987554706273605021e+01	1.914562900386760802e+01	1.960762369785651416e+01	1.937226798385941251e+01	1.954550617854443217e+01	1.979948733646951453e+01	1.974005627309882982e+01	1.966509991450690009e+01	1.987174665509598626e+01	1.908688737668529001e+01	1.902363173958463705e+01	1.958088544927744579e+01	1.976983673978746481e+01	1.956062299884705880e+01	1.959662838930955431e+01	2.042628563110487860e+01	1.936125325782303719e+01	1.994694112369010242e+01	1.936495591729477894e+01	1.992693563173173388e+01	1.979971291620036666e+01	1.951700208488697186e+01	1.991907563292720695e+01	1.926890204591232347e+01	1.984448331566899881e+01	1.932582034559134954e+01	1.953568783416690735e+01	1.932685165226617841e+01	1.994652783256027817e+01	2.018584674308426230e+01	1.950995264870829615e+01	1.926789818265304888e+01	1.914039511085739065e+01	1.951609534471392493e+01	1.899878968143241664e+01	1.958172367359017585e+01	1.975465595446683054e+01
1.933224284467580745e+01	2.021599675485077086e+01	1.989325658088675297e+01	1.986597125997419511e+01	2.026949457849758218e+01	1.965080643780738612e+01	1.994136574912106141e+01	1.939890508119041357e+01	1.935899834414191290e+01	2.940656239673777250e+01	2.013620654810702959e+01	1.994108877435210658e+01	1.988674399927685599e+01	1.957356505086873710e+01	1.986019777357779148e+01	1.973658745455040275e+01	1.997715062277909226e+01	2.011102747759325737e+01	1.974864573680296687e+01	2.004408996412675137e+01	1.982887182526566860e+01	2.009669570891860602e+01	1.964658562661117713e+01	1.934888836695492742e+01	2.031187296866831460e+01	1.984161971892529053e+01	1.981500172574717311e+01	2.011273926430614978e+01	2.036414519392965872e+01	1.954872398928697308e+01	2.021366018318312641e+01	1.964570151227788486e+01	2.012787940006666787e+01	1.948957904399187058e+01	1.982135366831925083e+01	1.979125533138102355e+01	1.973093347509786000e+01	1.981778088053953013e+01	1.959205235271089052e+01	1.987719579241136714e+01	1.956760504886562302e+01	1.972288444288508913e+01	2.042923364312079926e+01	1.986202107399208572e+01	1.944858468900651616e+01	1.984614624759207402e+01	1.976966532405186072e+01	1.954196575817786297e+01	1.973245196346553954e+01	1.976279224538567547e+01
1.988183302563708210e+01	2.048989960354366602e+01	2.020881609815211633e+01	2.034197631927665739e+01	2.063856832497298299e+01	1.988867361303519132e+01	1.991112703686635754e+01	1.991428422358866257e+01	1.993500301265072494e+01	2.013620654810702959e+01	3.067846225705071816e+01	1.969835861169505975e+01	2.019285945741873434e+01	1.991781291234177331e+01	1.990671941051399330e+01	2.015364321036768303e+01	2.020098623217487699e+01	1.998993107679250159e+01	2.024983056817718108e+01	2.036902584763186042e+01	2.046484578214703731e+01	2.020285477985265743e+01	1.974872208952935537e+01	1.954996466495446938e+01	2.045796640127070276e+01	2.043006986511183598e+01	2.033596739206083015e+01	2.045054151381202701e+01	2.054464500316165498e+01	1.985156287715007295e+01	2.049007702267677544e+01	1.979842595681510176e+01	2.032921171708161623e+01	1.971270561655965281e+01	2.024739008083896508e+01	2.075250867403904209e+01	1.967825927067451630e+01	2.036666005761126286e+01	1.989557505461370468e+01	1.989054692092774346e+01	1.957675469102741062e+01	2.032890688335378115e+01	2.073164931220082607e+01	2.032816941577051750e+01	2.022218845456519887e+01	1.949952140843783965e+01	1.995351389911817108e+01	1.999116006587601646e+01	1.970230749478834298e+01	2.062368941754815310e+01
1.953193429829123318e+01	1.985111413933771018e+01	1.999287996724785899e+01	1.961954380559848587e+01	2.039749138867902545e+01	1.926641368914675212e+01	1.969966135435812404e+01	1.925761835439527303e+01	1.937205783234944079e+01	1.994108877435210658e+01	1.969835861169505975e+01	2.903439418030248120e+01	1.986146019320074529e+01	1.971695120877106078e+01	1.939229131524018612e+01	1.978884267001496156e+01	1.995062688931618311e+01	2.000658758794580194e+01	2.020120844212275557e+01	1.986349478516176603e+01	1.970133758489238218e+01	2.000829992904957066e+01	1.953984323756968422e+01	1.939372142548931777e+01	2.009087267014734479e+01	2.011746398883782305e+01	1.972647660822228488e+01	2.021319126363614771e+01	2.035962089867183522e+01	1.992951312798620833e+01	1.990141200412049471e+01	1.984599137528513069e+01	1.984699035026320857e+01	1.933875460823967174e+01	1.969400710001366406e+01	1.999906804315025965e+01	1.979689782286716238e+01	2.012617936877431646e+01	1.987642024433344545e+01	1.985896806294920225e+01	1.950396427787591946e+01	1.943016819797205486e+01	1.981530905875620618e+01	1.997609004430803026e+01	1.968833057098181172e+01	1.924437085154172422e+01	1.992099685351211491e+01	1.944038342937723129e+01	1.939419465432975898e+01	1.950255672227363490e+01
2.001143922796983432e+01	1.994014584490470909e+01	2.035257903808512836e+01	2.011080557087337795e+01	2.021983976313308062e+01	1.979031272882014036e+01	2.016654118088428405e+01	1.960857832279209845e+01	1.940135484597123394e+01	1.988674399927685599e+01	2.019285945741873434e+01	1.986146019320074529e+01	2.991763833387844684e+01	2.014372183997048182e+01	2.011429610770592546e+01	2.043677665115468756e+01	1.994446475165115018e+01	1.995088029852169242e+01	2.030039045966327649e+01	2.026683635774324443e+01	2.052800347871491482e+01	2.025563577274725091e+01	1.973577890019993220e+01	1.967302085521399491e+01	2.010992956747176663e+01	2.072765390039492672e+01	2.020048461198931022e+01	2.035686655748810381e+01	2.051600965699258339e+01	1.986966125264165939e+01	2.058576970653674110e+01	1.986383722916707484e+01	2.074307612355392294e+01	2.049106110702974348e+01	2.022344110165880338e+01	2.060744936869025423e+01	2.035891222989848970e+01	2.012867908697955244e+01	1.994553694530965871e+01	2.002549782981640547e+01	1.948243874259004826e+01	2.005633268428014659e+01	2.074508954342332956e+01	2.053644346558052192e+01	1.988322681577435347e+01	2.008111535949062798e+01	2.027052655467802467e+01	1.974204238750156293e+01	1.977411557377292084e+01	1.999304185728333749e+01
2.001005105878784107e+01	2.014001401871888675e+01	2.016721915206084148e+01	2.020888511401085808e+01	2.032656656834388897e+01	1.984245131873982970e+01	1.991804668251053201e+01	2.006518199645270784e+01	1.987554706273605021e+01	1.957356505086873710e+01	1.991781291234177331e+01	1.971695120877106078e+01	2.014372183997048182e+01	2.956163094968285776e+01	2.011021272022833628e+01	2.026885429646130632e+01	1.992955707740255633e+01	1.982534908938202634e+01	2.020696678608774022e+01	2.013020903758849656e+01	1.999828944787415352e+01	2.021371512933621162e+01	1.924968527366904425e+01	1.954080520256932019e+01	2.012407117870123230e+01	2.038704202634586693e+01	1.981735358280257131e+01	2.047758746183880518e+01	2.042282575186666804e+01	1.965314714681579744e+01	2.001374637805676215e+01	2.017502988217010440e+01	2.016123409439341785e+01	1.963726478533218156e+01	1.973030464289354668e+01	2.016564296089262243e+01	1.980722957541597040e+01	1.999836324520975595e+01	1.985501302659867306e+01	1.973944765569302362e+01	1.946686421709034676e+01	1.992905450386265542e+01	2.019998652968428132e+01	1.986768345839140082e+01	1.966627001441052514e+01	2.009092411644090248e+01	1.984547783945103561e+01	1.965961205164568071e+01	1.963663607208120254e+01	2.013817125338096758e+01
1.980018167392154993e+01	1.974285277299582120e+01	2.003362998700739084e+01	1.961074038226410821e+01	2.034745775709806281e+01	1.917470225498122360e+01	1.955082819948140482e+01	1.930674176988649648e+01	1.914562900386760802e+01	1.986019777357779148e+01	1.990671941051399330e+01	1.939229131524018612e+01	2.011429610770592546e+01	2.011021272022833628e+01	2.914469571896046318e+01	1.982445161015050772e+01	1.985493736888685490e+01	2.012891568387218655e+01	1.997222964161738545e+01	1.976996835618384196e+01	1.996083581975781129e+01	1.967337052864585090e+01	1.921460120657711101e+01	1.925722773029928803e+01	1.985053428340765436e+01	1.990390380882185184e+01	2.017649668858293666e+01	1.997901913518977679e+01	2.082712867261821899e+01	2.010275838043726893e+01	1.983930099844156558e+01	1.975726041294481305e+01	2.045209326746712719e+01	1.970538362497504181e+01	1.980643859754190572e+01	2.014224267489021614e+01	1.945597328973643414e+01	1.981103901645732535e+01	1.948388622505525447e+01	1.976470552827068516e+01	1.893965803136392623e+01	1.998456516898683333e+01	2.006603625846342709e+01	1.962184623567416963e+01	1.941886178181977129e+01	1.947740418114991456e+01	1.966424967029992033e+01	1.963239189934153828e+01	1.928990756174261989e+01	1.978126275059733530e+01
1.970566784981362929e+01	2.014780550475103027e+01	2.050858452649344699e+01	1.980505977215275593e+01	2.044191104918741075e+01	1.985403970325180723e+01	1.984064013689526007e+01	1.990313618897422643e+01	1.960762369785651416e+01	1.973658745455040275e+01	2.015364321036768303e+01	1.978884267001496156e+01	2.043677665115468756e+01	2.026885429646130632e+01	1.982445161015050772e+01	2.997303952333862043e+01	1.985899471342574074e+01	1.983677529897216019e+01	1.979729943444902318e+01	1.995824284955687844e+01	2.021631643147643231e+01	1.999308465966633008e+01	1.936372914715038362e+01	1.958786311135336788e+01	2.039107347561742856e+01	1.983237277644994379e+01	2.045394588438006167e+01	2.030387409179739322e+01	2.061691521158616425e+01	1.971743588897007271e+01	2.024152006047834362e+01	2.006953783222515142e+01	2.073025775997571785e+01	2.012251336722317063e+01	2.029325831203325237e+01	2.021573557537852395e+01	1.991881998215256289e+01	2.030725386201192251e+01	1.982263122310165926e+01	1.972632587660650927e+01	1.965000108419073754e+01	1.983511090477252026e+01	2.017879098643886238e+01	2.049413291225813438e+01	1.967960370964836159e+01	1.981396201679456937e+01	1.973047662544621517e+01	1.951984950884959247e+01	2.019792468582236111e+01	2.021266270043442859e+01
1.980781941423308723e+01	2.010882041404708431e+01	1.982680681341853557e+01	1.994161412709775405e+01	2.062433026741674524e+01	1.968733866178377667e+01	1.935497530843975511e+01	1.962428736230755177e+01	1.937226798385941251e+01	1.997715062277909226e+01	2.020098623217487699e+01	1.995062688931618311e+01	1.994446475165115018e+01	1.992955707740255633e+01	1.985493736888685490e+01	1.985899471342574074e+01	2.955520611082397764e+01	1.988569859351825997e+01	1.976696013597343793e+01	2.018578861755509024e+01	2.025288383576021900e+01	1.998708010468323337e+01	1.943236209364187062e+01	1.947986151073139993e+01	2.013493410831682340e+01	2.020775529188961528e+01	2.002950878909456378e+01	2.007293676683969963e+01	2.029430009765641074e+01	1.994733528411866530e+01	1.976469816892430842e+01	1.975944932930594078e+01	2.067628554124195617e+01	1.958893291607926912e+01	2.017028237858832185e+01	2.034287177285771264e+01	1.992724655900466146e+01	1.966444139791656553e+01	1.949524973612057011e+01	1.971692166461014040e+01	1.924977536374924014e+01	2.008296176742751982e+01	2.019405267854631703e+01	2.000609334430694375e+01	1.976832072481813540e+01	1.937865664451512515e+01	1.995399519465609828e+01	1.942850969332619826e+01	1.939771350937822447e+01	1.996095554320698540e+01
1.997253137647685506e+01	2.019591088018608360e+01	2.003936581617547219e+01	1.984154054834846548e+01	2.056087283360320228e+01	1.980788923897729248e+01	1.958631121305121781e+01	1.935127801847471574e+01	1.954550617854443217e+01	2.011102747759325737e+01	1.998993107679250159e+01	2.000658758794580194e+01	1.995088029852169242e+01	1.982534908938202634e+01	2.012891568387218655e+01	1.983677529897216019e+01	1.988569859351825997e+01	2.980023263437973569e+01	2.000471238075372682e+01	2.029030569958836949e+01	2.028303482493073773e+01	2.019330911561111819e+01	1.961835785829914869e+01	1.965925917093237985e+01	2.011551830469936064e+01	2.059158276324920323e+01	2.013946693213614481e+01	2.049693591564105333e+01	2.053985356104008275e+01	1.993116056844507611e+01	1.997044592648895289e+01	2.023771156617172906e+01	2.020201756328868115e+01	2.021166133502973139e+01	2.040666704804697318e+01	2.000489287242539049e+01	2.010214544969660011e+01	2.054855462387745746e+01	1.979360943003060669e+01	1.978394069051636706e+01	1.948044052834292117e+01	2.005005272655148119e+01	2.005274820610640063e+01	2.016567808411374685e+01	1.973999981606718279e+01	1.968783282542438329e+01	1.999382996815117153e+01	1.989108603942656117e+01	1.952321584596677795e+01	1.971052052512007435e+01
1.993748279563753556e+01	1.979925747822922588e+01	2.033587645194169724e+01	2.022681354889201444e+01	2.026027657704091567e+01	1.968933722235706441e+01	1.972188903520914849e+01	2.003879607551844089e+01	1.979948733646951453e+01	1.974864573680296687e+01	2.024983056817718108e+01	2.020120844212275557e+01	2.030039045966327649e+01	2.020696678608774022e+01	1.997222964161738545e+01	1.979729943444902318e+01	1.976696013597343793e+01	2.000471238075372682e+01	2.989420872412488350e+01	2.038156582348114298e+01	2.029357440941401336e+01	2.029245553439181293e+01	1.958494700934555866e+01	1.920401720039821925e+01	2.027571501368756657e+01	2.011564287199589174e+01	2.012895065593072275e+01	2.010731766750793525e+01	2.073174894361675413e+01	1.971143860368064082e+01	1.978480285603890820e+01	1.987600130087966832e+01	2.041319623052643806e+01	2.029739803023536027e+01	2.057318363001577310e+01	2.009965429676442383e+01	2.002018506081873994e+01	2.016038257123075539e+01	2.001398827575419048e+01	2.033028509327840894e+01	1.958818568761232015e+01	1.982861438058934311e+01	2.006521092966613296e+01	2.035079926717138221e+01	1.990677064125154416e+01	1.969055096120866466e+01	2.012052076631745479e+01	1.957322750765708363e+01	1.941423323938248302e+01	2.003468434463090020e+01
1.996889497387538981e+01	2.050848881934687640e+01	2.030965982321642116e+01	2.022940029785367599e+01	2.067513238613309312e+01	2.004247159841876780e+01	1.990174436840153405e+01	1.980482971672277870e+01	1.974005627309882982e+01	2.004408996412675137e+01	2.036902584763186042e+01	1.986349478516176603e+01	2.026683635774324443e+01	2.013020903758849656e+01	1.976996835618384196e+01	1.995824284955687844e+01	2.018578861755509024e+01	2.029030569958836949e+01	2.038156582348114298e+01	2.965687300983682206e+01	2.050367026658292602e+01	1.992741966144116361e+01	1.990620562467520571e+01	2.006131737531188719e+01	1.971368363110345001e+01	2.036896292499537608e+01	2.045568704318433717e+01	2.048928110824167703e+01	2.091110126041619566e+01	1.982548526130046440e+01	2.036594786479024677e+01	2.002651645506091427e+01	2.072651298490878347e+01	2.044755484354393005e+01	2.008660962861093680e+01	2.057271049848685607e+01	2.039335772515563505e+01	2.040783469283855567e+01	1.975202797303390412e+01	1.967640594972279899e+01	1.967457805538801097e+01	1.976862999859807957e+01	2.054449355696878143e+01	2.044117301036417800e+01	2.022275042192200800e+01	1.991972775129921303e+01	1.987700024553322820e+01	1.977179966901742603e+01	1.992289217549896918e+01	2.013503308079663867e+01
2.003039097759681297e+01	1.988817250578064133e+01	2.047014452108453852e+01	2.048989004784786871e+01	2.070896494604116000e+01	1.962918956750042199e+01	1.989315250662136592e+01	1.963763062898655321e+01	1.966509991450690009e+01	1.982887182526566860e+01	2.046484578214703731e+01	1.970133758489238218e+01	2.052800347871491482e+01	1.999828944787415352e+01	1.996083581975781129e+01	2.021631643147643231e+01	2.025288383576021900e+01	2.028303482493073773e+01	2.029357440941401336e+01	2.050367026658292602e+01	3.007868132007497763e+01	2.034987146726238194e+01	1.987908611205208942e+01	2.001227499165604229e+01	2.039378393809239753e+01	2.043050344297524745e+01	2.034365349490899533e+01	2.070322343969294465e+01	2.090924334243277727e+01	2.037931450033814684e+01	2.047433801672652720e+01	2.036988075994353053e+01	2.052630673077312906e+01	2.009391700376942325e+01	2.021854892927241210e+01	2.056786924868828947e+01	2.035700348970886253e+01	2.026538107131791833e+01	2.005909476419374471e+01	2.017851057394493353e+01	1.955158825310542525e+01	2.024909494750676231e+01	2.088592065022955069e+01	2.079948195627408936e+01	2.008531510863361902e+01	2.003220237517898283e+01	2.045943536780935901e+01	2.000650833677448048e+01	1.965762515159452306e+01	2.031828215257274195e+01
1.962504957064359346e+01	2.057374154317291470e+01	2.040767133516970944e+01	2.008332908077204237e+01	2.055540460780607859e+01	1.954439906557459850e+01	1.982126943048428558e+01	1.946670916296696774e+01	1.987174665509598626e+01	2.009669570891860602e+01	2.020285477985265743e+01	2.000829992904957066e+01	2.025563577274725091e+01	2.021371512933621162e+01	1.967337052864585090e+01	1.999308465966633008e+01	1.998708010468323337e+01	2.019330911561111819e+01	2.029245553439181293e+01	1.992741966144116361e+01	2.034987146726238194e+01	2.991959325465741770e+01	1.946311410745555293e+01	1.957093761198685655e+01	2.034254372845272840e+01	1.994440999403799353e+01	2.006234498776522202e+01	2.051550367182840517e+01	2.070058180059880826e+01	2.022325708682227585e+01	2.030311432664047189e+01	2.000880740929529011e+01	2.062268868287754131e+01	2.020802813101413520e+01	2.013106995786204934e+01	2.027926775741751442e+01	2.038011152010218296e+01	2.042436745193190006e+01	1.965513849473490282e+01	1.997267079520347011e+01	1.935999793910841049e+01	2.009561335331345688e+01	2.060133619580580699e+01	2.030291278490826912e+01	2.004154424221074393e+01	1.958882864326578854e+01	2.012919648086013069e+01	1.988482220825295244e+01	1.967863641920206419e+01	2.033759090465467878e+01
1.929143494421257188e+01	1.989807044139082137e+01	1.962287846623019050e+01	1.967366017663651334e+01	1.980982296573199264e+01	1.911482119026329940e+01	1.945455917671851154e+01	1.906117476848017489e+01	1.908688737668529001e+01	1.964658562661117713e+01	1.974872208952935537e+01	1.953984323756968422e+01	1.973577890019993220e+01	1.924968527366904425e+01	1.921460120657711101e+01	1.936372914715038362e+01	1.943236209364187062e+01	1.961835785829914869e+01	1.958494700934555866e+01	1.990620562467520571e+01	1.987908611205208942e+01	1.946311410745555293e+01	2.930812150701114049e+01	1.927051856326676926e+01	1.956856353961043382e+01	1.956691787918029846e+01	1.978856587624522945e+01	2.015101108502759786e+01	2.004744902667238549e+01	1.923743714647469005e+01	1.991878617147735397e+01	1.923843270200810451e+01	1.973358237735018150e+01	1.956511898485381451e+01	1.959266757343269205e+01	1.994604647319514967e+01	1.961227955910106502e+01	1.978984096711884177e+01	1.939050385460508608e+01	1.889831036855288460e+01	1.904922144827581221e+01	1.974624885812304953e+01	1.984721702253626319e+01	1.960234756072424744e+01	1.957275746853850507e+01	1.924992576893241392e+01	1.952046816118264871e+01	1.925027591466256638e+01	1.903286478104941537e+01	1.932014140401468794e+01
1.888032073142360190e+01	1.991555140266233437e+01	2.001893852487006598e+01	1.940505409333140108e+01	2.015572355538474625e+01	1.951739144079018828e+01	1.912243268984842004e+01	1.942743533872189232e+01	1.902363173958463705e+01	1.934888836695492742e+01	1.954996466495446938e+01	1.939372142548931777e+01	1.967302085521399491e+01	1.954080520256932019e+01	1.925722773029928803e+01	1.958786311135336788e+01	1.947986151073139993e+01	1.965925917093237985e+01	1.920401720039821925e+01	2.006131737531188719e+01	2.001227499165604229e+01	1.957093761198685655e+01	1.927051856326676926e+01	2.922559175850303248e+01	1.985650257153339737e+01	2.005427329466193598e+01	1.957525213407024012e+01	1.986194942624820214e+01	2.016953654472312962e+01	1.982804894299489717e+01	1.970290681054775561e+01	1.958826015494748773e+01	1.988735320820577712e+01	1.982973531592189431e+01	1.957085195076655992e+01	1.988187620224605112e+01	1.965471866604351447e+01	1.954088946168157648e+01	1.952079217357378127e+01	1.915642886532688749e+01	1.903634526958473216e+01	1.936316761350233406e+01	1.985041287740727256e+01	1.992143592366651816e+01	1.951859333896894455e+01	1.952447328552269923e+01	1.965034819325156334e+01	1.941611799878648270e+01	1.929791615311399511e+01	1.957662656673456425e+01
2.022713389890622082e+01	2.019889688141596906e+01	2.029898909780210303e+01	2.020974842984882969e+01	2.051099393009718597e+01	2.013383524583722561e+01	1.981099270100564524e+01	1.991352058561093585e+01	1.958088544927744579e+01	2.031187296866831460e+01	2.045796640127070276e+01	2.009087267014734479e+01	2.010992956747176663e+01	2.012407117870123230e+01	1.985053428340765436e+01	2.039107347561742856e+01	2.013493410831682340e+01	2.011551830469936064e+01	2.027571501368756657e+01	1.971368363110345001e+01	2.039378393809239753e+01	2.034254372845272840e+01	1.956856353961043382e+01	1.985650257153339737e+01	2.973822143223480907e+01	2.022615705999447044e+01	2.014202870272691115e+01	2.058677211977818899e+01	2.060434759217903533e+01	2.028377565552825601e+01	2.007722033969077557e+01	1.989284137457707402e+01	1.999965719676895759e+01	2.010567039115876042e+01	2.043329155399917241e+01	2.036512582162871254e+01	1.985900386854892830e+01	2.022246849882591135e+01	2.034549235915527987e+01	2.012347379272890535e+01	1.993076785366013937e+01	2.009648754541230531e+01	2.027629215622982528e+01	2.003341282346751484e+01	2.001039557951469661e+01	1.976716175155981148e+01	2.013252699215265196e+01	1.975873876125843154e+01	1.966779033523576103e+01	2.024704249864750594e+01
2.012691956293301132e+01	2.035918618736718244e+01	2.031258319786927657e+01	2.035542973535924105e+01	2.077014504435650721e+01	1.945700459577249930e+01	2.008440369359886191e+01	1.988448296389695713e+01	1.976983673978746481e+01	1.984161971892529053e+01	2.043006986511183598e+01	2.011746398883782305e+01	2.072765390039492672e+01	2.038704202634586693e+01	1.990390380882185184e+01	1.983237277644994379e+01	2.020775529188961528e+01	2.059158276324920323e+01	2.011564287199589174e+01	2.036896292499537608e+01	2.043050344297524745e+01	1.994440999403799353e+01	1.956691787918029846e+01	2.005427329466193598e+01	2.022615705999447044e+01	2.994950286285136798e+01	2.039462922954330182e+01	2.056525592936287339e+01	2.102983320859291183e+01	2.018782327469580196e+01	2.053280285215845780e+01	2.058143484444797622e+01	2.067010130750062302e+01	2.037111180909035468e+01	2.019227548004722550e+01	2.064165130576316898e+01	2.006899961624648299e+01	2.041901946362645148e+01	2.011100817487202619e+01	2.017538692399920208e+01	1.990000484526672864e+01	1.991663940287961410e+01	2.018976190821229011e+01	2.012365807637533166e+01	2.014268105933123820e+01	2.012252836055527894e+01	2.013162488888292856e+01	1.990837637203169663e+01	1.962339777001757568e+01	2.030807915346368375e+01
1.988229416679522998e+01	2.016515713550507982e+01	2.058337996399309944e+01	2.023188359165185801e+01	2.081126941210738934e+01	1.996513031987164410e+01	1.980188341915658867e+01	1.990414386203887531e+01	1.956062299884705880e+01	1.981500172574717311e+01	2.033596739206083015e+01	1.972647660822228488e+01	2.020048461198931022e+01	1.981735358280257131e+01	2.017649668858293666e+01	2.045394588438006167e+01	2.002950878909456378e+01	2.013946693213614481e+01	2.012895065593072275e+01	2.045568704318433717e+01	2.034365349490899533e+01	2.006234498776522202e+01	1.978856587624522945e+01	1.957525213407024012e+01	2.014202870272691115e+01	2.039462922954330182e+01	3.004071808684144784e+01	1.980018458065450204e+01	2.069168022726196909e+01	1.974459444551677478e+01	2.022115167478314390e+01	1.998743563493095721e+01	2.039142417477729907e+01	2.014955188816717069e+01	2.012194226004285724e+01	2.065525623181638437e+01	1.990670724007825143e+01	2.033700786863680676e+01	2.003196494207208644e+01	2.021014261502051568e+01	1.945508794516632989e+01	1.994003225594904904e+01	2.048899402706669548e+01	2.024342160456275508e+01	2.012675064553605253e+01	1.990703126376649124e+01	2.005393845611169468e+01	1.974469116711632921e+01	1.997954273952386117e+01	2.027315364713218315e+01
1.993832204135558328e+01	2.047253904218232989e+01	2.037415405307253025e+01	2.052669134191805256e+01	2.049610323557359948e+01	1.978601924990688232e+01	1.992571880042379462e+01	2.016052597232272348e+01	1.959662838930955431e+01	2.011273926430614978e+01	2.045054151381202701e+01	2.021319126363614771e+01	2.035686655748810381e+01	2.047758746183880518e+01	1.997901913518977679e+01	2.030387409179739322e+01	2.007293676683969963e+01	2.049693591564105333e+01	2.010731766750793525e+01	2.048928110824167703e+01	2.070322343969294465e+01	2.051550367182840517e+01	2.015101108502759786e+01	1.986194942624820214e+01	2.058677211977818899e+01	2.056525592936287339e+01	1.980018458065450204e+01	3.032473435676600815e+01	2.098360943545087665e+01	2.008823445682319431e+01	2.081332729435085938e+01	2.057952082977826436e+01	2.061284416403616504e+01	2.057022900779309893e+01	2.062772132525992674e+01	2.035680914957271170e+01	2.020630559836432738e+01	2.061290067644256396e+01	2.028647972202027105e+01	2.010317026869720181e+01	1.971900300076733714e+01	2.007163318737125124e+01	2.093496269717419267e+01	2.015697573626587413e+01	1.988198663292460822e+01	1.987811086506532021e+01	2.077255905248416212e+01	2.040401156390500148e+01	1.985065662612409554e+01	2.038402475878826436e+01
2.021223642828287126e+01	2.084318793961716310e+01	2.076612797396528265e+01	2.075913167198732268e+01	2.093243844400968356e+01	2.038183708711343911e+01	2.049047266545028734e+01	2.023449064815700993e+01	2.042628563110487860e+01	2.036414519392965872e+01	2.054464500316165498e+01	2.035962089867183522e+01	2.051600965699258339e+01	2.042282575186666804e+01	2.082712867261821899e+01	2.061691521158616425e+01	2.029430009765641074e+01	2.053985356104008275e+01	2.073174894361675413e+01	2.091110126041619566e+01	2.090924334243277727e+01	2.070058180059880826e+01	2.004744902667238549e+01	2.016953654472312962e+01	2.060434759217903533e+01	2.102983320859291183e+01	2.069168022726196909e+01	2.098360943545087665e+01	3.073432473453021174e+01	2.028674632414492507e+01	2.060233239584243492e+01	2.030372831477620110e+01	2.054921552023100162e+01	2.075284690515431407e+01	2.074834693178048184e+01	2.053040156544162187e+01	2.032603195532553997e+01	2.070561195277521094e+01	2.065062460505919262e+01	1.990549981597895268e+01	2.016672122250849952e+01	2.030795750306876357e+01	2.079960700009665686e+01	2.044206169794832206e+01	2.041356222488611394e+01	2.014303726134587791e+01	2.044867751448303750e+01	1.994855284698271802e+01	1.989763886585482666e+01	2.061574731835260366e+01
1.985636565738370862e+01	2.032097218881639478e+01	1.969395188405919583e+01	1.969178347474388957e+01	2.052529174498828723e+01	1.978363587130945334e+01	1.985497861393536567e+01	1.972137932940684379e+01	1.936125325782303719e+01	1.954872398928697308e+01	1.985156287715007295e+01	1.992951312798620833e+01	1.986966125264165939e+01	1.965314714681579744e+01	2.010275838043726893e+01	1.971743588897007271e+01	1.994733528411866530e+01	1.993116056844507611e+01	1.971143860368064082e+01	1.982548526130046440e+01	2.037931450033814684e+01	2.022325708682227585e+01	1.923743714647469005e+01	1.982804894299489717e+01	2.028377565552825601e+01	2.018782327469580196e+01	1.974459444551677478e+01	2.008823445682319431e+01	2.028674632414492507e+01	2.991563750367478391e+01	1.990419900509157358e+01	1.992620650561628537e+01	2.051978297807673712e+01	1.950468060971154571e+01	2.005942496655724128e+01	2.025313580544721503e+01	2.012357456833526825e+01	2.003496113670108159e+01	1.995673443973327466e+01	1.972247016493233218e+01	1.985730221898747772e+01	1.999405712694714055e+01	2.017074630836451021e+01	2.038505844299128711e+01	1.967039939380363833e+01	1.985763156685034403e+01	1.974741030086370230e+01	1.970849043433304004e+01	1.942167786451034317e+01	1.987269007348241701e+01
1.993109359502097178e+01	2.049117450674799912e+01	1.980536943592766974e+01	1.987937768490566626e+01	2.072431634929604272e+01	2.007523382538246537e+01	1.962043837684408487e+01	1.952668153111896387e+01	1.994694112369010242e+01	2.021366018318312641e+01	2.049007702267677544e+01	1.990141200412049471e+01	2.058576970653674110e+01	2.001374637805676215e+01	1.983930099844156558e+01	2.024152006047834362e+01	1.976469816892430842e+01	1.997044592648895289e+01	1.978480285603890820e+01	2.036594786479024677e+01	2.047433801672652720e+01	2.030311432664047189e+01	1.991878617147735397e+01	1.970290681054775561e+01	2.007722033969077557e+01	2.053280285215845780e+01	2.022115167478314390e+01	2.081332729435085938e+01	2.060233239584243492e+01	1.990419900509157358e+01	2.993197159797475138e+01	2.014585563108732558e+01	2.067166618357384067e+01	2.017500612653621772e+01	2.048329507480454126e+01	2.040036282281671731e+01	2.021741514972808673e+01	2.044021248628840937e+01	2.026459384302009425e+01	2.005015990541175697e+01	1.970045715245020901e+01	2.005202270889414251e+01	2.043314938149480753e+01	2.034151140403936253e+01	2.000233037373864065e+01	1.975894070075242936e+01	2.002271226330366716e+01	1.954264745512672619e+01	1.955633148287860834e+01	2.010476668496616171e+01
1.950521866230671719e+01	2.013579627668672245e+01	2.031980737483079835e+01	1.963078418331099684e+01	2.032173038530593345e+01	1.982156958172254591e+01	1.967658083115769330e+01	1.986916611146308398e+01	1.936495591729477894e+01	1.964570151227788486e+01	1.979842595681510176e+01	1.984599137528513069e+01	1.986383722916707484e+01	2.017502988217010440e+01	1.975726041294481305e+01	2.006953783222515142e+01	1.975944932930594078e+01	2.023771156617172906e+01	1.987600130087966832e+01	2.002651645506091427e+01	2.036988075994353053e+01	2.000880740929529011e+01	1.923843270200810451e+01	1.958826015494748773e+01	1.989284137457707402e+01	2.058143484444797622e+01	1.998743563493095721e+01	2.057952082977826436e+01	2.030372831477620110e+01	1.992620650561628537e+01	2.014585563108732558e+01	2.968694380913332154e+01	2.039571661009713566e+01	2.006363966120606790e+01	2.027595425740971180e+01	2.003097257599655734e+01	1.968368176594105634e+01	2.023035861768823196e+01	2.015124522113967132e+01	1.996702806214764436e+01	1.970083046533566673e+01	2.004980273680805780e+01	2.003356483524475351e+01	2.019322523904035549e+01	1.995819679941594416e+01	1.999256565412790820e+01	2.015110883523102814e+01	1.978942797122313024e+01	1.939576103202850987e+01	1.993526490272044427e+01
