2.969037015309034189e+01	2.008132440701038135e+01	2.033806138591122092e+01	2.019253366978906072e+01	2.009441510005035525e+01	2.012138931296917477e+01	2.012250199396370931e+01	2.043890808504793810e+01	2.070995935504194563e+01	2.032187515156249802e+01	2.080714449092685214e+01	2.014015710339424814e+01	2.046177035869519401e+01	2.007382331168039968e+01	1.959440988801442529e+01	2.018877837075606863e+01	2.081874828507305253e+01	2.023291867428791591e+01	1.976356175574985485e+01	1.963847744720694166e+01	2.018087366906637925e+01	2.026872786804295501e+01	2.029595677501350437e+01	2.037614430059077719e+01	2.034678512334855682e+01	2.039085934679647494e+01	2.050929222052183931e+01	2.058704952556650980e+01	2.023816907380578201e+01	1.992122975272722485e+01	2.074995913333343367e+01	2.022206533495747394e+01	2.024786228390517095e+01	2.058568341602634533e+01	2.052084649382388548e+01	2.026403071365994180e+01	1.987324706824615816e+01	2.033869709159527162e+01	2.038202990329746100e+01	1.997027944705929059e+01	2.018982920088259547e+01	2.069673297425121206e+01	2.039642433806321620e+01	2.089241305353522904e+01	2.112822238262608465e+01	2.031401582695596630e+01	2.026412358047898721e+01	2.077567269071125011e+01	2.065397768841140191e+01	2.044122724982382522e+01
2.008132440701038135e+01	2.945801450882030181e+01	2.048827292695545310e+01	2.013562771610242308e+01	1.948576909821487391e+01	1.947956243885377958e+01	1.997149374896909535e+01	1.948419293789622131e+01	1.975191122665336962e+01	1.951934903668878007e+01	2.023023990966169094e+01	1.963440314068878934e+01	2.022860378649894386e+01	1.977980119840180606e+01	1.949012423176283804e+01	2.012166517037100633e+01	2.023517909380522894e+01	2.036481721316755511e+01	1.944872587464550406e+01	1.912562210745326752e+01	1.928954433127537271e+01	1.978429177615021928e+01	1.977651118433416144e+01	1.967201679893641497e+01	1.947468170949149879e+01	1.992897931525592270e+01	2.006306424664465382e+01	2.000058291074978811e+01	1.993442710994158773e+01	1.998671443606495046e+01	2.002291376151487867e+01	1.946664658814739468e+01	1.968702887740611729e+01	2.003157674924533183e+01	2.042977676435760870e+01	1.998297009266861934e+01	1.959830240098775178e+01	1.948265802918458434e+01	1.950614289119600997e+01	1.933476746502188703e+01	1.957006187593033886e+01	2.006788283049289134e+01	1.990233844968078358e+01	2.034633137538740399e+01	2.040418294651571429e+01	1.969797552569923837e+01	1.999985685557422599e+01	2.001640156099926315e+01	2.008272963603009487e+01	1.988224499695952474e+01
2.033806138591122092e+01	2.048827292695545310e+01	2.977946396108534799e+01	2.016668098501746798e+01	1.999025434596861217e+01	1.994823595313257769e+01	2.000251846964940583e+01	2.006945791237401622e+01	2.064064760003726207e+01	2.014471179836032988e+01	2.054274619798573198e+01	2.006224247457608101e+01	1.996963438256045720e+01	2.024009007626233725e+01	1.975697529089545412e+01	2.018845917668535250e+01	2.034936385672907733e+01	2.045039935563069022e+01	1.992334029695853559e+01	1.943665750589717334e+01	2.008113431391502246e+01	1.974758469122003390e+01	1.992034863084177587e+01	2.001911414663448952e+01	1.982839608953941735e+01	2.028269109786975122e+01	2.048455901577944616e+01	2.023401551148889865e+01	2.016669108521190878e+01	1.980660633344616883e+01	1.989358898061245995e+01	2.006256763958240086e+01	2.008807662689218532e+01	2.070205181335568057e+01	2.033375273806423422e+01	2.034192669703779899e+01	2.002784085982307616e+01	1.948409466686369740e+01	1.996150949758395399e+01	1.959053402388549259e+01	2.024120218275568917e+01	2.050076363121544887e+01	2.056323391083161667e+01	2.064770262341870222e+01	2.033022453120663897e+01	1.986222979709296865e+01	1.960523487217502137e+01	2.016774131430625161e+01	2.025526491468302837e+01	2.030860286467581233e+01
2.019253366978906072e+01	2.013562771610242308e+01	2.016668098501746798e+01	2.965234649710951942e+01	1.969579529150124131e+01	2.021478291631300550e+01	1.999879369576962418e+01	2.055071960722477442e+01	2.017405036355752657e+01	1.998492648993241971e+01	2.052049692824596505e+01	1.981138165377303295e+01	2.031156943346234556e+01	1.983062272483852695e+01	1.970535693509879849e+01	2.005637599869084653e+01	2.061811425384891194e+01	2.068866847960829958e+01	1.929508372663710603e+01	1.935645938584850967e+01	1.978911194440064136e+01	2.014395037578302805e+01	2.020036560315114116e+01	2.015868961874886622e+01	1.999945977965569099e+01	1.986026482604327370e+01	2.024093017782432113e+01	1.987152865146417113e+01	2.029837175085581791e+01	2.008919884283075774e+01	2.057733510498613327e+01	1.983597796775008604e+01	2.006569112896056950e+01	2.061940568872282142e+01	2.005253329390657413e+01	2.064279383254687872e+01	1.961510916096271018e+01	2.008637471805816332e+01	2.007633861830943545e+01	1.988184972262194705e+01	1.971033844529230805e+01	2.038518681459975568e+01	2.028456510176332372e+01	2.038991418646813969e+01	2.078094430931214731e+01	1.981252332023405316e+01	2.008613752221696203e+01	2.033289651697609202e+01	2.055913861872721426e+01	2.036343022374227374e+01
2.009441510005035525e+01	1.948576909821487391e+01	1.999025434596861217e+01	1.969579529150124131e+01	2.931921944289882020e+01	1.980556052504884335e+01	2.004623936255206118e+01	2.038833647772266744e+01	1.992015953977969289e+01	1.966025101053552504e+01	2.020414576010628238e+01	1.980105790164811097e+01	1.975190938280632480e+01	1.955254365555991214e+01	1.954513571594812760e+01	1.997224724464205892e+01	2.031486697543087061e+01	2.015444520782694937e+01	1.986596456542511291e+01	1.917636136293236504e+01	1.945956126809504028e+01	1.961549098944231062e+01	2.005958830996349462e+01	1.976538591304055004e+01	1.972645923049440242e+01	1.993700554767761801e+01	2.007649065225840701e+01	1.980232543822398839e+01	1.998583081659956662e+01	1.977467543880639411e+01	2.004654850889852469e+01	1.995275666916166912e+01	2.010495633484948641e+01	2.038910187516826511e+01	2.022723458592453127e+01	2.007781889855570867e+01	1.956679577761122601e+01	1.928561084160130434e+01	1.920230627813740298e+01	1.957905451408839070e+01	2.013831468685997805e+01	2.012049862687555546e+01	2.004998073596276598e+01	2.078379320180468781e+01	2.006085897903324167e+01	1.977956415829419967e+01	1.981342734998512967e+01	2.040237233893964230e+01	2.028505853642670687e+01	2.000907843467495795e+01
2.012138931296917477e+01	1.947956243885377958e+01	1.994823595313257769e+01	2.021478291631300550e+01	1.980556052504884335e+01	2.981162534858704660e+01	1.988888623909827302e+01	2.048932713822530971e+01	2.009731639317841001e+01	1.996129184875439222e+01	2.025302787406023342e+01	1.947605793753615089e+01	2.013381256284063170e+01	1.993779090240482077e+01	1.984343084633869836e+01	1.981152340286461566e+01	2.019962832972797528e+01	2.059953129319097442e+01	1.940068338066069487e+01	1.956788306612732598e+01	1.972831048320445291e+01	2.003722531627640180e+01	1.981918488782373444e+01	2.026931827766948047e+01	1.987980945715603198e+01	2.022718726357357610e+01	2.046129460327954419e+01	2.059311464945603021e+01	2.003573440432917963e+01	1.975751863840672229e+01	2.029963385980635238e+01	1.973450794609944836e+01	2.005263907957863623e+01	2.056145529576154729e+01	2.040200330930243666e+01	2.014278499151684443e+01	1.988306473582924738e+01	1.966953913455323288e+01	1.948864865569227334e+01	1.945556253912667088e+01	2.020353195343271935e+01	1.999208148825864484e+01	2.032975511049867734e+01	2.037863462339746334e+01	2.033197123948020391e+01	2.020739052772142230e+01	2.014710616563938927e+01	1.980980039536425608e+01	2.028419572287994299e+01	2.053638094851732632e+01
2.012250199396370931e+01	1.997149374896909535e+01	2.000251846964940583e+01	1.999879369576962418e+01	2.004623936255206118e+01	1.988888623909827302e+01	2.992113597062727592e+01	1.990685509845418011e+01	2.023588506131606835e+01	1.951340237280664525e+01	1.999178909127896020e+01	1.954332637099878411e+01	2.035260371611346741e+01	1.985204366050032121e+01	1.941923795093159200e+01	2.002143784175052588e+01	1.999111228261222095e+01	1.981448366702562325e+01	1.947585530970280132e+01	1.927000228911833801e+01	1.939274458428602443e+01	2.026282454267733613e+01	1.990067501538939254e+01	1.966488720755550901e+01	1.997771748148359450e+01	1.972716338855174101e+01	2.034233328146627073e+01	2.022307836542963599e+01	2.004365401412826131e+01	1.972323811658318959e+01	2.007389669639427865e+01	1.974167306188190096e+01	1.979840193166732831e+01	2.037986909543935354e+01	2.041212399167030611e+01	2.015369394520189417e+01	1.968826147103886370e+01	1.976327255657014703e+01	1.984674303790660588e+01	1.995348075171417790e+01	2.019265327318091963e+01	2.016874965836770528e+01	1.987652330546701407e+01	2.029962057275298548e+01	2.015693960802850171e+01	1.978880680318247087e+01	1.953735459862232204e+01	2.015823728941778725e+01	2.043892566994539806e+01	2.012908015672872608e+01
2.043890808504793810e+01	1.948419293789622131e+01	2.006945791237401622e+01	2.055071960722477442e+01	2.038833647772266744e+01	2.048932713822530971e+01	1.990685509845418011e+01	2.963211546691159981e+01	2.043118518350068058e+01	2.021310137236615745e+01	2.045647473780558556e+01	1.985375530728031279e+01	2.042298354008677563e+01	1.989240433858731549e+01	1.974650946542466556e+01	2.038941358799183945e+01	2.034433789312520702e+01	2.007914464992913395e+01	2.022742257726446269e+01	1.932290736139310283e+01	2.020716576675594567e+01	2.038000109923942560e+01	1.989467030409758053e+01	2.002971583868830052e+01	1.993270596357640301e+01	2.041460437957831431e+01	2.035014132845255475e+01	2.034210675346398389e+01	2.028835810771234094e+01	1.995588583780753211e+01	2.036148684239019246e+01	1.973250152708526883e+01	1.985012681092244335e+01	2.045720402159241758e+01	2.050043088372587974e+01	2.056030481438239121e+01	1.992502990042929767e+01	1.997684958253650578e+01	1.990697794728201231e+01	1.965830353640730266e+01	1.996590254215929150e+01	2.057459037288012382e+01	2.037786235929956646e+01	2.095358995367203292e+01	2.057283006792373214e+01	2.012946153839253682e+01	1.975746315795913333e+01	2.058907122102590037e+01	2.046590283388615461e+01	1.995507283004588928e+01
2.070995935504194563e+01	1.975191122665336962e+01	2.064064760003726207e+01	2.017405036355752657e+01	1.992015953977969289e+01	2.009731639317841001e+01	2.023588506131606835e+01	2.043118518350068058e+01	3.058222792631561404e+01	2.015494557807316411e+01	2.084492713077905179e+01	2.012632481777729510e+01	2.062904499089237831e+01	2.026726784144301163e+01	1.956079122620525013e+01	2.011694199886245116e+01	2.004477624961264226e+01	2.027367133538852428e+01	2.026978025787308013e+01	1.962263120412437445e+01	2.005658469512577824e+01	2.003541282188393424e+01	2.003564487580142384e+01	1.997640446139754289e+01	2.042839398910682647e+01	2.006481412449169000e+01	2.068280303732114689e+01	2.066320457702880731e+01	2.022134771578710755e+01	2.017390446752013844e+01	2.042346403589239756e+01	2.008406430457484504e+01	2.023780719386785520e+01	2.082783913271763865e+01	2.025645647384058989e+01	2.047913093457564671e+01	1.964787913988192258e+01	1.988108528265861352e+01	2.017207491251703999e+01	2.009239730185512585e+01	2.055231335252009828e+01	2.037099179354447998e+01	2.012297490573126524e+01	2.072732126641884776e+01	2.055670051571721757e+01	1.990945117951180876e+01	2.007449711093293487e+01	2.041438445663536783e+01	2.021396360316483509e+01	2.016204021382150913e+01
2.032187515156249802e+01	1.951934903668878007e+01	2.014471179836032988e+01	1.998492648993241971e+01	1.966025101053552504e+01	1.996129184875439222e+01	1.951340237280664525e+01	2.021310137236615745e+01	2.015494557807316411e+01	2.917876065770281357e+01	2.014271073233049947e+01	1.962287743134976381e+01	1.993222925093725095e+01	1.971268527395050185e+01	1.940653534817820258e+01	1.974949914267077844e+01	2.031143539090607320e+01	2.010973599132204725e+01	1.952679782394697128e+01	1.934301284195133519e+01	2.013649436824076133e+01	1.981727682934744905e+01	1.981158305548269993e+01	2.000324229376042950e+01	1.969223782404414536e+01	1.985701164969848520e+01	2.067710755434185899e+01	1.994492156529980065e+01	1.996306289316986238e+01	1.938530145282078720e+01	1.989425156338981182e+01	1.991180275228748187e+01	2.020227955393390573e+01	2.035728777555896940e+01	2.010736075823948354e+01	2.019222012284687651e+01	1.907342860065159940e+01	1.940517635779069394e+01	1.956031636057991108e+01	1.939252992506665763e+01	1.957303406869718643e+01	2.013645913864815640e+01	2.011323087097551010e+01	2.013384630839447098e+01	2.008172869974471197e+01	2.000790471018907724e+01	2.010528241848179576e+01	1.995078098019119750e+01	2.031996595604731581e+01	2.006771461958737390e+01
2.080714449092685214e+01	2.023023990966169094e+01	2.054274619798573198e+01	2.052049692824596505e+01	2.020414576010628238e+01	2.025302787406023342e+01	1.999178909127896020e+01	2.045647473780558556e+01	2.084492713077905179e+01	2.014271073233049947e+01	3.062822508120323306e+01	2.005250694676139034e+01	2.054840253641487635e+01	2.007856667979185872e+01	1.988956754921824910e+01	2.073081726271584557e+01	2.058501131159624720e+01	2.058524135397291488e+01	2.049875741743086976e+01	1.970683677844341730e+01	2.012175244396894058e+01	2.046747044221955392e+01	2.055005864578475894e+01	2.042805034628000982e+01	2.018327728078766370e+01	2.005348807946806389e+01	2.102633469836927560e+01	2.051793863614573610e+01	2.083925728446717329e+01	2.001777382877342504e+01	2.080960180518464497e+01	2.006518309746105899e+01	2.053047489785755175e+01	2.116170548745981961e+01	2.097493192309367060e+01	2.062135356192235136e+01	2.004924229534210056e+01	2.031813985598410000e+01	2.018794420496860553e+01	1.992532396948003992e+01	2.037394003442082635e+01	2.030162559332606165e+01	2.066021917166203892e+01	2.108196374369708437e+01	2.043869761035422528e+01	2.001262476636000898e+01	2.037920320599262425e+01	2.105608723448330366e+01	2.063207368162008848e+01	2.059900746066432475e+01
2.014015710339424814e+01	1.963440314068878934e+01	2.006224247457608101e+01	1.981138165377303295e+01	1.980105790164811097e+01	1.947605793753615089e+01	1.954332637099878411e+01	1.985375530728031279e+01	2.012632481777729510e+01	1.962287743134976381e+01	2.005250694676139034e+01	2.882752508302064953e+01	2.019302156182910224e+01	1.962532095548088762e+01	1.938738446781374947e+01	1.985457439964642035e+01	1.983174433133760672e+01	2.005951027667800801e+01	1.985518136867047545e+01	1.900334840464235953e+01	1.940272748931980118e+01	1.993303438481463985e+01	1.961601788260814061e+01	2.023820522294680657e+01	1.954771606969353215e+01	1.988014026864814099e+01	2.022818427206140157e+01	1.969625880339969370e+01	1.984453037175163459e+01	1.970079879256947208e+01	1.988049775430506827e+01	1.943441239414423904e+01	1.998107069278327685e+01	2.015167437040367560e+01	2.076302505484460070e+01	2.014930042041307701e+01	1.919574960611151582e+01	1.942808826014752910e+01	1.948906131338054948e+01	1.914295555700370244e+01	2.012402736122366065e+01	2.000082987796958989e+01	2.027963805155087229e+01	2.010979978177784844e+01	2.011446477598553528e+01	1.932051904695216393e+01	1.956490011390689077e+01	2.008546687041140544e+01	2.024515474309270502e+01	2.012080732813556239e+01
2.046177035869519401e+01	2.022860378649894386e+01	1.996963438256045720e+01	2.031156943346234556e+01	1.975190938280632480e+01	2.013381256284063170e+01	2.035260371611346741e+01	2.042298354008677563e+01	2.062904499089237831e+01	1.993222925093725095e+01	2.054840253641487635e+01	2.019302156182910224e+01	3.015093437680379651e+01	2.019983050630269972e+01	1.955542281769943358e+01	2.011578814653310587e+01	2.045237594671608150e+01	2.062249755227180614e+01	1.975237786718962596e+01	1.994906861075862281e+01	1.999108695083192799e+01	2.041349241448573792e+01	2.003710363497394553e+01	2.011221937148701144e+01	1.990456163679208856e+01	2.043501940728264188e+01	2.062077703576058951e+01	1.996914822137540924e+01	2.048382868982287519e+01	1.989806936052120889e+01	2.046869975748017012e+01	1.991683091190277821e+01	2.034031664069034662e+01	2.043837837557941128e+01	2.053649613331733192e+01	2.049023661076289571e+01	1.972501332637612848e+01	1.960083455883328440e+01	1.973786365876354409e+01	2.011950403607373872e+01	2.046415570922375693e+01	2.028220224754061718e+01	2.029884139722213732e+01	2.067135380678465140e+01	2.041142723569909734e+01	1.987881797638804215e+01	2.027536706330640115e+01	2.004885766234896494e+01	2.011411405304525601e+01	2.057102092025342088e+01
2.007382331168039968e+01	1.977980119840180606e+01	2.024009007626233725e+01	1.983062272483852695e+01	1.955254365555991214e+01	1.993779090240482077e+01	1.985204366050032121e+01	1.989240433858731549e+01	2.026726784144301163e+01	1.971268527395050185e+01	2.007856667979185872e+01	1.962532095548088762e+01	2.019983050630269972e+01	2.915496517302178603e+01	1.948509525996892933e+01	2.021912817945816698e+01	2.022518172588585017e+01	2.051633910096810709e+01	1.974225073338520531e+01	1.916969431942310109e+01	1.987609803392039964e+01	1.953374612862515036e+01	2.023703819923922254e+01	1.994262088073964989e+01	1.997413229056845907e+01	1.968384853994540507e+01	2.023377057595584461e+01	2.027796297211027721e+01	2.024765726242265984e+01	1.995837737249559751e+01	1.989269619819726742e+01	1.965023538755189847e+01	1.977153746716830796e+01	2.010481569519333434e+01	2.000819500593605937e+01	2.041478880063899837e+01	1.967697670010035793e+01	1.966347695160312625e+01	1.972764060354603544e+01	1.941260552935553818e+01	1.981120435542821667e+01	1.983215189139254875e+01	2.007205087225710471e+01	2.020345389270822878e+01	1.998909135956217042e+01	1.963461469774746249e+01	1.979254213703250187e+01	1.963572950888291047e+01	2.009714009834657489e+01	2.013887115208910927e+01
1.959440988801442529e+01	1.949012423176283804e+01	1.975697529089545412e+01	1.970535693509879849e+01	1.954513571594812760e+01	1.984343084633869836e+01	1.941923795093159200e+01	1.974650946542466556e+01	1.956079122620525013e+01	1.940653534817820258e+01	1.988956754921824910e+01	1.938738446781374947e+01	1.955542281769943358e+01	1.948509525996892933e+01	2.886687831325197351e+01	1.973875204164530572e+01	1.944132931224891436e+01	1.963444864051771788e+01	1.951606141613208223e+01	1.906998600438368641e+01	1.914393995943578375e+01	1.946708314446226851e+01	1.987079085301180115e+01	1.946245691193659866e+01	1.943232027324415867e+01	1.964810840599524155e+01	2.023386956518453417e+01	2.004713654068897810e+01	1.995230979398420601e+01	1.954114496686068492e+01	1.982965665420539025e+01	1.983845012673941355e+01	1.999598617982896798e+01	2.068511905449422628e+01	1.998162810948413082e+01	2.001323190389356199e+01	1.949158733080377814e+01	1.952679674905818530e+01	1.962803017439233599e+01	1.924441367598608466e+01	1.967059434038082699e+01	1.969780004095779091e+01	1.972541594347061178e+01	2.035853683769656186e+01	2.002873161294102644e+01	1.948260823136788744e+01	1.957140028587413383e+01	1.947059202701904113e+01	1.992577267814656494e+01	1.979804164265873112e+01
2.018877837075606863e+01	2.012166517037100633e+01	2.018845917668535250e+01	2.005637599869084653e+01	1.997224724464205892e+01	1.981152340286461566e+01	2.002143784175052588e+01	2.038941358799183945e+01	2.011694199886245116e+01	1.974949914267077844e+01	2.073081726271584557e+01	1.985457439964642035e+01	2.011578814653310587e+01	2.021912817945816698e+01	1.973875204164530572e+01	2.999727984869517172e+01	2.023467903786212574e+01	2.035789199191703602e+01	1.983556110628965996e+01	1.930775868128398542e+01	2.017381964628510005e+01	2.003205487948627805e+01	2.004056433376514690e+01	2.001634688131981932e+01	2.018207903584142571e+01	1.991924163000892634e+01	2.063583101299565570e+01	2.037924666177207556e+01	2.020055813386846211e+01	2.023793868407505414e+01	2.061882721328956336e+01	1.962862752781437692e+01	2.010120661038090262e+01	2.080924168078278313e+01	2.021462698609441588e+01	2.051777394375682206e+01	1.971956009989047232e+01	1.973609402275230451e+01	1.971725816992592328e+01	1.953662985356514525e+01	1.971494224329030942e+01	2.022170310428162665e+01	1.999157812568362047e+01	2.045298440806872264e+01	2.094019010466883302e+01	1.957760900878714594e+01	1.990996452233146741e+01	2.016718555959414516e+01	2.036902373527001231e+01	2.037401891544123700e+01
2.081874828507305253e+01	2.023517909380522894e+01	2.034936385672907733e+01	2.061811425384891194e+01	2.031486697543087061e+01	2.019962832972797528e+01	1.999111228261222095e+01	2.034433789312520702e+01	2.004477624961264226e+01	2.031143539090607320e+01	2.058501131159624720e+01	1.983174433133760672e+01	2.045237594671608150e+01	2.022518172588585017e+01	1.944132931224891436e+01	2.023467903786212574e+01	3.093317542447907798e+01	2.063884500618952345e+01	1.955125006650286323e+01	1.975001451212162706e+01	2.004413839619161664e+01	2.030924603330597478e+01	2.043354383838527255e+01	1.995457695375901608e+01	2.005618712920795943e+01	2.025226784429542448e+01	2.095285592037878075e+01	2.033774934795998490e+01	2.046154431081980007e+01	2.011475147569630195e+01	2.027380234341427112e+01	2.027526960224635033e+01	2.040555939456191581e+01	2.089574935298113445e+01	2.056923618855348579e+01	2.091837034915854687e+01	1.998140737431584313e+01	2.019470400126349219e+01	1.977899380516423733e+01	1.952909083838921944e+01	2.014783653959349863e+01	2.049803224303187221e+01	2.075739385981232843e+01	2.066109710943675992e+01	2.064586933536143576e+01	2.052544887413920094e+01	1.996334486375747730e+01	2.039079293366464896e+01	2.041323767014029755e+01	2.045508003295800137e+01
2.023291867428791591e+01	2.036481721316755511e+01	2.045039935563069022e+01	2.068866847960829958e+01	2.015444520782694937e+01	2.059953129319097442e+01	1.981448366702562325e+01	2.007914464992913395e+01	2.027367133538852428e+01	2.010973599132204725e+01	2.058524135397291488e+01	2.005951027667800801e+01	2.062249755227180614e+01	2.051633910096810709e+01	1.963444864051771788e+01	2.035789199191703602e+01	2.063884500618952345e+01	3.016226281790050123e+01	1.995088777064494678e+01	1.977063468854575135e+01	1.996689474589710755e+01	2.036159468835962372e+01	2.021859895830025167e+01	2.049519457705134684e+01	1.999377676512057533e+01	2.052308845794985004e+01	2.068325117522270418e+01	2.034325465265270338e+01	2.083750659497608382e+01	2.032175838131273338e+01	2.027536428002885316e+01	2.004220627777516128e+01	2.030772610559943558e+01	2.104279828596463631e+01	2.049943018672160022e+01	2.081496681955798778e+01	1.969479326703042332e+01	2.009985722779857298e+01	1.964005436973504004e+01	1.968618588941590630e+01	2.027244627671935717e+01	2.043389620812357776e+01	2.050568467945766926e+01	2.088320538349983835e+01	2.098975056603137901e+01	2.016285630162990827e+01	2.023936747491846333e+01	2.041641401184635285e+01	2.046615409394092211e+01	2.077886257130480274e+01
1.976356175574985485e+01	1.944872587464550406e+01	1.992334029695853559e+01	1.929508372663710603e+01	1.986596456542511291e+01	1.940068338066069487e+01	1.947585530970280132e+01	2.022742257726446269e+01	2.026978025787308013e+01	1.952679782394697128e+01	2.049875741743086976e+01	1.985518136867047545e+01	1.975237786718962596e+01	1.974225073338520531e+01	1.951606141613208223e+01	1.983556110628965996e+01	1.955125006650286323e+01	1.995088777064494678e+01	2.938546705156169381e+01	1.917030002520537124e+01	1.935767379704230251e+01	1.981463743176366066e+01	1.955340735470731772e+01	1.976277649497285083e+01	1.952417526824908478e+01	2.011827352287421888e+01	2.019881676154867023e+01	1.996832140859775606e+01	2.025138865856145998e+01	1.986289097629707712e+01	2.045601999330737186e+01	1.936482007673254913e+01	1.980714018081173933e+01	2.039810279211339861e+01	2.021480084031703939e+01	2.032713504499183088e+01	1.946552677108757479e+01	1.942509737490748378e+01	1.918939088940075166e+01	1.914616438056364700e+01	1.991802205591782382e+01	1.969549208568421861e+01	2.010342232791852268e+01	2.041080290225793803e+01	2.021114858974206996e+01	1.956566132845951245e+01	1.943103260560956613e+01	2.023572331608238528e+01	2.007472526705695159e+01	2.027423900068661666e+01
1.963847744720694166e+01	1.912562210745326752e+01	1.943665750589717334e+01	1.935645938584850967e+01	1.917636136293236504e+01	1.956788306612732598e+01	1.927000228911833801e+01	1.932290736139310283e+01	1.962263120412437445e+01	1.934301284195133519e+01	1.970683677844341730e+01	1.900334840464235953e+01	1.994906861075862281e+01	1.916969431942310109e+01	1.906998600438368641e+01	1.930775868128398542e+01	1.975001451212162706e+01	1.977063468854575135e+01	1.917030002520537124e+01	2.870222873900721794e+01	1.879686294085448850e+01	1.916280983258245740e+01	1.880599292161798530e+01	1.906999976374383010e+01	1.910646890113508789e+01	1.922296114793764588e+01	1.985328625914587164e+01	1.974255888101626866e+01	1.959190402179887869e+01	1.888681743833874549e+01	1.940379105704293039e+01	1.932568939424099597e+01	1.940508720498602102e+01	1.970268325662653908e+01	1.977390901182024407e+01	1.980560318593853708e+01	1.907747305128667392e+01	1.886979405241702779e+01	1.919501820946469905e+01	1.902179576167779729e+01	1.919831244571053475e+01	1.962034754389892299e+01	1.917954261788545622e+01	2.019902525967484763e+01	1.968296908157144642e+01	1.953891008300320919e+01	1.908332872240939437e+01	1.907561915348419745e+01	1.942920255070188418e+01	1.928917053899090561e+01
2.018087366906637925e+01	1.928954433127537271e+01	2.008113431391502246e+01	1.978911194440064136e+01	1.945956126809504028e+01	1.972831048320445291e+01	1.939274458428602443e+01	2.020716576675594567e+01	2.005658469512577824e+01	2.013649436824076133e+01	2.012175244396894058e+01	1.940272748931980118e+01	1.999108695083192799e+01	1.987609803392039964e+01	1.914393995943578375e+01	2.017381964628510005e+01	2.004413839619161664e+01	1.996689474589710755e+01	1.935767379704230251e+01	1.879686294085448850e+01	2.892686169918861694e+01	1.974073958809212925e+01	1.967123595649739087e+01	2.020788865717268479e+01	1.962790730088388358e+01	1.998273585238771233e+01	2.017188382170285976e+01	2.037166096757504619e+01	2.026534734026820672e+01	1.941012814901202432e+01	1.979451977170129595e+01	1.933282680103465268e+01	1.966136103716679884e+01	2.028072270137084132e+01	2.015792585363562139e+01	1.980414355194291431e+01	1.947597602138582218e+01	1.964808009413962253e+01	1.959751698867268033e+01	1.942003494547355302e+01	1.946405702175120922e+01	2.001872419262074843e+01	2.023299437605633955e+01	2.043484415363363027e+01	2.014136609313608517e+01	1.952933226192262239e+01	1.925422711525892083e+01	2.013166653188811139e+01	1.979104570516369321e+01	2.016208092753086589e+01
2.026872786804295501e+01	1.978429177615021928e+01	1.974758469122003390e+01	2.014395037578302805e+01	1.961549098944231062e+01	2.003722531627640180e+01	2.026282454267733613e+01	2.038000109923942560e+01	2.003541282188393424e+01	1.981727682934744905e+01	2.046747044221955392e+01	1.993303438481463985e+01	2.041349241448573792e+01	1.953374612862515036e+01	1.946708314446226851e+01	2.003205487948627805e+01	2.030924603330597478e+01	2.036159468835962372e+01	1.981463743176366066e+01	1.916280983258245740e+01	1.974073958809212925e+01	3.031597447123654376e+01	1.966998326551264498e+01	2.030963813901190917e+01	1.958571336915815664e+01	2.009155688571499354e+01	2.062037594058477552e+01	2.040499840797008346e+01	2.016687665534274032e+01	1.984395920489289722e+01	2.032615385877172542e+01	1.997727699428714843e+01	2.046087919289992740e+01	2.038283992858940863e+01	2.027163152746755870e+01	1.999139780070339967e+01	1.987642003908630883e+01	1.973840671453323736e+01	2.012069107204296614e+01	2.002883629301705071e+01	1.995930119604370034e+01	1.996661810089709022e+01	2.035341883745567060e+01	2.074326046305075621e+01	2.044363225597270528e+01	1.993048387691726120e+01	1.995149601529662675e+01	2.009314213582501552e+01	1.999783913890811604e+01	1.993976470838885717e+01
2.029595677501350437e+01	1.977651118433416144e+01	1.992034863084177587e+01	2.020036560315114116e+01	2.005958830996349462e+01	1.981918488782373444e+01	1.990067501538939254e+01	1.989467030409758053e+01	2.003564487580142384e+01	1.981158305548269993e+01	2.055005864578475894e+01	1.961601788260814061e+01	2.003710363497394553e+01	2.023703819923922254e+01	1.987079085301180115e+01	2.004056433376514690e+01	2.043354383838527255e+01	2.021859895830025167e+01	1.955340735470731772e+01	1.880599292161798530e+01	1.967123595649739087e+01	1.966998326551264498e+01	2.946669124125106265e+01	1.972343542348527023e+01	2.023615000679854958e+01	1.985623721811967712e+01	2.045217782279704366e+01	1.989765084784889382e+01	1.991168207809044333e+01	1.966853772044557758e+01	2.005634181919108272e+01	1.992424534610814035e+01	1.998487317354650017e+01	2.065140554632497683e+01	2.013714981493743394e+01	2.019376471458500788e+01	1.983202030811403560e+01	1.978051151461919233e+01	1.972232795114596016e+01	1.988877051954504793e+01	2.002733897978623290e+01	2.037996741203933126e+01	2.000025165885078238e+01	2.020372916254935092e+01	2.010964175291536549e+01	1.984037213419951584e+01	1.969411692501882882e+01	2.002600051506009038e+01	2.004464071620262899e+01	2.010387162982549469e+01
2.037614430059077719e+01	1.967201679893641497e+01	2.001911414663448952e+01	2.015868961874886622e+01	1.976538591304055004e+01	2.026931827766948047e+01	1.966488720755550901e+01	2.002971583868830052e+01	1.997640446139754289e+01	2.000324229376042950e+01	2.042805034628000982e+01	2.023820522294680657e+01	2.011221937148701144e+01	1.994262088073964989e+01	1.946245691193659866e+01	2.001634688131981932e+01	1.995457695375901608e+01	2.049519457705134684e+01	1.976277649497285083e+01	1.906999976374383010e+01	2.020788865717268479e+01	2.030963813901190917e+01	1.972343542348527023e+01	2.965715885726344681e+01	2.024303107019653680e+01	2.034038667664084343e+01	2.040896192592408198e+01	1.992928977036296345e+01	2.035910542965834225e+01	1.965152342102260263e+01	1.990015195938319792e+01	1.992890894218414743e+01	2.046531776521463897e+01	2.037460554490422737e+01	2.059598895862573542e+01	1.980099032044747887e+01	1.967613629221254001e+01	1.986228586236560645e+01	1.972010000368714699e+01	1.959635238365870791e+01	2.011183333262244943e+01	1.980848174936799211e+01	2.007844059943748860e+01	2.084263504568993497e+01	2.061813619006478504e+01	1.987739088870081261e+01	2.036811755035274984e+01	2.001694569907160215e+01	2.021381267360606060e+01	2.082335108200370399e+01
2.034678512334855682e+01	1.947468170949149879e+01	1.982839608953941735e+01	1.999945977965569099e+01	1.972645923049440242e+01	1.987980945715603198e+01	1.997771748148359450e+01	1.993270596357640301e+01	2.042839398910682647e+01	1.969223782404414536e+01	2.018327728078766370e+01	1.954771606969353215e+01	1.990456163679208856e+01	1.997413229056845907e+01	1.943232027324415867e+01	2.018207903584142571e+01	2.005618712920795943e+01	1.999377676512057533e+01	1.952417526824908478e+01	1.910646890113508789e+01	1.962790730088388358e+01	1.958571336915815664e+01	2.023615000679854958e+01	2.024303107019653680e+01	2.997012926684669765e+01	1.976587944113213169e+01	2.031293329350567234e+01	2.056301014515278780e+01	1.980130158721344458e+01	1.951096050419478800e+01	2.011897369090929999e+01	2.015629526571986929e+01	1.983434466976537891e+01	2.052238862622828108e+01	2.021576184601232384e+01	2.057834688631839626e+01	1.995028580718102162e+01	1.974231461707457669e+01	1.949545041967503067e+01	1.955388687956757821e+01	2.019652729550567827e+01	2.011389679900342742e+01	2.038962598712904040e+01	2.035885800035672588e+01	2.034811209846540336e+01	1.937899621656983840e+01	1.996696757989858284e+01	2.011312454715079312e+01	2.029215361952508800e+01	2.036738661938024109e+01
2.039085934679647494e+01	1.992897931525592270e+01	2.028269109786975122e+01	1.986026482604327370e+01	1.993700554767761801e+01	2.022718726357357610e+01	1.972716338855174101e+01	2.041460437957831431e+01	2.006481412449169000e+01	1.985701164969848520e+01	2.005348807946806389e+01	1.988014026864814099e+01	2.043501940728264188e+01	1.968384853994540507e+01	1.964810840599524155e+01	1.991924163000892634e+01	2.025226784429542448e+01	2.052308845794985004e+01	2.011827352287421888e+01	1.922296114793764588e+01	1.998273585238771233e+01	2.009155688571499354e+01	1.985623721811967712e+01	2.034038667664084343e+01	1.976587944113213169e+01	2.942948361383873745e+01	2.026946232342522691e+01	2.025799263583650145e+01	2.044904715577782994e+01	1.977050080492028172e+01	2.023533913967830244e+01	1.963188971106279368e+01	1.975876761212414934e+01	2.061982416257696826e+01	2.088588132196505498e+01	2.036435017348267706e+01	1.973165837333543848e+01	1.999686498604915386e+01	1.972047137233044722e+01	1.957100582409091416e+01	2.001471796814353610e+01	2.036332116526338609e+01	2.059597302812588993e+01	2.044261236471589172e+01	2.023260776041099618e+01	1.975362135949188058e+01	1.999016560069135195e+01	1.989277220704426341e+01	2.005243231780614366e+01	2.004403353627671791e+01
2.050929222052183931e+01	2.006306424664465382e+01	2.048455901577944616e+01	2.024093017782432113e+01	2.007649065225840701e+01	2.046129460327954419e+01	2.034233328146627073e+01	2.035014132845255475e+01	2.068280303732114689e+01	2.067710755434185899e+01	2.102633469836927560e+01	2.022818427206140157e+01	2.062077703576058951e+01	2.023377057595584461e+01	2.023386956518453417e+01	2.063583101299565570e+01	2.095285592037878075e+01	2.068325117522270418e+01	2.019881676154867023e+01	1.985328625914587164e+01	2.017188382170285976e+01	2.062037594058477552e+01	2.045217782279704366e+01	2.040896192592408198e+01	2.031293329350567234e+01	2.026946232342522691e+01	3.076747950920294272e+01	2.059126900133919236e+01	2.052792551990168590e+01	2.051345041205879838e+01	2.036380193801754146e+01	2.021974540120502795e+01	2.077647530728388148e+01	2.115963066904326340e+01	2.085867538054182901e+01	2.046872479357648089e+01	2.044247069950855433e+01	2.055845665012314072e+01	2.004442942966444008e+01	2.018299486698726497e+01	2.027859737384003935e+01	2.108126226454377772e+01	2.077149290377842661e+01	2.047048526123237622e+01	2.117277047190094663e+01	2.032727960918782273e+01	2.034981509545575307e+01	2.067678820514295879e+01	2.069062972161907510e+01	2.047801533255427486e+01
2.058704952556650980e+01	2.000058291074978811e+01	2.023401551148889865e+01	1.987152865146417113e+01	1.980232543822398839e+01	2.059311464945603021e+01	2.022307836542963599e+01	2.034210675346398389e+01	2.066320457702880731e+01	1.994492156529980065e+01	2.051793863614573610e+01	1.969625880339969370e+01	1.996914822137540924e+01	2.027796297211027721e+01	2.004713654068897810e+01	2.037924666177207556e+01	2.033774934795998490e+01	2.034325465265270338e+01	1.996832140859775606e+01	1.974255888101626866e+01	2.037166096757504619e+01	2.040499840797008346e+01	1.989765084784889382e+01	1.992928977036296345e+01	2.056301014515278780e+01	2.025799263583650145e+01	2.059126900133919236e+01	3.032251591933939849e+01	2.024190241337607432e+01	1.982900893483816418e+01	2.032099500756332233e+01	1.984089839125696386e+01	2.033540151668941576e+01	2.090600901121703004e+01	2.009447182894184891e+01	2.015508294920287824e+01	2.006933683221263109e+01	2.006301883823950760e+01	2.003495622211221061e+01	1.998622472816509443e+01	2.024333045797916242e+01	2.032186737335132420e+01	2.037634263749013996e+01	2.049196018630147975e+01	2.044771408819545755e+01	1.972478798766942987e+01	2.016853419270096026e+01	2.025169693963313833e+01	2.010919513849000495e+01	2.049666691602847735e+01
2.023816907380578201e+01	1.993442710994158773e+01	2.016669108521190878e+01	2.029837175085581791e+01	1.998583081659956662e+01	2.003573440432917963e+01	2.004365401412826131e+01	2.028835810771234094e+01	2.022134771578710755e+01	1.996306289316986238e+01	2.083925728446717329e+01	1.984453037175163459e+01	2.048382868982287519e+01	2.024765726242265984e+01	1.995230979398420601e+01	2.020055813386846211e+01	2.046154431081980007e+01	2.083750659497608382e+01	2.025138865856145998e+01	1.959190402179887869e+01	2.026534734026820672e+01	2.016687665534274032e+01	1.991168207809044333e+01	2.035910542965834225e+01	1.980130158721344458e+01	2.044904715577782994e+01	2.052792551990168590e+01	2.024190241337607432e+01	2.975030211814659253e+01	1.999918429141484211e+01	2.038048652727591659e+01	2.016606304302402464e+01	2.041355499479857727e+01	2.059447405359081174e+01	2.029370803450824923e+01	2.058552257840009858e+01	2.014140056955403324e+01	2.014434594785187471e+01	1.995565618069677782e+01	1.967709077752648739e+01	2.030013418332508479e+01	2.062197737277847409e+01	2.049786890114862814e+01	2.072999199531477288e+01	2.065086520481455779e+01	1.997018403495006211e+01	2.013044528549252021e+01	2.024686820756052441e+01	2.023850563116712920e+01	2.046431799289420539e+01
1.992122975272722485e+01	1.998671443606495046e+01	1.980660633344616883e+01	2.008919884283075774e+01	1.977467543880639411e+01	1.975751863840672229e+01	1.972323811658318959e+01	1.995588583780753211e+01	2.017390446752013844e+01	1.938530145282078720e+01	2.001777382877342504e+01	1.970079879256947208e+01	1.989806936052120889e+01	1.995837737249559751e+01	1.954114496686068492e+01	2.023793868407505414e+01	2.011475147569630195e+01	2.032175838131273338e+01	1.986289097629707712e+01	1.888681743833874549e+01	1.941012814901202432e+01	1.984395920489289722e+01	1.966853772044557758e+01	1.965152342102260263e+01	1.951096050419478800e+01	1.977050080492028172e+01	2.051345041205879838e+01	1.982900893483816418e+01	1.999918429141484211e+01	2.905693203058196161e+01	2.025695017687251465e+01	1.963194900021521150e+01	2.013916768152057202e+01	2.063062908535943052e+01	2.011837964588087502e+01	2.016475799182411066e+01	1.981123779773036020e+01	1.971891979908617643e+01	1.925125617687123381e+01	1.984141647962198363e+01	1.982068334704662149e+01	2.027821853724991641e+01	1.987853003180968869e+01	2.041783985883609986e+01	2.005209574830776731e+01	1.955851782376007364e+01	1.966491175485177578e+01	2.002251056861262413e+01	2.020943697811456374e+01	1.995553008341828161e+01
2.074995913333343367e+01	2.002291376151487867e+01	1.989358898061245995e+01	2.057733510498613327e+01	2.004654850889852469e+01	2.029963385980635238e+01	2.007389669639427865e+01	2.036148684239019246e+01	2.042346403589239756e+01	1.989425156338981182e+01	2.080960180518464497e+01	1.988049775430506827e+01	2.046869975748017012e+01	1.989269619819726742e+01	1.982965665420539025e+01	2.061882721328956336e+01	2.027380234341427112e+01	2.027536428002885316e+01	2.045601999330737186e+01	1.940379105704293039e+01	1.979451977170129595e+01	2.032615385877172542e+01	2.005634181919108272e+01	1.990015195938319792e+01	2.011897369090929999e+01	2.023533913967830244e+01	2.036380193801754146e+01	2.032099500756332233e+01	2.038048652727591659e+01	2.025695017687251465e+01	3.073610335582497655e+01	2.047188600487860199e+01	2.024947493375528040e+01	2.041009636147019179e+01	2.033967604626317538e+01	2.069494857627459083e+01	2.014483288451575049e+01	2.014429168864635855e+01	2.038622021065324219e+01	2.002674990505407848e+01	2.024446074609716106e+01	2.068772842651518928e+01	2.013682158403496203e+01	2.096330221865262544e+01	2.074443806775452614e+01	2.026935882168834624e+01	2.036038752487904091e+01	2.022145789367400681e+01	2.045995862931523490e+01	2.028207417065452844e+01
2.022206533495747394e+01	1.946664658814739468e+01	2.006256763958240086e+01	1.983597796775008604e+01	1.995275666916166912e+01	1.973450794609944836e+01	1.974167306188190096e+01	1.973250152708526883e+01	2.008406430457484504e+01	1.991180275228748187e+01	2.006518309746105899e+01	1.943441239414423904e+01	1.991683091190277821e+01	1.965023538755189847e+01	1.983845012673941355e+01	1.962862752781437692e+01	2.027526960224635033e+01	2.004220627777516128e+01	1.936482007673254913e+01	1.932568939424099597e+01	1.933282680103465268e+01	1.997727699428714843e+01	1.992424534610814035e+01	1.992890894218414743e+01	2.015629526571986929e+01	1.963188971106279368e+01	2.021974540120502795e+01	1.984089839125696386e+01	2.016606304302402464e+01	1.963194900021521150e+01	2.047188600487860199e+01	2.974112691607773229e+01	1.995160252866527273e+01	2.062204899462629726e+01	1.952072308064621708e+01	1.993075615944531975e+01	1.942542780388689394e+01	1.955438348165976947e+01	1.983783137293660559e+01	1.964271631302807108e+01	1.995865033369933883e+01	1.986076623195554802e+01	2.009824763951765192e+01	2.067635158716561605e+01	2.024827982849627972e+01	1.939275784271105607e+01	1.966196987285866271e+01	1.991341159258505300e+01	2.020842265291982898e+01	2.008597615871923736e+01
