2.980883122727467693e+01	1.986030831418776899e+01	2.022739889304617833e+01	1.963796634790625717e+01	2.024938074268965593e+01	2.031610472078041241e+01	2.003315960438263943e+01	1.972123198401204291e+01	1.975486912958531960e+01	2.029708713719134039e+01	1.979367836865339214e+01	1.987335647703658026e+01	1.985770063210476621e+01	2.000420036094579146e+01	2.020324015493161340e+01	1.995187129824419614e+01	2.007867223467132334e+01	1.970583121442788865e+01	1.943893235865700930e+01	1.986459776828929691e+01	1.997437621844818878e+01	1.957616349680675683e+01	1.982708903917802701e+01	1.972839942618131914e+01	1.961394183357668908e+01	1.982081935842052545e+01	1.995846479906519022e+01	2.015875698276581929e+01	2.051112400227781407e+01	1.949431823501033634e+01	1.987493594226821259e+01	2.001665762762581835e+01	1.978120916669908169e+01	2.033882202122985916e+01	1.998449390901255995e+01	2.059014842148101820e+01	1.965310520065812838e+01	2.036548799844196012e+01	1.976120192336425774e+01	2.058006569469011282e+01	2.022823686769516272e+01	2.028460684531878400e+01	1.997161829875008365e+01	1.986011554930996326e+01	2.030949059852668981e+01	2.025048008961817558e+01	2.051790467914638683e+01	1.976314168691869355e+01	1.992392285658194950e+01	1.968640754830139983e+01
1.986030831418776899e+01	2.998022011398290942e+01	1.979878455112000779e+01	1.996179070768652508e+01	2.025607818629879731e+01	2.016252793922210529e+01	1.994341151193552264e+01	1.986953242071677295e+01	2.031260959109075159e+01	2.021632213528738831e+01	1.969258905897209289e+01	2.004121758673908715e+01	2.001672653796983781e+01	2.000094028168961202e+01	2.023825818440085200e+01	2.022110062480070169e+01	2.014265501471462017e+01	2.024564702601832877e+01	1.964247733329628787e+01	2.022547861494868116e+01	1.987814217045342602e+01	1.967244669559045178e+01	2.019665062132211730e+01	2.055676208612545963e+01	1.929402843548540147e+01	1.984529391433299494e+01	2.056269496163940502e+01	2.038803347163190693e+01	2.037038177889443702e+01	1.980584903627366700e+01	1.997777606750939583e+01	2.001026970968453966e+01	2.006676454744796345e+01	2.022273527140598404e+01	2.035139715861889798e+01	2.045736409750565343e+01	2.005374313774452588e+01	2.009759548075306412e+01	1.980633887601371157e+01	2.021461710804078393e+01	2.018106355219594761e+01	2.022416524143494598e+01	2.027807936507814546e+01	2.022508647658165160e+01	2.043517240865079643e+01	2.006409249735702716e+01	2.088555588491241011e+01	2.018637657265012919e+01	1.984714083609817692e+01	2.021486017881430541e+01
2.022739889304617833e+01	1.979878455112000779e+01	2.968537085470211068e+01	1.997679767924494598e+01	2.022691255991255943e+01	1.981534241727187862e+01	1.956400188529526574e+01	1.965277854255858259e+01	1.983746603105880979e+01	1.961825180329548601e+01	1.919666289572547058e+01	1.970754425326057202e+01	1.991156437796992762e+01	1.994080463100796763e+01	1.971741775240722561e+01	1.997036074187352384e+01	1.954174542089809563e+01	1.973358512716683322e+01	1.964621224678913691e+01	1.963127278706440038e+01	1.952472602849194772e+01	1.936951256803894594e+01	1.948413178906919185e+01	1.968549183176603989e+01	1.941581074848137334e+01	1.980117384176889672e+01	1.992950816041455653e+01	1.975944497732028537e+01	2.009923979842345076e+01	1.990082709637781377e+01	1.946150465319606226e+01	2.006533111531313196e+01	1.993129331399789450e+01	1.993382788293447305e+01	1.994575178890863398e+01	2.025764612156343958e+01	1.941338828586365395e+01	1.959188420352106874e+01	1.973170564310824915e+01	2.012931829594414879e+01	2.005625299875233480e+01	2.011255826855238737e+01	1.992891716297567228e+01	2.006612239386518937e+01	2.017460581975288747e+01	1.996231461266758345e+01	2.053114118826608347e+01	1.944557542994050792e+01	2.010415090060703136e+01	1.979506315630954916e+01
1.963796634790625717e+01	1.996179070768652508e+01	1.997679767924494598e+01	2.969017519188929555e+01	2.018497979755731109e+01	2.002366869472710320e+01	1.977950334584614467e+01	1.962309120217467395e+01	2.043231838156968294e+01	1.998365289477375484e+01	1.937600118802129856e+01	1.993538478432788708e+01	2.007184356946654447e+01	2.008837860121500896e+01	2.017523287704712587e+01	2.010397641254939316e+01	1.986874393331402899e+01	2.015558788772197829e+01	1.963800325990390050e+01	1.994481804619284304e+01	1.987725550456810808e+01	1.982489156690250098e+01	1.993649817267870361e+01	2.024663439233784956e+01	1.979710368189066827e+01	1.978048993847549042e+01	2.022779713928350986e+01	1.967333977513043664e+01	2.006829807119725118e+01	1.959655445621415737e+01	1.987924673419833965e+01	2.006960394476121223e+01	1.997925581152094665e+01	2.015916411146505283e+01	1.988663347285827498e+01	2.022882171584285160e+01	1.969816177568243276e+01	2.057620650467440626e+01	1.954230741856516573e+01	2.031707877184081212e+01	2.014498319785032265e+01	2.047377310955937091e+01	1.994417176408916603e+01	2.013716628804963449e+01	2.030013358154355885e+01	2.019924568860553649e+01	2.071450784423312896e+01	1.959843374057081888e+01	1.988665830764779585e+01	2.030255675890790457e+01
2.024938074268965593e+01	2.025607818629879731e+01	2.022691255991255943e+01	2.018497979755731109e+01	3.029251697208625060e+01	1.964987250779094197e+01	1.997299121424673274e+01	1.964557891615636009e+01	2.040909668754586548e+01	2.004407052767709274e+01	1.978394406172696662e+01	1.993758620940203485e+01	1.965508941912695207e+01	2.003647938835189635e+01	2.034341548125371801e+01	2.008115087293369427e+01	1.993719134399396964e+01	1.984106711616618313e+01	1.970130924011182572e+01	1.988953350055497538e+01	2.003129578750057505e+01	1.966548152819560968e+01	1.997401414057628699e+01	1.994813091397778138e+01	1.950350232909290327e+01	1.998027536441668772e+01	2.028792391469774259e+01	2.020779127359924843e+01	2.047121400141670478e+01	1.962942263651285657e+01	2.009747278117087532e+01	2.040299680847251906e+01	2.034869855588257437e+01	2.025348038208309376e+01	2.008662298479200459e+01	2.049443249758247987e+01	2.018183196846368688e+01	2.039037461982252708e+01	1.973664851837262901e+01	2.010896594806489546e+01	2.066219989098158294e+01	2.036548850287630685e+01	2.061052787560829458e+01	2.008449702508719525e+01	2.071353452542906481e+01	2.031477584113778434e+01	2.069877314023574044e+01	2.003629821319436388e+01	2.035066644364592392e+01	2.014636085567003931e+01
2.031610472078041241e+01	2.016252793922210529e+01	1.981534241727187862e+01	2.002366869472710320e+01	1.964987250779094197e+01	2.966277016000025313e+01	1.972568266437834694e+01	1.951577984980265157e+01	1.989663698590518948e+01	1.975445063232798759e+01	1.949588544975865645e+01	1.982162354123315140e+01	1.995124652528607001e+01	2.013957211492074961e+01	2.016265829984983071e+01	2.009891186631381288e+01	1.969867454906649229e+01	1.991745904315270721e+01	1.922490926496418595e+01	1.972621500039545239e+01	1.939144965188277325e+01	1.952474065220894417e+01	1.989538214273171235e+01	2.005795997151906818e+01	1.928876204677618489e+01	1.990287341953829170e+01	2.020048883414017382e+01	2.012488255579615526e+01	2.048328441408303391e+01	1.969686562810490216e+01	1.979234389092097857e+01	2.010178549715879370e+01	2.015088302918476160e+01	2.037523195601133708e+01	1.984752798472333879e+01	2.027561157964685634e+01	2.008575093620036611e+01	2.026872851962398059e+01	1.994758578780845681e+01	1.987279887908527343e+01	2.031813274407130621e+01	2.034189955370944247e+01	2.025797574324226247e+01	1.991477368877735898e+01	2.048074172556390238e+01	2.013939456590818367e+01	2.038315090854327138e+01	1.954560948744209981e+01	1.960616048425126934e+01	1.997249283698480582e+01
2.003315960438263943e+01	1.994341151193552264e+01	1.956400188529526574e+01	1.977950334584614467e+01	1.997299121424673274e+01	1.972568266437834694e+01	2.914859165897797055e+01	1.954832551735679758e+01	2.015440057807243335e+01	1.981181167477901184e+01	1.966695300827248616e+01	1.952149432699406617e+01	1.994192686656575120e+01	1.970516878511019954e+01	2.039196731715438204e+01	1.997671506290485510e+01	1.956428424240978003e+01	1.967343816905589904e+01	1.913422746321770163e+01	1.989398908158743495e+01	1.923776157300596523e+01	1.935610830987156916e+01	1.996880484875817885e+01	1.976335973379547539e+01	1.956508914953144185e+01	1.974976815715734801e+01	2.011039244582364560e+01	1.977544751193070738e+01	2.016572545043151976e+01	1.894556430733556951e+01	1.965149669114772024e+01	2.024877485886741013e+01	1.985969673684038383e+01	1.991023648800475598e+01	1.959362056026230547e+01	2.021225042302904029e+01	1.957690271966865581e+01	1.983655443662026840e+01	1.938179081850449492e+01	2.007754611501520969e+01	1.981561620442213822e+01	1.985348099825861468e+01	2.038777272299340027e+01	1.988181936329145572e+01	1.980867005228665434e+01	1.990951031204894761e+01	2.042946292176353040e+01	1.921574535728833055e+01	1.953107599563623964e+01	1.959211092068455784e+01
1.972123198401204291e+01	1.986953242071677295e+01	1.965277854255858259e+01	1.962309120217467395e+01	1.964557891615636009e+01	1.951577984980265157e+01	1.954832551735679758e+01	2.931511179157395119e+01	1.958937195542857168e+01	1.962064628011156842e+01	1.940179630555707035e+01	1.936419140656983018e+01	1.950052985526172478e+01	1.969339985705933316e+01	1.977616838162136759e+01	1.975245197532882457e+01	1.920509411965926105e+01	1.958865294369528343e+01	1.916415455692469649e+01	1.947855157246603142e+01	1.913769061669162852e+01	1.955024757455300133e+01	1.971841883727273270e+01	2.031539280432553340e+01	1.966888405918179572e+01	1.950596321465564031e+01	1.994874139245877132e+01	1.931757946347505239e+01	2.000194369887080725e+01	1.894795303966019873e+01	1.929587466803233653e+01	1.982536128805618247e+01	1.977925198848447508e+01	1.943366262715634107e+01	1.958589630771747636e+01	2.022175056548751471e+01	1.938213598975049479e+01	1.944557194740485784e+01	1.935963632757110631e+01	1.974720201469553871e+01	1.943622715511792620e+01	1.986159531465438377e+01	1.975266772677608884e+01	1.992106071611068074e+01	2.002439775090373431e+01	1.974964511574509274e+01	1.972231521875169946e+01	1.931144315290660884e+01	1.931988568178563526e+01	1.943822785095339256e+01
1.975486912958531960e+01	2.031260959109075159e+01	1.983746603105880979e+01	2.043231838156968294e+01	2.040909668754586548e+01	1.989663698590518948e+01	2.015440057807243335e+01	1.958937195542857168e+01	2.986500148573870916e+01	2.006536726090758549e+01	1.967152063234249937e+01	2.004518041816084661e+01	2.012066776398753021e+01	1.983459533551770448e+01	2.023990066011511146e+01	2.037691973007780177e+01	2.006176764450020045e+01	2.016576486652726174e+01	1.999910653816085215e+01	2.025852921976362708e+01	1.998283531965995508e+01	2.018837231321565895e+01	2.009712538158819939e+01	2.037466846627571826e+01	1.949037323900874696e+01	1.985513568495981929e+01	2.031060804533802866e+01	2.041908482800852553e+01	2.051764932089423610e+01	2.012013219961813348e+01	2.010615543777813130e+01	2.006214519062704227e+01	2.038602896353304672e+01	2.023974615286854828e+01	2.069979880391173666e+01	2.079484964498653099e+01	2.015648346248285350e+01	2.023033606345612512e+01	1.977353306273864675e+01	2.067141386508884082e+01	2.039144312478730114e+01	2.018965897833700751e+01	1.996988965209003908e+01	2.029867800398464794e+01	2.030779278889674444e+01	2.008157312658280347e+01	2.072189099476026541e+01	2.005033433102610374e+01	2.017529840356014859e+01	2.011045857259086844e+01
2.029708713719134039e+01	2.021632213528738831e+01	1.961825180329548601e+01	1.998365289477375484e+01	2.004407052767709274e+01	1.975445063232798759e+01	1.981181167477901184e+01	1.962064628011156842e+01	2.006536726090758549e+01	2.930069074380460847e+01	1.915960818670458110e+01	2.001640600534650005e+01	1.996308267976170825e+01	2.031711973310647679e+01	2.021801656287507498e+01	2.021884750684151300e+01	1.979438894249229364e+01	2.004979248248449508e+01	1.926781500547367187e+01	1.935153795686399292e+01	1.950898493845097548e+01	1.934464509191235138e+01	1.991689253778740820e+01	2.010837893030616641e+01	1.953340877871492154e+01	1.983112686513112521e+01	2.014264609946526363e+01	2.014908039871708567e+01	2.038429524734135612e+01	1.953337756300228989e+01	1.978674861902755211e+01	1.977048296553978801e+01	1.995363429565828284e+01	2.002461496021200915e+01	2.010341022096776342e+01	2.051042955573109694e+01	1.948065208670632131e+01	1.979858172279137563e+01	1.977436618897590392e+01	2.025114239222262569e+01	2.030804942058842144e+01	2.002763590524629223e+01	1.981047314474237098e+01	2.005310988018515772e+01	2.013438026713929929e+01	1.994278600528913969e+01	2.032424121814826989e+01	1.964942425634626488e+01	2.000664505812772731e+01	1.997209314706661942e+01
1.979367836865339214e+01	1.969258905897209289e+01	1.919666289572547058e+01	1.937600118802129856e+01	1.978394406172696662e+01	1.949588544975865645e+01	1.966695300827248616e+01	1.940179630555707035e+01	1.967152063234249937e+01	1.915960818670458110e+01	2.886570429436273244e+01	1.952764644262475358e+01	1.961283201900805295e+01	1.919417124921660189e+01	1.953539699562501397e+01	1.950033806072697828e+01	1.899172775150723425e+01	1.939740933422682900e+01	1.914561378893897015e+01	1.992548347338691173e+01	1.903582459771707747e+01	1.911680207065607107e+01	1.950923388169115924e+01	1.969678366712706108e+01	1.887152571636137210e+01	1.918085233959877911e+01	1.996324828081480973e+01	1.949376198278844186e+01	1.999367767161044895e+01	1.933771877773635239e+01	1.912687634991394958e+01	1.959647380919498616e+01	1.957406157103334365e+01	1.935925427631331885e+01	1.937150544771642302e+01	1.991867964626983323e+01	1.951588258789853825e+01	2.002279667084837911e+01	1.914217770893186099e+01	1.960316168783717572e+01	1.986412513287540094e+01	1.964633910783638981e+01	1.978614965681449078e+01	1.946201302038911507e+01	1.975531586210458102e+01	1.976652387195580118e+01	2.044114855118945329e+01	1.915547514352144631e+01	1.950940492588836861e+01	1.945947067636200245e+01
1.987335647703658026e+01	2.004121758673908715e+01	1.970754425326057202e+01	1.993538478432788708e+01	1.993758620940203485e+01	1.982162354123315140e+01	1.952149432699406617e+01	1.936419140656983018e+01	2.004518041816084661e+01	2.001640600534650005e+01	1.952764644262475358e+01	2.993414821345319510e+01	1.989060335701926263e+01	1.995313372620018200e+01	1.999393166057559412e+01	2.025372774241934692e+01	1.949034727781662824e+01	2.003856585047615013e+01	1.975517729630186281e+01	1.958112797520507087e+01	1.939031706772465213e+01	2.007048758936752009e+01	1.966063885933101574e+01	1.985596343342409398e+01	1.901696099934453343e+01	1.992412610240268833e+01	2.046876516521738409e+01	2.001025429130682909e+01	2.037242054824058357e+01	1.955650161713342428e+01	1.966340784441506884e+01	1.981248479885029923e+01	1.977336155898524339e+01	1.963576495448523218e+01	2.010261315389508852e+01	2.031191678243320808e+01	1.975063699393022532e+01	2.039168299802206263e+01	1.972365380521571865e+01	2.030952774545174933e+01	2.023263451198622676e+01	2.010143823143360464e+01	2.008122286142434731e+01	1.981712630978303480e+01	2.019358962413563674e+01	1.991455194420420938e+01	2.039981621808741252e+01	1.992731068803043470e+01	1.958986440632773451e+01	2.014128136582113271e+01
1.985770063210476621e+01	2.001672653796983781e+01	1.991156437796992762e+01	2.007184356946654447e+01	1.965508941912695207e+01	1.995124652528607001e+01	1.994192686656575120e+01	1.950052985526172478e+01	2.012066776398753021e+01	1.996308267976170825e+01	1.961283201900805295e+01	1.989060335701926263e+01	2.981030715353319138e+01	2.015391286143978533e+01	1.963934500848963438e+01	2.023795832428176311e+01	1.938917575417440275e+01	1.976898633017448859e+01	1.963153098801561214e+01	2.026182819120417022e+01	1.959538166236945145e+01	1.954902066962017315e+01	2.014996942399754687e+01	1.986236499945902878e+01	1.929653464442179356e+01	1.969509328478095611e+01	2.040434865884415672e+01	2.034480146171922499e+01	2.031959924729327582e+01	1.939912174301043279e+01	1.984048408607120706e+01	2.012869090881128642e+01	1.945130537194961917e+01	1.969845108849954585e+01	2.000913220898698697e+01	2.030139175840117005e+01	1.992483883519937038e+01	2.011514867018043162e+01	1.952864513167691740e+01	2.026152362138695295e+01	2.031926487365885237e+01	1.998812601011195511e+01	1.990765758393877505e+01	1.987400612651737930e+01	2.036448672555372141e+01	2.011308111408689925e+01	2.061689581748466082e+01	1.974499503234613229e+01	1.971005635214071816e+01	1.918454638974011672e+01
2.000420036094579146e+01	2.000094028168961202e+01	1.994080463100796763e+01	2.008837860121500896e+01	2.003647938835189635e+01	2.013957211492074961e+01	1.970516878511019954e+01	1.969339985705933316e+01	1.983459533551770448e+01	2.031711973310647679e+01	1.919417124921660189e+01	1.995313372620018200e+01	2.015391286143978533e+01	2.991464431143860381e+01	2.027741567031318937e+01	2.030272537246988662e+01	1.980858557825372657e+01	1.975900403921004411e+01	1.959933922983451637e+01	1.990721510701975916e+01	1.963656949372790805e+01	1.982440883909853113e+01	2.003003428505827443e+01	2.021527376564571554e+01	1.981123702598491931e+01	2.006088855768842549e+01	2.050211289894900446e+01	2.025967239270256570e+01	2.052961733883621420e+01	1.937082901510004618e+01	1.990958232545535012e+01	2.006258183109206428e+01	1.998437308211808983e+01	1.984348330882919242e+01	2.019712635130487044e+01	2.072976883991738006e+01	1.975113297083689901e+01	2.032772251321130952e+01	1.981750289135532483e+01	1.974576920047355699e+01	2.087399804017215033e+01	2.007081117196722886e+01	2.002171048916549267e+01	2.017706687669580745e+01	2.064854142356167443e+01	2.007960460300678562e+01	2.083033675956925634e+01	2.004873615013284649e+01	2.027514545408780933e+01	2.016880465620921470e+01
2.020324015493161340e+01	2.023825818440085200e+01	1.971741775240722561e+01	2.017523287704712587e+01	2.034341548125371801e+01	2.016265829984983071e+01	2.039196731715438204e+01	1.977616838162136759e+01	2.023990066011511146e+01	2.021801656287507498e+01	1.953539699562501397e+01	1.999393166057559412e+01	1.963934500848963438e+01	2.027741567031318937e+01	2.997429785021090964e+01	2.031964620420139411e+01	1.957895147826622662e+01	2.026230163188481370e+01	1.955197316729426049e+01	1.989744993161663800e+01	1.995554317403205857e+01	1.988802440003029304e+01	2.013403303536865607e+01	2.020720025855662527e+01	1.996095905233450907e+01	2.016785329148585149e+01	2.029861833018546946e+01	2.011916980835056989e+01	2.038913979161257828e+01	1.953329683233515013e+01	2.004778479608658870e+01	2.018733984013646321e+01	2.037472173561631905e+01	2.022567818034135101e+01	2.027905665901515064e+01	2.096362221628202249e+01	1.989858985715418171e+01	2.046722541813975482e+01	1.981933747124341849e+01	2.015043879552391815e+01	2.060388005071153472e+01	2.014026108086039457e+01	2.034657691927854373e+01	2.019307312233902962e+01	2.034670130023292955e+01	2.027566515227526267e+01	2.069902377229536583e+01	1.999633308716237323e+01	1.990640216347787117e+01	2.021737574323665143e+01
1.995187129824419614e+01	2.022110062480070169e+01	1.997036074187352384e+01	2.010397641254939316e+01	2.008115087293369427e+01	2.009891186631381288e+01	1.997671506290485510e+01	1.975245197532882457e+01	2.037691973007780177e+01	2.021884750684151300e+01	1.950033806072697828e+01	2.025372774241934692e+01	2.023795832428176311e+01	2.030272537246988662e+01	2.031964620420139411e+01	3.057000470135545811e+01	2.011169653009997660e+01	1.999419228757898992e+01	1.988563082895003120e+01	2.020010905414093827e+01	1.964003863121708093e+01	2.003365410522020085e+01	2.016958896949808278e+01	2.054518940163140783e+01	1.989146934292181612e+01	1.979422003873280644e+01	2.114775596580026118e+01	2.027152201705197143e+01	2.086577409648570836e+01	1.953600381278978304e+01	2.016335677177450947e+01	2.030128512143770081e+01	2.018542460107320125e+01	2.020029437718227427e+01	2.015817651480116979e+01	2.059371810708952921e+01	2.015770883727734741e+01	2.020757654306189011e+01	1.989005306281688945e+01	2.039936563251995949e+01	2.025465123277736268e+01	2.035471386284272555e+01	2.016101892481653124e+01	2.035138960349037873e+01	2.080381091460424514e+01	2.039075291739132822e+01	2.082271474192073413e+01	1.972779328717249214e+01	2.021613753239817157e+01	2.022102184389090951e+01
2.007867223467132334e+01	2.014265501471462017e+01	1.954174542089809563e+01	1.986874393331402899e+01	1.993719134399396964e+01	1.969867454906649229e+01	1.956428424240978003e+01	1.920509411965926105e+01	2.006176764450020045e+01	1.979438894249229364e+01	1.899172775150723425e+01	1.949034727781662824e+01	1.938917575417440275e+01	1.980858557825372657e+01	1.957895147826622662e+01	2.011169653009997660e+01	2.937101873804973806e+01	1.936482451198004640e+01	1.923957318625207336e+01	1.970611665009840152e+01	1.919866967868351182e+01	1.959259492230399147e+01	1.955445643462971006e+01	1.981491919028356463e+01	1.958743863963836063e+01	1.953773306085395944e+01	1.977921230842208900e+01	1.991648105570789440e+01	1.994808735392866339e+01	1.907194367929202983e+01	1.969959057620154752e+01	1.972891725241023408e+01	1.935071767648264185e+01	1.965555415267263939e+01	1.967431070119290837e+01	2.010152500903113548e+01	2.002489670332688476e+01	1.981995876258531197e+01	1.980333969278749251e+01	1.960316575677905604e+01	1.978759096459536693e+01	1.951500596265776366e+01	2.006782574549685094e+01	1.933814887054420595e+01	2.014958158661861276e+01	1.966199223072009872e+01	1.988936628538147033e+01	1.919738834181801934e+01	1.987196105081723019e+01	1.937747336732611458e+01
1.970583121442788865e+01	2.024564702601832877e+01	1.973358512716683322e+01	2.015558788772197829e+01	1.984106711616618313e+01	1.991745904315270721e+01	1.967343816905589904e+01	1.958865294369528343e+01	2.016576486652726174e+01	2.004979248248449508e+01	1.939740933422682900e+01	2.003856585047615013e+01	1.976898633017448859e+01	1.975900403921004411e+01	2.026230163188481370e+01	1.999419228757898992e+01	1.936482451198004640e+01	2.978342877135953515e+01	1.942425313554339183e+01	1.976621708844112746e+01	1.949850726273053425e+01	2.026801000530986130e+01	2.008151962467971430e+01	2.023597886059556572e+01	1.957603205229280263e+01	2.037719202184001333e+01	2.054148760517634642e+01	2.007138909387082748e+01	2.047531380861119388e+01	1.938705090927873798e+01	1.972803536696213911e+01	2.005661785825058274e+01	1.977385604540877040e+01	2.020190883841692298e+01	2.011584116229007080e+01	2.070920982446032355e+01	1.966268247910891986e+01	2.006895749856495215e+01	1.953975322449786134e+01	2.054417491226691794e+01	2.027996891809394242e+01	2.034277386224620088e+01	2.010377284843796275e+01	2.021729917904903928e+01	2.064076347200752437e+01	2.014014652352530987e+01	2.058133957336200126e+01	1.950093720381128293e+01	1.988814110931102874e+01	2.002986440425291903e+01
1.943893235865700930e+01	1.964247733329628787e+01	1.964621224678913691e+01	1.963800325990390050e+01	1.970130924011182572e+01	1.922490926496418595e+01	1.913422746321770163e+01	1.916415455692469649e+01	1.999910653816085215e+01	1.926781500547367187e+01	1.914561378893897015e+01	1.975517729630186281e+01	1.963153098801561214e+01	1.959933922983451637e+01	1.955197316729426049e+01	1.988563082895003120e+01	1.923957318625207336e+01	1.942425313554339183e+01	2.903861396095879854e+01	1.961135520952177203e+01	1.933159659590559798e+01	1.905860929664431325e+01	1.977718681730154771e+01	1.991060638337446775e+01	1.903046928968542417e+01	1.964402590562378137e+01	1.975574584303249281e+01	1.978359856504482295e+01	1.994647788172473568e+01	1.946385613974285533e+01	1.951937847720441610e+01	1.962579666564577252e+01	1.935973247839158162e+01	1.932381111418215269e+01	1.978559448476768878e+01	2.039220646707005358e+01	1.946167379363771843e+01	1.976305782897188834e+01	1.951808489455743612e+01	1.965704717798155698e+01	2.003766088324755756e+01	1.989272524216752203e+01	1.993437947368181540e+01	1.988303934031593201e+01	2.025084059798995639e+01	1.942418965935525677e+01	2.019426817182477407e+01	1.952649065926523519e+01	1.935703744422303885e+01	1.954122427977945620e+01
1.986459776828929691e+01	2.022547861494868116e+01	1.963127278706440038e+01	1.994481804619284304e+01	1.988953350055497538e+01	1.972621500039545239e+01	1.989398908158743495e+01	1.947855157246603142e+01	2.025852921976362708e+01	1.935153795686399292e+01	1.992548347338691173e+01	1.958112797520507087e+01	2.026182819120417022e+01	1.990721510701975916e+01	1.989744993161663800e+01	2.020010905414093827e+01	1.970611665009840152e+01	1.976621708844112746e+01	1.961135520952177203e+01	2.946802955600899310e+01	1.981395899069496380e+01	1.947858224023501705e+01	1.974090735484493209e+01	1.982227113235982685e+01	1.967261617803803020e+01	1.962128769936758843e+01	2.051981314450467409e+01	1.996220945027214455e+01	2.006664021582609791e+01	1.904716006344564860e+01	1.930812302234058819e+01	1.988841083068898996e+01	2.027382601710820254e+01	1.973461368354977807e+01	1.973114327807840951e+01	2.017405737447802849e+01	1.974051503412695396e+01	2.024212158496707303e+01	1.956102335706588846e+01	1.991742575012609962e+01	2.026734738691921578e+01	1.977271599344634012e+01	1.987321425283176879e+01	2.009841217300180460e+01	2.019096098026038888e+01	1.988484895398938690e+01	2.025953967299063052e+01	1.968666970077888934e+01	1.956073651521199963e+01	1.992153159247460081e+01
1.997437621844818878e+01	1.987814217045342602e+01	1.952472602849194772e+01	1.987725550456810808e+01	2.003129578750057505e+01	1.939144965188277325e+01	1.923776157300596523e+01	1.913769061669162852e+01	1.998283531965995508e+01	1.950898493845097548e+01	1.903582459771707747e+01	1.939031706772465213e+01	1.959538166236945145e+01	1.963656949372790805e+01	1.995554317403205857e+01	1.964003863121708093e+01	1.919866967868351182e+01	1.949850726273053425e+01	1.933159659590559798e+01	1.981395899069496380e+01	2.797790619588526795e+01	1.936989276559663153e+01	1.986608560423614733e+01	1.948443778151859007e+01	1.897055030946447474e+01	1.974682182275573794e+01	2.013808763214709074e+01	1.991220296393486322e+01	2.023327607316683086e+01	1.895319623805238152e+01	1.945178466214096602e+01	1.957265587978506716e+01	1.948356401969794405e+01	1.967403405013818940e+01	2.011079957395554274e+01	2.027943281528740371e+01	1.923314494965383048e+01	1.993786555844647523e+01	1.911577807648654215e+01	1.964234390834523936e+01	2.017093772224417947e+01	1.982662368954241927e+01	1.994455987726621160e+01	1.968381592188736917e+01	1.992420803566870191e+01	2.001306449987873748e+01	2.035984764610028463e+01	1.963111288906556240e+01	1.975958568145809480e+01	1.949102744317481495e+01
1.957616349680675683e+01	1.967244669559045178e+01	1.936951256803894594e+01	1.982489156690250098e+01	1.966548152819560968e+01	1.952474065220894417e+01	1.935610830987156916e+01	1.955024757455300133e+01	2.018837231321565895e+01	1.934464509191235138e+01	1.911680207065607107e+01	2.007048758936752009e+01	1.954902066962017315e+01	1.982440883909853113e+01	1.988802440003029304e+01	2.003365410522020085e+01	1.959259492230399147e+01	2.026801000530986130e+01	1.905860929664431325e+01	1.947858224023501705e+01	1.936989276559663153e+01	2.884841363477579534e+01	1.969402517933929175e+01	1.964990538248177643e+01	1.945720677195053483e+01	1.942560805878832042e+01	1.991879495231961528e+01	1.985526176510262175e+01	2.015060622911148513e+01	1.909498890295982676e+01	1.938083141776194651e+01	2.006729887052846451e+01	1.954385989550312530e+01	1.976534621173430750e+01	1.957798973617569160e+01	1.987221863085368412e+01	1.938283832324139055e+01	1.979769770311224519e+01	1.915298863724252598e+01	2.004808936537033048e+01	2.026000635236283998e+01	2.003157071866501937e+01	1.941459594343674055e+01	1.988384321879111027e+01	2.027378262604036507e+01	2.007488303441870059e+01	2.037502178880687254e+01	1.956340470484468952e+01	1.990032931412671502e+01	1.962940642065338182e+01
1.982708903917802701e+01	2.019665062132211730e+01	1.948413178906919185e+01	1.993649817267870361e+01	1.997401414057628699e+01	1.989538214273171235e+01	1.996880484875817885e+01	1.971841883727273270e+01	2.009712538158819939e+01	1.991689253778740820e+01	1.950923388169115924e+01	1.966063885933101574e+01	2.014996942399754687e+01	2.003003428505827443e+01	2.013403303536865607e+01	2.016958896949808278e+01	1.955445643462971006e+01	2.008151962467971430e+01	1.977718681730154771e+01	1.974090735484493209e+01	1.986608560423614733e+01	1.969402517933929175e+01	2.936428569885795881e+01	2.026185343571803443e+01	1.956073047882005511e+01	2.000468920558633101e+01	2.007306485165226917e+01	2.015823965872324663e+01	2.036071712410430834e+01	1.945366068567051343e+01	1.959965622283430520e+01	1.998844739037578222e+01	2.017496503224185389e+01	2.001405749958280822e+01	2.017328117060332460e+01	2.042983375392567780e+01	2.005722202207322979e+01	1.997644051342818372e+01	1.934743004820709089e+01	2.002389023448577987e+01	2.013466294622858399e+01	2.011950554951700099e+01	2.010947426737533661e+01	1.984455124751146826e+01	2.039764611797195570e+01	2.014019589155259382e+01	2.048476334394286269e+01	1.957683927133533430e+01	1.992561520306384182e+01	1.998568354027641902e+01
1.972839942618131914e+01	2.055676208612545963e+01	1.968549183176603989e+01	2.024663439233784956e+01	1.994813091397778138e+01	2.005795997151906818e+01	1.976335973379547539e+01	2.031539280432553340e+01	2.037466846627571826e+01	2.010837893030616641e+01	1.969678366712706108e+01	1.985596343342409398e+01	1.986236499945902878e+01	2.021527376564571554e+01	2.020720025855662527e+01	2.054518940163140783e+01	1.981491919028356463e+01	2.023597886059556572e+01	1.991060638337446775e+01	1.982227113235982685e+01	1.948443778151859007e+01	1.964990538248177643e+01	2.026185343571803443e+01	2.996067081002456689e+01	1.980718754236330881e+01	2.032203274251729752e+01	2.037705574115068785e+01	1.981077302805489637e+01	2.046691182737097492e+01	1.954706479807162367e+01	1.972760723602625177e+01	2.014069371934626318e+01	2.021991366931252188e+01	2.010121338571133620e+01	2.055391154837035117e+01	2.057100659914203789e+01	1.995606432406726327e+01	2.023673258121711171e+01	1.972889057290499792e+01	2.037152059922895120e+01	2.061645506610852152e+01	2.041817613456450076e+01	2.018848792118129865e+01	1.999919172436196746e+01	2.061563722761500728e+01	2.046933137171971140e+01	2.064783967353114136e+01	1.973816532164699922e+01	2.002254231104627635e+01	2.015358059107245481e+01
1.961394183357668908e+01	1.929402843548540147e+01	1.941581074848137334e+01	1.979710368189066827e+01	1.950350232909290327e+01	1.928876204677618489e+01	1.956508914953144185e+01	1.966888405918179572e+01	1.949037323900874696e+01	1.953340877871492154e+01	1.887152571636137210e+01	1.901696099934453343e+01	1.929653464442179356e+01	1.981123702598491931e+01	1.996095905233450907e+01	1.989146934292181612e+01	1.958743863963836063e+01	1.957603205229280263e+01	1.903046928968542417e+01	1.967261617803803020e+01	1.897055030946447474e+01	1.945720677195053483e+01	1.956073047882005511e+01	1.980718754236330881e+01	2.901455663789664996e+01	1.956644656466540866e+01	1.998093617742679839e+01	1.980477752690262960e+01	1.972848290010787053e+01	1.936305527318116404e+01	1.909669557841002785e+01	1.959723436277264597e+01	1.958773901747516533e+01	1.984088470107712610e+01	1.932813150242530043e+01	1.969452599206702104e+01	1.921867708836128585e+01	2.002460270103852480e+01	1.932376184907040084e+01	1.980171282186416803e+01	2.004905170932797986e+01	1.952039550043861027e+01	1.969431971765243716e+01	1.957005905328556494e+01	1.993611630189077033e+01	1.995373760547692399e+01	1.969154072007982492e+01	1.931961562900292151e+01	1.989198258803173402e+01	1.941374355168751364e+01
1.982081935842052545e+01	1.984529391433299494e+01	1.980117384176889672e+01	1.978048993847549042e+01	1.998027536441668772e+01	1.990287341953829170e+01	1.974976815715734801e+01	1.950596321465564031e+01	1.985513568495981929e+01	1.983112686513112521e+01	1.918085233959877911e+01	1.992412610240268833e+01	1.969509328478095611e+01	2.006088855768842549e+01	2.016785329148585149e+01	1.979422003873280644e+01	1.953773306085395944e+01	2.037719202184001333e+01	1.964402590562378137e+01	1.962128769936758843e+01	1.974682182275573794e+01	1.942560805878832042e+01	2.000468920558633101e+01	2.032203274251729752e+01	1.956644656466540866e+01	2.943071576232144793e+01	1.989351138155833354e+01	1.994677824255333221e+01	2.043908789402858162e+01	1.926635141887232194e+01	1.971378497974123079e+01	2.013898514599945955e+01	1.956666028816493963e+01	2.039865217835764710e+01	1.986421439136616840e+01	2.071916253874995562e+01	1.972770762983934745e+01	2.046354861729022545e+01	1.946373363057035277e+01	2.006562612916714272e+01	2.006165542574200344e+01	2.016920699321528332e+01	1.998184073278051542e+01	2.020561093854231771e+01	2.071638269861705695e+01	2.009626092299881606e+01	2.054795774152314181e+01	1.947319505788830440e+01	1.989562297873273167e+01	1.978318378716775072e+01
1.995846479906519022e+01	2.056269496163940502e+01	1.992950816041455653e+01	2.022779713928350986e+01	2.028792391469774259e+01	2.020048883414017382e+01	2.011039244582364560e+01	1.994874139245877132e+01	2.031060804533802866e+01	2.014264609946526363e+01	1.996324828081480973e+01	2.046876516521738409e+01	2.040434865884415672e+01	2.050211289894900446e+01	2.029861833018546946e+01	2.114775596580026118e+01	1.977921230842208900e+01	2.054148760517634642e+01	1.975574584303249281e+01	2.051981314450467409e+01	2.013808763214709074e+01	1.991879495231961528e+01	2.007306485165226917e+01	2.037705574115068785e+01	1.998093617742679839e+01	1.989351138155833354e+01	3.030946863714479278e+01	2.035278716501541751e+01	2.074718734769767892e+01	1.969708372620019787e+01	2.031691279396579120e+01	2.049371315717073117e+01	2.033146143629596381e+01	2.006428367434076421e+01	2.035665416262130378e+01	2.054749987363993213e+01	2.015459348960551367e+01	2.080064527688267972e+01	1.969010616228970889e+01	2.063559863477160405e+01	2.084975599470519469e+01	2.012840286108921717e+01	2.024577466494158173e+01	2.064423162622164298e+01	2.065876105885780234e+01	2.014195319969233111e+01	2.083220896093031627e+01	2.016003956800139107e+01	2.013661104235322696e+01	2.011838448589995210e+01
2.015875698276581929e+01	2.038803347163190693e+01	1.975944497732028537e+01	1.967333977513043664e+01	2.020779127359924843e+01	2.012488255579615526e+01	1.977544751193070738e+01	1.931757946347505239e+01	2.041908482800852553e+01	2.014908039871708567e+01	1.949376198278844186e+01	2.001025429130682909e+01	2.034480146171922499e+01	2.025967239270256570e+01	2.011916980835056989e+01	2.027152201705197143e+01	1.991648105570789440e+01	2.007138909387082748e+01	1.978359856504482295e+01	1.996220945027214455e+01	1.991220296393486322e+01	1.985526176510262175e+01	2.015823965872324663e+01	1.981077302805489637e+01	1.980477752690262960e+01	1.994677824255333221e+01	2.035278716501541751e+01	2.978323147545966521e+01	2.080860528379647079e+01	1.944567944916908431e+01	1.970790408439431474e+01	2.049989245783640257e+01	1.998890895235482290e+01	2.006543167592917953e+01	2.001274287613980007e+01	2.075191243434342780e+01	2.013042154693716768e+01	2.008418083369581808e+01	1.974113957234694894e+01	2.002201453763640870e+01	2.056398628716394228e+01	2.002301627378955118e+01	2.005726962285198667e+01	1.971778227025795260e+01	2.021384189595757874e+01	2.011602712100885526e+01	2.059660451919289059e+01	2.010823372281854304e+01	2.006016203651815388e+01	1.975138051981945608e+01
2.051112400227781407e+01	2.037038177889443702e+01	2.009923979842345076e+01	2.006829807119725118e+01	2.047121400141670478e+01	2.048328441408303391e+01	2.016572545043151976e+01	2.000194369887080725e+01	2.051764932089423610e+01	2.038429524734135612e+01	1.999367767161044895e+01	2.037242054824058357e+01	2.031959924729327582e+01	2.052961733883621420e+01	2.038913979161257828e+01	2.086577409648570836e+01	1.994808735392866339e+01	2.047531380861119388e+01	1.994647788172473568e+01	2.006664021582609791e+01	2.023327607316683086e+01	2.015060622911148513e+01	2.036071712410430834e+01	2.046691182737097492e+01	1.972848290010787053e+01	2.043908789402858162e+01	2.074718734769767892e+01	2.080860528379647079e+01	3.046425016667295793e+01	2.004700984317813806e+01	2.009465525089380122e+01	2.058534131327219541e+01	2.057383161106280056e+01	2.059407972106190243e+01	2.048915617579938697e+01	2.102436210749437961e+01	1.997458887724257792e+01	2.074167870258114732e+01	2.000849676911607844e+01	2.062550359785976539e+01	2.045004458813922099e+01	2.026301118281875802e+01	2.075510816555869908e+01	2.043449081080283136e+01	2.054084122003971302e+01	2.039158010254322662e+01	2.077000665501759968e+01	2.041865000792824958e+01	2.036707680627097972e+01	1.990586259720018703e+01
1.949431823501033634e+01	1.980584903627366700e+01	1.990082709637781377e+01	1.959655445621415737e+01	1.962942263651285657e+01	1.969686562810490216e+01	1.894556430733556951e+01	1.894795303966019873e+01	2.012013219961813348e+01	1.953337756300228989e+01	1.933771877773635239e+01	1.955650161713342428e+01	1.939912174301043279e+01	1.937082901510004618e+01	1.953329683233515013e+01	1.953600381278978304e+01	1.907194367929202983e+01	1.938705090927873798e+01	1.946385613974285533e+01	1.904716006344564860e+01	1.895319623805238152e+01	1.909498890295982676e+01	1.945366068567051343e+01	1.954706479807162367e+01	1.936305527318116404e+01	1.926635141887232194e+01	1.969708372620019787e+01	1.944567944916908431e+01	2.004700984317813806e+01	2.900562736841779099e+01	1.896024881506887994e+01	1.954694602974613105e+01	1.957437726227170671e+01	1.972493100143565670e+01	1.964320434749510014e+01	1.987795516509818228e+01	1.926877341132524180e+01	1.988070062194794829e+01	1.902121995142213251e+01	1.999151254467030014e+01	1.986919632868808705e+01	1.990908385130591896e+01	1.966010011194330076e+01	1.961952522968133650e+01	1.976924601678404869e+01	1.981744755366473498e+01	1.965704526952935183e+01	1.960682083032283529e+01	1.934160290308119556e+01	1.939965769426883568e+01
1.987493594226821259e+01	1.997777606750939583e+01	1.946150465319606226e+01	1.987924673419833965e+01	2.009747278117087532e+01	1.979234389092097857e+01	1.965149669114772024e+01	1.929587466803233653e+01	2.010615543777813130e+01	1.978674861902755211e+01	1.912687634991394958e+01	1.966340784441506884e+01	1.984048408607120706e+01	1.990958232545535012e+01	2.004778479608658870e+01	2.016335677177450947e+01	1.969959057620154752e+01	1.972803536696213911e+01	1.951937847720441610e+01	1.930812302234058819e+01	1.945178466214096602e+01	1.938083141776194651e+01	1.959965622283430520e+01	1.972760723602625177e+01	1.909669557841002785e+01	1.971378497974123079e+01	2.031691279396579120e+01	1.970790408439431474e+01	2.009465525089380122e+01	1.896024881506887994e+01	2.940586511095193245e+01	2.006897159996135116e+01	1.968171652185100839e+01	1.967059559297153370e+01	1.978540426754748438e+01	2.035083105622181776e+01	1.939845742003893747e+01	2.020491187074382466e+01	1.960296070798693435e+01	1.992889499297958622e+01	1.993092268257809607e+01	1.973383060926998311e+01	2.016320581587001115e+01	2.009745734565026254e+01	2.007265184325178353e+01	1.964251025674272810e+01	2.020851574462855638e+01	1.914133674630256010e+01	1.984490706123457571e+01	1.965136644838243285e+01
2.001665762762581835e+01	2.001026970968453966e+01	2.006533111531313196e+01	2.006960394476121223e+01	2.040299680847251906e+01	2.010178549715879370e+01	2.024877485886741013e+01	1.982536128805618247e+01	2.006214519062704227e+01	1.977048296553978801e+01	1.959647380919498616e+01	1.981248479885029923e+01	2.012869090881128642e+01	2.006258183109206428e+01	2.018733984013646321e+01	2.030128512143770081e+01	1.972891725241023408e+01	2.005661785825058274e+01	1.962579666564577252e+01	1.988841083068898996e+01	1.957265587978506716e+01	2.006729887052846451e+01	1.998844739037578222e+01	2.014069371934626318e+01	1.959723436277264597e+01	2.013898514599945955e+01	2.049371315717073117e+01	2.049989245783640257e+01	2.058534131327219541e+01	1.954694602974613105e+01	2.006897159996135116e+01	3.038112056324247234e+01	1.989109535056345379e+01	2.027078871584932429e+01	1.986650338067638444e+01	2.055956196756112675e+01	1.993011006220996251e+01	2.019028069108652801e+01	1.949003201831871479e+01	2.022809516364659643e+01	2.060457114544093216e+01	2.025279285841875776e+01	2.008091269319179872e+01	1.999673840230005695e+01	2.066203389155597492e+01	2.042013737325201461e+01	2.076319410395873533e+01	1.978631812909450360e+01	1.978132144038665174e+01	1.989269506015353528e+01
