3.035787985297758951e+01	1.962040941684241702e+01	2.012255916326860117e+01	1.964260057275693683e+01	1.970424763399164192e+01	2.000678034684215234e+01	2.031363538826966675e+01	2.022338677030688459e+01	2.028572800783651786e+01	2.009609609546671294e+01	2.005956427077100912e+01	2.057014491454785698e+01	2.012396662621382148e+01	1.951359127150701056e+01	2.034235664014583378e+01	1.966175325509770033e+01	2.010934093671095013e+01	2.020824700871445145e+01	1.961362822694861308e+01	1.944069182263378082e+01	1.913642409655987819e+01	1.950510575551012948e+01	1.933829859831776332e+01	2.030937982750252147e+01	2.004692376880720062e+01	1.991143305071794600e+01	2.000940276695594022e+01	2.034658754074047593e+01	1.993304846215994885e+01	2.036287176167571644e+01	2.018017089602820846e+01	2.009889662532109256e+01	1.981514875811563314e+01	1.997224155489291775e+01	2.004002510607378795e+01	2.101908078782037137e+01	2.018148834225180366e+01	2.000556461822862886e+01	1.986166898907893241e+01	2.016491721116137015e+01	1.918759245035465355e+01	1.999746363344203104e+01	1.976573007143059257e+01	2.044854770775184960e+01	1.959469745638596549e+01	1.957895007723456615e+01	2.036084915521319516e+01	2.048711980919584263e+01	2.023396414732687631e+01	1.963764837460404067e+01
1.962040941684241702e+01	2.961564664398932933e+01	1.984435854372802766e+01	1.942449199091924683e+01	1.909030364027357507e+01	1.936630742301001717e+01	1.953280228518831763e+01	1.959159784115169600e+01	1.979461879624402343e+01	1.947547326755899988e+01	1.894481919272095993e+01	1.983624878802837088e+01	1.931982732518913792e+01	1.945044385525511288e+01	2.007348482919834609e+01	1.978422497253853507e+01	1.959365146197187713e+01	1.955371807574046272e+01	1.903441096606168870e+01	1.907672931102218783e+01	1.926516384720150299e+01	1.927462728181278351e+01	1.968113963509401998e+01	1.982530171438088118e+01	1.924374031266957275e+01	1.947519734575331185e+01	1.940276089621752575e+01	1.984950030241470031e+01	1.942571241404767690e+01	2.012614500911590554e+01	1.985001539312441921e+01	1.992807643994722255e+01	1.957052183503328280e+01	1.983389581233626231e+01	1.967745743396513802e+01	2.028635252614207829e+01	1.956839246979157920e+01	1.890196418452686444e+01	1.932541550629877491e+01	2.006432745839561704e+01	1.894048828825275166e+01	1.930460381801858816e+01	1.931258845098650667e+01	1.997967774207253200e+01	1.974311618565545601e+01	1.881092358794133546e+01	1.954793006346309880e+01	1.985790615098076017e+01	1.962765146435341634e+01	1.962592826476346985e+01
2.012255916326860117e+01	1.984435854372802766e+01	3.003561529403456021e+01	2.008612253652910340e+01	1.994447805581808453e+01	2.022594152914017229e+01	2.048799625495928822e+01	2.047893179563126864e+01	2.072720187427609417e+01	2.029651197818140318e+01	2.004090799796984257e+01	2.056506569045812327e+01	2.032258666235066258e+01	2.024074090661172676e+01	2.060980730571556307e+01	2.025265069468115442e+01	2.068576863932560528e+01	2.020272907758869252e+01	1.984125483124127598e+01	1.992199487039421868e+01	2.005113287456344651e+01	1.981360328816186822e+01	2.037714717765708627e+01	2.052867932758367786e+01	2.037164743591728566e+01	2.009871949321733453e+01	2.023073868897310845e+01	2.031996669406148825e+01	2.028424833010755535e+01	2.088546089238815284e+01	2.050898053517591180e+01	2.025157469455104930e+01	2.030138506952459565e+01	2.052076765253361401e+01	2.042065502324416570e+01	2.084430933419039533e+01	2.020021425137405302e+01	2.008065597347296460e+01	2.019548728207867683e+01	2.076087757487758267e+01	1.959398182957768242e+01	2.046262634247098333e+01	2.057684585408275879e+01	2.096244863328335128e+01	2.047935919012257600e+01	1.966445377036932030e+01	2.055554922661028883e+01	2.048443823202602943e+01	2.041885601320547394e+01	2.003024215221660498e+01
1.964260057275693683e+01	1.942449199091924683e+01	2.008612253652910340e+01	2.852533719394353540e+01	1.913984210585514489e+01	1.919804170247649466e+01	1.974637173455126415e+01	1.945238636589347792e+01	1.934003754854747825e+01	1.965465221599508538e+01	1.901238211260693234e+01	1.999164569320481633e+01	1.945136819507540338e+01	1.937013890335006749e+01	1.977224619433328812e+01	1.946756862347915629e+01	1.963294692973959599e+01	1.927455168915076555e+01	1.915724163295209692e+01	1.879667575246746125e+01	1.939170223513055191e+01	1.894154587932682787e+01	1.926798027802283286e+01	1.999957574877590361e+01	1.919759112316022254e+01	1.915347582096810441e+01	1.930093078237642246e+01	1.973757573828456557e+01	1.955014924763786155e+01	2.004031748714261951e+01	1.988878993672494389e+01	1.939952196237367232e+01	1.940945894620918466e+01	1.931666898146682954e+01	1.911929984094580703e+01	2.011281172406255635e+01	1.942589714704176274e+01	1.929265640123012204e+01	1.938857652723957159e+01	1.956993143792259815e+01	1.909416966393279935e+01	1.960735422833213804e+01	1.935205220252980851e+01	1.972492922736211440e+01	1.932565948708449710e+01	1.893011324030093689e+01	2.006061571328202575e+01	1.976301266863854522e+01	1.959671134929775604e+01	1.895382578341512669e+01
1.970424763399164192e+01	1.909030364027357507e+01	1.994447805581808453e+01	1.913984210585514489e+01	2.866106773560011334e+01	1.913081750206588794e+01	1.966917266192301739e+01	1.987798275214403176e+01	2.010632456032777426e+01	1.927513780528177989e+01	1.914231961185153352e+01	1.970358750736283682e+01	1.949388400878802940e+01	1.943871948165592656e+01	1.980477769796881304e+01	1.917046135641318827e+01	1.953488598445199997e+01	1.871004854680429119e+01	1.938933356943382336e+01	1.905791904466670061e+01	1.919647953733771217e+01	1.905332309659766921e+01	1.959468607641633398e+01	1.941438393800645557e+01	1.929495001401544840e+01	1.913653884440967090e+01	1.963283662097474647e+01	1.975635814644001087e+01	1.956451732867573767e+01	1.971972852396674369e+01	2.006805415898885059e+01	1.923331407075195187e+01	1.911743100235753801e+01	1.958869353674060321e+01	1.943779152041937763e+01	2.014610498607766687e+01	1.988103536732876364e+01	1.958448163053486013e+01	1.952548132518517221e+01	1.922884686892000516e+01	1.910832980325179520e+01	1.966309462203032155e+01	1.945699293622963566e+01	1.977636348082017648e+01	1.930699998373523130e+01	1.907010097914200131e+01	1.979637164117626114e+01	1.984599321539424821e+01	1.998837931118732314e+01	1.931601976214815863e+01
2.000678034684215234e+01	1.936630742301001717e+01	2.022594152914017229e+01	1.919804170247649466e+01	1.913081750206588794e+01	2.916780435326844412e+01	1.976098880949671610e+01	1.942164934063555037e+01	2.006125678851411109e+01	1.936710103270730343e+01	1.930896858453981224e+01	1.978120066335101512e+01	1.977599054371974674e+01	1.948764826403073158e+01	1.984840608192570954e+01	1.971987610310966943e+01	1.961167426688072624e+01	1.921148488887650529e+01	1.900425832146113336e+01	1.900616416654036556e+01	1.912757945683472727e+01	1.890443763372886465e+01	1.942910407154076324e+01	1.981699846283364153e+01	1.969908045193529134e+01	1.979529950800116112e+01	1.934666310652559318e+01	1.977838583655250915e+01	1.914563055431366223e+01	1.957210714424661901e+01	1.971612305865251003e+01	1.958099816991423481e+01	1.958459377623814746e+01	1.961050019126092891e+01	1.935924357366748083e+01	2.010736263009242819e+01	1.963688532329418024e+01	1.929595391695492168e+01	1.925267933747063509e+01	1.980160676420150878e+01	1.916754960991866952e+01	1.976944016141388261e+01	1.942085070263118496e+01	1.998590019244445060e+01	1.946752128713175622e+01	1.930950620706360965e+01	1.978269909269255677e+01	1.976332408935560991e+01	1.937444266935107606e+01	1.924377793436324779e+01
2.031363538826966675e+01	1.953280228518831763e+01	2.048799625495928822e+01	1.974637173455126415e+01	1.966917266192301739e+01	1.976098880949671610e+01	3.006011721107279300e+01	2.019460575412130154e+01	2.042976095037640860e+01	2.023404231917465523e+01	1.980795571336371808e+01	2.087698496988423713e+01	2.055849888313679230e+01	2.011397567948771226e+01	2.065590447393958229e+01	1.984664427039685819e+01	2.008624947761891022e+01	1.981394936636922921e+01	1.938580264248198404e+01	1.974430243361280901e+01	1.956977337874976541e+01	1.940432633392951445e+01	2.015687554960073768e+01	2.061414584944082051e+01	1.993803704424768597e+01	2.030781228164789809e+01	2.028713626612186616e+01	2.012309782621602849e+01	2.010061967627421353e+01	2.035971032288730953e+01	2.034864443162370051e+01	2.032648749118222042e+01	1.972769666951644041e+01	2.014370946316342526e+01	1.999685821501465455e+01	2.100631697200532955e+01	2.001189576692027572e+01	1.994108557669310500e+01	2.037482472114758991e+01	2.018165348100911061e+01	1.939893733973136491e+01	2.028457631405897743e+01	1.975817461243834217e+01	2.062334991576170395e+01	2.009568955176818150e+01	1.966766699442461430e+01	2.040793208728218744e+01	2.057102345850206859e+01	2.029743213456250928e+01	2.025818873882560567e+01
2.022338677030688459e+01	1.959159784115169600e+01	2.047893179563126864e+01	1.945238636589347792e+01	1.987798275214403176e+01	1.942164934063555037e+01	2.019460575412130154e+01	2.988374719066228735e+01	2.039864166473892482e+01	1.989903678688165201e+01	2.003421010501274679e+01	2.036438191628297290e+01	2.039880065501519013e+01	2.005299759339014898e+01	2.017464462979431872e+01	2.009082422750067209e+01	2.068379140915686065e+01	1.999344721219879517e+01	1.949394257531653807e+01	1.941657093313036953e+01	1.934582080118835989e+01	1.953758350119468545e+01	2.009467233221123550e+01	2.031838156281972729e+01	1.972537854085392439e+01	2.013492763375575478e+01	1.981789654533803713e+01	2.035883577844578340e+01	1.963718681525451970e+01	2.059755369257574031e+01	2.028048794665978249e+01	1.990551733873348539e+01	2.013396575444878422e+01	1.982851393255645078e+01	1.990272402369537375e+01	2.067520131738426770e+01	1.993158638752514378e+01	1.993623624648120085e+01	2.007905744747202803e+01	2.034555969911995277e+01	1.934465843511287630e+01	1.987202459486990591e+01	1.986153871859804099e+01	2.032604778703468895e+01	1.950882765317597034e+01	1.925660631256581823e+01	2.037390079110762287e+01	2.040224249109358823e+01	1.971615125297239501e+01	1.956374170850384786e+01
2.028572800783651786e+01	1.979461879624402343e+01	2.072720187427609417e+01	1.934003754854747825e+01	2.010632456032777426e+01	2.006125678851411109e+01	2.042976095037640860e+01	2.039864166473892482e+01	3.048376390732660468e+01	1.989500552765915842e+01	1.993566119777467449e+01	2.076000528802431688e+01	2.018708932172198445e+01	1.956772942769466539e+01	2.060295554672239859e+01	1.974413511942129773e+01	1.985453349985214189e+01	1.965350818017283174e+01	2.016535129511175839e+01	1.959702192920823904e+01	1.952224931118001194e+01	1.982615534041060457e+01	2.021223533205898093e+01	2.039411167354991861e+01	2.003466966434845631e+01	1.987288147497921287e+01	2.027264052145172712e+01	2.001930087377283130e+01	1.990816729160900422e+01	2.062533510475364906e+01	2.014905357076196779e+01	2.015227863150905563e+01	2.008103940185541347e+01	2.024396820840857103e+01	1.997741814961494100e+01	2.088924050844424229e+01	2.002499685746051838e+01	1.992431269729001997e+01	2.009027442251477780e+01	2.038328732497569007e+01	1.989045251396614944e+01	2.037875230056236830e+01	2.013479243139027730e+01	2.057863395727262557e+01	2.009166140812907031e+01	1.963306553940540766e+01	2.073292712311600638e+01	2.009730384350608645e+01	2.027076083809749818e+01	1.996219892838853838e+01
2.009609609546671294e+01	1.947547326755899988e+01	2.029651197818140318e+01	1.965465221599508538e+01	1.927513780528177989e+01	1.936710103270730343e+01	2.023404231917465523e+01	1.989903678688165201e+01	1.989500552765915842e+01	2.907361471455030255e+01	1.971928750762397797e+01	1.998794307084938282e+01	2.005804637840418891e+01	1.983335709666974722e+01	2.022437295022738368e+01	1.943058056202752937e+01	1.985561981093027129e+01	1.952620941819305500e+01	1.934529753184293455e+01	1.952652100415564362e+01	1.923864934424726414e+01	1.910668856609219901e+01	1.993571680333876728e+01	1.983927116851434391e+01	1.966834684736198113e+01	1.953016397359381884e+01	1.932769511400696416e+01	1.968521802183036229e+01	1.961667325391013961e+01	2.019359519807014181e+01	1.988100513999397734e+01	2.005795394725696923e+01	1.972585231980359666e+01	1.980668491272788145e+01	1.989852467496634958e+01	2.032036772215782605e+01	1.995020632581982412e+01	1.965200202473280555e+01	1.978966270856461307e+01	1.981457607132406196e+01	1.916215600836052602e+01	1.977588604273197959e+01	1.982434991088348752e+01	1.983606625065054985e+01	1.990875639412498188e+01	1.942122513574359033e+01	2.023138102334194954e+01	1.986802321104863722e+01	1.964665735976205241e+01	1.948822818949186342e+01
2.005956427077100912e+01	1.894481919272095993e+01	2.004090799796984257e+01	1.901238211260693234e+01	1.914231961185153352e+01	1.930896858453981224e+01	1.980795571336371808e+01	2.003421010501274679e+01	1.993566119777467449e+01	1.971928750762397797e+01	2.925712076201986989e+01	2.017050724602311718e+01	1.960719592880415263e+01	1.933859978990997064e+01	2.005548221159580535e+01	1.964766603312838100e+01	1.979745245478042648e+01	1.974571781435491857e+01	1.935127844049269896e+01	1.916435857024137590e+01	1.919041331426588570e+01	1.938133533903276629e+01	1.997848290404822080e+01	1.979674028555333365e+01	1.978346504317200427e+01	1.973999587169209846e+01	1.994609678842957123e+01	2.005484300379689699e+01	1.988808950595170089e+01	2.027146515511817171e+01	1.995062221595884111e+01	1.978064751369404206e+01	1.991911406483490410e+01	1.963117669955652644e+01	1.932910286953264745e+01	2.040783548999658237e+01	1.961332400217650829e+01	1.976037643873641869e+01	2.011175966375772362e+01	1.940631632221263914e+01	1.897864606403964061e+01	1.976056292930143599e+01	1.945973140611677721e+01	2.028176572793890742e+01	1.970158700455362677e+01	1.921043710070482291e+01	2.032778673583841211e+01	2.003672480934864097e+01	1.973570993928363748e+01	1.927827683433646655e+01
2.057014491454785698e+01	1.983624878802837088e+01	2.056506569045812327e+01	1.999164569320481633e+01	1.970358750736283682e+01	1.978120066335101512e+01	2.087698496988423713e+01	2.036438191628297290e+01	2.076000528802431688e+01	1.998794307084938282e+01	2.017050724602311718e+01	3.028522996932140643e+01	2.044550528909018183e+01	2.000671093718053228e+01	2.049897419497763806e+01	2.001821520314180347e+01	2.032852564160316078e+01	2.020701955730382338e+01	1.993674020836889582e+01	1.959006165936109056e+01	2.004511127648999391e+01	1.992650608139003054e+01	2.020692166707824811e+01	2.063790544817620187e+01	2.031940026701772695e+01	2.009467396350531132e+01	2.003751385887129288e+01	2.067982622691801708e+01	2.050514105162300638e+01	2.047140318759909405e+01	2.061739983966081624e+01	2.027498796152250549e+01	2.012588064056065917e+01	2.004634102783782978e+01	2.070768643528456820e+01	2.118488666354693706e+01	1.999423147417419599e+01	2.031398683430505514e+01	2.039910956407817366e+01	2.071581443364368980e+01	1.952234049749619871e+01	2.030607436968518797e+01	1.999095387266745050e+01	2.101092125039972913e+01	2.002356288781312799e+01	1.987112443804582185e+01	2.051044428985174406e+01	2.054710419848738923e+01	2.063279797611772182e+01	2.003156741796954421e+01
2.012396662621382148e+01	1.931982732518913792e+01	2.032258666235066258e+01	1.945136819507540338e+01	1.949388400878802940e+01	1.977599054371974674e+01	2.055849888313679230e+01	2.039880065501519013e+01	2.018708932172198445e+01	2.005804637840418891e+01	1.960719592880415263e+01	2.044550528909018183e+01	2.982150383733604215e+01	1.973622348620750344e+01	2.038848095548807038e+01	1.961699370494407901e+01	2.006635794300508380e+01	1.952444185207017568e+01	1.950291195064776062e+01	1.945786068099086563e+01	1.920240146818573734e+01	1.910412962223066913e+01	1.964924561717761975e+01	2.020376861072287156e+01	1.995375257117039069e+01	1.940333263849228018e+01	1.978328489490517939e+01	2.016503966035508455e+01	1.969215743796817719e+01	2.037075132135957034e+01	2.031661786901402422e+01	1.973633000908007062e+01	1.968256694382757743e+01	2.002316409849518664e+01	1.966467661029461667e+01	2.048368431650661492e+01	1.998742687079799651e+01	1.964779739867134722e+01	1.977031460510212568e+01	1.998593786710350528e+01	1.907099548846663595e+01	1.996655187913430751e+01	1.969092461309052666e+01	2.034128365228773561e+01	1.933425634362743395e+01	1.939326065221605688e+01	2.022775119104225539e+01	2.015002278977232208e+01	1.968490335076038278e+01	1.969012296489282221e+01
1.951359127150701056e+01	1.945044385525511288e+01	2.024074090661172676e+01	1.937013890335006749e+01	1.943871948165592656e+01	1.948764826403073158e+01	2.011397567948771226e+01	2.005299759339014898e+01	1.956772942769466539e+01	1.983335709666974722e+01	1.933859978990997064e+01	2.000671093718053228e+01	1.973622348620750344e+01	2.892138936430121277e+01	1.999835318264261730e+01	1.929208255811113659e+01	1.962415724938872330e+01	1.917383606497141812e+01	1.938842895815198020e+01	1.865548443676152246e+01	1.921569219553164132e+01	1.909763009348955265e+01	1.963569264733568431e+01	1.980221465159892347e+01	1.968371214487988752e+01	1.939387512375518341e+01	1.961023486546920225e+01	2.003395826791729917e+01	1.977125334720006578e+01	2.014581052298453301e+01	1.984420794557072298e+01	2.002664051476411444e+01	1.941463438570887945e+01	1.958157886923573798e+01	1.953312052787971353e+01	2.019249972610108657e+01	1.984484837997534967e+01	1.924325297274341651e+01	1.940647528007968248e+01	1.993798812586951996e+01	1.917786972073985297e+01	1.979076316774926525e+01	1.945663280772916082e+01	2.025764060194484273e+01	1.942539601478606315e+01	1.911843941720909612e+01	1.993063978192765973e+01	2.006877019036569010e+01	1.957969719629403471e+01	1.955138007833558333e+01
2.034235664014583378e+01	2.007348482919834609e+01	2.060980730571556307e+01	1.977224619433328812e+01	1.980477769796881304e+01	1.984840608192570954e+01	2.065590447393958229e+01	2.017464462979431872e+01	2.060295554672239859e+01	2.022437295022738368e+01	2.005548221159580535e+01	2.049897419497763806e+01	2.038848095548807038e+01	1.999835318264261730e+01	3.065955003528026523e+01	2.036691943809606897e+01	2.054290143379904876e+01	2.037461451786624167e+01	1.965307390482952599e+01	2.019754673440334258e+01	2.011628984574076995e+01	2.005061328280936195e+01	2.033448712816522885e+01	2.004315424848237015e+01	2.025667229770862576e+01	2.000742087971968886e+01	2.006857302462530512e+01	2.040542529268651251e+01	2.002950632486937366e+01	2.069834804053067501e+01	2.011524153145121829e+01	2.028736936426787452e+01	2.004901853557419145e+01	2.021244859216075085e+01	2.021707744691299169e+01	2.111418878625332951e+01	2.031274964927045801e+01	2.010563871495445198e+01	2.001431560369625373e+01	2.057502225397869466e+01	1.936235631684069247e+01	2.050205885416652407e+01	1.991670498642618270e+01	2.079470789897722938e+01	2.001907152434097270e+01	2.000325050265651683e+01	2.084605347887392668e+01	2.058665124797006030e+01	2.050979061908351042e+01	1.998820421480559872e+01
1.966175325509770033e+01	1.978422497253853507e+01	2.025265069468115442e+01	1.946756862347915629e+01	1.917046135641318827e+01	1.971987610310966943e+01	1.984664427039685819e+01	2.009082422750067209e+01	1.974413511942129773e+01	1.943058056202752937e+01	1.964766603312838100e+01	2.001821520314180347e+01	1.961699370494407901e+01	1.929208255811113659e+01	2.036691943809606897e+01	2.965236140378693008e+01	1.994596055227637521e+01	1.937632198675011708e+01	1.902152863934313132e+01	1.970941018981940118e+01	1.911898272123617915e+01	1.925985187652129227e+01	1.954703880820747486e+01	1.989141959996124243e+01	1.952091806396760276e+01	1.917408042427940984e+01	1.961923901639539025e+01	2.004760114890488154e+01	1.951337837983661316e+01	2.003290689997522733e+01	1.984115141589603581e+01	1.946836209426200881e+01	1.981567083684371866e+01	1.939523704272144045e+01	1.967499693203602718e+01	2.012981126354796046e+01	1.993859658651826905e+01	1.949232205922321981e+01	1.959631615986878828e+01	1.974652190819073994e+01	1.884509581889743046e+01	1.982298127063739202e+01	1.930711115633515718e+01	2.017347239777930668e+01	1.962770763445544731e+01	1.913538700377757706e+01	2.025539917497402342e+01	2.002361773390957467e+01	1.923983105345813271e+01	1.919889994925815202e+01
2.010934093671095013e+01	1.959365146197187713e+01	2.068576863932560528e+01	1.963294692973959599e+01	1.953488598445199997e+01	1.961167426688072624e+01	2.008624947761891022e+01	2.068379140915686065e+01	1.985453349985214189e+01	1.985561981093027129e+01	1.979745245478042648e+01	2.032852564160316078e+01	2.006635794300508380e+01	1.962415724938872330e+01	2.054290143379904876e+01	1.994596055227637521e+01	3.003782191192895823e+01	1.988300713073701687e+01	1.929530180989682009e+01	1.966462581275580135e+01	1.945368613713609207e+01	1.944555522740126818e+01	1.953307604601313585e+01	2.031250194283563104e+01	1.991557313846789512e+01	1.977306160708090488e+01	1.977159515462248862e+01	2.001292997175664112e+01	1.978593110744885308e+01	2.074407162953561112e+01	2.020130383786429462e+01	2.036765893358853674e+01	1.977470582732240345e+01	2.022216993524857287e+01	1.979513199508559396e+01	2.058988662379471890e+01	2.003379625794768515e+01	1.985611869187550838e+01	2.000690118504330428e+01	2.014091167189576481e+01	1.939521697236440190e+01	2.002285914301180370e+01	1.995979741112804007e+01	2.036030020873260327e+01	1.955474350095287051e+01	1.920893160411803890e+01	2.019898374719757683e+01	2.027133912779302349e+01	2.006770825672531444e+01	1.955359068000768374e+01
2.020824700871445145e+01	1.955371807574046272e+01	2.020272907758869252e+01	1.927455168915076555e+01	1.871004854680429119e+01	1.921148488887650529e+01	1.981394936636922921e+01	1.999344721219879517e+01	1.965350818017283174e+01	1.952620941819305500e+01	1.974571781435491857e+01	2.020701955730382338e+01	1.952444185207017568e+01	1.917383606497141812e+01	2.037461451786624167e+01	1.937632198675011708e+01	1.988300713073701687e+01	2.951706304057341868e+01	1.915975267222066236e+01	1.926762200250293233e+01	1.909084451861049914e+01	1.925235941860620414e+01	1.964922267600239891e+01	1.984172929251857909e+01	1.991339387593308174e+01	1.922663341266965276e+01	1.971285234981433376e+01	1.990341305026282370e+01	1.949519609945673793e+01	2.031524836493559150e+01	1.996185099098186555e+01	1.961803984588808802e+01	1.945798117777430747e+01	1.990013496404612425e+01	1.953196587349513180e+01	2.022384991534397614e+01	1.950296777431013595e+01	1.955831523586196141e+01	1.955103063522264506e+01	2.010860273109297580e+01	1.917506705071773965e+01	1.982836386118063388e+01	1.958078220960810967e+01	2.009304548549402725e+01	1.926477594003049276e+01	1.910143459849152237e+01	2.032740652516528712e+01	1.999136129972659148e+01	1.960334502165434500e+01	1.953644357504101947e+01
1.961362822694861308e+01	1.903441096606168870e+01	1.984125483124127598e+01	1.915724163295209692e+01	1.938933356943382336e+01	1.900425832146113336e+01	1.938580264248198404e+01	1.949394257531653807e+01	2.016535129511175839e+01	1.934529753184293455e+01	1.935127844049269896e+01	1.993674020836889582e+01	1.950291195064776062e+01	1.938842895815198020e+01	1.965307390482952599e+01	1.902152863934313132e+01	1.929530180989682009e+01	1.915975267222066236e+01	2.898471096149570769e+01	1.876317823327354617e+01	1.902079239586478110e+01	1.917193868573206217e+01	1.950360414296333644e+01	1.969166431153038133e+01	1.905584881756166737e+01	1.921178457075782475e+01	1.950700383119633585e+01	1.985533952904479094e+01	1.936642389829959399e+01	2.001929385592282529e+01	1.965338076537170764e+01	1.945229409333233406e+01	1.953215693940337871e+01	1.937036016383510173e+01	1.939422137901408405e+01	1.970665175141000702e+01	1.981536270143849876e+01	1.961176334620574835e+01	1.899525819946875060e+01	1.988384306534161183e+01	1.878518004256614660e+01	1.942654715196233539e+01	1.888112484776802447e+01	1.947322260852206810e+01	1.875796860020158618e+01	1.885146502931435819e+01	1.952587790914775923e+01	1.936164366353723665e+01	1.956288174567893634e+01	1.911475101907529961e+01
1.944069182263378082e+01	1.907672931102218783e+01	1.992199487039421868e+01	1.879667575246746125e+01	1.905791904466670061e+01	1.900616416654036556e+01	1.974430243361280901e+01	1.941657093313036953e+01	1.959702192920823904e+01	1.952652100415564362e+01	1.916435857024137590e+01	1.959006165936109056e+01	1.945786068099086563e+01	1.865548443676152246e+01	2.019754673440334258e+01	1.970941018981940118e+01	1.966462581275580135e+01	1.926762200250293233e+01	1.876317823327354617e+01	2.837246560863284017e+01	1.879059708042970200e+01	1.889099042564146913e+01	1.924060093190215426e+01	1.977170358008407547e+01	1.909201371734089747e+01	1.914300731995489002e+01	1.946328945067875082e+01	1.957002229940855642e+01	1.923874937286726450e+01	1.963016745909096628e+01	1.966022229801768262e+01	1.963900709131781142e+01	1.938094958532635559e+01	1.938465311928738899e+01	1.920869977562833242e+01	2.012316313160334147e+01	1.940016462437421296e+01	1.928385988181726773e+01	1.910345226121494377e+01	1.926807151771810567e+01	1.900584620677197734e+01	1.956173362981087749e+01	1.912996318106802462e+01	1.990255803823411540e+01	1.915517358256113312e+01	1.840687767177139378e+01	1.968238422483295835e+01	1.970417926302296507e+01	1.942321774298800818e+01	1.925064280667796623e+01
1.913642409655987819e+01	1.926516384720150299e+01	2.005113287456344651e+01	1.939170223513055191e+01	1.919647953733771217e+01	1.912757945683472727e+01	1.956977337874976541e+01	1.934582080118835989e+01	1.952224931118001194e+01	1.923864934424726414e+01	1.919041331426588570e+01	2.004511127648999391e+01	1.920240146818573734e+01	1.921569219553164132e+01	2.011628984574076995e+01	1.911898272123617915e+01	1.945368613713609207e+01	1.909084451861049914e+01	1.902079239586478110e+01	1.879059708042970200e+01	2.863451617325303644e+01	1.911451522209547349e+01	1.940445648514244326e+01	1.939254152348222604e+01	1.904953048404349047e+01	1.903154715712927469e+01	1.989682356913171901e+01	1.965727744632737384e+01	1.956621623694028145e+01	1.950641388970982604e+01	1.949295075852939618e+01	1.917069105941897433e+01	1.932877902125915170e+01	1.923831382618410757e+01	1.933336694626882135e+01	2.006005653286953105e+01	1.913250893921146911e+01	1.926167955975726187e+01	1.925806582600350225e+01	1.968475631598476383e+01	1.854561802184032260e+01	1.968650376719426731e+01	1.909144126490827986e+01	1.986967775719850238e+01	1.931093026122909606e+01	1.903445178553282702e+01	1.928505846648270250e+01	1.981495165705522510e+01	1.955048565387309978e+01	1.906242463335671289e+01
1.950510575551012948e+01	1.927462728181278351e+01	1.981360328816186822e+01	1.894154587932682787e+01	1.905332309659766921e+01	1.890443763372886465e+01	1.940432633392951445e+01	1.953758350119468545e+01	1.982615534041060457e+01	1.910668856609219901e+01	1.938133533903276629e+01	1.992650608139003054e+01	1.910412962223066913e+01	1.909763009348955265e+01	2.005061328280936195e+01	1.925985187652129227e+01	1.944555522740126818e+01	1.925235941860620414e+01	1.917193868573206217e+01	1.889099042564146913e+01	1.911451522209547349e+01	2.892146701366849015e+01	1.949672933223767402e+01	2.003942376327734820e+01	1.930583361966937872e+01	1.903334676491883215e+01	1.988642072008215322e+01	1.986466192641551132e+01	1.928952847618561250e+01	2.000407339110262583e+01	1.966645004651589446e+01	1.945887331673088738e+01	1.944490032906533372e+01	1.967243940833811067e+01	1.918882570544951349e+01	2.020984465512424677e+01	1.905716769919012066e+01	1.911603699229481990e+01	1.954872848944434693e+01	1.979036220557344450e+01	1.886176168579084944e+01	1.919525312401877315e+01	1.941483208094056323e+01	1.995013716590744224e+01	1.919375839300499464e+01	1.886611706915484987e+01	1.980902681127076193e+01	1.989288892089363259e+01	1.957763460923770182e+01	1.912568721438253760e+01
1.933829859831776332e+01	1.968113963509401998e+01	2.037714717765708627e+01	1.926798027802283286e+01	1.959468607641633398e+01	1.942910407154076324e+01	2.015687554960073768e+01	2.009467233221123550e+01	2.021223533205898093e+01	1.993571680333876728e+01	1.997848290404822080e+01	2.020692166707824811e+01	1.964924561717761975e+01	1.963569264733568431e+01	2.033448712816522885e+01	1.954703880820747486e+01	1.953307604601313585e+01	1.964922267600239891e+01	1.950360414296333644e+01	1.924060093190215426e+01	1.940445648514244326e+01	1.949672933223767402e+01	2.976195744920826058e+01	2.016979526873468842e+01	1.963615517995930304e+01	1.946701892598608907e+01	1.977666667489535257e+01	2.014347745779731014e+01	1.981969007340408595e+01	2.014918097436920874e+01	1.997844593988538264e+01	1.976306854560101200e+01	1.980015001682197706e+01	1.995767720527123146e+01	1.945066330694788803e+01	2.033637749668665151e+01	1.991806577365611020e+01	1.978932467145924790e+01	2.018779868034537373e+01	1.980397466899461989e+01	1.907388407800766927e+01	1.992947938480753578e+01	1.969398286899175332e+01	2.039762847494297660e+01	1.996561471494871043e+01	1.921385447213234698e+01	2.005381594128814271e+01	2.017805793435866235e+01	1.968802814088346054e+01	1.944922738838963028e+01
2.030937982750252147e+01	1.982530171438088118e+01	2.052867932758367786e+01	1.999957574877590361e+01	1.941438393800645557e+01	1.981699846283364153e+01	2.061414584944082051e+01	2.031838156281972729e+01	2.039411167354991861e+01	1.983927116851434391e+01	1.979674028555333365e+01	2.063790544817620187e+01	2.020376861072287156e+01	1.980221465159892347e+01	2.004315424848237015e+01	1.989141959996124243e+01	2.031250194283563104e+01	1.984172929251857909e+01	1.969166431153038133e+01	1.977170358008407547e+01	1.939254152348222604e+01	2.003942376327734820e+01	2.016979526873468842e+01	3.010868494832853415e+01	1.963663258752205820e+01	1.995137446773557244e+01	1.999531910694824433e+01	2.034564124499908289e+01	2.000284036325867021e+01	2.051297531557202447e+01	2.039755208323452251e+01	2.048320652131267039e+01	2.007505088274278293e+01	1.999753255064222301e+01	1.979643136480094157e+01	2.116510638204469075e+01	1.996172379480579906e+01	2.009757488351676002e+01	1.995665456596048770e+01	2.041486218024835608e+01	1.907528077526845678e+01	2.035718262440369486e+01	1.989614334445498045e+01	2.068618876031080589e+01	2.001751704345820926e+01	1.955758341744408568e+01	2.049442278794050054e+01	2.042800563126212765e+01	2.054085631143727397e+01	2.011470188411240301e+01
2.004692376880720062e+01	1.924374031266957275e+01	2.037164743591728566e+01	1.919759112316022254e+01	1.929495001401544840e+01	1.969908045193529134e+01	1.993803704424768597e+01	1.972537854085392439e+01	2.003466966434845631e+01	1.966834684736198113e+01	1.978346504317200427e+01	2.031940026701772695e+01	1.995375257117039069e+01	1.968371214487988752e+01	2.025667229770862576e+01	1.952091806396760276e+01	1.991557313846789512e+01	1.991339387593308174e+01	1.905584881756166737e+01	1.909201371734089747e+01	1.904953048404349047e+01	1.930583361966937872e+01	1.963615517995930304e+01	1.963663258752205820e+01	2.959669164855968049e+01	1.978433871618003792e+01	1.980840830735327174e+01	2.033157030011562227e+01	1.996287019777759397e+01	2.018325375568030466e+01	2.019036029375403984e+01	1.977851336957191108e+01	1.954144376838435093e+01	1.983262790478738324e+01	1.954213133377457368e+01	2.061554348854649632e+01	1.953700130012921932e+01	1.946687290773500933e+01	1.990477072419656679e+01	1.981567912617068927e+01	1.948056707531838327e+01	2.019644663191577294e+01	1.943232523348134322e+01	2.005086377928165575e+01	1.953090987952778690e+01	1.933704816767744816e+01	2.032339453519500694e+01	2.069192471163632163e+01	1.998008288558527568e+01	1.979905011751765542e+01
1.991143305071794600e+01	1.947519734575331185e+01	2.009871949321733453e+01	1.915347582096810441e+01	1.913653884440967090e+01	1.979529950800116112e+01	2.030781228164789809e+01	2.013492763375575478e+01	1.987288147497921287e+01	1.953016397359381884e+01	1.973999587169209846e+01	2.009467396350531132e+01	1.940333263849228018e+01	1.939387512375518341e+01	2.000742087971968886e+01	1.917408042427940984e+01	1.977306160708090488e+01	1.922663341266965276e+01	1.921178457075782475e+01	1.914300731995489002e+01	1.903154715712927469e+01	1.903334676491883215e+01	1.946701892598608907e+01	1.995137446773557244e+01	1.978433871618003792e+01	2.953115699938243566e+01	1.950795529843529508e+01	1.987042675473211872e+01	1.944383648815348309e+01	2.013025706869133913e+01	1.978075991870139916e+01	1.946095928229989980e+01	1.934894839524879018e+01	1.973277045997296852e+01	1.941781016592821629e+01	2.006668301345817795e+01	1.980812341091686335e+01	1.967472760917993924e+01	1.963636562918950546e+01	1.961731614142844649e+01	1.911452334446603274e+01	2.020430723251770999e+01	1.964177833367221737e+01	1.995185382966509735e+01	1.950369524282612588e+01	1.888011001958946977e+01	1.962860416096674854e+01	2.009025208122138650e+01	1.977562399700667939e+01	1.924986930220495296e+01
2.000940276695594022e+01	1.940276089621752575e+01	2.023073868897310845e+01	1.930093078237642246e+01	1.963283662097474647e+01	1.934666310652559318e+01	2.028713626612186616e+01	1.981789654533803713e+01	2.027264052145172712e+01	1.932769511400696416e+01	1.994609678842957123e+01	2.003751385887129288e+01	1.978328489490517939e+01	1.961023486546920225e+01	2.006857302462530512e+01	1.961923901639539025e+01	1.977159515462248862e+01	1.971285234981433376e+01	1.950700383119633585e+01	1.946328945067875082e+01	1.989682356913171901e+01	1.988642072008215322e+01	1.977666667489535257e+01	1.999531910694824433e+01	1.980840830735327174e+01	1.950795529843529508e+01	2.916851341742488657e+01	2.019143935169062232e+01	2.013637129235961254e+01	2.018434640962582804e+01	1.999191983164115172e+01	2.007279578341295334e+01	1.980292196601398302e+01	1.972698326097976107e+01	1.975156109468236210e+01	2.021688826605569744e+01	1.954416081123070015e+01	1.976773530060067330e+01	1.953290716216238820e+01	2.027725856055743137e+01	1.912439911612595722e+01	1.978323599157703327e+01	1.996820661766764360e+01	2.065193460492818645e+01	1.991422871433781694e+01	1.914971908160766034e+01	1.974245675854246329e+01	2.024711269195508123e+01	2.003324261207477974e+01	1.944265956188473865e+01
2.034658754074047593e+01	1.984950030241470031e+01	2.031996669406148825e+01	1.973757573828456557e+01	1.975635814644001087e+01	1.977838583655250915e+01	2.012309782621602849e+01	2.035883577844578340e+01	2.001930087377283130e+01	1.968521802183036229e+01	2.005484300379689699e+01	2.067982622691801708e+01	2.016503966035508455e+01	2.003395826791729917e+01	2.040542529268651251e+01	2.004760114890488154e+01	2.001292997175664112e+01	1.990341305026282370e+01	1.985533952904479094e+01	1.957002229940855642e+01	1.965727744632737384e+01	1.986466192641551132e+01	2.014347745779731014e+01	2.034564124499908289e+01	2.033157030011562227e+01	1.987042675473211872e+01	2.019143935169062232e+01	3.007603983976557416e+01	1.962633137970043862e+01	2.031729627668373439e+01	2.060918584396749509e+01	2.027774444554749778e+01	1.993903395061025563e+01	1.983233520978580700e+01	1.964382986710279511e+01	2.088224318362502530e+01	2.004697937747156544e+01	2.013559150133821873e+01	1.999166178730773069e+01	2.024345932944411430e+01	1.982293457444245277e+01	2.049341171978110765e+01	2.011528850417833780e+01	2.078407664153540324e+01	1.955269368667801899e+01	1.963668166409490468e+01	2.004967137420995371e+01	2.060589277716048073e+01	2.032665697186302012e+01	1.968837788551099877e+01
1.993304846215994885e+01	1.942571241404767690e+01	2.028424833010755535e+01	1.955014924763786155e+01	1.956451732867573767e+01	1.914563055431366223e+01	2.010061967627421353e+01	1.963718681525451970e+01	1.990816729160900422e+01	1.961667325391013961e+01	1.988808950595170089e+01	2.050514105162300638e+01	1.969215743796817719e+01	1.977125334720006578e+01	2.002950632486937366e+01	1.951337837983661316e+01	1.978593110744885308e+01	1.949519609945673793e+01	1.936642389829959399e+01	1.923874937286726450e+01	1.956621623694028145e+01	1.928952847618561250e+01	1.981969007340408595e+01	2.000284036325867021e+01	1.996287019777759397e+01	1.944383648815348309e+01	2.013637129235961254e+01	1.962633137970043862e+01	2.954942431914845713e+01	1.989591164470578377e+01	1.972715791696659338e+01	1.997253335842688315e+01	1.995560239340921171e+01	1.971982767704881923e+01	1.964543965049641017e+01	2.060383726192930709e+01	1.963312633548573771e+01	1.970361871780140106e+01	1.996748057403030785e+01	2.011169718903387604e+01	1.941269509834698681e+01	1.956358823580627515e+01	1.926265653226725405e+01	2.023597692344850429e+01	1.994906465279841257e+01	1.932729152515824822e+01	1.983511849121741122e+01	2.011186629140194526e+01	1.992992244286018177e+01	1.945977111125202086e+01
2.036287176167571644e+01	2.012614500911590554e+01	2.088546089238815284e+01	2.004031748714261951e+01	1.971972852396674369e+01	1.957210714424661901e+01	2.035971032288730953e+01	2.059755369257574031e+01	2.062533510475364906e+01	2.019359519807014181e+01	2.027146515511817171e+01	2.047140318759909405e+01	2.037075132135957034e+01	2.014581052298453301e+01	2.069834804053067501e+01	2.003290689997522733e+01	2.074407162953561112e+01	2.031524836493559150e+01	2.001929385592282529e+01	1.963016745909096628e+01	1.950641388970982604e+01	2.000407339110262583e+01	2.014918097436920874e+01	2.051297531557202447e+01	2.018325375568030466e+01	2.013025706869133913e+01	2.018434640962582804e+01	2.031729627668373439e+01	1.989591164470578377e+01	3.029414149244218635e+01	2.064701523500528424e+01	2.023335849516746165e+01	1.995143907150180951e+01	2.008246046993224354e+01	2.014479908155274401e+01	2.056258851986198977e+01	2.038059798529325306e+01	1.973504344690244139e+01	1.997732022540997221e+01	2.037441750784919847e+01	1.968859154930875732e+01	2.036183988329143091e+01	2.022987383831100061e+01	2.063431725649721571e+01	2.008070303949444835e+01	1.942601571178045461e+01	2.064416893543637954e+01	2.035660890706454396e+01	2.039188267977742797e+01	1.980159551317154865e+01
2.018017089602820846e+01	1.985001539312441921e+01	2.050898053517591180e+01	1.988878993672494389e+01	2.006805415898885059e+01	1.971612305865251003e+01	2.034864443162370051e+01	2.028048794665978249e+01	2.014905357076196779e+01	1.988100513999397734e+01	1.995062221595884111e+01	2.061739983966081624e+01	2.031661786901402422e+01	1.984420794557072298e+01	2.011524153145121829e+01	1.984115141589603581e+01	2.020130383786429462e+01	1.996185099098186555e+01	1.965338076537170764e+01	1.966022229801768262e+01	1.949295075852939618e+01	1.966645004651589446e+01	1.997844593988538264e+01	2.039755208323452251e+01	2.019036029375403984e+01	1.978075991870139916e+01	1.999191983164115172e+01	2.060918584396749509e+01	1.972715791696659338e+01	2.064701523500528424e+01	3.010156792358409561e+01	2.050770756458452837e+01	1.998103697341818119e+01	2.003414078215990202e+01	2.021276573168808355e+01	2.124127380734141113e+01	1.994531310022923876e+01	1.980579117641889297e+01	2.037842854398790493e+01	2.006006596805943332e+01	1.981942855274073167e+01	2.049941744105140273e+01	1.960694976758583508e+01	2.057830847891869652e+01	2.011683189870930022e+01	1.977031073793125415e+01	2.020018833516334311e+01	2.041529801108746511e+01	2.006918506254507761e+01	1.962808626686266322e+01
2.009889662532109256e+01	1.992807643994722255e+01	2.025157469455104930e+01	1.939952196237367232e+01	1.923331407075195187e+01	1.958099816991423481e+01	2.032648749118222042e+01	1.990551733873348539e+01	2.015227863150905563e+01	2.005795394725696923e+01	1.978064751369404206e+01	2.027498796152250549e+01	1.973633000908007062e+01	2.002664051476411444e+01	2.028736936426787452e+01	1.946836209426200881e+01	2.036765893358853674e+01	1.961803984588808802e+01	1.945229409333233406e+01	1.963900709131781142e+01	1.917069105941897433e+01	1.945887331673088738e+01	1.976306854560101200e+01	2.048320652131267039e+01	1.977851336957191108e+01	1.946095928229989980e+01	2.007279578341295334e+01	2.027774444554749778e+01	1.997253335842688315e+01	2.023335849516746165e+01	2.050770756458452837e+01	2.965728198466856469e+01	1.993090121370308054e+01	1.997180357003978202e+01	1.962879158026708026e+01	2.078258550447451469e+01	1.964438055532171035e+01	1.956624897836434940e+01	1.982317361026934677e+01	1.992995123548758940e+01	1.935738631957472577e+01	1.979588123902061625e+01	2.005188031241537061e+01	2.025137794540718872e+01	1.979481860687397088e+01	1.908220900797055108e+01	2.026879230759071149e+01	2.027307759988173785e+01	2.025890447297766173e+01	1.958996677435297329e+01
