3.027706474839766670e+01	2.011798211475059261e+01	1.992819934377790858e+01	1.983909049046306805e+01	1.980160692895503871e+01	2.041008752055328657e+01	1.956236324031202045e+01	2.031028226649668511e+01	2.040505438965171336e+01	1.971098042186287458e+01	2.001570317150473599e+01	2.064330453884387495e+01	2.003200792431934474e+01	1.972862690378837414e+01	1.998706657542124887e+01	2.022025515354307501e+01	2.015540487306908801e+01	2.100233396944158670e+01	1.972998228930510223e+01	2.023797700804014710e+01	1.972671117060075119e+01	2.007450291194318837e+01	2.021810273670760694e+01	2.026745270010318123e+01	2.008313104694655138e+01	2.001730455276284459e+01	1.977858127122234322e+01	1.975491586975431701e+01	2.068366199715945442e+01	2.024606389329372647e+01	1.953220415563811230e+01	2.036447503511638146e+01	1.968473066478544453e+01	2.020823191127209739e+01	2.014932660997428471e+01	2.064606838075522433e+01	1.983355680820728750e+01	2.034927176968841778e+01	2.044835681479618117e+01	1.981024847604775019e+01	2.032563238948910467e+01	1.997562139816080773e+01	1.999397546577251461e+01	2.033924495262244037e+01	1.977216016743320282e+01	1.971493630005131337e+01	1.969637946051161137e+01	1.966020826687990208e+01	2.011291499348138956e+01	2.010085346450856392e+01
2.011798211475059261e+01	2.941467768249139425e+01	2.013245971593090644e+01	2.023544000323057901e+01	1.933042485242332020e+01	2.017309259909529473e+01	1.971780669140350284e+01	2.066530831217115249e+01	1.990019622906142871e+01	1.997300067673825907e+01	2.006974470074153416e+01	2.032238253895777191e+01	2.017115191585508072e+01	1.983625176924300959e+01	1.943960025782379120e+01	2.035608372995110571e+01	1.953910799248636110e+01	2.081284632331577811e+01	1.960475941733305660e+01	2.025864337174755647e+01	1.972786352267209153e+01	2.019709994535800845e+01	1.981326986025090875e+01	2.023188411824650856e+01	2.002811511154438406e+01	2.029355346870359611e+01	2.050170886647529400e+01	1.981531217136009460e+01	2.071605869494196028e+01	2.018372474800368011e+01	1.934924183465556169e+01	2.023775347670883562e+01	1.978445707408715748e+01	1.994693370663494036e+01	1.994755096137893347e+01	2.107964584210580483e+01	2.000096516826249626e+01	2.041201560166626194e+01	2.020121564201310349e+01	1.962398634370261874e+01	2.015252707880981475e+01	2.015528334148904221e+01	2.000187140105121131e+01	2.029968833231508185e+01	1.982326457832708044e+01	1.973019143295609368e+01	1.953018083871774735e+01	1.960088310148454127e+01	2.001841189275005206e+01	1.959581086805319217e+01
1.992819934377790858e+01	2.013245971593090644e+01	2.945351073067284275e+01	2.005469506920499256e+01	1.933003515448100984e+01	2.012870948156121997e+01	1.948969828899838674e+01	2.036442502260781140e+01	1.979095391540876392e+01	2.002111463350150800e+01	2.005759846868939889e+01	2.047639251285869832e+01	2.002441562254296770e+01	1.999326159385069346e+01	2.019607731446309273e+01	1.974887622031494416e+01	1.943075217419554335e+01	2.072862088802956393e+01	1.961220455019809350e+01	2.012979059177862950e+01	1.959069687923768299e+01	1.962765158203557192e+01	1.998589388789417143e+01	1.976372329286235896e+01	1.983617904326467851e+01	2.008325230200332356e+01	1.997539822289022737e+01	1.967147555136872938e+01	2.048389618417828473e+01	1.988308531320819128e+01	1.943324785838715840e+01	1.985507910657607056e+01	1.940981612792808875e+01	1.994054750181252800e+01	1.958743476843315179e+01	2.066155770732739683e+01	1.955510517540709259e+01	2.069536254734150305e+01	2.009426112198084979e+01	1.956304455625401317e+01	1.984724560765138079e+01	2.024009247766458586e+01	1.968570340573456789e+01	2.018778562885212935e+01	2.003934816549242015e+01	1.986063208531587421e+01	1.960787599468050502e+01	1.938103160413674431e+01	2.018716837020554422e+01	1.976169935118301169e+01
1.983909049046306805e+01	2.023544000323057901e+01	2.005469506920499256e+01	2.985346433520000176e+01	1.946133937421418381e+01	2.013669075411803533e+01	1.952023427161317315e+01	2.038798775269223640e+01	1.980962086090092811e+01	2.015878855092565658e+01	2.038554402734432713e+01	2.067928650721308514e+01	1.989794552777139103e+01	1.981059268088284142e+01	2.017047856498190228e+01	1.997767544661170547e+01	1.994862283703905703e+01	2.034415771237804904e+01	2.019657572050194005e+01	2.005314611498293331e+01	2.001969968623498275e+01	2.020720946217676328e+01	1.999299874379457620e+01	2.043583710250339180e+01	2.000681567247547221e+01	1.990226128778743586e+01	2.050958405731416789e+01	2.006407029965121680e+01	2.058957583500455257e+01	2.039531220732924410e+01	1.960912699309107055e+01	2.005397798640722584e+01	1.986028463022514501e+01	1.993809364466973477e+01	1.998332490292442998e+01	2.104050016035584747e+01	1.973957327846065013e+01	2.019478766915146295e+01	2.042109133481423200e+01	1.972323565768019549e+01	2.035213703443401911e+01	2.027338257410851341e+01	2.030303872146025412e+01	2.050392991733504289e+01	1.986774534378372792e+01	1.996594630522679026e+01	1.967039811805149085e+01	1.975116518573986468e+01	2.026761010856021628e+01	1.989940681143321299e+01
1.980160692895503871e+01	1.933042485242332020e+01	1.933003515448100984e+01	1.946133937421418381e+01	2.955577834606609500e+01	2.009934197867483263e+01	1.916281088441717984e+01	2.005355540127867187e+01	1.940672009807872911e+01	1.943262761426831631e+01	1.984720606082556316e+01	2.029478375223205333e+01	1.957105050013807102e+01	1.964785536001539157e+01	1.994497417294154573e+01	1.985882949290069632e+01	1.956849324768182896e+01	2.012969180246465939e+01	1.932385365224124030e+01	2.003786177417890713e+01	1.938593727101726216e+01	1.934103406313107598e+01	1.945003251478366479e+01	1.997730101047447704e+01	1.946543074976988663e+01	1.972817649363788561e+01	1.994567093892872123e+01	1.948787993367561810e+01	2.035473754167343330e+01	1.961781182625645314e+01	1.904149447727508360e+01	1.967462352373794587e+01	1.904170734592154446e+01	1.947512267239194017e+01	1.945136950360134165e+01	2.073387975212433787e+01	1.935002123335680579e+01	2.024643007213612123e+01	2.008889760876165553e+01	1.935176000195863466e+01	2.032781353713280481e+01	1.991872978914604175e+01	1.970349144650446860e+01	1.956197008103809409e+01	1.963166785957990612e+01	1.931209009179397285e+01	1.941371740863698747e+01	1.882753444674569820e+01	1.975408951986193173e+01	1.951054422895101581e+01
2.041008752055328657e+01	2.017309259909529473e+01	2.012870948156121997e+01	2.013669075411803533e+01	2.009934197867483263e+01	2.967279327061340766e+01	1.987547127967463823e+01	2.035425305783391181e+01	2.010169465445933668e+01	2.047798883550282412e+01	2.039960650312189117e+01	2.084133576670333099e+01	2.008560982489140656e+01	2.012584830593579710e+01	2.019230403248770500e+01	2.020099527137140427e+01	2.014497610603695676e+01	2.067756087767284257e+01	1.968313190930176759e+01	2.059619448611439552e+01	2.000916487652701292e+01	2.002713329157737121e+01	2.024050144166224285e+01	2.057649460940609387e+01	2.000232513383746635e+01	2.030179242968044306e+01	2.043204343674855750e+01	1.985983954741578827e+01	2.105121865747701193e+01	2.022241331747095572e+01	1.984797588354645725e+01	2.039180623028202533e+01	1.986219192399160960e+01	2.044804728179205711e+01	1.988646381172954847e+01	2.060346185796518981e+01	2.021940469997067069e+01	2.072301310586724554e+01	2.080126898516779477e+01	1.975643623349608902e+01	2.014397548040694730e+01	2.019471450559203873e+01	2.034516786533146515e+01	2.055370242638944589e+01	2.048792604631876557e+01	1.990177163336715438e+01	1.954551629106688182e+01	1.983687161203094007e+01	2.048914300634510965e+01	2.019861862349841530e+01
1.956236324031202045e+01	1.971780669140350284e+01	1.948969828899838674e+01	1.952023427161317315e+01	1.916281088441717984e+01	1.987547127967463823e+01	2.911052475280521179e+01	2.005596263883726493e+01	1.930733711346703529e+01	1.922861978760291990e+01	2.002842783792273451e+01	2.029140906744764905e+01	2.013640892548077588e+01	1.938255948542838780e+01	1.980168157568886755e+01	1.957856218743858889e+01	1.965575291981189920e+01	2.024291255422594915e+01	1.923916291985614535e+01	1.986359215195824035e+01	1.954718980741670720e+01	1.945983975129477273e+01	1.974430451365830308e+01	2.017199219001317800e+01	1.963730092623146106e+01	1.982863347263930009e+01	2.006202002519340866e+01	1.941986404167781544e+01	2.019078039304166339e+01	1.944647425309845445e+01	1.902963968651891236e+01	1.982565452897410907e+01	1.939278464559741977e+01	2.007550810616464787e+01	1.976207340068995677e+01	2.043222773590902719e+01	1.961436611808568742e+01	2.047187562949518735e+01	2.018308007851015873e+01	1.900231234638719968e+01	1.983600532346188672e+01	1.999804237889107839e+01	2.018748277138864822e+01	2.010694118929890095e+01	1.983161621248240181e+01	1.976755903060204744e+01	1.946086059032734283e+01	1.939746986383239502e+01	1.981773090346974797e+01	1.947522163321890432e+01
2.031028226649668511e+01	2.066530831217115249e+01	2.036442502260781140e+01	2.038798775269223640e+01	2.005355540127867187e+01	2.035425305783391181e+01	2.005596263883726493e+01	3.085273083937778793e+01	2.034671864037409961e+01	2.034418664288285328e+01	2.036169648649480379e+01	2.132463173029433534e+01	2.042258212160657393e+01	2.041726350049754046e+01	2.068824260315534147e+01	2.050465236781739975e+01	1.999327902586998107e+01	2.112076725009355016e+01	1.977667196269104011e+01	2.087431497762210597e+01	2.015230525770680359e+01	2.050815029551818114e+01	2.062849204492830069e+01	2.049676628335766537e+01	2.011042465626004017e+01	2.030767328892641643e+01	2.053826219984816603e+01	2.031273305112143035e+01	2.097707368863106581e+01	2.052359856888352496e+01	1.953665591738025142e+01	2.087656207190518742e+01	1.973963431112552414e+01	2.040646950173753993e+01	2.025318071373696682e+01	2.142961372162602629e+01	2.004431095607365165e+01	2.109077402281135605e+01	2.131164077895869013e+01	1.980616189572216612e+01	2.073988395140466068e+01	2.080215121233085895e+01	2.058122974100988500e+01	2.086471147013714855e+01	2.049066699038171890e+01	2.022251394573115846e+01	2.019054997715954869e+01	1.999138611445846081e+01	2.069901616204758454e+01	2.013694070660568158e+01
2.040505438965171336e+01	1.990019622906142871e+01	1.979095391540876392e+01	1.980962086090092811e+01	1.940672009807872911e+01	2.010169465445933668e+01	1.930733711346703529e+01	2.034671864037409961e+01	2.950991466216103376e+01	1.992287392052864092e+01	2.025639321171940566e+01	2.063904871106279160e+01	1.951112074238557170e+01	1.933472325410121684e+01	1.988723468377662584e+01	1.982824829814756029e+01	1.949650705725636968e+01	2.060953864137482938e+01	1.983757259685557983e+01	2.033328653240128858e+01	1.921433246606498457e+01	2.012695441877812641e+01	1.988556483476003933e+01	1.999176542578580396e+01	1.964693604986504383e+01	1.998874023036461978e+01	1.989836163896574561e+01	2.000950588238667294e+01	2.022879647040952378e+01	2.004624327383768545e+01	1.919705710399548693e+01	2.003032442707754512e+01	1.952926052968644655e+01	2.007962357093447281e+01	1.983714198359592373e+01	2.058862646563632026e+01	1.965544545480214467e+01	2.042580264170377546e+01	2.077354689956400335e+01	1.948252056942101973e+01	1.991016519684651342e+01	1.980542720371845178e+01	1.994246635677136581e+01	2.023296712156606247e+01	1.998040192482254085e+01	1.947969921486635059e+01	1.972896320962058780e+01	1.953809052106188204e+01	2.002562568113896191e+01	2.001780743058462875e+01
1.971098042186287458e+01	1.997300067673825907e+01	2.002111463350150800e+01	2.015878855092565658e+01	1.943262761426831631e+01	2.047798883550282412e+01	1.922861978760291990e+01	2.034418664288285328e+01	1.992287392052864092e+01	2.991076758204250652e+01	1.967080147637411258e+01	2.045943962204868427e+01	1.952284767635888585e+01	1.971686540373260854e+01	2.012259614627392068e+01	1.998552486089826985e+01	1.971417269770978464e+01	2.054204177970287404e+01	1.962797813605529029e+01	2.019759382424734184e+01	1.989498871217248066e+01	1.997562746692895175e+01	1.962209735762735008e+01	1.997558270683218851e+01	1.981067785798325431e+01	2.020252025095311410e+01	2.003344448508656939e+01	1.977541779261459354e+01	2.066819614909544356e+01	1.982844995301793745e+01	1.934890341398290659e+01	2.021302926574668390e+01	1.980256801882440598e+01	1.989991482631389985e+01	1.991216266376857646e+01	2.054919114953731807e+01	1.973877053018718186e+01	2.027489570803536623e+01	2.053275566312967371e+01	1.946495082419934164e+01	1.994030102789681180e+01	1.983937595681222987e+01	2.023777363033822496e+01	2.010230077138275107e+01	1.990429356152221274e+01	1.956105378981472143e+01	1.943673983589383170e+01	1.959672321550576868e+01	2.046179079511999888e+01	1.984883627164454012e+01
2.001570317150473599e+01	2.006974470074153416e+01	2.005759846868939889e+01	2.038554402734432713e+01	1.984720606082556316e+01	2.039960650312189117e+01	2.002842783792273451e+01	2.036169648649480379e+01	2.025639321171940566e+01	1.967080147637411258e+01	3.042272570873038617e+01	2.097602028994641543e+01	2.016473959625723111e+01	2.027660261192923841e+01	2.050686424589400758e+01	2.047101387635406411e+01	1.981986575274486384e+01	2.073834290219991772e+01	1.976095442689801374e+01	2.074065491852796583e+01	1.981064902598238220e+01	2.042840928828525549e+01	2.028528393108238603e+01	2.069682086460886694e+01	2.034417636110450189e+01	2.021909800679632241e+01	2.028374751814110155e+01	2.021539931676317892e+01	2.103864033082159679e+01	2.000874047462966487e+01	1.940668688510472251e+01	2.047469770279989731e+01	1.995983691041199393e+01	2.034639849301360570e+01	2.025546593793998795e+01	2.121798967333431563e+01	2.003737169054253187e+01	2.056828461771407746e+01	2.052892345359559556e+01	1.999473162274860982e+01	2.072521638930099996e+01	2.067694340380153406e+01	2.061577291264637779e+01	2.032894084437322135e+01	2.022288131822373103e+01	1.996670311365670969e+01	1.991632907568569877e+01	2.026815700357832029e+01	2.015362308161921945e+01	2.006099944111860367e+01
2.064330453884387495e+01	2.032238253895777191e+01	2.047639251285869832e+01	2.067928650721308514e+01	2.029478375223205333e+01	2.084133576670333099e+01	2.029140906744764905e+01	2.132463173029433534e+01	2.063904871106279160e+01	2.045943962204868427e+01	2.097602028994641543e+01	3.100031608871133670e+01	2.054497177206901526e+01	2.073414972458090944e+01	2.117099362835077869e+01	2.060558165178374423e+01	2.022424506957706214e+01	2.123533434087087102e+01	2.057325635308843914e+01	2.098996211083916918e+01	2.047251263185042802e+01	2.099950231652902843e+01	2.094527891462807645e+01	2.100912841420078081e+01	2.040867784672150620e+01	2.052029430600373061e+01	2.084802776704728089e+01	2.022040694383890269e+01	2.131931267277172282e+01	2.043309188510064089e+01	2.022871796013193091e+01	2.101475646026461419e+01	2.034036464392074350e+01	2.060337818319428749e+01	2.052205524623438038e+01	2.168625287825251036e+01	2.038872304917044431e+01	2.118744131430025490e+01	2.087406916659131539e+01	2.019517076187106142e+01	2.091523640356565750e+01	2.098135090994373186e+01	2.070238162323118303e+01	2.086404633116511675e+01	2.083070284590682775e+01	2.088134986232109469e+01	2.022041745917397648e+01	2.037507422922755040e+01	2.088106507207445972e+01	2.056580514247090008e+01
2.003200792431934474e+01	2.017115191585508072e+01	2.002441562254296770e+01	1.989794552777139103e+01	1.957105050013807102e+01	2.008560982489140656e+01	2.013640892548077588e+01	2.042258212160657393e+01	1.951112074238557170e+01	1.952284767635888585e+01	2.016473959625723111e+01	2.054497177206901526e+01	2.962790228323507691e+01	2.005016053658355801e+01	2.011063746709778144e+01	2.044376621948011419e+01	1.985710155767789331e+01	2.065980372236186824e+01	1.959620779183203965e+01	2.017996029860270824e+01	1.954849450590345228e+01	1.961950363506955242e+01	1.994255043249501114e+01	1.976280832377511842e+01	1.978389239429282398e+01	2.008877304706271616e+01	2.041874103333583079e+01	1.987383477374442009e+01	2.039174418408243739e+01	1.984777305917297596e+01	1.967418255127067184e+01	2.013508081430490293e+01	1.906668312971590851e+01	2.023888053733799097e+01	1.962464692341738370e+01	2.058526940163589813e+01	1.965752876051179499e+01	2.093259222202380698e+01	2.042072173971814308e+01	1.951004303906755055e+01	2.002764239619065378e+01	2.025839407839589157e+01	1.990465726778403521e+01	2.041331736702958466e+01	1.998012294614283491e+01	1.967619968945072984e+01	1.929997840802340292e+01	1.954282698234178639e+01	2.047864033783312010e+01	1.958268067143524505e+01
1.972862690378837414e+01	1.983625176924300959e+01	1.999326159385069346e+01	1.981059268088284142e+01	1.964785536001539157e+01	2.012584830593579710e+01	1.938255948542838780e+01	2.041726350049754046e+01	1.933472325410121684e+01	1.971686540373260854e+01	2.027660261192923841e+01	2.073414972458090944e+01	2.005016053658355801e+01	2.939956953272953299e+01	1.963199831981019372e+01	1.973307413203923844e+01	1.961759861546444128e+01	2.014722162038096087e+01	1.935888877860905311e+01	2.015988189071621761e+01	1.941187247794836424e+01	2.023127221819765609e+01	1.974512225462936854e+01	2.032573183779813775e+01	1.958940318199082142e+01	1.994371839468476537e+01	2.005567535616659214e+01	1.991171442549698511e+01	2.058545698586896222e+01	2.002384154954068407e+01	1.907027676408726435e+01	1.989970981573108233e+01	1.948856349758903761e+01	1.994423674260655588e+01	1.950648401062432669e+01	2.068406322306768175e+01	1.953124809987335553e+01	2.001993004085793970e+01	2.063619429216902645e+01	1.976774437655900840e+01	1.987177593382167728e+01	1.975941431811135018e+01	1.950357120244479248e+01	1.982889337500532534e+01	1.968988467220077254e+01	1.970380691317596700e+01	1.938966661613037346e+01	1.950007227659689235e+01	2.033849923891704492e+01	1.978702903083343401e+01
1.998706657542124887e+01	1.943960025782379120e+01	2.019607731446309273e+01	2.017047856498190228e+01	1.994497417294154573e+01	2.019230403248770500e+01	1.980168157568886755e+01	2.068824260315534147e+01	1.988723468377662584e+01	2.012259614627392068e+01	2.050686424589400758e+01	2.117099362835077869e+01	2.011063746709778144e+01	1.963199831981019372e+01	3.002398878042817643e+01	2.033031057129377928e+01	1.980933096165804841e+01	2.033064540215941562e+01	1.974679752005287625e+01	2.026434041984419210e+01	1.945867402210201647e+01	1.966153210723793521e+01	2.015208800451263471e+01	2.073650931660796104e+01	2.003249792892966852e+01	2.043783001258386989e+01	2.020463884078149874e+01	2.033151863842269336e+01	2.076018865214653175e+01	1.996864838468629344e+01	1.948999631017057865e+01	2.004385718444438069e+01	1.972125260932399726e+01	2.014900177712175022e+01	2.005537450174739433e+01	2.089230760131136933e+01	2.010048194913784769e+01	2.057516658943361421e+01	2.015622528354475662e+01	1.974714782591452433e+01	2.031555357392287675e+01	2.045971959291355446e+01	1.975447832814605320e+01	2.029323964082470155e+01	2.029154164323532683e+01	1.964686311001257479e+01	1.997557587986795014e+01	1.964290311157286339e+01	2.052262499906414561e+01	2.022463515896453501e+01
2.022025515354307501e+01	2.035608372995110571e+01	1.974887622031494416e+01	1.997767544661170547e+01	1.985882949290069632e+01	2.020099527137140427e+01	1.957856218743858889e+01	2.050465236781739975e+01	1.982824829814756029e+01	1.998552486089826985e+01	2.047101387635406411e+01	2.060558165178374423e+01	2.044376621948011419e+01	1.973307413203923844e+01	2.033031057129377928e+01	2.986674025471682370e+01	1.985545110900115162e+01	2.047875357721601119e+01	1.978186313976555155e+01	2.014283473185881235e+01	1.967915492639130903e+01	2.000207918628022696e+01	1.981383589617194829e+01	2.030305493683507834e+01	2.003448628424686007e+01	1.968579648881454958e+01	2.054154711381845644e+01	2.002966758420647508e+01	2.043476463796633169e+01	2.017499745371818065e+01	1.946868140395914182e+01	1.999069477497809899e+01	1.988526434655040731e+01	2.000009354232703629e+01	1.993731676814507381e+01	2.115324356666064887e+01	1.985932954121844318e+01	2.026803730664231296e+01	2.024981111364641961e+01	1.977554607765179284e+01	2.026977776246750906e+01	1.994267128139350831e+01	1.987063015145750100e+01	2.043999529059654918e+01	2.019353337123384406e+01	1.982305869440494561e+01	1.959346592052177982e+01	1.929574922207197574e+01	2.012679171482853846e+01	1.980727993589766456e+01
2.015540487306908801e+01	1.953910799248636110e+01	1.943075217419554335e+01	1.994862283703905703e+01	1.956849324768182896e+01	2.014497610603695676e+01	1.965575291981189920e+01	1.999327902586998107e+01	1.949650705725636968e+01	1.971417269770978464e+01	1.981986575274486384e+01	2.022424506957706214e+01	1.985710155767789331e+01	1.961759861546444128e+01	1.980933096165804841e+01	1.985545110900115162e+01	2.892269157263962143e+01	2.017637051000271953e+01	1.930229953319321012e+01	2.016802487500449104e+01	1.942581327790208690e+01	1.941376480232665713e+01	1.955823069339894005e+01	1.997768286891861322e+01	1.961280552487079376e+01	2.010404965109721331e+01	2.000780380792243562e+01	1.945730329888570154e+01	2.025550305918323346e+01	1.961329762379540043e+01	1.886035335777049582e+01	1.968328336975543991e+01	1.969162003625776691e+01	1.974738071702745756e+01	1.921773410841176855e+01	2.030037487284209519e+01	1.934510246660213184e+01	2.018153645595333145e+01	2.017553786255217929e+01	1.960769569569837145e+01	1.978255287829810172e+01	1.951623691114893688e+01	1.955133341847117023e+01	1.997218377681939927e+01	1.976489113231140848e+01	1.939069345502685238e+01	1.951785368264117793e+01	1.948459636264842132e+01	1.961473413661504495e+01	1.955838833251005937e+01
2.100233396944158670e+01	2.081284632331577811e+01	2.072862088802956393e+01	2.034415771237804904e+01	2.012969180246465939e+01	2.067756087767284257e+01	2.024291255422594915e+01	2.112076725009355016e+01	2.060953864137482938e+01	2.054204177970287404e+01	2.073834290219991772e+01	2.123533434087087102e+01	2.065980372236186824e+01	2.014722162038096087e+01	2.033064540215941562e+01	2.047875357721601119e+01	2.017637051000271953e+01	3.071890061798548643e+01	2.022283133635240304e+01	2.098421327880053511e+01	2.032705753953874250e+01	2.045515572039143137e+01	2.094308428245638964e+01	2.061284075723632725e+01	2.025089013861207476e+01	2.067792668103752263e+01	2.078811765282488722e+01	2.059291114956284474e+01	2.118662711074184202e+01	2.045685759358539002e+01	1.979659535073544063e+01	2.087289347358855807e+01	2.034082041624686354e+01	2.047951462687400692e+01	1.988492056329908308e+01	2.149681143344197309e+01	2.028522322934793820e+01	2.080458128989605626e+01	2.119151992422894537e+01	2.010658721364574575e+01	2.075434649282371780e+01	2.112539060174698236e+01	2.020616074998734035e+01	2.113500689498342311e+01	2.067728675036309482e+01	2.022310980995926144e+01	2.003621684991665575e+01	1.998983055513402363e+01	2.066909750113524424e+01	2.030856425534188858e+01
1.972998228930510223e+01	1.960475941733305660e+01	1.961220455019809350e+01	2.019657572050194005e+01	1.932385365224124030e+01	1.968313190930176759e+01	1.923916291985614535e+01	1.977667196269104011e+01	1.983757259685557983e+01	1.962797813605529029e+01	1.976095442689801374e+01	2.057325635308843914e+01	1.959620779183203965e+01	1.935888877860905311e+01	1.974679752005287625e+01	1.978186313976555155e+01	1.930229953319321012e+01	2.022283133635240304e+01	2.915575783051511394e+01	1.960502978784224126e+01	1.951511726236354605e+01	1.991619113130932561e+01	1.971149704182148810e+01	1.955167797445999156e+01	1.963693297913628655e+01	1.971455481171530266e+01	1.988933166470014413e+01	1.976641159959514127e+01	2.056615157857557818e+01	1.983779160793202223e+01	1.909857570822248718e+01	1.967547724565603673e+01	1.946047245898238032e+01	1.992985840348158177e+01	1.956342042686431881e+01	2.005885324130517233e+01	1.936209132606976624e+01	2.021056060692039580e+01	2.016204775102646707e+01	1.963145878789151055e+01	1.987251789646025912e+01	1.992904017177118448e+01	1.987183402533928955e+01	2.001512987657241283e+01	1.952492899425146788e+01	1.938171385028351068e+01	1.929024066055431774e+01	1.954764159332887985e+01	1.982963366746830758e+01	1.957810604119086761e+01
2.023797700804014710e+01	2.025864337174755647e+01	2.012979059177862950e+01	2.005314611498293331e+01	2.003786177417890713e+01	2.059619448611439552e+01	1.986359215195824035e+01	2.087431497762210597e+01	2.033328653240128858e+01	2.019759382424734184e+01	2.074065491852796583e+01	2.098996211083916918e+01	2.017996029860270824e+01	2.015988189071621761e+01	2.026434041984419210e+01	2.014283473185881235e+01	2.016802487500449104e+01	2.098421327880053511e+01	1.960502978784224126e+01	3.033527907698170978e+01	1.979021416510064313e+01	2.024836929337334013e+01	2.016143029020527067e+01	2.075690144742033283e+01	2.025170036342253610e+01	2.023008993001449340e+01	2.033519032358846346e+01	2.005572797187797107e+01	2.073720419442598839e+01	2.047814230807722424e+01	1.967303310759655233e+01	2.039355253723490691e+01	1.988537845192273679e+01	2.031253985936298889e+01	2.005826069563888581e+01	2.144401732884496781e+01	2.006327002322562336e+01	2.082656877282968821e+01	2.081884855988287697e+01	1.983492557786138377e+01	2.078819186209143410e+01	2.034595034148169646e+01	2.001793690319023256e+01	2.043559439357234808e+01	2.046878939775807282e+01	2.053180226940106223e+01	1.953262481993978739e+01	1.976023147040033123e+01	2.019200465955827539e+01	2.028114080326040281e+01
1.972671117060075119e+01	1.972786352267209153e+01	1.959069687923768299e+01	2.001969968623498275e+01	1.938593727101726216e+01	2.000916487652701292e+01	1.954718980741670720e+01	2.015230525770680359e+01	1.921433246606498457e+01	1.989498871217248066e+01	1.981064902598238220e+01	2.047251263185042802e+01	1.954849450590345228e+01	1.941187247794836424e+01	1.945867402210201647e+01	1.967915492639130903e+01	1.942581327790208690e+01	2.032705753953874250e+01	1.951511726236354605e+01	1.979021416510064313e+01	2.891719269566149819e+01	1.934091584059013869e+01	1.981876973934486941e+01	1.989286011055332537e+01	1.976633075380120630e+01	1.963449329395874798e+01	1.984647885157212954e+01	1.919435044813106828e+01	2.016891132509477558e+01	1.979181041810516817e+01	1.918119765831119139e+01	1.982701331238938636e+01	1.939062745225601248e+01	1.984423489744872171e+01	1.944966116975327708e+01	2.018539844314633669e+01	1.951173267126580413e+01	2.013950056468669203e+01	1.975053112415352174e+01	1.951634830179009938e+01	1.960507056341491605e+01	1.973786487617926610e+01	1.972770200602939639e+01	2.021471194569523178e+01	1.990859387876948716e+01	1.953362935178224191e+01	1.943766877501541401e+01	1.937115644449852425e+01	1.987874697802419632e+01	1.993473570674760964e+01
2.007450291194318837e+01	2.019709994535800845e+01	1.962765158203557192e+01	2.020720946217676328e+01	1.934103406313107598e+01	2.002713329157737121e+01	1.945983975129477273e+01	2.050815029551818114e+01	2.012695441877812641e+01	1.997562746692895175e+01	2.042840928828525549e+01	2.099950231652902843e+01	1.961950363506955242e+01	2.023127221819765609e+01	1.966153210723793521e+01	2.000207918628022696e+01	1.941376480232665713e+01	2.045515572039143137e+01	1.991619113130932561e+01	2.024836929337334013e+01	1.934091584059013869e+01	2.973567415648205881e+01	1.979774880757454625e+01	2.026119744672065082e+01	1.990900069539764061e+01	2.003788412784757966e+01	2.044847393834083960e+01	2.018989350133203331e+01	2.061987052031723522e+01	1.974356962947724980e+01	1.912670181182040707e+01	2.003903587924950358e+01	1.969825769876386801e+01	2.006519744777373404e+01	1.951320443267480442e+01	2.066474098060106357e+01	1.990619891396928409e+01	2.024647400792693475e+01	2.044881204321221446e+01	1.991833731676950592e+01	2.008275958956382823e+01	2.002269297643682222e+01	2.011688231640048841e+01	2.008759122792448792e+01	2.030504030895462719e+01	1.995945157844787587e+01	1.944159639978597554e+01	1.973682283782409996e+01	1.967244231427990897e+01	1.988706583460190558e+01
2.021810273670760694e+01	1.981326986025090875e+01	1.998589388789417143e+01	1.999299874379457620e+01	1.945003251478366479e+01	2.024050144166224285e+01	1.974430451365830308e+01	2.062849204492830069e+01	1.988556483476003933e+01	1.962209735762735008e+01	2.028528393108238603e+01	2.094527891462807645e+01	1.994255043249501114e+01	1.974512225462936854e+01	2.015208800451263471e+01	1.981383589617194829e+01	1.955823069339894005e+01	2.094308428245638964e+01	1.971149704182148810e+01	2.016143029020527067e+01	1.981876973934486941e+01	1.979774880757454625e+01	3.012721202143219656e+01	2.023523427784053652e+01	2.016083802347439402e+01	1.995099276177748493e+01	2.001260157066244361e+01	1.998935669597207010e+01	2.092545416297046756e+01	1.994980358183961755e+01	1.916776029571778395e+01	2.025817824982281223e+01	1.992983474383387943e+01	1.995245145363973194e+01	1.982146956637363999e+01	2.099704579148399475e+01	1.996455705127878133e+01	2.071960215148742890e+01	2.045568124238134899e+01	1.979500209049800219e+01	1.985495118277070858e+01	1.995988042434889209e+01	1.971234560522576373e+01	2.071682237210009347e+01	2.036811586164501264e+01	2.004815152624095731e+01	1.979447187147778564e+01	1.906811506011688806e+01	2.035709254979535388e+01	1.995867708083382297e+01
2.026745270010318123e+01	2.023188411824650856e+01	1.976372329286235896e+01	2.043583710250339180e+01	1.997730101047447704e+01	2.057649460940609387e+01	2.017199219001317800e+01	2.049676628335766537e+01	1.999176542578580396e+01	1.997558270683218851e+01	2.069682086460886694e+01	2.100912841420078081e+01	1.976280832377511842e+01	2.032573183779813775e+01	2.073650931660796104e+01	2.030305493683507834e+01	1.997768286891861322e+01	2.061284075723632725e+01	1.955167797445999156e+01	2.075690144742033283e+01	1.989286011055332537e+01	2.026119744672065082e+01	2.023523427784053652e+01	3.048015432841207328e+01	1.998334288891717136e+01	2.014028092027237093e+01	2.051961371362695630e+01	2.024793305891855510e+01	2.097360436442422582e+01	2.076099522730404345e+01	1.953092478237405061e+01	2.053215497713561533e+01	2.015200067764233793e+01	2.042020980139966113e+01	2.030900618282756653e+01	2.155697353927104132e+01	2.018354930035520667e+01	2.084936495484281949e+01	2.081726548746202354e+01	1.973916819163964931e+01	2.063507354419824225e+01	2.058753356072242013e+01	2.051037494544262785e+01	2.044519873865067083e+01	2.021380307957956646e+01	1.985340006105700184e+01	1.975571939759689855e+01	1.975090881710295321e+01	2.064674842033952018e+01	2.018753576909435310e+01
2.008313104694655138e+01	2.002811511154438406e+01	1.983617904326467851e+01	2.000681567247547221e+01	1.946543074976988663e+01	2.000232513383746635e+01	1.963730092623146106e+01	2.011042465626004017e+01	1.964693604986504383e+01	1.981067785798325431e+01	2.034417636110450189e+01	2.040867784672150620e+01	1.978389239429282398e+01	1.958940318199082142e+01	2.003249792892966852e+01	2.003448628424686007e+01	1.961280552487079376e+01	2.025089013861207476e+01	1.963693297913628655e+01	2.025170036342253610e+01	1.976633075380120630e+01	1.990900069539764061e+01	2.016083802347439402e+01	1.998334288891717136e+01	2.977998230595274620e+01	2.026642491431254456e+01	1.996588720732613709e+01	1.972337863894300014e+01	2.009726186878782173e+01	1.955249370879849735e+01	1.936836499817547974e+01	2.018821202354211408e+01	1.983591869749790959e+01	1.990850605226608039e+01	1.929128339079917964e+01	2.055537878115451988e+01	1.967681772329725121e+01	2.020791313048454541e+01	2.043298350143509623e+01	1.937299570889523181e+01	2.009913455924582237e+01	2.039055908297488884e+01	2.001031234606139364e+01	2.019034940876697704e+01	2.004282709807353058e+01	1.972803498329396987e+01	1.952550594688091223e+01	1.954188346510066054e+01	1.995606742450643267e+01	1.994503349703514417e+01
2.001730455276284459e+01	2.029355346870359611e+01	2.008325230200332356e+01	1.990226128778743586e+01	1.972817649363788561e+01	2.030179242968044306e+01	1.982863347263930009e+01	2.030767328892641643e+01	1.998874023036461978e+01	2.020252025095311410e+01	2.021909800679632241e+01	2.052029430600373061e+01	2.008877304706271616e+01	1.994371839468476537e+01	2.043783001258386989e+01	1.968579648881454958e+01	2.010404965109721331e+01	2.067792668103752263e+01	1.971455481171530266e+01	2.023008993001449340e+01	1.963449329395874798e+01	2.003788412784757966e+01	1.995099276177748493e+01	2.014028092027237093e+01	2.026642491431254456e+01	2.998149453426087518e+01	2.032580039525262450e+01	1.968681537751793087e+01	2.076904627642587542e+01	1.991943007012164202e+01	1.975891802964119393e+01	2.019827638510414047e+01	1.980259330718153521e+01	2.000348132296574732e+01	1.990068986999712664e+01	2.087029996970859358e+01	2.008798242561496039e+01	2.065356643118452240e+01	2.081239357576629700e+01	1.926125715410475081e+01	2.000453928256534297e+01	1.991180534391012813e+01	2.028586516960548281e+01	2.050820490401578766e+01	2.019407409439009626e+01	1.990035535235707442e+01	1.962905218945877195e+01	2.004953452399350766e+01	2.048852313985894114e+01	1.978689287803796404e+01
1.977858127122234322e+01	2.050170886647529400e+01	1.997539822289022737e+01	2.050958405731416789e+01	1.994567093892872123e+01	2.043204343674855750e+01	2.006202002519340866e+01	2.053826219984816603e+01	1.989836163896574561e+01	2.003344448508656939e+01	2.028374751814110155e+01	2.084802776704728089e+01	2.041874103333583079e+01	2.005567535616659214e+01	2.020463884078149874e+01	2.054154711381845644e+01	2.000780380792243562e+01	2.078811765282488722e+01	1.988933166470014413e+01	2.033519032358846346e+01	1.984647885157212954e+01	2.044847393834083960e+01	2.001260157066244361e+01	2.051961371362695630e+01	1.996588720732613709e+01	2.032580039525262450e+01	3.036388437534942497e+01	2.023978080475704999e+01	2.089345525369946444e+01	2.007628954775070795e+01	1.967739535175771337e+01	2.028373717207583127e+01	2.001391925148543649e+01	2.014752036533343826e+01	1.943415243318890973e+01	2.087152859379872538e+01	2.004049380472713437e+01	2.075466577547845404e+01	2.042023650316693661e+01	2.030110826518140854e+01	2.021502273058251120e+01	2.052125532145241138e+01	2.068565361632720467e+01	2.074472524327765299e+01	2.067319981447324295e+01	1.968501183350766937e+01	1.986902427915130787e+01	1.967055589460048637e+01	2.033225749122527048e+01	2.008437292238160765e+01
1.975491586975431701e+01	1.981531217136009460e+01	1.967147555136872938e+01	2.006407029965121680e+01	1.948787993367561810e+01	1.985983954741578827e+01	1.941986404167781544e+01	2.031273305112143035e+01	2.000950588238667294e+01	1.977541779261459354e+01	2.021539931676317892e+01	2.022040694383890269e+01	1.987383477374442009e+01	1.991171442549698511e+01	2.033151863842269336e+01	2.002966758420647508e+01	1.945730329888570154e+01	2.059291114956284474e+01	1.976641159959514127e+01	2.005572797187797107e+01	1.919435044813106828e+01	2.018989350133203331e+01	1.998935669597207010e+01	2.024793305891855510e+01	1.972337863894300014e+01	1.968681537751793087e+01	2.023978080475704999e+01	2.964551162195690281e+01	2.089503553910433453e+01	1.975346827704634123e+01	1.916683379923851405e+01	2.009405862338405768e+01	1.968218428570432010e+01	2.032206711486551853e+01	1.973965885580708601e+01	2.086031528507542632e+01	1.965062781663012004e+01	2.033826663111874211e+01	2.068042531412070062e+01	1.931077174740392977e+01	2.016309745032643974e+01	2.017168941309756747e+01	1.993061749406408367e+01	2.045558782243824680e+01	1.978777746638385082e+01	1.968546973694993341e+01	1.967103494189205648e+01	1.947130631882757257e+01	1.999901755431747929e+01	2.002671684625347837e+01
2.068366199715945442e+01	2.071605869494196028e+01	2.048389618417828473e+01	2.058957583500455257e+01	2.035473754167343330e+01	2.105121865747701193e+01	2.019078039304166339e+01	2.097707368863106581e+01	2.022879647040952378e+01	2.066819614909544356e+01	2.103864033082159679e+01	2.131931267277172282e+01	2.039174418408243739e+01	2.058545698586896222e+01	2.076018865214653175e+01	2.043476463796633169e+01	2.025550305918323346e+01	2.118662711074184202e+01	2.056615157857557818e+01	2.073720419442598839e+01	2.016891132509477558e+01	2.061987052031723522e+01	2.092545416297046756e+01	2.097360436442422582e+01	2.009726186878782173e+01	2.076904627642587542e+01	2.089345525369946444e+01	2.089503553910433453e+01	3.101846975416652441e+01	2.058172886529122181e+01	1.972833034317912748e+01	2.097872507802983577e+01	2.028643087365689368e+01	2.100230454927961787e+01	2.025253057128731626e+01	2.151584228752656713e+01	2.068428669254381802e+01	2.143290221411717411e+01	2.112450855577445097e+01	2.033148747590010075e+01	2.073809303354478573e+01	2.093652797189101378e+01	2.035434505197667576e+01	2.062452927093712063e+01	2.099375741060824296e+01	2.042910611688109057e+01	2.014004478097581696e+01	1.999570462339552890e+01	2.085700367369173946e+01	2.050808334158357482e+01
2.024606389329372647e+01	2.018372474800368011e+01	1.988308531320819128e+01	2.039531220732924410e+01	1.961781182625645314e+01	2.022241331747095572e+01	1.944647425309845445e+01	2.052359856888352496e+01	2.004624327383768545e+01	1.982844995301793745e+01	2.000874047462966487e+01	2.043309188510064089e+01	1.984777305917297596e+01	2.002384154954068407e+01	1.996864838468629344e+01	2.017499745371818065e+01	1.961329762379540043e+01	2.045685759358539002e+01	1.983779160793202223e+01	2.047814230807722424e+01	1.979181041810516817e+01	1.974356962947724980e+01	1.994980358183961755e+01	2.076099522730404345e+01	1.955249370879849735e+01	1.991943007012164202e+01	2.007628954775070795e+01	1.975346827704634123e+01	2.058172886529122181e+01	2.992930167575509159e+01	1.952250828479349920e+01	2.001597183506815014e+01	1.973059770985177153e+01	2.013655911689642508e+01	1.979903337263696983e+01	2.120523964246637050e+01	1.957429599376672158e+01	2.071954927501263199e+01	2.036165738869523523e+01	2.004044784533689594e+01	1.978123455153714261e+01	2.037699700804865444e+01	2.011275167178376932e+01	2.025472471458871482e+01	1.976265260270556823e+01	1.967835942794217985e+01	1.950726402776234991e+01	1.976174328647127254e+01	2.022251447347565190e+01	2.007148293866250199e+01
1.953220415563811230e+01	1.934924183465556169e+01	1.943324785838715840e+01	1.960912699309107055e+01	1.904149447727508360e+01	1.984797588354645725e+01	1.902963968651891236e+01	1.953665591738025142e+01	1.919705710399548693e+01	1.934890341398290659e+01	1.940668688510472251e+01	2.022871796013193091e+01	1.967418255127067184e+01	1.907027676408726435e+01	1.948999631017057865e+01	1.946868140395914182e+01	1.886035335777049582e+01	1.979659535073544063e+01	1.909857570822248718e+01	1.967303310759655233e+01	1.918119765831119139e+01	1.912670181182040707e+01	1.916776029571778395e+01	1.953092478237405061e+01	1.936836499817547974e+01	1.975891802964119393e+01	1.967739535175771337e+01	1.916683379923851405e+01	1.972833034317912748e+01	1.952250828479349920e+01	2.893320403373442318e+01	1.967585978526938462e+01	1.941295244215460869e+01	1.959211520575409793e+01	1.885061591290440930e+01	2.009707056433624217e+01	1.916714427043191549e+01	1.967139421348720063e+01	1.977786180339213828e+01	1.947420585998842313e+01	1.933192160838121154e+01	1.960435254344083589e+01	1.956469443944627429e+01	1.988938774184368796e+01	1.910572205739734741e+01	1.926763128164925476e+01	1.926124784849155702e+01	1.907891543244649313e+01	1.954130808114785722e+01	1.898629913737085673e+01
2.036447503511638146e+01	2.023775347670883562e+01	1.985507910657607056e+01	2.005397798640722584e+01	1.967462352373794587e+01	2.039180623028202533e+01	1.982565452897410907e+01	2.087656207190518742e+01	2.003032442707754512e+01	2.021302926574668390e+01	2.047469770279989731e+01	2.101475646026461419e+01	2.013508081430490293e+01	1.989970981573108233e+01	2.004385718444438069e+01	1.999069477497809899e+01	1.968328336975543991e+01	2.087289347358855807e+01	1.967547724565603673e+01	2.039355253723490691e+01	1.982701331238938636e+01	2.003903587924950358e+01	2.025817824982281223e+01	2.053215497713561533e+01	2.018821202354211408e+01	2.019827638510414047e+01	2.028373717207583127e+01	2.009405862338405768e+01	2.097872507802983577e+01	2.001597183506815014e+01	1.967585978526938462e+01	2.968215918686973609e+01	2.006082578090096646e+01	2.038022866538986122e+01	1.995260095383881094e+01	2.105650608561582615e+01	1.995362585117208098e+01	2.080396152298897405e+01	2.063408076740961050e+01	2.021449684619908282e+01	2.021427675468175877e+01	2.014546326331605641e+01	2.020285521537179108e+01	2.040322713185989301e+01	2.013587867161455236e+01	2.030372531961426930e+01	1.960967076461615477e+01	1.998217894787374149e+01	2.059576930749631885e+01	2.007647169820131339e+01
