2.923294953178728406e+01	1.959625567108533772e+01	1.942499005911168553e+01	2.045647222139307075e+01	1.934492877075598471e+01	2.001322666576221110e+01	1.959673991676895000e+01	2.018953002147095788e+01	1.899394606188777956e+01	2.029207276771535007e+01	2.002107050023053247e+01	1.991458623796601302e+01	1.945942882872990864e+01	1.982698554916215983e+01	1.892217276122887526e+01	2.014889624552922953e+01	1.963378499752435502e+01	1.993294749310549818e+01	1.989086815291542365e+01	1.951221956232671673e+01	1.973173584756800381e+01	2.030037309015894564e+01	1.974648989469907079e+01	1.940890711067425300e+01	2.080139355461940909e+01	1.977602132834600113e+01	1.948104876857034995e+01	1.976244933077521893e+01	1.971567868986047500e+01	2.007836916867776722e+01	2.053771220261887009e+01	1.882186018008557582e+01	2.050017839372693373e+01	1.959852836448982671e+01	1.986894417159227189e+01	2.016401728870069121e+01	2.026404227077258824e+01	1.960084509256668994e+01	2.006470374826056258e+01	1.970514822794518395e+01	1.950941424881686714e+01	1.978301217109583021e+01	1.985354123179008212e+01	1.947375995955557215e+01	1.959160942242175807e+01	1.983351823739498698e+01	1.988158882596032484e+01	2.016219246708467594e+01	1.934952814921661712e+01	1.958796062756084311e+01
1.959625567108533772e+01	2.967134614983242002e+01	1.980432630334239619e+01	2.061873791248952870e+01	1.952009658379915535e+01	2.031166816634353012e+01	1.957731696286264977e+01	2.034886793412572104e+01	1.982131773198936031e+01	2.048230297102712072e+01	2.025643951024013489e+01	1.996025704873414242e+01	1.951582916585053340e+01	2.056712949489291375e+01	1.967555531031325700e+01	2.001610426662307063e+01	2.031085168579356903e+01	1.983439347766274707e+01	2.031703538274978627e+01	1.954791161027432977e+01	2.010612743905206656e+01	2.033841811266571753e+01	2.004868423332085925e+01	1.998860605200492913e+01	2.090217003015359865e+01	2.004402313552484571e+01	1.976091384261575712e+01	2.029134554120695100e+01	2.000318815073136136e+01	2.028283039767023865e+01	2.088613885278113358e+01	1.970244895402855434e+01	2.054535179150897761e+01	2.019251417118999115e+01	2.044588036136851628e+01	2.031736713514501957e+01	2.037808435907033555e+01	2.035723997100914673e+01	2.054413882109477640e+01	1.974354580856392971e+01	1.964531736798782902e+01	2.002558752246854468e+01	1.998774719540656619e+01	2.004062033264011333e+01	1.956968486192882040e+01	2.007542561600473618e+01	2.035565442136034875e+01	2.030885823002708079e+01	2.002231820071949286e+01	1.986798223504244376e+01
1.942499005911168553e+01	1.980432630334239619e+01	2.897867505475000627e+01	2.011394804552314142e+01	1.895093631486681218e+01	1.971652248977775912e+01	1.889032256174947122e+01	1.953160427983102920e+01	1.917803006074568017e+01	1.977522626908735504e+01	1.932808385975034327e+01	1.928121191174519922e+01	1.910485400971536052e+01	1.945964938078229522e+01	1.921448744935275244e+01	2.000381031541515853e+01	1.951138897988047560e+01	1.949974891452625769e+01	1.996281051714715460e+01	1.930052346520470508e+01	1.928577958907630574e+01	2.025740682038310680e+01	1.966460595857237692e+01	1.954686046887461970e+01	2.010263825492381073e+01	1.948086301579113666e+01	1.918546656229569791e+01	1.944630630994245735e+01	1.975598829792302169e+01	1.979630382566027080e+01	2.010073128209493021e+01	1.853099387026519906e+01	2.002865704745329012e+01	2.006257332383541225e+01	1.961505043978934637e+01	1.966415689727617533e+01	2.016308983771196850e+01	1.971787555385559543e+01	2.002055579416406772e+01	1.949310796858303263e+01	1.953486126011296875e+01	1.942545639121008350e+01	2.004647498141224204e+01	1.957393213907797858e+01	1.903218943750081493e+01	1.999055633291359513e+01	1.922290012539530224e+01	1.983872530247145605e+01	1.905930087056817257e+01	1.919538629053117518e+01
2.045647222139307075e+01	2.061873791248952870e+01	2.011394804552314142e+01	3.095965207071897041e+01	2.059012927964431938e+01	2.049690070324446722e+01	1.976771219933131718e+01	2.038166223480429906e+01	2.021806681891760249e+01	2.057198045513315776e+01	2.044882283171779491e+01	2.010139447392019463e+01	2.034818034084495508e+01	2.074624764575022695e+01	1.987634362223900908e+01	2.071860643783620048e+01	2.068449413461059905e+01	2.080810281927738714e+01	2.087217242095642433e+01	2.069232918231482898e+01	2.022224106138030919e+01	2.090257781025281147e+01	2.020490703185837589e+01	2.080288335441514747e+01	2.123396152955868388e+01	2.085112281608903118e+01	2.036753526391891711e+01	2.111943056213820569e+01	2.060835646815777622e+01	2.071519383949481607e+01	2.109629736801450761e+01	2.011387861127780852e+01	2.110501667236326284e+01	2.067405119888821474e+01	2.109013021849190750e+01	2.116099233178401562e+01	2.071267216093094277e+01	2.071012335993820130e+01	2.130009731939913920e+01	2.031642794312172029e+01	2.021849072269010605e+01	2.059708833431482944e+01	2.073353953152986051e+01	2.053051762502492394e+01	2.036032477483431791e+01	2.026814634022357708e+01	2.100024896225487581e+01	2.096952703375941240e+01	1.995318375992276572e+01	2.049453702858093962e+01
1.934492877075598471e+01	1.952009658379915535e+01	1.895093631486681218e+01	2.059012927964431938e+01	2.924354552186087020e+01	1.988591939607684367e+01	1.940576775104801754e+01	1.992178794393282715e+01	1.935326919003245649e+01	2.001068372626264136e+01	2.005155582540652048e+01	2.015801207842278941e+01	1.935763033978817660e+01	1.994065311392922624e+01	1.920038267743147031e+01	1.996625779524117661e+01	2.033288966336283110e+01	2.016544100367818970e+01	2.033087674027232694e+01	2.017444588472104172e+01	1.938226274550459038e+01	1.998516424989353268e+01	1.988558634202812669e+01	1.980676693963607349e+01	2.055508113244932744e+01	2.005472710003579806e+01	1.953939607878265861e+01	1.966439731216357245e+01	1.954083339773929140e+01	1.998443466713529659e+01	2.060834657847256679e+01	1.937219067185560917e+01	2.054776627136579137e+01	1.966926128109346550e+01	2.017302256031544516e+01	2.005544650297074938e+01	2.019351173346876038e+01	1.994927623757207158e+01	2.010505821667295123e+01	1.947400135988864633e+01	1.952600438043699782e+01	1.994953759061035115e+01	1.965105538037887101e+01	1.993762124444930706e+01	1.944735159878745989e+01	1.991580409426035914e+01	1.989435993024395088e+01	2.016704878580844706e+01	1.964342325557461777e+01	1.994834101349708178e+01
2.001322666576221110e+01	2.031166816634353012e+01	1.971652248977775912e+01	2.049690070324446722e+01	1.988591939607684367e+01	3.065385672201055911e+01	2.012964913773831555e+01	2.025220122765679420e+01	1.978131902994479674e+01	2.038427127839205255e+01	2.058931899579416225e+01	1.979119892759171861e+01	2.028249426970598535e+01	2.035703776131702014e+01	1.957577588171566418e+01	2.045027697993725724e+01	2.036141473726690165e+01	2.018193176034554881e+01	2.052226628662979024e+01	1.976330541543773478e+01	1.982423107812673280e+01	2.029683657963127885e+01	2.018105907101774577e+01	1.991876659951172002e+01	2.057694329111462750e+01	2.024608522206479932e+01	1.978956191594560821e+01	2.001539477332768513e+01	2.024289938501052788e+01	2.066586523406876452e+01	2.076884128149038844e+01	1.970358322695988917e+01	2.065825004412725718e+01	2.046366541340828604e+01	2.022848332656305104e+01	2.067272499290829657e+01	2.028180655271486188e+01	2.033110915501793770e+01	2.064540431792227082e+01	2.018546173547327172e+01	1.997216836376379945e+01	2.054459219609504927e+01	2.054590008153972036e+01	2.010635540976998570e+01	1.997915127824706261e+01	2.021643864495184673e+01	2.029571613924270324e+01	2.042073949422018586e+01	1.973159293495244881e+01	1.999426308410229680e+01
1.959673991676895000e+01	1.957731696286264977e+01	1.889032256174947122e+01	1.976771219933131718e+01	1.940576775104801754e+01	2.012964913773831555e+01	2.918185001098370890e+01	1.995703265322968534e+01	1.934540460210145696e+01	1.986731138189185586e+01	1.961815516397962611e+01	1.938126792467235759e+01	1.930241951241330867e+01	1.982694794330299004e+01	1.888763750867709845e+01	1.962349341540597791e+01	1.976498800329170180e+01	1.966086782844180547e+01	1.972093454246228461e+01	1.898197085630972936e+01	1.925895676746625185e+01	2.017969476925242844e+01	1.940158271548417446e+01	1.931438360780447994e+01	2.012629707036741067e+01	1.924680847632594194e+01	1.918279257501030344e+01	1.958863071704433167e+01	1.928637070086202954e+01	1.997440573547192599e+01	2.018409595066509965e+01	1.879918996076588655e+01	2.000114529367984062e+01	1.951864340770888262e+01	1.952177361317466620e+01	1.999231852781711893e+01	1.980142678131914025e+01	1.957942432220538720e+01	2.032568654679357678e+01	1.937094690796421759e+01	1.937411795829267191e+01	1.983409584389054814e+01	1.967071834213272652e+01	2.003351828249026667e+01	1.898942999996071634e+01	1.970841561200587932e+01	2.000460297818545286e+01	2.004689344090396830e+01	1.916782172759818792e+01	1.956893887989494729e+01
2.018953002147095788e+01	2.034886793412572104e+01	1.953160427983102920e+01	2.038166223480429906e+01	1.992178794393282715e+01	2.025220122765679420e+01	1.995703265322968534e+01	3.002629480772158033e+01	1.967371386041060077e+01	2.007793468175663065e+01	1.995436602370391910e+01	1.979663126454004640e+01	1.942918997663732839e+01	2.018215517440430062e+01	1.927472247642719339e+01	2.016913142125367031e+01	2.034424475233845442e+01	2.068824301522772302e+01	2.057580374479143615e+01	2.030260409113383702e+01	1.990623186041369763e+01	2.053183847837154019e+01	2.008087849495006694e+01	1.984772446175347937e+01	2.063646623539486313e+01	2.012707667526210287e+01	1.989778871853521736e+01	1.984940386154564251e+01	2.008695474925186986e+01	2.011809961346181908e+01	2.114819090358812304e+01	1.956573297614414386e+01	2.079136789039038291e+01	2.017824943075168065e+01	2.022216826759342112e+01	2.045301955657233606e+01	2.029024543852512608e+01	1.991406650537063783e+01	2.072631920938146166e+01	1.970630736363527191e+01	2.009860755773602037e+01	2.020749833800153183e+01	2.016311241773593466e+01	1.959695550071649350e+01	2.005431837577976850e+01	1.999522410996432242e+01	2.025535700784294946e+01	2.014903405610140297e+01	1.957877799550506026e+01	1.997997415685225420e+01
1.899394606188777956e+01	1.982131773198936031e+01	1.917803006074568017e+01	2.021806681891760249e+01	1.935326919003245649e+01	1.978131902994479674e+01	1.934540460210145696e+01	1.967371386041060077e+01	2.913926658249868140e+01	1.991176652541308201e+01	1.962152835525337835e+01	1.951373775268073985e+01	1.935701081573730420e+01	1.939304255571289559e+01	1.899899801841437963e+01	2.013115395754689629e+01	2.013091830059353171e+01	1.979657456873898980e+01	2.011400772693044559e+01	1.926582608506375038e+01	1.950277422555503293e+01	1.999820696673466713e+01	1.951171789200484596e+01	1.962638187235943832e+01	2.018887480312987748e+01	1.940747184047690865e+01	1.923818842455711930e+01	1.941911061292634599e+01	1.918279355239634398e+01	2.013391765953506507e+01	2.030592317537098168e+01	1.863012849801301485e+01	2.023488321658165745e+01	1.968018835168246738e+01	1.978635745529600243e+01	1.981976398820876284e+01	2.025818810392586045e+01	1.944667536519017403e+01	1.976251158681674625e+01	1.948117463964811691e+01	1.932433795352338635e+01	1.958497847078653820e+01	1.970327611778779087e+01	1.948362381135423149e+01	1.907813774385750705e+01	1.967348628475849637e+01	1.989924403563601629e+01	1.993498276485143705e+01	1.977055808191882136e+01	1.946440918468719872e+01
2.029207276771535007e+01	2.048230297102712072e+01	1.977522626908735504e+01	2.057198045513315776e+01	2.001068372626264136e+01	2.038427127839205255e+01	1.986731138189185586e+01	2.007793468175663065e+01	1.991176652541308201e+01	2.999431732754685243e+01	2.067436805102617114e+01	2.026830077141625708e+01	2.009936236092503492e+01	2.046674830599488715e+01	1.972804353248559650e+01	2.053506019484208522e+01	2.065808520903383538e+01	2.052223592845183120e+01	2.041009907237883070e+01	1.994974218134434096e+01	2.033594889089838276e+01	2.071524958229571212e+01	2.012647205880877621e+01	2.023421756271173422e+01	2.096230869921343754e+01	2.005253848528522553e+01	2.019617620930975477e+01	2.022275932585118241e+01	2.013504209033960990e+01	2.046295875651267693e+01	2.118163308602515826e+01	1.961312845488791723e+01	2.092254551566923482e+01	2.044744474223155706e+01	2.047537364750210642e+01	2.030759569215852878e+01	2.057617319100472031e+01	2.032774157570578311e+01	2.070053419667903327e+01	1.976204974704981154e+01	1.972243264434857579e+01	2.027206515249824648e+01	2.076879940211749798e+01	1.998788238366515202e+01	1.984070709978827907e+01	2.046608689532706293e+01	2.044609993522219682e+01	2.056219355492545731e+01	1.989030087906197153e+01	1.991190255767270401e+01
2.002107050023053247e+01	2.025643951024013489e+01	1.932808385975034327e+01	2.044882283171779491e+01	2.005155582540652048e+01	2.058931899579416225e+01	1.961815516397962611e+01	1.995436602370391910e+01	1.962152835525337835e+01	2.067436805102617114e+01	2.976502194236363863e+01	2.011117022421412415e+01	1.990553847867818149e+01	2.055345228922469758e+01	1.912779403892530894e+01	2.012745770491585162e+01	2.043192038616912143e+01	2.023409678927851019e+01	2.030519808448544694e+01	1.978832700431690483e+01	1.998239841600335964e+01	2.041349469127566962e+01	1.985171494042189977e+01	1.987086897433334087e+01	2.059654091477908722e+01	2.033542551936810483e+01	1.993231102217105288e+01	1.994235064703103077e+01	1.973211827851356048e+01	1.988774568140439314e+01	2.083768488326025192e+01	1.947690228598599305e+01	2.044908576911652887e+01	2.043100646068986137e+01	2.027817445742612890e+01	2.032124576802669580e+01	2.054935519781712472e+01	2.007985414199900376e+01	2.058780043869941778e+01	1.954850638463010881e+01	1.929830739314843768e+01	2.044029016201258386e+01	2.027480768749494899e+01	2.011425146958604770e+01	1.937061896207180212e+01	2.012574592483617408e+01	2.015646279554474418e+01	2.038210838652096868e+01	1.988182644003090260e+01	1.998956131270306713e+01
1.991458623796601302e+01	1.996025704873414242e+01	1.928121191174519922e+01	2.010139447392019463e+01	2.015801207842278941e+01	1.979119892759171861e+01	1.938126792467235759e+01	1.979663126454004640e+01	1.951373775268073985e+01	2.026830077141625708e+01	2.011117022421412415e+01	2.977883940343743419e+01	1.960198518413166369e+01	2.004545012484863165e+01	1.940231943299297512e+01	1.987701323454779967e+01	2.027885680643102262e+01	2.034437151853451198e+01	2.028431287200181998e+01	2.023662592727740162e+01	1.965180302199241780e+01	2.011684020688044683e+01	1.990065372585007353e+01	1.978691540440327046e+01	2.073800110451519529e+01	1.977726152379527491e+01	1.962434205447079449e+01	2.000785029909771850e+01	1.996320037815169712e+01	2.000090469090879353e+01	2.051487352214499538e+01	1.912286135206156601e+01	2.019100662109091360e+01	1.998283018012073953e+01	2.029368954134287861e+01	2.031066263614244960e+01	2.012194137018718010e+01	2.018024396961148170e+01	2.041128247776415350e+01	1.979071374565548425e+01	1.954095344345250851e+01	2.017300333842454307e+01	2.034647888225745405e+01	1.994223554543891552e+01	1.939657556821124729e+01	1.974421642093608398e+01	1.986887845382066686e+01	2.038954181823058320e+01	1.954527319249490347e+01	2.009514176119581208e+01
1.945942882872990864e+01	1.951582916585053340e+01	1.910485400971536052e+01	2.034818034084495508e+01	1.935763033978817660e+01	2.028249426970598535e+01	1.930241951241330867e+01	1.942918997663732839e+01	1.935701081573730420e+01	2.009936236092503492e+01	1.990553847867818149e+01	1.960198518413166369e+01	2.913592810815519485e+01	1.957940176781055897e+01	1.893685476893779907e+01	2.020682750042584175e+01	1.968739772003189969e+01	1.988383352713189112e+01	2.023066336913448993e+01	1.951710005612573795e+01	1.973288398053655257e+01	1.951575293766296681e+01	1.973752492615348331e+01	1.933103852575274573e+01	2.028660108903003945e+01	1.965573566496356150e+01	1.980384986467062092e+01	1.960910801309714913e+01	1.965959934583664293e+01	2.033297660773843774e+01	1.997806752541806574e+01	1.888482607236535671e+01	1.992815556787640929e+01	1.970514099420309151e+01	1.977741114197347727e+01	1.959022175118633413e+01	2.020166440493198223e+01	1.973445262727858918e+01	1.987184308914588726e+01	1.953781126900126708e+01	1.937327213589492914e+01	1.977340673023395823e+01	1.974410283549251233e+01	1.992114631493775079e+01	1.930622625083147881e+01	1.972292346025954046e+01	2.001374129810548297e+01	2.019978796280479472e+01	1.945718330426764098e+01	2.021901656989238560e+01
1.982698554916215983e+01	2.056712949489291375e+01	1.945964938078229522e+01	2.074624764575022695e+01	1.994065311392922624e+01	2.035703776131702014e+01	1.982694794330299004e+01	2.018215517440430062e+01	1.939304255571289559e+01	2.046674830599488715e+01	2.055345228922469758e+01	2.004545012484863165e+01	1.957940176781055897e+01	3.027263154767304698e+01	1.923118664431914482e+01	2.057325547754080475e+01	2.053914208077769032e+01	2.044746151210968677e+01	2.043340645647365861e+01	2.024981223936612196e+01	2.025037158878648924e+01	2.027441032077492977e+01	2.003512724674411416e+01	2.015106741683839431e+01	2.101225055427062927e+01	2.006403372596093249e+01	2.049995593664572269e+01	2.046114483017640850e+01	2.036251306447881859e+01	2.041363730094948892e+01	2.090947446312749847e+01	1.982453101811021412e+01	2.045825863623212371e+01	2.051118279116307264e+01	2.017413510369908991e+01	2.042481115974307571e+01	2.045635708330798153e+01	2.065962951694656269e+01	2.074667169384619569e+01	1.990870726123303314e+01	1.981149285445801311e+01	2.095391945415988033e+01	2.016143269924114989e+01	2.049302116332917123e+01	1.973852759341468399e+01	2.041644847237437688e+01	2.010051845728109043e+01	2.053574241308149695e+01	2.015313336058001070e+01	2.011678216700035904e+01
1.892217276122887526e+01	1.967555531031325700e+01	1.921448744935275244e+01	1.987634362223900908e+01	1.920038267743147031e+01	1.957577588171566418e+01	1.888763750867709845e+01	1.927472247642719339e+01	1.899899801841437963e+01	1.972804353248559650e+01	1.912779403892530894e+01	1.940231943299297512e+01	1.893685476893779907e+01	1.923118664431914482e+01	2.843133969838006792e+01	1.951471091700841143e+01	1.925483755403472230e+01	1.931159616566838721e+01	1.958999881767767803e+01	1.935491891149549204e+01	1.913960007663933993e+01	1.945192044470068637e+01	1.894628164439957985e+01	1.922603427709324109e+01	2.021699415463029226e+01	1.907447238153849511e+01	1.910563975940237924e+01	1.924995971223752633e+01	1.924777720781560575e+01	1.942933645572716728e+01	2.006089885942794737e+01	1.900416909859773185e+01	1.979089557287919376e+01	1.907254943809940073e+01	1.948837335783795410e+01	1.906553192415500675e+01	1.989553886308679864e+01	1.962221024499727307e+01	1.955278349332420973e+01	1.900104055565956074e+01	1.935803712194593373e+01	1.959838682292189915e+01	1.969895854042219341e+01	1.924440474036589066e+01	1.909538103945723719e+01	1.929810366076055317e+01	1.942273968190355760e+01	1.975615859660455342e+01	1.925836152810304824e+01	1.937632050013407792e+01
2.014889624552922953e+01	2.001610426662307063e+01	2.000381031541515853e+01	2.071860643783620048e+01	1.996625779524117661e+01	2.045027697993725724e+01	1.962349341540597791e+01	2.016913142125367031e+01	2.013115395754689629e+01	2.053506019484208522e+01	2.012745770491585162e+01	1.987701323454779967e+01	2.020682750042584175e+01	2.057325547754080475e+01	1.951471091700841143e+01	2.997397787570950811e+01	2.014022360154654123e+01	2.062318541672803818e+01	2.029640497748220440e+01	2.025588376584653716e+01	2.002484342766848613e+01	2.069510669966624405e+01	1.995175456054856156e+01	2.041488511758169722e+01	2.087010249377009430e+01	2.026154201804363097e+01	2.020675329538567766e+01	2.039408435099388228e+01	2.042339388947251066e+01	2.073380430362196591e+01	2.085764162691048895e+01	1.962391870953865336e+01	2.071363048135435392e+01	2.055750287996448122e+01	2.042910187778538145e+01	2.073228334726059074e+01	2.097384846039865280e+01	2.050484940148664492e+01	2.079560939449171997e+01	2.039834037815438705e+01	1.995581796442036193e+01	2.068660077435124123e+01	2.077005975843631447e+01	2.045376255263769849e+01	1.970346051188076331e+01	2.062821213311072910e+01	2.052112971058108926e+01	2.073554473040346480e+01	2.013069469208035400e+01	2.032387190290020840e+01
1.963378499752435502e+01	2.031085168579356903e+01	1.951138897988047560e+01	2.068449413461059905e+01	2.033288966336283110e+01	2.036141473726690165e+01	1.976498800329170180e+01	2.034424475233845442e+01	2.013091830059353171e+01	2.065808520903383538e+01	2.043192038616912143e+01	2.027885680643102262e+01	1.968739772003189969e+01	2.053914208077769032e+01	1.925483755403472230e+01	2.014022360154654123e+01	2.996591776605820456e+01	2.033598906489389435e+01	2.056496127617552006e+01	1.999491033120274963e+01	1.990791044304274493e+01	2.058859040978424204e+01	2.014221041641714294e+01	2.037916843903588315e+01	2.101606828872267485e+01	2.006067292855128414e+01	1.967591934033375267e+01	1.996878149627866961e+01	2.015159848369999906e+01	2.029516360104396355e+01	2.076558490442034710e+01	1.967242083140187248e+01	2.052074808021444596e+01	2.077544242859587698e+01	2.041755517848305601e+01	2.045596778860821630e+01	2.065431406885656784e+01	2.067563366482799125e+01	2.056454476979702761e+01	1.969236853521017139e+01	1.999039297932697679e+01	2.014851367026462725e+01	2.045463708794030211e+01	2.022886366315584539e+01	2.016831003291099478e+01	2.016522777992905091e+01	2.039428552799006411e+01	2.035899123152783474e+01	1.994916620058551970e+01	2.016195999556271090e+01
1.993294749310549818e+01	1.983439347766274707e+01	1.949974891452625769e+01	2.080810281927738714e+01	2.016544100367818970e+01	2.018193176034554881e+01	1.966086782844180547e+01	2.068824301522772302e+01	1.979657456873898980e+01	2.052223592845183120e+01	2.023409678927851019e+01	2.034437151853451198e+01	1.988383352713189112e+01	2.044746151210968677e+01	1.931159616566838721e+01	2.062318541672803818e+01	2.033598906489389435e+01	3.013465964802270847e+01	2.051910789843003258e+01	2.020899484969909921e+01	2.055778071524103368e+01	2.063874740917836803e+01	1.994709281945840829e+01	2.036040903753892195e+01	2.077962774272898727e+01	1.987573873256897983e+01	2.036270076160114328e+01	2.044052070135950316e+01	2.000509407944775475e+01	2.049294290039171074e+01	2.094223809983116169e+01	1.958977058145564598e+01	2.096885623875756366e+01	2.024040557313600175e+01	2.050302644319287992e+01	2.045849912500245793e+01	2.061469460371502294e+01	2.064829784813462155e+01	2.089129667732062856e+01	2.040072845493421738e+01	1.990233456605117368e+01	2.032305337500890374e+01	2.063437775745630631e+01	2.051089227707461404e+01	1.982156424794828808e+01	2.026542701862222984e+01	2.060245395458805362e+01	2.096031255577219099e+01	1.986813773174363007e+01	2.001999850626155464e+01
1.989086815291542365e+01	2.031703538274978627e+01	1.996281051714715460e+01	2.087217242095642433e+01	2.033087674027232694e+01	2.052226628662979024e+01	1.972093454246228461e+01	2.057580374479143615e+01	2.011400772693044559e+01	2.041009907237883070e+01	2.030519808448544694e+01	2.028431287200181998e+01	2.023066336913448993e+01	2.043340645647365861e+01	1.958999881767767803e+01	2.029640497748220440e+01	2.056496127617552006e+01	2.051910789843003258e+01	3.055795599015263520e+01	2.007087084520727061e+01	1.978056037711484194e+01	2.039346955997071476e+01	2.008570773124536757e+01	2.009583246036253712e+01	2.106949516163417968e+01	2.003663879794043368e+01	2.011420051532122955e+01	1.987804221786428727e+01	2.005544773321924978e+01	2.080890784035998564e+01	2.110651131855665241e+01	1.947824923464062508e+01	2.068720054206686143e+01	2.010163388154398234e+01	2.055350041745754552e+01	2.031090186080479398e+01	2.050234454512350624e+01	2.031340718394424982e+01	2.089317646139771867e+01	1.998919576126620967e+01	1.978867279959161252e+01	2.041323154723851729e+01	2.073518487971165669e+01	2.003552848421382393e+01	1.960091539766328594e+01	2.037218825164028146e+01	2.026458781760545591e+01	2.078987940240276444e+01	2.003610683782750002e+01	2.047746579222760488e+01
1.951221956232671673e+01	1.954791161027432977e+01	1.930052346520470508e+01	2.069232918231482898e+01	2.017444588472104172e+01	1.976330541543773478e+01	1.898197085630972936e+01	2.030260409113383702e+01	1.926582608506375038e+01	1.994974218134434096e+01	1.978832700431690483e+01	2.023662592727740162e+01	1.951710005612573795e+01	2.024981223936612196e+01	1.935491891149549204e+01	2.025588376584653716e+01	1.999491033120274963e+01	2.020899484969909921e+01	2.007087084520727061e+01	2.944116285910993369e+01	2.007585233889190590e+01	2.041093289209243977e+01	1.980181681580365094e+01	1.987773501685047606e+01	2.032423143948158284e+01	1.977695818799071859e+01	1.952299226724190007e+01	2.010059321315107539e+01	1.981145747710315064e+01	1.986215312594128335e+01	2.047182812837385413e+01	1.916515433750594966e+01	2.033015950802631977e+01	2.009719686396798011e+01	1.972265746784936624e+01	1.993507861165845441e+01	2.028524077551200477e+01	1.992001293517991201e+01	2.035892218450721103e+01	1.959017467783062116e+01	1.963724420760595635e+01	1.990033536566877359e+01	2.039665758393570982e+01	1.983906982731705426e+01	1.960684747141316819e+01	1.978848946176303158e+01	2.012375464528694380e+01	2.017276641442155594e+01	1.968878502548166409e+01	1.997390800536416577e+01
1.973173584756800381e+01	2.010612743905206656e+01	1.928577958907630574e+01	2.022224106138030919e+01	1.938226274550459038e+01	1.982423107812673280e+01	1.925895676746625185e+01	1.990623186041369763e+01	1.950277422555503293e+01	2.033594889089838276e+01	1.998239841600335964e+01	1.965180302199241780e+01	1.973288398053655257e+01	2.025037158878648924e+01	1.913960007663933993e+01	2.002484342766848613e+01	1.990791044304274493e+01	2.055778071524103368e+01	1.978056037711484194e+01	2.007585233889190590e+01	2.950101030193574303e+01	1.988966616182878866e+01	1.980693270154051433e+01	2.001431512127763668e+01	2.056095580257720457e+01	1.955090040188937195e+01	1.980720942577992361e+01	2.002909219196952151e+01	1.947285313970215626e+01	2.069203571947525333e+01	2.042952360518540189e+01	1.905806752762789458e+01	2.018977461240851312e+01	2.011302316295403614e+01	1.994782288117749047e+01	1.990537691197026504e+01	2.034409323831074090e+01	1.982491673664034693e+01	2.001843943438377593e+01	1.971912274133171650e+01	1.950736484943912785e+01	2.001673788320290370e+01	1.996018416789901551e+01	1.966680429904316441e+01	1.944762644014226183e+01	1.978281234708662240e+01	1.997818000306138231e+01	2.024781325775797214e+01	1.960990002900863871e+01	1.991371455506398647e+01
2.030037309015894564e+01	2.033841811266571753e+01	2.025740682038310680e+01	2.090257781025281147e+01	1.998516424989353268e+01	2.029683657963127885e+01	2.017969476925242844e+01	2.053183847837154019e+01	1.999820696673466713e+01	2.071524958229571212e+01	2.041349469127566962e+01	2.011684020688044683e+01	1.951575293766296681e+01	2.027441032077492977e+01	1.945192044470068637e+01	2.069510669966624405e+01	2.058859040978424204e+01	2.063874740917836803e+01	2.039346955997071476e+01	2.041093289209243977e+01	1.988966616182878866e+01	3.015548874988399319e+01	2.013720617880711572e+01	2.024336723648192304e+01	2.089274770218077037e+01	2.031696569002435737e+01	2.027216302589146935e+01	2.020616785835710516e+01	2.045136489233539834e+01	2.046162850975586522e+01	2.179271626123657768e+01	1.971500971369558997e+01	2.072263351212469829e+01	2.071391056516809215e+01	2.020065669879804915e+01	2.080539104198182088e+01	2.083879451752950018e+01	2.074183247252702955e+01	2.072886847572693014e+01	1.980861126535985406e+01	1.996297128475898575e+01	2.063775736470796929e+01	2.037437232983088009e+01	2.044637378275665185e+01	1.988895510215756701e+01	2.050284072838964278e+01	2.040415624139026463e+01	2.081936602351145993e+01	1.976405603030745084e+01	2.023031785712070274e+01
1.974648989469907079e+01	2.004868423332085925e+01	1.966460595857237692e+01	2.020490703185837589e+01	1.988558634202812669e+01	2.018105907101774577e+01	1.940158271548417446e+01	2.008087849495006694e+01	1.951171789200484596e+01	2.012647205880877621e+01	1.985171494042189977e+01	1.990065372585007353e+01	1.973752492615348331e+01	2.003512724674411416e+01	1.894628164439957985e+01	1.995175456054856156e+01	2.014221041641714294e+01	1.994709281945840829e+01	2.008570773124536757e+01	1.980181681580365094e+01	1.980693270154051433e+01	2.013720617880711572e+01	2.971688516187372642e+01	1.995173941508280890e+01	2.036102478936518878e+01	1.958553347696407343e+01	1.982864288399292363e+01	1.965043164381490826e+01	1.998382479048364146e+01	2.010166561781712602e+01	2.059990124373553755e+01	1.908112337253830404e+01	2.035259798322470104e+01	2.042626232745492487e+01	2.024600772627614376e+01	2.015062443417590643e+01	2.033658864095859187e+01	1.980148223449842959e+01	2.052284208040111579e+01	1.983147733804284130e+01	1.974312898347975320e+01	2.030639842284486107e+01	2.014354702497288585e+01	1.992844536811768208e+01	1.985445187139149326e+01	1.962742359425195815e+01	2.026501616482793722e+01	2.044495952063477873e+01	1.976457595349371488e+01	2.001231792595811143e+01
1.940890711067425300e+01	1.998860605200492913e+01	1.954686046887461970e+01	2.080288335441514747e+01	1.980676693963607349e+01	1.991876659951172002e+01	1.931438360780447994e+01	1.984772446175347937e+01	1.962638187235943832e+01	2.023421756271173422e+01	1.987086897433334087e+01	1.978691540440327046e+01	1.933103852575274573e+01	2.015106741683839431e+01	1.922603427709324109e+01	2.041488511758169722e+01	2.037916843903588315e+01	2.036040903753892195e+01	2.009583246036253712e+01	1.987773501685047606e+01	2.001431512127763668e+01	2.024336723648192304e+01	1.995173941508280890e+01	3.014758707720530850e+01	2.046572074945391151e+01	1.996547009657291127e+01	2.005484935893342424e+01	1.998644869369271859e+01	2.029160649495238289e+01	2.068540894728330315e+01	2.091575068987448560e+01	1.933986839931350588e+01	2.036932701129406098e+01	2.030828304909276838e+01	2.023497292331450836e+01	1.990567764856148969e+01	2.080425540941525142e+01	2.003524245044070895e+01	2.056233722488777360e+01	2.006704468387705731e+01	1.986211929681003241e+01	2.036254170598332180e+01	2.017278449861890621e+01	1.984572639833681151e+01	1.965990221313439790e+01	1.977407088848815064e+01	2.002265805993065584e+01	2.054076111303868046e+01	1.977420388561044717e+01	1.998255723505457837e+01
2.080139355461940909e+01	2.090217003015359865e+01	2.010263825492381073e+01	2.123396152955868388e+01	2.055508113244932744e+01	2.057694329111462750e+01	2.012629707036741067e+01	2.063646623539486313e+01	2.018887480312987748e+01	2.096230869921343754e+01	2.059654091477908722e+01	2.073800110451519529e+01	2.028660108903003945e+01	2.101225055427062927e+01	2.021699415463029226e+01	2.087010249377009430e+01	2.101606828872267485e+01	2.077962774272898727e+01	2.106949516163417968e+01	2.032423143948158284e+01	2.056095580257720457e+01	2.089274770218077037e+01	2.036102478936518878e+01	2.046572074945391151e+01	3.054409130762079272e+01	2.060186852913385991e+01	2.035088748962718341e+01	2.066534426111537570e+01	2.063198628457835682e+01	2.101968892540159928e+01	2.160226061862656977e+01	1.967082501632557268e+01	2.122496766591402917e+01	2.069897075657340935e+01	2.065856190309306228e+01	2.101633546250669937e+01	2.076824906511017943e+01	2.106908724430131841e+01	2.144751929452698747e+01	2.039086947604937805e+01	2.042766222899800610e+01	2.079156449255895467e+01	2.096937929445644144e+01	2.104736433921034688e+01	2.028244349862245599e+01	2.083674673762891771e+01	2.098796601868217948e+01	2.101758193585288836e+01	2.011507347578347193e+01	2.054341645898240998e+01
1.977602132834600113e+01	2.004402313552484571e+01	1.948086301579113666e+01	2.085112281608903118e+01	2.005472710003579806e+01	2.024608522206479932e+01	1.924680847632594194e+01	2.012707667526210287e+01	1.940747184047690865e+01	2.005253848528522553e+01	2.033542551936810483e+01	1.977726152379527491e+01	1.965573566496356150e+01	2.006403372596093249e+01	1.907447238153849511e+01	2.026154201804363097e+01	2.006067292855128414e+01	1.987573873256897983e+01	2.003663879794043368e+01	1.977695818799071859e+01	1.955090040188937195e+01	2.031696569002435737e+01	1.958553347696407343e+01	1.996547009657291127e+01	2.060186852913385991e+01	2.924209970704685446e+01	1.986401045293694523e+01	1.998898006229316238e+01	1.979204472148208183e+01	2.035697161884978001e+01	2.058622970780418626e+01	1.920747622508152475e+01	2.025299205481308107e+01	1.985567391494877043e+01	2.005652178946551345e+01	2.013449368655191662e+01	2.018577718952223066e+01	2.022424681711186878e+01	2.043276027923897331e+01	1.977319139653758384e+01	1.978110629460091729e+01	1.975774477783475902e+01	1.976045147822297565e+01	2.007394074696899722e+01	1.946959945476137932e+01	1.999793096549932514e+01	2.013522881908027884e+01	2.017965311370290138e+01	1.960507328771308266e+01	1.988388195356362331e+01
1.948104876857034995e+01	1.976091384261575712e+01	1.918546656229569791e+01	2.036753526391891711e+01	1.953939607878265861e+01	1.978956191594560821e+01	1.918279257501030344e+01	1.989778871853521736e+01	1.923818842455711930e+01	2.019617620930975477e+01	1.993231102217105288e+01	1.962434205447079449e+01	1.980384986467062092e+01	2.049995593664572269e+01	1.910563975940237924e+01	2.020675329538567766e+01	1.967591934033375267e+01	2.036270076160114328e+01	2.011420051532122955e+01	1.952299226724190007e+01	1.980720942577992361e+01	2.027216302589146935e+01	1.982864288399292363e+01	2.005484935893342424e+01	2.035088748962718341e+01	1.986401045293694523e+01	2.946410909982159865e+01	2.025029557756034393e+01	1.993314487716747507e+01	2.057079251331920844e+01	2.041903380659771017e+01	1.931596951345538926e+01	2.040084818577418702e+01	1.957184988423769667e+01	1.980104135782609731e+01	1.976632696143995105e+01	1.985950807275856889e+01	1.977149531768406732e+01	2.017517654802798432e+01	1.968826542162783255e+01	1.973881525606810783e+01	1.980841064210374824e+01	1.990686275876804601e+01	1.966406596065322887e+01	1.931249205997739082e+01	2.008536432492720891e+01	2.019792317359260991e+01	2.008743250658780255e+01	1.925074899111224269e+01	1.975436798947907135e+01
1.976244933077521893e+01	2.029134554120695100e+01	1.944630630994245735e+01	2.111943056213820569e+01	1.966439731216357245e+01	2.001539477332768513e+01	1.958863071704433167e+01	1.984940386154564251e+01	1.941911061292634599e+01	2.022275932585118241e+01	1.994235064703103077e+01	2.000785029909771850e+01	1.960910801309714913e+01	2.046114483017640850e+01	1.924995971223752633e+01	2.039408435099388228e+01	1.996878149627866961e+01	2.044052070135950316e+01	1.987804221786428727e+01	2.010059321315107539e+01	2.002909219196952151e+01	2.020616785835710516e+01	1.965043164381490826e+01	1.998644869369271859e+01	2.066534426111537570e+01	1.998898006229316238e+01	2.025029557756034393e+01	2.971144604934321976e+01	1.976775589986447912e+01	2.015465456685744527e+01	2.081330811457485552e+01	1.954849263182305918e+01	2.064300857843938175e+01	2.006709253182964403e+01	2.000618481425674844e+01	2.019770414495029698e+01	2.071320972936779370e+01	2.047735750541933797e+01	2.007132886398680327e+01	2.001557279845400927e+01	1.981639157959834918e+01	2.015956431842792540e+01	2.075584396627209927e+01	2.012941510280810675e+01	1.950008217035064106e+01	2.023134105863238474e+01	2.060002530556281997e+01	2.023028307604561959e+01	1.991701292762274278e+01	1.983320173200299763e+01
1.971567868986047500e+01	2.000318815073136136e+01	1.975598829792302169e+01	2.060835646815777622e+01	1.954083339773929140e+01	2.024289938501052788e+01	1.928637070086202954e+01	2.008695474925186986e+01	1.918279355239634398e+01	2.013504209033960990e+01	1.973211827851356048e+01	1.996320037815169712e+01	1.965959934583664293e+01	2.036251306447881859e+01	1.924777720781560575e+01	2.042339388947251066e+01	2.015159848369999906e+01	2.000509407944775475e+01	2.005544773321924978e+01	1.981145747710315064e+01	1.947285313970215626e+01	2.045136489233539834e+01	1.998382479048364146e+01	2.029160649495238289e+01	2.063198628457835682e+01	1.979204472148208183e+01	1.993314487716747507e+01	1.976775589986447912e+01	2.969894299136901239e+01	2.047723808143426183e+01	2.094044027868590163e+01	1.935977106151381122e+01	2.054744660356139008e+01	1.983161688078161333e+01	2.004704522652271592e+01	2.015351355954796730e+01	2.049241794789226390e+01	2.004664191380653548e+01	2.051145172078727086e+01	2.002732675555774478e+01	1.984776775981140773e+01	2.030015792725567536e+01	2.016007991634771912e+01	1.972203825794309395e+01	1.950752958485208666e+01	2.002805084546052328e+01	2.011562003321774839e+01	2.018169506839194227e+01	1.964252151271405111e+01	1.983642180211924710e+01
2.007836916867776722e+01	2.028283039767023865e+01	1.979630382566027080e+01	2.071519383949481607e+01	1.998443466713529659e+01	2.066586523406876452e+01	1.997440573547192599e+01	2.011809961346181908e+01	2.013391765953506507e+01	2.046295875651267693e+01	1.988774568140439314e+01	2.000090469090879353e+01	2.033297660773843774e+01	2.041363730094948892e+01	1.942933645572716728e+01	2.073380430362196591e+01	2.029516360104396355e+01	2.049294290039171074e+01	2.080890784035998564e+01	1.986215312594128335e+01	2.069203571947525333e+01	2.046162850975586522e+01	2.010166561781712602e+01	2.068540894728330315e+01	2.101968892540159928e+01	2.035697161884978001e+01	2.057079251331920844e+01	2.015465456685744527e+01	2.047723808143426183e+01	3.086974537566755572e+01	2.094054528966437090e+01	1.953113443006924044e+01	2.071045113588928999e+01	2.029371149494334858e+01	2.041311759279074423e+01	2.038443153228781313e+01	2.093585133095824702e+01	2.062968810930280483e+01	2.084301142532444473e+01	2.044300234905055191e+01	2.000006839089158817e+01	2.051258216822456504e+01	2.033214959606177175e+01	2.016743322085858381e+01	1.975865889839278111e+01	2.024799820157080532e+01	2.081121325040157544e+01	2.095048246656763880e+01	2.015229387624593471e+01	2.035582664164993005e+01
2.053771220261887009e+01	2.088613885278113358e+01	2.010073128209493021e+01	2.109629736801450761e+01	2.060834657847256679e+01	2.076884128149038844e+01	2.018409595066509965e+01	2.114819090358812304e+01	2.030592317537098168e+01	2.118163308602515826e+01	2.083768488326025192e+01	2.051487352214499538e+01	1.997806752541806574e+01	2.090947446312749847e+01	2.006089885942794737e+01	2.085764162691048895e+01	2.076558490442034710e+01	2.094223809983116169e+01	2.110651131855665241e+01	2.047182812837385413e+01	2.042952360518540189e+01	2.179271626123657768e+01	2.059990124373553755e+01	2.091575068987448560e+01	2.160226061862656977e+01	2.058622970780418626e+01	2.041903380659771017e+01	2.081330811457485552e+01	2.094044027868590163e+01	2.094054528966437090e+01	3.133198457133559245e+01	2.032654098198422687e+01	2.132466958460612361e+01	2.095872701600132970e+01	2.104563591879874451e+01	2.126565100475495385e+01	2.109178032906103439e+01	2.057670779122864602e+01	2.101633307702399023e+01	2.043406323153361015e+01	2.030807330294105384e+01	2.113525941117514506e+01	2.094794153303258355e+01	2.053452630925595557e+01	2.043969269532012945e+01	2.090429373306350058e+01	2.091703271442147383e+01	2.076690566821960360e+01	2.032565898204405741e+01	2.044833193253146320e+01
1.882186018008557582e+01	1.970244895402855434e+01	1.853099387026519906e+01	2.011387861127780852e+01	1.937219067185560917e+01	1.970358322695988917e+01	1.879918996076588655e+01	1.956573297614414386e+01	1.863012849801301485e+01	1.961312845488791723e+01	1.947690228598599305e+01	1.912286135206156601e+01	1.888482607236535671e+01	1.982453101811021412e+01	1.900416909859773185e+01	1.962391870953865336e+01	1.967242083140187248e+01	1.958977058145564598e+01	1.947824923464062508e+01	1.916515433750594966e+01	1.905806752762789458e+01	1.971500971369558997e+01	1.908112337253830404e+01	1.933986839931350588e+01	1.967082501632557268e+01	1.920747622508152475e+01	1.931596951345538926e+01	1.954849263182305918e+01	1.935977106151381122e+01	1.953113443006924044e+01	2.032654098198422687e+01	2.844884562379489878e+01	1.975727418951451853e+01	1.957928830402116560e+01	1.955904526807092481e+01	1.979152853051324712e+01	1.989896896293638662e+01	1.943733072252176797e+01	1.987659395187425559e+01	1.908118723704898301e+01	1.918627972017871741e+01	1.961932981901996698e+01	1.972407727308003089e+01	1.952868257680417585e+01	1.914819708444602853e+01	1.935499555645175107e+01	1.974714235712891863e+01	1.954715496016575571e+01	1.911907138851685772e+01	1.930280608502447492e+01
