3.005573258047254726e+01	2.102173854695698552e+01	2.073099292212179989e+01	1.997005506316877899e+01	1.984503336013004215e+01	2.002921273016049497e+01	1.998953159344296537e+01	1.987054834004391424e+01	1.959935196940199020e+01	2.017335495417187730e+01	1.971010399181706418e+01	1.958190035921950667e+01	1.979042646243259895e+01	1.981836433500718542e+01	1.964857959171218127e+01	2.019510407875436186e+01	1.969876685890893242e+01	1.988623236742931510e+01	2.041004591015731151e+01	1.977852396520056288e+01	1.954473540164964973e+01	2.042493102684285944e+01	2.037262905374964461e+01	1.990559755097788397e+01	1.992821890424641751e+01	1.962266493624507291e+01	1.993392737634488299e+01	1.941499787286557677e+01	1.991271528158540249e+01	2.022793110077870438e+01	1.993317102316828837e+01	1.976808931271457581e+01	2.008493958114415179e+01	2.054357319782886648e+01	1.983425332884603165e+01	1.957316251779954186e+01	2.008360274212765617e+01	1.975479242906573774e+01	2.006877414782494284e+01	1.960945560616274719e+01	2.032639635137642742e+01	2.062439131512227064e+01	2.015987709682261908e+01	1.971475562353594668e+01	2.017735209842825128e+01	1.950563998349630168e+01	2.037158980644082718e+01	2.021020265539741700e+01	1.997008050486021702e+01	2.038208483396007864e+01
2.102173854695698552e+01	3.084507693425453212e+01	2.129563848162198170e+01	2.073279302579444661e+01	2.011204698498004717e+01	2.031851845411349444e+01	2.065268810160885238e+01	2.048862711584373741e+01	2.060677068117402655e+01	2.102276488692366385e+01	2.065675229630767973e+01	2.032290216244924252e+01	2.016346629736714746e+01	2.035576707904553118e+01	2.034738482864467102e+01	2.078681800813268055e+01	2.079907671006811398e+01	2.011237877915100469e+01	2.093740801440671362e+01	2.050745333779962820e+01	2.020005150525615889e+01	2.104667343751925657e+01	2.108550970818888715e+01	2.056921899964490308e+01	2.089093903076259195e+01	2.033056533452584702e+01	2.070690458532434164e+01	1.991812864646369263e+01	2.056850928522292321e+01	2.050716348290932700e+01	2.043825045043707078e+01	2.058889246971941134e+01	2.105043696957420707e+01	2.090015480470806963e+01	2.022966554859103638e+01	2.072654524734881676e+01	2.071230970395424364e+01	2.101842136829159102e+01	2.090481621961745873e+01	2.039710094986353184e+01	2.065573007850556309e+01	2.101461367191568641e+01	2.073928830839552973e+01	2.025524001597285562e+01	2.085263818605432107e+01	2.006255703497257770e+01	2.091903225187346038e+01	2.093159923537112022e+01	2.070034946991068026e+01	2.116197776987855761e+01
2.073099292212179989e+01	2.129563848162198170e+01	3.088176332632733789e+01	2.045722200462158469e+01	1.989265750262223875e+01	2.078855802180935797e+01	2.031970421817021588e+01	2.052249755889594596e+01	2.031154656046311757e+01	2.082445656125702982e+01	2.055511196822797970e+01	2.025861139812705858e+01	2.063463594261613210e+01	1.979984474536948369e+01	2.018568526804819996e+01	2.082753884387540211e+01	2.075422033472914052e+01	2.018094211384294567e+01	2.093706634957044344e+01	2.047193747560855925e+01	2.029357899800654863e+01	2.087781735937522143e+01	2.097092871251869184e+01	2.043960768688512175e+01	2.002913481070650548e+01	2.009199183518600051e+01	2.051036195520688210e+01	1.985095661869278061e+01	1.982269232832591754e+01	2.076297677535288599e+01	2.050562502202377146e+01	2.053730300724192048e+01	2.082520383507319295e+01	2.078146912985549477e+01	2.015848049569064671e+01	2.095843999479517805e+01	2.059074534190828842e+01	2.116755750352495014e+01	2.086371975065782891e+01	2.022275562874176558e+01	2.090837716463110851e+01	2.095002971948799697e+01	2.059496050810858137e+01	2.036495740305764457e+01	2.063287955996407064e+01	2.041148891687646483e+01	2.073136132429430134e+01	2.068427026838329752e+01	2.061464619042517299e+01	2.065277139917517957e+01
1.997005506316877899e+01	2.073279302579444661e+01	2.045722200462158469e+01	2.945205871532709807e+01	1.951654087113968572e+01	1.965619323428577303e+01	1.983668961055166235e+01	2.003754244966344089e+01	1.949758282295102774e+01	2.041216755774462044e+01	1.989765964332602266e+01	1.982049645882135280e+01	1.976412777074732574e+01	1.924820576449335974e+01	1.999108122540832255e+01	2.035302697965438767e+01	1.981940360041701155e+01	1.976355140585136283e+01	1.975559789075551365e+01	1.964669804959967081e+01	1.907475898444233664e+01	2.034307903638326920e+01	1.980308812145690922e+01	2.031539267686325800e+01	2.004710198781112140e+01	1.992478402816083616e+01	1.987439539494002005e+01	1.909052320956963911e+01	1.968939534276495351e+01	1.958619529508175106e+01	1.980270288217739250e+01	2.011570793706469473e+01	1.997184827373158811e+01	2.038817751684790380e+01	1.949925397068352240e+01	1.983514496276387717e+01	1.973489018627680380e+01	2.004506191742978061e+01	2.013783739592441080e+01	1.958473294768442230e+01	2.018785448625159162e+01	2.058120889178199064e+01	2.025432005539866509e+01	2.002137697907307512e+01	1.989450341160144475e+01	1.966934699448389168e+01	1.990825917076697138e+01	2.005765565248316662e+01	1.984362414247923923e+01	2.012638139297737183e+01
1.984503336013004215e+01	2.011204698498004717e+01	1.989265750262223875e+01	1.951654087113968572e+01	2.901342026690076992e+01	1.937654707948798460e+01	1.922555241801653381e+01	1.962874152209003853e+01	1.946437839785672352e+01	2.018893186805695805e+01	2.002149716172360172e+01	1.965156306929587515e+01	1.932717658104544611e+01	1.926669186876466355e+01	1.940186726369384473e+01	1.953135820703812087e+01	1.965074293882490153e+01	1.946091465554323818e+01	1.983815015607826027e+01	1.946721625994078053e+01	1.877170696712960307e+01	2.011930369266949370e+01	1.963138276204479027e+01	1.970264710784118378e+01	2.000626969393772825e+01	1.916497900954367140e+01	1.937243038604816903e+01	1.862344120232613776e+01	1.926321784945931626e+01	1.946638846257181754e+01	1.954712169847143244e+01	1.961742564105492903e+01	1.972455389067327403e+01	2.004374838473397702e+01	1.909646164016131564e+01	1.958496838800333606e+01	1.960871267366082549e+01	1.971321097751472706e+01	1.961545385833320765e+01	1.939232081366432325e+01	2.004587526891979365e+01	2.014899322335622855e+01	1.977509003640996355e+01	1.923948799564833934e+01	1.911490855496032992e+01	1.932473781230678611e+01	1.987978956625076776e+01	1.955977504996523564e+01	1.933598078544921606e+01	1.982308443821163380e+01
2.002921273016049497e+01	2.031851845411349444e+01	2.078855802180935797e+01	1.965619323428577303e+01	1.937654707948798460e+01	2.996571722437037266e+01	1.979561889434353716e+01	1.980140304136321916e+01	1.960484998478789009e+01	2.021936686396925609e+01	2.022304432955358067e+01	1.971575667827610090e+01	1.972233142769404424e+01	1.950883785667098635e+01	1.991783019937264143e+01	2.002429044958580207e+01	2.039248481784059663e+01	1.953376125803299956e+01	2.036650131304102729e+01	2.009244293583302365e+01	1.954398115938755254e+01	2.059806493050179554e+01	2.035209184806582883e+01	2.006753452426985618e+01	2.022516227876160144e+01	1.984690891791405321e+01	2.049713825626721331e+01	1.899297520049355015e+01	1.981010140272236697e+01	1.974822250851653394e+01	1.984613331861250884e+01	1.992564477961123259e+01	1.986628404308308760e+01	1.986883396951697733e+01	1.977962239264548217e+01	2.008012233809060376e+01	1.983952046166141514e+01	2.037089450762076837e+01	2.052035884631366613e+01	1.992040684373697346e+01	1.998392780836687166e+01	2.041154628902749479e+01	2.018675525902960999e+01	2.007467614630093422e+01	2.003433370814773795e+01	1.973632052211188537e+01	2.045531836453336894e+01	2.022745136731200688e+01	2.018799162248888024e+01	2.041116686502786237e+01
1.998953159344296537e+01	2.065268810160885238e+01	2.031970421817021588e+01	1.983668961055166235e+01	1.922555241801653381e+01	1.979561889434353716e+01	3.004508639872620535e+01	1.962672958693174863e+01	1.987757459715519204e+01	2.015958430487626529e+01	1.983388772549073309e+01	1.961890077371204555e+01	1.963159861601144840e+01	1.940501203195719526e+01	1.976886374139359859e+01	2.059395066067767743e+01	1.982749126508307924e+01	1.942558342497658685e+01	2.009555753336894313e+01	1.977019061006006595e+01	1.932124296459749146e+01	2.024527115719075709e+01	2.027827846024263536e+01	2.005046054802721400e+01	2.009390195030408321e+01	1.972790552200894609e+01	1.991419522176700951e+01	1.996844478407979651e+01	1.959538159755887321e+01	1.961451971028764518e+01	1.991178077595161611e+01	1.988202337528206343e+01	2.003408138741334810e+01	2.027534134755450879e+01	1.970514955437090876e+01	1.967426479737041234e+01	2.001602112399172739e+01	2.012327396336821295e+01	2.005126368232556189e+01	1.951355117913638182e+01	2.039714037315593842e+01	2.019097786829761887e+01	1.963330815784782146e+01	1.968629583143610162e+01	2.001965349385488580e+01	1.971402514661089000e+01	1.988773536092399041e+01	1.999925630060874582e+01	1.962149004154873921e+01	2.002300694162307337e+01
1.987054834004391424e+01	2.048862711584373741e+01	2.052249755889594596e+01	2.003754244966344089e+01	1.962874152209003853e+01	1.980140304136321916e+01	1.962672958693174863e+01	3.010456280077723079e+01	1.984693379200173879e+01	2.063717783701656927e+01	2.038833904410907749e+01	1.982272889172462982e+01	1.968310709567788308e+01	1.973317129524197355e+01	1.993668964076656280e+01	2.030811600014893159e+01	2.038266088211947746e+01	1.974547696489398518e+01	2.019280966942752542e+01	1.983258352348024900e+01	1.956969703434875640e+01	2.024923253935758183e+01	2.036269307800419170e+01	2.004637474224576010e+01	2.017055317062144226e+01	1.953244631122549890e+01	2.020834149243939137e+01	1.943235298432885472e+01	1.961110128900398308e+01	1.973167496983995761e+01	1.994261329223856549e+01	1.989666367850542628e+01	2.021087831040447824e+01	2.031383342068696507e+01	1.965281306861980681e+01	2.014695751822494429e+01	2.033414356696250991e+01	2.054684863618172486e+01	1.992100830784298182e+01	1.947628648267228968e+01	2.072747394976883939e+01	2.089317580567845667e+01	2.017125879562293633e+01	1.959977263620610444e+01	2.002522122296841545e+01	1.993982496019781792e+01	2.021154913941988340e+01	2.002449234181302629e+01	2.040572738178127210e+01	2.089980483625964069e+01
1.959935196940199020e+01	2.060677068117402655e+01	2.031154656046311757e+01	1.949758282295102774e+01	1.946437839785672352e+01	1.960484998478789009e+01	1.987757459715519204e+01	1.984693379200173879e+01	2.935122463091004974e+01	2.014030405606292362e+01	2.026895862812276405e+01	1.929022984548672781e+01	1.915264011582844361e+01	1.923408019048084583e+01	1.978169797739910152e+01	1.984392271256605511e+01	1.991808714813994641e+01	1.957141751717958300e+01	2.012778798649353007e+01	1.951479332803556233e+01	1.917145891703113136e+01	2.008397111620872622e+01	2.028846554778718669e+01	1.985271293800402148e+01	2.011887350791962348e+01	1.933434960899845123e+01	1.981368367034444944e+01	1.909112307183055890e+01	1.973606661994426403e+01	1.975730527088150268e+01	1.989433323914742857e+01	1.951306146834242483e+01	2.004479785217518284e+01	2.010033688059560220e+01	1.949075721325602473e+01	1.985753567092660532e+01	1.970766096687732016e+01	2.004540303333356377e+01	1.999822218956175135e+01	1.950235677689965286e+01	2.022814021003755158e+01	2.023159345566084610e+01	2.024024148351008634e+01	1.949333877678146365e+01	1.988387073221345247e+01	1.931757438519217729e+01	1.996267283575910767e+01	1.971693733495597556e+01	1.978177180283017123e+01	2.031540720612746753e+01
2.017335495417187730e+01	2.102276488692366385e+01	2.082445656125702982e+01	2.041216755774462044e+01	2.018893186805695805e+01	2.021936686396925609e+01	2.015958430487626529e+01	2.063717783701656927e+01	2.014030405606292362e+01	3.071607550686961119e+01	2.075912308325075273e+01	2.047475971567505226e+01	2.046137555649843875e+01	2.001079825243158794e+01	2.014937766286021414e+01	2.080922918322858806e+01	2.046532068498007817e+01	2.074597149080588210e+01	2.055866207496154630e+01	2.025349441871876977e+01	1.992278069470371804e+01	2.087230002456493949e+01	2.081151933211193139e+01	2.057666902504112372e+01	2.087095613976287467e+01	2.009609255527223226e+01	2.051735466649607176e+01	1.970582203876290706e+01	2.017651884355790060e+01	2.013343983818847605e+01	2.057081502780006232e+01	2.062147000894955085e+01	2.060216332508765547e+01	2.063522854990398869e+01	2.036208833711767596e+01	2.041099458402787192e+01	2.073066521079076807e+01	2.056079921179910386e+01	2.075363726534610009e+01	2.008354893516017725e+01	2.121499319102336401e+01	2.086703364766077229e+01	2.060402519468576088e+01	2.030006252708452408e+01	2.049143289405895274e+01	2.012994637928641950e+01	2.048254300742290113e+01	2.053488266869575796e+01	2.056233958470998502e+01	2.087723507361560848e+01
1.971010399181706418e+01	2.065675229630767973e+01	2.055511196822797970e+01	1.989765964332602266e+01	2.002149716172360172e+01	2.022304432955358067e+01	1.983388772549073309e+01	2.038833904410907749e+01	2.026895862812276405e+01	2.075912308325075273e+01	2.963488338858273963e+01	2.004124942135362275e+01	1.958306170415761471e+01	1.969681499173810124e+01	2.003493728197939561e+01	2.048930399213922726e+01	2.035947202070005346e+01	1.994741657201531027e+01	2.045006103989560842e+01	1.980448417001819195e+01	1.958131060319166394e+01	2.055543294431458179e+01	2.045463905044382358e+01	2.052168632907791235e+01	2.014316629129551828e+01	1.970402119725118339e+01	2.031436304725068709e+01	1.898714521564395952e+01	1.986699793317016116e+01	2.039249181167776115e+01	2.051560887555284651e+01	1.997397002981310976e+01	2.076362419086612476e+01	2.053588051931321345e+01	1.995157848255562882e+01	2.008473613985695039e+01	2.021962305570050944e+01	2.054123998393770734e+01	2.016759897380537581e+01	1.988970301887213665e+01	2.049523071142113650e+01	2.061966712623165421e+01	2.075196177146096943e+01	1.988288798155517867e+01	1.999215903835108321e+01	2.035471053758738691e+01	2.039109943056800134e+01	1.989371042963886183e+01	2.015601582277459514e+01	2.036702243464981876e+01
1.958190035921950667e+01	2.032290216244924252e+01	2.025861139812705858e+01	1.982049645882135280e+01	1.965156306929587515e+01	1.971575667827610090e+01	1.961890077371204555e+01	1.982272889172462982e+01	1.929022984548672781e+01	2.047475971567505226e+01	2.004124942135362275e+01	2.943440339421675844e+01	1.987792355103634279e+01	1.909398633335904094e+01	1.957627288887683648e+01	2.021334059676888373e+01	1.968497993663595480e+01	1.978225296402189670e+01	1.987823820868134561e+01	1.976548671946657620e+01	1.931466596335001995e+01	2.009489176399294763e+01	2.003912653325026128e+01	2.020650597032756579e+01	1.981823321262717386e+01	1.957315690632967176e+01	2.018613644892790759e+01	1.943195965262638225e+01	1.960754045139439938e+01	1.961198316238245098e+01	2.012260909091747862e+01	1.968188976840587046e+01	2.002222701164131990e+01	2.018524835950869090e+01	1.944337839759562314e+01	1.982568471219510187e+01	1.986348389294861150e+01	1.993181010564607192e+01	2.009530608993772915e+01	1.966087613919102139e+01	2.046050699210098855e+01	2.057694366194074220e+01	2.021776755809496962e+01	1.943070088816073593e+01	1.976698166584306904e+01	1.960573389314949111e+01	2.000277292352627256e+01	2.020479617776238968e+01	1.984208960592279780e+01	2.056930680655798938e+01
1.979042646243259895e+01	2.016346629736714746e+01	2.063463594261613210e+01	1.976412777074732574e+01	1.932717658104544611e+01	1.972233142769404424e+01	1.963159861601144840e+01	1.968310709567788308e+01	1.915264011582844361e+01	2.046137555649843875e+01	1.958306170415761471e+01	1.987792355103634279e+01	2.947011127604874758e+01	1.939694284928883050e+01	1.984858977871147800e+01	2.026273366771829743e+01	1.938278514149770615e+01	1.945407699090091214e+01	2.022979471057104206e+01	1.976290414636584813e+01	1.934488768263265612e+01	2.038309040770698743e+01	2.053421086307720955e+01	1.983200675417284842e+01	1.963771770667701944e+01	1.908400691002001537e+01	1.973946344666435593e+01	1.864734493065464704e+01	1.962154684770965574e+01	1.939656074495981386e+01	1.997439883908620928e+01	1.988207472206105564e+01	1.978965460076453553e+01	2.040660138645100474e+01	1.952337799704567800e+01	1.985132668982546278e+01	1.976884906524696461e+01	1.980402750659222377e+01	2.005762459995956704e+01	1.943342045529955442e+01	1.985911871197307477e+01	2.045035357869550552e+01	2.002929130795480717e+01	1.967175634083588065e+01	1.997295484169148239e+01	1.964939782865468487e+01	1.950374970935025942e+01	1.980081780663978108e+01	2.011229741821748007e+01	2.028644667372909538e+01
1.981836433500718542e+01	2.035576707904553118e+01	1.979984474536948369e+01	1.924820576449335974e+01	1.926669186876466355e+01	1.950883785667098635e+01	1.940501203195719526e+01	1.973317129524197355e+01	1.923408019048084583e+01	2.001079825243158794e+01	1.969681499173810124e+01	1.909398633335904094e+01	1.939694284928883050e+01	2.920181210179177000e+01	1.960392130726943805e+01	1.962714987380912390e+01	1.952167857550508856e+01	1.905464315253955832e+01	1.976950385683843692e+01	1.931325935744306221e+01	1.898991984335133054e+01	1.997132005354783502e+01	2.008983744813157202e+01	1.977632437815029576e+01	1.945271153102298456e+01	1.922893296353992909e+01	1.951903411133962152e+01	1.921584795917070565e+01	1.926919390238623464e+01	1.970697561328189806e+01	1.980579480609654297e+01	1.982232853169504239e+01	1.949630649931245330e+01	1.996480336557153734e+01	1.917661901036617778e+01	1.927109367665833872e+01	1.957204222504496371e+01	1.969122690864448799e+01	1.974783736595130179e+01	1.886297365980819052e+01	1.984357251067127592e+01	2.030841667350899726e+01	1.988704961259708170e+01	1.888463508723252104e+01	1.921494620565714584e+01	1.918934029581180667e+01	1.990957079353326264e+01	1.949733943677272663e+01	1.937365431273390115e+01	2.018337208087740109e+01
1.964857959171218127e+01	2.034738482864467102e+01	2.018568526804819996e+01	1.999108122540832255e+01	1.940186726369384473e+01	1.991783019937264143e+01	1.976886374139359859e+01	1.993668964076656280e+01	1.978169797739910152e+01	2.014937766286021414e+01	2.003493728197939561e+01	1.957627288887683648e+01	1.984858977871147800e+01	1.960392130726943805e+01	2.972740335436844816e+01	1.992883473304037878e+01	1.967847181308795967e+01	1.976480176017022572e+01	1.995936620933529682e+01	2.004706236691044197e+01	1.939312400363455779e+01	2.012420562327744733e+01	1.998429683058707340e+01	2.023744884194207927e+01	1.971076719832146296e+01	1.958118232466561537e+01	1.980430240100754702e+01	1.887756237515606728e+01	1.938156779531787777e+01	1.996815327909515503e+01	1.980177116299709539e+01	2.009316245523183042e+01	2.020755963326339355e+01	2.004565217639247265e+01	1.968613227406125432e+01	1.947904382066930395e+01	1.997690249996390932e+01	2.001067827918181052e+01	2.019956841788669877e+01	1.937190244147335960e+01	2.004427674682862204e+01	2.031052614033091785e+01	2.000623959819138165e+01	1.975045830833512994e+01	1.988253982125723951e+01	1.969130453947964909e+01	1.998855429381753268e+01	2.011863219631765887e+01	1.977538969047963491e+01	2.023895573095615674e+01
2.019510407875436186e+01	2.078681800813268055e+01	2.082753884387540211e+01	2.035302697965438767e+01	1.953135820703812087e+01	2.002429044958580207e+01	2.059395066067767743e+01	2.030811600014893159e+01	1.984392271256605511e+01	2.080922918322858806e+01	2.048930399213922726e+01	2.021334059676888373e+01	2.026273366771829743e+01	1.962714987380912390e+01	1.992883473304037878e+01	3.023783763128999524e+01	2.000740794914474563e+01	2.033400000104980165e+01	2.078580936105393207e+01	2.007868689052899569e+01	1.947327623255365125e+01	2.067834748887794305e+01	2.051185648060400979e+01	2.057561531681629674e+01	2.012617303582729278e+01	1.986076927963848959e+01	2.041012075109817658e+01	1.967862520987084096e+01	2.020981989670763213e+01	2.001457836970648785e+01	2.029531379083802278e+01	2.056606004584550007e+01	2.050127096508056113e+01	2.069690812585488260e+01	2.007600840277364895e+01	2.019876525075591900e+01	2.036513807041651702e+01	2.088707190050893914e+01	2.072174259237635141e+01	1.992281304319811497e+01	2.056122244045426228e+01	2.055200351745167708e+01	2.001028700205772992e+01	2.025635435071538382e+01	2.050356097277358103e+01	2.047468916181357912e+01	2.030324736736503866e+01	2.030091965801479148e+01	1.990273465280148457e+01	2.065131572384757064e+01
1.969876685890893242e+01	2.079907671006811398e+01	2.075422033472914052e+01	1.981940360041701155e+01	1.965074293882490153e+01	2.039248481784059663e+01	1.982749126508307924e+01	2.038266088211947746e+01	1.991808714813994641e+01	2.046532068498007817e+01	2.035947202070005346e+01	1.968497993663595480e+01	1.938278514149770615e+01	1.952167857550508856e+01	1.967847181308795967e+01	2.000740794914474563e+01	2.990518340548610254e+01	1.982311817059399672e+01	2.027730271737814149e+01	1.936561441763936742e+01	1.962162756303818512e+01	2.037130936159560690e+01	1.988837724326029388e+01	1.994222654399106176e+01	1.971739831832204715e+01	1.995496459107483034e+01	2.002825284903596526e+01	1.903824684326956529e+01	1.955334233884392248e+01	1.957221747249084487e+01	1.990993396595019860e+01	1.989321594448245634e+01	2.008582531730819198e+01	2.027272037185586839e+01	1.964577323203980441e+01	2.006312849446870317e+01	1.993537737527206843e+01	2.012675274420684346e+01	2.018720866163111083e+01	1.980239454850610414e+01	2.029687321434341740e+01	2.051216782371999869e+01	2.010745199610789768e+01	1.991146944576839672e+01	2.005398941794072698e+01	1.986594632399942739e+01	2.037501167608597896e+01	2.011028934171510230e+01	1.984087886866576511e+01	2.027818804173323386e+01
1.988623236742931510e+01	2.011237877915100469e+01	2.018094211384294567e+01	1.976355140585136283e+01	1.946091465554323818e+01	1.953376125803299956e+01	1.942558342497658685e+01	1.974547696489398518e+01	1.957141751717958300e+01	2.074597149080588210e+01	1.994741657201531027e+01	1.978225296402189670e+01	1.945407699090091214e+01	1.905464315253955832e+01	1.976480176017022572e+01	2.033400000104980165e+01	1.982311817059399672e+01	3.027798584638559731e+01	1.991711560250864466e+01	1.990421552189060606e+01	1.938654251648498317e+01	2.040096187821438178e+01	2.005679852877145919e+01	1.993146115565884458e+01	1.980974577857488939e+01	1.988462804064690559e+01	1.963531261115851123e+01	1.914083812766842030e+01	1.946827557525744012e+01	1.950762581720028166e+01	1.989033116262415746e+01	1.998378628224194387e+01	2.032521445362091228e+01	2.007250351425444990e+01	1.952873163659610611e+01	1.985169112240313893e+01	1.988527705606398399e+01	2.015753678154971595e+01	2.015058310842384515e+01	1.958052855727387964e+01	2.009460750633136783e+01	2.032868879012660557e+01	2.025733961143071582e+01	1.964505649483116656e+01	1.990006231129532210e+01	1.956657895638989331e+01	2.005464155877649546e+01	1.978969198190788958e+01	1.962816732043640755e+01	1.989567729395997731e+01
2.041004591015731151e+01	2.093740801440671362e+01	2.093706634957044344e+01	1.975559789075551365e+01	1.983815015607826027e+01	2.036650131304102729e+01	2.009555753336894313e+01	2.019280966942752542e+01	2.012778798649353007e+01	2.055866207496154630e+01	2.045006103989560842e+01	1.987823820868134561e+01	2.022979471057104206e+01	1.976950385683843692e+01	1.995936620933529682e+01	2.078580936105393207e+01	2.027730271737814149e+01	1.991711560250864466e+01	3.037792411290896410e+01	1.998565884551886640e+01	1.978515704507024964e+01	2.114539744473712091e+01	2.030752794313295340e+01	2.023203696301882104e+01	2.012335413304433374e+01	1.982013324902701612e+01	2.015824673777671094e+01	1.946328788243660668e+01	1.984652941795671666e+01	2.039040436235660536e+01	2.017334967945931012e+01	1.995611625041799186e+01	2.072972697530818920e+01	2.025165359376859797e+01	2.035679363756159077e+01	2.044710689031750306e+01	2.037002603819784596e+01	2.072248132145402622e+01	2.042440200640381320e+01	2.004233740907654848e+01	2.064409173738272685e+01	2.036420922842832582e+01	2.024232420120540255e+01	2.004822259342520141e+01	2.008497350502439360e+01	1.994487265982598601e+01	2.029090438064465118e+01	2.035347250156931054e+01	2.028428432487745070e+01	2.054867645395212961e+01
1.977852396520056288e+01	2.050745333779962820e+01	2.047193747560855925e+01	1.964669804959967081e+01	1.946721625994078053e+01	2.009244293583302365e+01	1.977019061006006595e+01	1.983258352348024900e+01	1.951479332803556233e+01	2.025349441871876977e+01	1.980448417001819195e+01	1.976548671946657620e+01	1.976290414636584813e+01	1.931325935744306221e+01	2.004706236691044197e+01	2.007868689052899569e+01	1.936561441763936742e+01	1.990421552189060606e+01	1.998565884551886640e+01	2.958669113133838025e+01	1.971864631620204023e+01	2.048149790344560017e+01	2.042717164796679086e+01	2.013527830687682041e+01	1.992869009204202868e+01	1.991873361086507543e+01	2.000550016459220970e+01	1.901697359698222911e+01	1.985495930261032527e+01	1.970218850348717865e+01	1.965405220037466449e+01	1.984671410528177304e+01	1.999084368863177730e+01	2.017487142491667029e+01	1.951420041676295014e+01	2.017360191680134207e+01	2.019970613792182235e+01	2.003576056117702819e+01	2.029898242576962630e+01	1.964146843181745439e+01	2.027273550993714935e+01	2.036637323805528865e+01	2.009031417598775704e+01	1.970766989437773731e+01	2.004376628170268049e+01	1.979242667068553629e+01	1.978052383639466782e+01	1.975398724561197739e+01	1.985425908429167308e+01	2.037632619136471135e+01
1.954473540164964973e+01	2.020005150525615889e+01	2.029357899800654863e+01	1.907475898444233664e+01	1.877170696712960307e+01	1.954398115938755254e+01	1.932124296459749146e+01	1.956969703434875640e+01	1.917145891703113136e+01	1.992278069470371804e+01	1.958131060319166394e+01	1.931466596335001995e+01	1.934488768263265612e+01	1.898991984335133054e+01	1.939312400363455779e+01	1.947327623255365125e+01	1.962162756303818512e+01	1.938654251648498317e+01	1.978515704507024964e+01	1.971864631620204023e+01	2.896664182230405160e+01	1.981532654821548789e+01	1.968862976928341979e+01	1.950896375680102679e+01	1.986527885369607560e+01	1.956616942421041117e+01	1.970695910497994774e+01	1.876269996360004910e+01	1.956870674005361366e+01	1.966154969123082097e+01	1.924932500126986668e+01	1.948559312085724216e+01	1.931441508413524843e+01	1.956936950308213596e+01	1.902574932871088720e+01	1.942264208019578575e+01	1.915584262099786983e+01	1.982995071826036693e+01	1.994780980988249652e+01	1.931868435416424035e+01	1.974406070894787035e+01	2.006279342611361116e+01	1.974283878179083018e+01	1.916006724817725271e+01	1.945153295412717043e+01	1.915135480111127464e+01	1.963523609315610940e+01	1.933651674732686487e+01	1.947056243229340211e+01	1.984278430500307877e+01
2.042493102684285944e+01	2.104667343751925657e+01	2.087781735937522143e+01	2.034307903638326920e+01	2.011930369266949370e+01	2.059806493050179554e+01	2.024527115719075709e+01	2.024923253935758183e+01	2.008397111620872622e+01	2.087230002456493949e+01	2.055543294431458179e+01	2.009489176399294763e+01	2.038309040770698743e+01	1.997132005354783502e+01	2.012420562327744733e+01	2.067834748887794305e+01	2.037130936159560690e+01	2.040096187821438178e+01	2.114539744473712091e+01	2.048149790344560017e+01	1.981532654821548789e+01	3.060131610371662703e+01	2.075238873540433815e+01	2.050457817708198505e+01	2.059719061959044595e+01	2.024991564175802594e+01	2.056281332188881450e+01	1.975790406450726167e+01	2.002359440056354956e+01	2.053147231611051637e+01	2.057788318243521530e+01	2.028617651618770523e+01	2.075428545872279429e+01	2.066841568440024801e+01	2.026771073298780479e+01	2.027262922281034818e+01	2.053686689607490834e+01	2.068554066753484122e+01	2.053104313699772021e+01	2.025609942165895205e+01	2.072484887776046136e+01	2.090150828429131025e+01	2.033473776104075625e+01	2.027834503537131638e+01	2.060025441609457530e+01	2.037042567966313911e+01	2.065553809608890745e+01	2.060868762925794684e+01	2.055339930749437372e+01	2.094874096498266525e+01
2.037262905374964461e+01	2.108550970818888715e+01	2.097092871251869184e+01	1.980308812145690922e+01	1.963138276204479027e+01	2.035209184806582883e+01	2.027827846024263536e+01	2.036269307800419170e+01	2.028846554778718669e+01	2.081151933211193139e+01	2.045463905044382358e+01	2.003912653325026128e+01	2.053421086307720955e+01	2.008983744813157202e+01	1.998429683058707340e+01	2.051185648060400979e+01	1.988837724326029388e+01	2.005679852877145919e+01	2.030752794313295340e+01	2.042717164796679086e+01	1.968862976928341979e+01	2.075238873540433815e+01	3.075124958587366919e+01	2.030350295877134315e+01	2.024191851480125948e+01	1.946341169989870323e+01	2.035524725318568073e+01	1.935554355495065693e+01	2.003952053008185175e+01	2.023232752762991637e+01	2.012704605405363623e+01	2.017174887095590563e+01	2.031070638720663979e+01	2.055782292197868699e+01	1.946657192645704981e+01	2.033841443324732623e+01	2.007545185256999432e+01	2.023846826941966270e+01	2.055044987322919425e+01	1.996446930525769048e+01	2.079128741351781073e+01	2.083863782395711794e+01	2.033036765470039953e+01	1.988430733564178254e+01	2.002709368354959452e+01	2.000918250302744994e+01	2.052723343844687420e+01	1.997345226024022580e+01	2.037514496331842651e+01	2.078856499529167934e+01
1.990559755097788397e+01	2.056921899964490308e+01	2.043960768688512175e+01	2.031539267686325800e+01	1.970264710784118378e+01	2.006753452426985618e+01	2.005046054802721400e+01	2.004637474224576010e+01	1.985271293800402148e+01	2.057666902504112372e+01	2.052168632907791235e+01	2.020650597032756579e+01	1.983200675417284842e+01	1.977632437815029576e+01	2.023744884194207927e+01	2.057561531681629674e+01	1.994222654399106176e+01	1.993146115565884458e+01	2.023203696301882104e+01	2.013527830687682041e+01	1.950896375680102679e+01	2.050457817708198505e+01	2.030350295877134315e+01	2.994557439943507404e+01	2.030156542750828663e+01	1.999992748336954662e+01	1.991385438152933673e+01	1.951814060188954869e+01	1.998149641289690592e+01	1.978948786860551579e+01	2.027526213503375629e+01	1.996346745447224791e+01	2.029921367269200516e+01	2.022258069461461361e+01	1.968292038269583699e+01	1.994031532967279219e+01	1.995030515884230482e+01	2.054600792138084486e+01	2.029326952430064779e+01	2.007132720351573241e+01	2.033930500970159372e+01	2.082146592822325459e+01	2.050295933897388778e+01	2.000858592826920557e+01	2.006370374955315938e+01	2.021969998761106879e+01	2.037343287558285354e+01	2.031515410363130414e+01	1.993691344809986532e+01	2.096270646892081402e+01
1.992821890424641751e+01	2.089093903076259195e+01	2.002913481070650548e+01	2.004710198781112140e+01	2.000626969393772825e+01	2.022516227876160144e+01	2.009390195030408321e+01	2.017055317062144226e+01	2.011887350791962348e+01	2.087095613976287467e+01	2.014316629129551828e+01	1.981823321262717386e+01	1.963771770667701944e+01	1.945271153102298456e+01	1.971076719832146296e+01	2.012617303582729278e+01	1.971739831832204715e+01	1.980974577857488939e+01	2.012335413304433374e+01	1.992869009204202868e+01	1.986527885369607560e+01	2.059719061959044595e+01	2.024191851480125948e+01	2.030156542750828663e+01	3.004386242155044684e+01	1.994683065562707469e+01	2.027895900414677044e+01	1.944559180571403445e+01	1.979432798135296423e+01	2.041775462993566137e+01	2.033020697219507866e+01	1.984054030688099957e+01	2.007570893251971000e+01	2.016840029428686165e+01	1.976993805568247353e+01	2.000172810039416404e+01	2.002135769242993391e+01	2.049015788609896660e+01	2.012408478177226812e+01	1.999599503619715790e+01	2.031085873429486810e+01	2.031105997985664757e+01	2.061017260919094696e+01	1.965749109050172194e+01	1.992878302028172044e+01	1.983260357141328356e+01	2.011134405880052967e+01	2.010184394195700364e+01	1.998052672235698424e+01	2.033058579450494108e+01
1.962266493624507291e+01	2.033056533452584702e+01	2.009199183518600051e+01	1.992478402816083616e+01	1.916497900954367140e+01	1.984690891791405321e+01	1.972790552200894609e+01	1.953244631122549890e+01	1.933434960899845123e+01	2.009609255527223226e+01	1.970402119725118339e+01	1.957315690632967176e+01	1.908400691002001537e+01	1.922893296353992909e+01	1.958118232466561537e+01	1.986076927963848959e+01	1.995496459107483034e+01	1.988462804064690559e+01	1.982013324902701612e+01	1.991873361086507543e+01	1.956616942421041117e+01	2.024991564175802594e+01	1.946341169989870323e+01	1.999992748336954662e+01	1.994683065562707469e+01	2.917599789113780773e+01	1.980271865122441000e+01	1.887154754549843005e+01	1.921294823185806777e+01	1.973099407145902617e+01	1.980436077293135000e+01	1.969036330264768608e+01	1.986801959290214725e+01	1.988013857180170163e+01	1.958946567902153646e+01	1.947326282119928464e+01	1.982757957512772862e+01	2.026536354208970181e+01	1.983347780592960063e+01	1.964167524335202941e+01	2.013550194182807829e+01	2.020812516485407428e+01	1.996072603191873540e+01	1.963426457570609784e+01	1.990943392756915387e+01	1.977913845134255411e+01	2.005155959710003089e+01	1.944152604673902474e+01	1.976055873692888554e+01	2.027531602861747828e+01
1.993392737634488299e+01	2.070690458532434164e+01	2.051036195520688210e+01	1.987439539494002005e+01	1.937243038604816903e+01	2.049713825626721331e+01	1.991419522176700951e+01	2.020834149243939137e+01	1.981368367034444944e+01	2.051735466649607176e+01	2.031436304725068709e+01	2.018613644892790759e+01	1.973946344666435593e+01	1.951903411133962152e+01	1.980430240100754702e+01	2.041012075109817658e+01	2.002825284903596526e+01	1.963531261115851123e+01	2.015824673777671094e+01	2.000550016459220970e+01	1.970695910497994774e+01	2.056281332188881450e+01	2.035524725318568073e+01	1.991385438152933673e+01	2.027895900414677044e+01	1.980271865122441000e+01	3.009242888975601460e+01	1.939528004641338299e+01	1.998313707282555995e+01	1.990134147128796371e+01	2.017476645870106466e+01	1.998943180902544370e+01	2.041592340725729926e+01	2.008473641430893508e+01	1.960351344123970208e+01	2.042912802687295581e+01	2.022879862390854200e+01	2.064231789625013036e+01	2.007973963550366037e+01	1.984112875744375870e+01	2.044839657586403447e+01	2.074801148921390137e+01	2.019810232553480844e+01	1.969882119602591786e+01	2.007543080574195571e+01	1.993527656041208118e+01	1.991380216880537901e+01	2.011677475055221365e+01	1.980042482307263541e+01	2.019763554641194148e+01
1.941499787286557677e+01	1.991812864646369263e+01	1.985095661869278061e+01	1.909052320956963911e+01	1.862344120232613776e+01	1.899297520049355015e+01	1.996844478407979651e+01	1.943235298432885472e+01	1.909112307183055890e+01	1.970582203876290706e+01	1.898714521564395952e+01	1.943195965262638225e+01	1.864734493065464704e+01	1.921584795917070565e+01	1.887756237515606728e+01	1.967862520987084096e+01	1.903824684326956529e+01	1.914083812766842030e+01	1.946328788243660668e+01	1.901697359698222911e+01	1.876269996360004910e+01	1.975790406450726167e+01	1.935554355495065693e+01	1.951814060188954869e+01	1.944559180571403445e+01	1.887154754549843005e+01	1.939528004641338299e+01	2.882527620662343182e+01	1.874439153748532760e+01	1.920176595616042903e+01	1.966067402182570234e+01	1.916579964436611405e+01	1.969969177380760428e+01	1.928965778860558089e+01	1.867428270763723930e+01	1.947308608770005023e+01	1.917773962279745348e+01	1.982182760521272868e+01	1.975741459779854381e+01	1.897299034092754866e+01	1.933015939029634467e+01	1.973468261705075122e+01	1.930307659708544321e+01	1.883332431707898991e+01	1.951238329116624826e+01	1.922496259905253524e+01	1.904180775008678239e+01	1.938430229420856676e+01	1.929028512844836740e+01	2.002348778895750669e+01
1.991271528158540249e+01	2.056850928522292321e+01	1.982269232832591754e+01	1.968939534276495351e+01	1.926321784945931626e+01	1.981010140272236697e+01	1.959538159755887321e+01	1.961110128900398308e+01	1.973606661994426403e+01	2.017651884355790060e+01	1.986699793317016116e+01	1.960754045139439938e+01	1.962154684770965574e+01	1.926919390238623464e+01	1.938156779531787777e+01	2.020981989670763213e+01	1.955334233884392248e+01	1.946827557525744012e+01	1.984652941795671666e+01	1.985495930261032527e+01	1.956870674005361366e+01	2.002359440056354956e+01	2.003952053008185175e+01	1.998149641289690592e+01	1.979432798135296423e+01	1.921294823185806777e+01	1.998313707282555995e+01	1.874439153748532760e+01	2.876454677266097804e+01	1.937215469303604465e+01	1.963705092864799084e+01	1.980064580241757710e+01	2.011451776913572687e+01	1.970231877827565370e+01	1.950872691245350765e+01	1.958613753302725513e+01	1.990070176815057579e+01	1.980943636798457419e+01	1.971090985987025590e+01	1.946600366025637641e+01	1.991366518501886773e+01	2.002905439529926213e+01	2.002978406045447457e+01	1.930634739927883103e+01	1.963849523799068564e+01	1.932194434002905936e+01	1.961961985141714138e+01	1.974222649849653521e+01	1.990851924511856552e+01	2.027990222569232870e+01
2.022793110077870438e+01	2.050716348290932700e+01	2.076297677535288599e+01	1.958619529508175106e+01	1.946638846257181754e+01	1.974822250851653394e+01	1.961451971028764518e+01	1.973167496983995761e+01	1.975730527088150268e+01	2.013343983818847605e+01	2.039249181167776115e+01	1.961198316238245098e+01	1.939656074495981386e+01	1.970697561328189806e+01	1.996815327909515503e+01	2.001457836970648785e+01	1.957221747249084487e+01	1.950762581720028166e+01	2.039040436235660536e+01	1.970218850348717865e+01	1.966154969123082097e+01	2.053147231611051637e+01	2.023232752762991637e+01	1.978948786860551579e+01	2.041775462993566137e+01	1.973099407145902617e+01	1.990134147128796371e+01	1.920176595616042903e+01	1.937215469303604465e+01	2.949622997086837728e+01	2.000369159449409651e+01	1.951500002456932847e+01	2.019868630070940796e+01	1.998245450685726610e+01	1.953042416698096062e+01	2.007416312180868445e+01	2.002340767017644296e+01	1.978672784424386322e+01	1.984571744746265054e+01	1.965350264406635716e+01	2.067719601323031142e+01	2.018905135264726169e+01	2.049693528913586604e+01	1.983878369241482531e+01	2.008047273592696413e+01	1.990114449780428529e+01	2.042598811184377894e+01	1.992822285387557457e+01	1.988045881813262383e+01	2.046992571948996087e+01
1.993317102316828837e+01	2.043825045043707078e+01	2.050562502202377146e+01	1.980270288217739250e+01	1.954712169847143244e+01	1.984613331861250884e+01	1.991178077595161611e+01	1.994261329223856549e+01	1.989433323914742857e+01	2.057081502780006232e+01	2.051560887555284651e+01	2.012260909091747862e+01	1.997439883908620928e+01	1.980579480609654297e+01	1.980177116299709539e+01	2.029531379083802278e+01	1.990993396595019860e+01	1.989033116262415746e+01	2.017334967945931012e+01	1.965405220037466449e+01	1.924932500126986668e+01	2.057788318243521530e+01	2.012704605405363623e+01	2.027526213503375629e+01	2.033020697219507866e+01	1.980436077293135000e+01	2.017476645870106466e+01	1.966067402182570234e+01	1.963705092864799084e+01	2.000369159449409651e+01	2.961218228142764985e+01	2.006925615985152334e+01	1.984943582757657410e+01	2.048526951810588415e+01	1.970025877675646342e+01	2.006205547017453128e+01	2.030712685792357064e+01	2.026419722810038593e+01	2.010129360929661146e+01	2.001078235442523123e+01	2.036336353308934832e+01	2.051221029147177788e+01	2.020170314466536610e+01	1.947971496946770742e+01	2.001593260153224918e+01	1.980738792526712899e+01	2.045324510727376577e+01	2.046148129731002641e+01	2.031832795535688518e+01	2.057498147470700545e+01
1.976808931271457581e+01	2.058889246971941134e+01	2.053730300724192048e+01	2.011570793706469473e+01	1.961742564105492903e+01	1.992564477961123259e+01	1.988202337528206343e+01	1.989666367850542628e+01	1.951306146834242483e+01	2.062147000894955085e+01	1.997397002981310976e+01	1.968188976840587046e+01	1.988207472206105564e+01	1.982232853169504239e+01	2.009316245523183042e+01	2.056606004584550007e+01	1.989321594448245634e+01	1.998378628224194387e+01	1.995611625041799186e+01	1.984671410528177304e+01	1.948559312085724216e+01	2.028617651618770523e+01	2.017174887095590563e+01	1.996346745447224791e+01	1.984054030688099957e+01	1.969036330264768608e+01	1.998943180902544370e+01	1.916579964436611405e+01	1.980064580241757710e+01	1.951500002456932847e+01	2.006925615985152334e+01	2.969464228452313392e+01	2.002239841284128730e+01	2.007271073950936113e+01	1.980913650228225720e+01	2.004268721303927236e+01	2.001582496789016119e+01	2.023607746163907350e+01	2.013331067482980785e+01	1.965648461194760799e+01	1.997362923543905211e+01	2.044445235772464287e+01	2.013393128042577729e+01	1.990013205426155807e+01	2.010122016742634088e+01	1.953372159710151834e+01	2.011196579976688881e+01	2.029892019098923228e+01	2.004061953224075410e+01	2.035101889292379695e+01
