2.978635560325813358e+01	1.964688700477307393e+01	1.989730796522490763e+01	1.964368720791547673e+01	1.964383076239213821e+01	1.875910076491449985e+01	1.992523139086006623e+01	2.006259212368025757e+01	1.968962571923945504e+01	1.956190101856337549e+01	1.996100416691811930e+01	2.009781759792153366e+01	1.991447991360193015e+01	1.990892435162552587e+01	2.014049973218754985e+01	2.007912258365793789e+01	2.019116445515176395e+01	1.954913414881426093e+01	2.018865151544552106e+01	1.956657963679687739e+01	1.976786961469911930e+01	1.930891026051487458e+01	2.009448662070897029e+01	2.006234954298412276e+01	2.000426271061434136e+01	1.962935581621086811e+01	1.973826115976197926e+01	1.983719788571572451e+01	1.945239946901006789e+01	1.919847179019224015e+01	1.982470530937710862e+01	2.009558503842597332e+01	1.979939733171363159e+01	2.025049422623700934e+01	1.945227534916941536e+01	1.983052079911320575e+01	1.972637846084489510e+01	1.991705006958122581e+01	1.937618548036567034e+01	1.981813633265439734e+01	1.917732443045675339e+01	1.938865847252973751e+01	1.950064825354680664e+01	1.878953966144689858e+01	1.955533896691142104e+01	1.975538061025298475e+01	1.951583946890303523e+01	2.036078241180855031e+01	2.021789217009710171e+01	1.936959161874773017e+01
1.964688700477307393e+01	3.047376491829207978e+01	1.991780169102675657e+01	1.994279774574511421e+01	2.007893362288493222e+01	1.977924549310957758e+01	2.036259695545595250e+01	2.057363723246643872e+01	1.984439935733942661e+01	2.039029713674866073e+01	2.038241740346088449e+01	2.017825243183902728e+01	2.038455976925628832e+01	1.986257810495825282e+01	2.038304005226213889e+01	2.018650591195994437e+01	2.048343008313860736e+01	2.005503118869776458e+01	2.017676379902155404e+01	1.976970591268292665e+01	1.996727607793394910e+01	1.963401651524826264e+01	2.061197517028692872e+01	2.022177955511747882e+01	2.005204595873627227e+01	2.008772189622837345e+01	1.986123943697800698e+01	1.991267692302645997e+01	2.028305551970839815e+01	1.979056195872299284e+01	1.961943968584370168e+01	2.090022941498333608e+01	2.042503056085848812e+01	2.034822626611241958e+01	1.992660047003947099e+01	2.046564396865726820e+01	2.016521442330860125e+01	2.030118365459088281e+01	1.977903248056015784e+01	1.990162829253723942e+01	1.954835146156048964e+01	1.966358044701384600e+01	1.990501788188563737e+01	1.959374848046494932e+01	1.996009796217504118e+01	2.007519456502003763e+01	1.992615904225718992e+01	2.078272044924073114e+01	2.019769147870156800e+01	2.043438631579663323e+01
1.989730796522490763e+01	1.991780169102675657e+01	3.022780973192284293e+01	1.986349472629730073e+01	2.003462433483003124e+01	1.961580683550091919e+01	2.009876092170225803e+01	2.052142390648930004e+01	2.028935045469859588e+01	2.001804805633305406e+01	2.028143838707975988e+01	2.060697038160109784e+01	2.023773472135912499e+01	1.964599682726608876e+01	2.010437649924454462e+01	2.054059762226530239e+01	2.067972098235901512e+01	2.046125403786989594e+01	2.017776556080322337e+01	1.988577093061817536e+01	1.961922859813277142e+01	1.957976749531052008e+01	2.063591437238840953e+01	2.010405820634250773e+01	1.994100119428818019e+01	2.018083121886284914e+01	2.000509073004026916e+01	2.033122794398844846e+01	1.972771452790869873e+01	1.965306018650300857e+01	1.975966402864222360e+01	2.039471352855117559e+01	2.003448272695073129e+01	2.023182647858541827e+01	2.030821117359317896e+01	2.017813176986934920e+01	2.043853488883508263e+01	2.027906502518698062e+01	1.946832774575635838e+01	2.036303141540822637e+01	1.922575217969122363e+01	1.954476628826219908e+01	1.957364910074383602e+01	1.969305622990882298e+01	1.967636876421480707e+01	1.975904216451057138e+01	2.010793729905143223e+01	2.062269306318398421e+01	2.053178145673803812e+01	2.042508277404413874e+01
1.964368720791547673e+01	1.994279774574511421e+01	1.986349472629730073e+01	2.910719776166133954e+01	1.950931701373312777e+01	1.945473095203070812e+01	1.971208402904590784e+01	1.981470464027185230e+01	1.961993082055510840e+01	1.972956497835908962e+01	2.000763083875247617e+01	2.021851704901192548e+01	1.962658745932107607e+01	1.983336249101719773e+01	1.965628040684097400e+01	1.990818140261788116e+01	2.020459766423871173e+01	1.956051084264417028e+01	2.001636343256803485e+01	1.930339100809977637e+01	1.973679631039234650e+01	1.951357004971726994e+01	2.025824192396294166e+01	1.978760410413028481e+01	1.980217562459360536e+01	2.013258840477027789e+01	1.998755518464570713e+01	2.001900637070763622e+01	1.965797544215307724e+01	1.901811949263047552e+01	1.965548240065160712e+01	2.020304409554002234e+01	1.981301706578236832e+01	2.004580915381686879e+01	1.965078714147556838e+01	2.002769599990510585e+01	2.033711423839684329e+01	1.939482876217672924e+01	1.933558989011182661e+01	1.988990819780834585e+01	1.924261778419961644e+01	1.963762404696747765e+01	1.940685412379222541e+01	1.940706910345155478e+01	1.929899982824910865e+01	1.990104715285802328e+01	1.945134648620229356e+01	2.026067057432571872e+01	2.024749251689480189e+01	1.969053165524000448e+01
1.964383076239213821e+01	2.007893362288493222e+01	2.003462433483003124e+01	1.950931701373312777e+01	2.978388952480190710e+01	1.947685197258831735e+01	1.973967311618080700e+01	2.019386952261333690e+01	2.003261395738061879e+01	1.991062907883157962e+01	1.994878808666094017e+01	2.039250347015336828e+01	1.986702922934353310e+01	1.981712557229973015e+01	2.011559062972332512e+01	2.000335864906270089e+01	2.039705948930843959e+01	1.986634921788786201e+01	2.038469707783183082e+01	1.938939991051498524e+01	1.969170954710999766e+01	1.915303755225981419e+01	2.082065337297540708e+01	2.011504408210631567e+01	1.956711703485792953e+01	1.944548305785206921e+01	2.001443125566187931e+01	1.994219692383085629e+01	1.975778743903324752e+01	1.939021321111343354e+01	1.963793136139829443e+01	2.041399675687712190e+01	1.968042091104685554e+01	2.027464502540332703e+01	1.973445534022106784e+01	2.025968321787510362e+01	2.001091217962623503e+01	1.969694556073168812e+01	1.943796125748136205e+01	2.029118683590147754e+01	1.907478360367187520e+01	1.951598491048980222e+01	1.964721570816731244e+01	1.937425723166902358e+01	1.964583606890752776e+01	1.986309998299866564e+01	1.970280779182614239e+01	2.024886272565138512e+01	2.033939460097621676e+01	1.996065434750260081e+01
1.875910076491449985e+01	1.977924549310957758e+01	1.961580683550091919e+01	1.945473095203070812e+01	1.947685197258831735e+01	2.899277879301436656e+01	1.973127464863076597e+01	1.977597758322931298e+01	1.939838858494058371e+01	1.933999832724089885e+01	1.977267581427694054e+01	1.930767961814518685e+01	1.968562593570848662e+01	1.944633373425762457e+01	1.985635638159504168e+01	1.944577728356679458e+01	1.989684635906468912e+01	1.944009492352036617e+01	1.992381764011280865e+01	1.970988277063320382e+01	1.911985203045776061e+01	1.915074140814024872e+01	1.994871865666166855e+01	1.968593460147503293e+01	1.932921880827360539e+01	1.941632132734184779e+01	1.985833206383104255e+01	1.977127395539102395e+01	1.941033669885188218e+01	1.889231189029668911e+01	1.939255682458427898e+01	1.989142681898399800e+01	1.946735473440477193e+01	1.988183570871314743e+01	1.918254681347377755e+01	1.981121157074177930e+01	1.980852033611390439e+01	1.937191916239419953e+01	1.915884924667747669e+01	1.981613750964232423e+01	1.868854965262563894e+01	1.927209757965977843e+01	1.902009703835368271e+01	1.884775332763010880e+01	1.977292764867450003e+01	1.965195552321490879e+01	1.956114455242041927e+01	2.004658171683120216e+01	1.962442128555918686e+01	1.968918359814264818e+01
1.992523139086006623e+01	2.036259695545595250e+01	2.009876092170225803e+01	1.971208402904590784e+01	1.973967311618080700e+01	1.973127464863076597e+01	2.981976666236570495e+01	2.034993353912266301e+01	1.992569293805239283e+01	1.970632342937286907e+01	2.067796295015374852e+01	2.032787371944109367e+01	1.980430853357725240e+01	1.983728164415090944e+01	2.017510291434600944e+01	2.023199723939433525e+01	2.074325409977751988e+01	2.005889683510142163e+01	2.048918255576100123e+01	1.962446457027060021e+01	1.992345198426808039e+01	1.959650486056227692e+01	2.074659286627300503e+01	2.006898349604071541e+01	2.021264137621681911e+01	2.013892259756456227e+01	1.997306021308878954e+01	2.046756812719207375e+01	2.021330354911622607e+01	1.934669785772288364e+01	2.008560357922262085e+01	2.007007873680646526e+01	2.008054001210643591e+01	2.021644246900621766e+01	1.993640484820705083e+01	2.019957921802481593e+01	2.063909116310178504e+01	2.023487922468251199e+01	1.953727364683837564e+01	2.003372265189061352e+01	1.906264402343921915e+01	1.974804592834620820e+01	1.987885953712100573e+01	1.922352154273948699e+01	1.975482450719164618e+01	1.983060845027678454e+01	2.040059429402495184e+01	2.024257878828698054e+01	2.062700074985131593e+01	2.016591753541354493e+01
2.006259212368025757e+01	2.057363723246643872e+01	2.052142390648930004e+01	1.981470464027185230e+01	2.019386952261333690e+01	1.977597758322931298e+01	2.034993353912266301e+01	2.964041089080828328e+01	2.018774604579615328e+01	1.982272323505155853e+01	2.046915248502164886e+01	2.031999840707247529e+01	2.024621654065039067e+01	2.009555028376249908e+01	2.018790817095140966e+01	2.028860473031446432e+01	2.078152590501497698e+01	2.017093330504471638e+01	2.028404075547473084e+01	1.975795464624648190e+01	1.968874647730650551e+01	1.963485771543496128e+01	2.066388797700554747e+01	2.011027349925385721e+01	1.995207513184904968e+01	2.007166361221693052e+01	2.028258225225642164e+01	2.006802892254256321e+01	1.983058613402349124e+01	1.976680720634166732e+01	2.003628117675630094e+01	2.035066031628056393e+01	2.019703102300209352e+01	2.041905796393156081e+01	2.031609143886172220e+01	2.029822558922765552e+01	2.002661280043292180e+01	2.046106360243611988e+01	1.970729410393911962e+01	2.024547306875171060e+01	1.961693581835838174e+01	1.954011881363665992e+01	1.970183430737615282e+01	1.930149393684215298e+01	1.975838014384637731e+01	1.986581126990834889e+01	1.978660770957413462e+01	2.072949220448543528e+01	2.078752945060127999e+01	2.014087871855323186e+01
1.968962571923945504e+01	1.984439935733942661e+01	2.028935045469859588e+01	1.961993082055510840e+01	2.003261395738061879e+01	1.939838858494058371e+01	1.992569293805239283e+01	2.018774604579615328e+01	2.911297943302383828e+01	1.933128790214161086e+01	1.995604465339651057e+01	2.033984014787679229e+01	1.987348789105405800e+01	1.973857351975793861e+01	1.962055041039702630e+01	2.012881619844549519e+01	1.990568901776284605e+01	1.979677902087085073e+01	2.012342866004908970e+01	1.926674864646498619e+01	1.905001181005301092e+01	1.925565495622818801e+01	2.025241123372889618e+01	1.993811833421482405e+01	1.934122883046225283e+01	1.967631205860170951e+01	1.990541638254778789e+01	1.972277787759998446e+01	1.982813077065685903e+01	1.962912949390942430e+01	1.931273561168943687e+01	1.993993168399628502e+01	1.928368694939295835e+01	2.008506437648971499e+01	1.936857180295250203e+01	1.992514417976391528e+01	1.998874904485779069e+01	1.982253056342189979e+01	1.982111605591077819e+01	1.997342866018849605e+01	1.952339772907071236e+01	1.908767673737200710e+01	1.952726095152156560e+01	1.953230547258415939e+01	1.987211901683152249e+01	1.958421666617898182e+01	1.962027422041560953e+01	2.047742467359462637e+01	2.002207558562447431e+01	1.988985474978495205e+01
1.956190101856337549e+01	2.039029713674866073e+01	2.001804805633305406e+01	1.972956497835908962e+01	1.991062907883157962e+01	1.933999832724089885e+01	1.970632342937286907e+01	1.982272323505155853e+01	1.933128790214161086e+01	2.949367497067993682e+01	2.037564609548884675e+01	2.024231891113402426e+01	1.994382986025688353e+01	1.968294763218044352e+01	2.020258608236057185e+01	1.997909301806773996e+01	2.028061417630409125e+01	1.962214556871962401e+01	2.032895806216267687e+01	1.966543203866801193e+01	1.975038767605450829e+01	1.970526966379658518e+01	2.076687619762034132e+01	1.983935058008374597e+01	1.978203570131451983e+01	1.997045667448094974e+01	1.971552503578333670e+01	2.036720605535368378e+01	1.978447312589121765e+01	1.932301330026680120e+01	1.956720935130608652e+01	2.030287099353456526e+01	1.988175512965043978e+01	2.012952478130462097e+01	1.980962497295081448e+01	2.003662217534574452e+01	2.024836097378582878e+01	1.933340127341815062e+01	1.961171959292223121e+01	1.990549965909756835e+01	1.951168484989096186e+01	1.961532769733974746e+01	1.960102719829760787e+01	1.950054154749878421e+01	1.965377221232832738e+01	1.963160135643384763e+01	1.986671739633852951e+01	2.031748163339109325e+01	1.988173920515160731e+01	2.009004782521205357e+01
1.996100416691811930e+01	2.038241740346088449e+01	2.028143838707975988e+01	2.000763083875247617e+01	1.994878808666094017e+01	1.977267581427694054e+01	2.067796295015374852e+01	2.046915248502164886e+01	1.995604465339651057e+01	2.037564609548884675e+01	3.043295185660060653e+01	2.102066092285073395e+01	2.037087326894828720e+01	2.026579514920982561e+01	2.042463053429618824e+01	2.052058282260979993e+01	2.058823428337887407e+01	2.025151889546920714e+01	2.074786736139191490e+01	1.969864893261068417e+01	1.998830592411703932e+01	1.989485312905918235e+01	2.045294553617340227e+01	2.010094416581289067e+01	2.041697709531900529e+01	2.035122042629415517e+01	2.031469487409399832e+01	2.032484976117336828e+01	2.049615316517871833e+01	1.980337860075245970e+01	2.007439520840644320e+01	2.064658454915258545e+01	2.024287684195709858e+01	2.050843070534758183e+01	2.042707885563300962e+01	2.050332850794451289e+01	2.032089110611153870e+01	2.044131531943485314e+01	1.993574472909763173e+01	2.079017031970833074e+01	1.979723708728824860e+01	1.975333111989521839e+01	2.029510262792750552e+01	1.945851320645689597e+01	2.019590073233409555e+01	2.021982233699554854e+01	2.017387810935450076e+01	2.085688077615526836e+01	2.109072887894263459e+01	2.044127405570194966e+01
2.009781759792153366e+01	2.017825243183902728e+01	2.060697038160109784e+01	2.021851704901192548e+01	2.039250347015336828e+01	1.930767961814518685e+01	2.032787371944109367e+01	2.031999840707247529e+01	2.033984014787679229e+01	2.024231891113402426e+01	2.102066092285073395e+01	3.057759439242965982e+01	2.076363061712220670e+01	2.033823072112187802e+01	2.052503960874030753e+01	2.081497788529075166e+01	2.073223567886702057e+01	2.033635138574186740e+01	2.061781559331530289e+01	1.966082202997151640e+01	2.018337252260506531e+01	1.975205075734009341e+01	2.111098488794154093e+01	2.052993727915827904e+01	2.051299257149290156e+01	2.049325622091020449e+01	2.054071452936522135e+01	2.035761932506704142e+01	2.044692632957822909e+01	2.005215300510996457e+01	2.015502568161895880e+01	2.077286815997223002e+01	2.020820368102258158e+01	2.086352654459732037e+01	2.052271735652119844e+01	2.014163323861788157e+01	2.065288788859407632e+01	2.025257507898914255e+01	2.032878483886720034e+01	2.038159426131393559e+01	1.974629389657143719e+01	1.982210677836236812e+01	2.000251595822619421e+01	1.972619629236071859e+01	2.017210058158626040e+01	2.016007438833020515e+01	2.047826315642493356e+01	2.102351374241212767e+01	2.081768331117876514e+01	2.072233317472726810e+01
1.991447991360193015e+01	2.038455976925628832e+01	2.023773472135912499e+01	1.962658745932107607e+01	1.986702922934353310e+01	1.968562593570848662e+01	1.980430853357725240e+01	2.024621654065039067e+01	1.987348789105405800e+01	1.994382986025688353e+01	2.037087326894828720e+01	2.076363061712220670e+01	2.951205596771917783e+01	1.953536090874285591e+01	2.002395706612895765e+01	2.015078992588095375e+01	2.028645921329645674e+01	2.008552790068119265e+01	2.008957357154529078e+01	1.964294637067281002e+01	1.935680100783142876e+01	1.983978029270798871e+01	2.057310049548957664e+01	1.984635767087268121e+01	1.977008938129370819e+01	1.984527883707473350e+01	1.989587651143585845e+01	2.033689012702906851e+01	1.998888691642739346e+01	1.951998162766400924e+01	1.966546409762971237e+01	2.054343617166011526e+01	1.992559435981408456e+01	2.038332056769125344e+01	2.002660388590462048e+01	1.973094388261662857e+01	1.981302437442500874e+01	1.980704368323498343e+01	1.968253933398404953e+01	2.026937625004162413e+01	1.964103091573168669e+01	1.953133698945934071e+01	1.954970633510163935e+01	1.948964284391524870e+01	2.000226805765481330e+01	1.988024407575110430e+01	1.986009151800941908e+01	2.031790481695168182e+01	2.026765500660934904e+01	2.032954861396526169e+01
1.990892435162552587e+01	1.986257810495825282e+01	1.964599682726608876e+01	1.983336249101719773e+01	1.981712557229973015e+01	1.944633373425762457e+01	1.983728164415090944e+01	2.009555028376249908e+01	1.973857351975793861e+01	1.968294763218044352e+01	2.026579514920982561e+01	2.033823072112187802e+01	1.953536090874285591e+01	2.956037424821884940e+01	2.000617809572523242e+01	1.974105396659779288e+01	2.014373584149577567e+01	1.985529235371439682e+01	2.014361748915154848e+01	1.952407282293102853e+01	1.983254870130942393e+01	1.916087774182756220e+01	2.026402061770784258e+01	1.989691572757480742e+01	1.983439643723456669e+01	1.987687591661024200e+01	2.000908206312661264e+01	2.005435214564515789e+01	2.001721358412504159e+01	1.904891897924533595e+01	1.955463312955940935e+01	2.072106210167410723e+01	1.933627242214127762e+01	2.033339628966036372e+01	1.954457607523151452e+01	2.000654572442052626e+01	1.983586716395065608e+01	1.951664883728406608e+01	1.978093286065666945e+01	1.995754260829265547e+01	1.938056484989051498e+01	1.969528736038587269e+01	1.957179030008436982e+01	1.937227412246653913e+01	1.975144670694477966e+01	1.969493136025418778e+01	1.995017476323413419e+01	2.049463059020003897e+01	2.021867321126148198e+01	1.990041831327443589e+01
2.014049973218754985e+01	2.038304005226213889e+01	2.010437649924454462e+01	1.965628040684097400e+01	2.011559062972332512e+01	1.985635638159504168e+01	2.017510291434600944e+01	2.018790817095140966e+01	1.962055041039702630e+01	2.020258608236057185e+01	2.042463053429618824e+01	2.052503960874030753e+01	2.002395706612895765e+01	2.000617809572523242e+01	2.991604752830760461e+01	2.027688411853886663e+01	2.058163345364265950e+01	2.002369895218908979e+01	2.057726476755674128e+01	1.991102270689605902e+01	1.967623912910697115e+01	2.008496206903744508e+01	2.058454573930879761e+01	2.040180044459345865e+01	2.014259661844034000e+01	2.017912273527891642e+01	2.033262219682612582e+01	2.021949564265558053e+01	1.987029561703555913e+01	1.956444185032061611e+01	1.962479851981791867e+01	2.048661391881044835e+01	2.015832786604842397e+01	2.066745537927550203e+01	2.002616316426215093e+01	2.024963974581957871e+01	2.053265792924050359e+01	1.987919792386601614e+01	1.967388143570983772e+01	2.031679472322760560e+01	1.941794184437218718e+01	1.977544071327170982e+01	1.947746535074459828e+01	1.945891520885842496e+01	1.984579371980024121e+01	2.005563110830609475e+01	1.985100940466936947e+01	2.112432992577694435e+01	2.058977918454508682e+01	2.008724218904521308e+01
2.007912258365793789e+01	2.018650591195994437e+01	2.054059762226530239e+01	1.990818140261788116e+01	2.000335864906270089e+01	1.944577728356679458e+01	2.023199723939433525e+01	2.028860473031446432e+01	2.012881619844549519e+01	1.997909301806773996e+01	2.052058282260979993e+01	2.081497788529075166e+01	2.015078992588095375e+01	1.974105396659779288e+01	2.027688411853886663e+01	2.935747606923171205e+01	2.048274815008169725e+01	2.018352703900647072e+01	2.017441500125292819e+01	1.995336442175474545e+01	1.982426118771684997e+01	1.983237891885409354e+01	2.086847417050636011e+01	2.037335482931912978e+01	2.019456334002935805e+01	1.984298375887558663e+01	2.027350102829445433e+01	2.019060471248992883e+01	1.975636361743597291e+01	1.942303995899075630e+01	1.979618683259054279e+01	2.032152185832055125e+01	1.994614066058658963e+01	2.043136646666229339e+01	1.985815712826229174e+01	2.024012616285127919e+01	2.055248350794420986e+01	2.027956433073689624e+01	2.007576861227444098e+01	2.031238861081138225e+01	1.979451302005061208e+01	1.966704263122777618e+01	1.963027440120677625e+01	1.959614583633566909e+01	1.984699599856212515e+01	2.011983178373914427e+01	1.976377276158615715e+01	2.067741616766827661e+01	2.051739616010325662e+01	2.038438637656589592e+01
2.019116445515176395e+01	2.048343008313860736e+01	2.067972098235901512e+01	2.020459766423871173e+01	2.039705948930843959e+01	1.989684635906468912e+01	2.074325409977751988e+01	2.078152590501497698e+01	1.990568901776284605e+01	2.028061417630409125e+01	2.058823428337887407e+01	2.073223567886702057e+01	2.028645921329645674e+01	2.014373584149577567e+01	2.058163345364265950e+01	2.048274815008169725e+01	3.017389033737552850e+01	2.038580704365963925e+01	2.107034013510718395e+01	2.005291168922651934e+01	1.977190409255900505e+01	1.982711746593476931e+01	2.076015984075602816e+01	2.051736785209666891e+01	2.007104288217636423e+01	2.052877379820449377e+01	2.059102695706151565e+01	2.048380814073457046e+01	2.029522789945697525e+01	1.976580908372952905e+01	2.029351724895846942e+01	2.090671032582027777e+01	2.053981481699061007e+01	2.049740119199045907e+01	2.034689893021786489e+01	2.042345266258161018e+01	2.068422278604396070e+01	2.024764365760900731e+01	2.031705240649181121e+01	2.048837841986684438e+01	1.982030817437977888e+01	2.026335687462320223e+01	1.999360239971056430e+01	1.983207927897446510e+01	2.033647713875583918e+01	2.002930118402634108e+01	2.005834380271611650e+01	2.124045616111781243e+01	2.049186006910855440e+01	2.048735739256531474e+01
1.954913414881426093e+01	2.005503118869776458e+01	2.046125403786989594e+01	1.956051084264417028e+01	1.986634921788786201e+01	1.944009492352036617e+01	2.005889683510142163e+01	2.017093330504471638e+01	1.979677902087085073e+01	1.962214556871962401e+01	2.025151889546920714e+01	2.033635138574186740e+01	2.008552790068119265e+01	1.985529235371439682e+01	2.002369895218908979e+01	2.018352703900647072e+01	2.038580704365963925e+01	2.999637801931272563e+01	2.016842356241558676e+01	1.974529184790969794e+01	1.983316226225998591e+01	1.992562980731576516e+01	2.034298371818555040e+01	1.988772689199836208e+01	2.010075203456269577e+01	1.997546173129671487e+01	1.978081850106522666e+01	1.987639912519313867e+01	1.968583948699455277e+01	1.932791273934763510e+01	1.968912044160856212e+01	1.996699829808680349e+01	1.997091562734485137e+01	2.030666081175232307e+01	1.995238214999755400e+01	1.985069179432326436e+01	1.966741480750395255e+01	1.980652669729331805e+01	1.962588861112747907e+01	2.039720549595203991e+01	1.955299033627374428e+01	1.956860823980688835e+01	1.963896649589844401e+01	1.939001214242636451e+01	1.952203173550384463e+01	1.956915240230888742e+01	1.950801072548750525e+01	2.056298179590995545e+01	2.024759966816260714e+01	2.026648782143051619e+01
2.018865151544552106e+01	2.017676379902155404e+01	2.017776556080322337e+01	2.001636343256803485e+01	2.038469707783183082e+01	1.992381764011280865e+01	2.048918255576100123e+01	2.028404075547473084e+01	2.012342866004908970e+01	2.032895806216267687e+01	2.074786736139191490e+01	2.061781559331530289e+01	2.008957357154529078e+01	2.014361748915154848e+01	2.057726476755674128e+01	2.017441500125292819e+01	2.107034013510718395e+01	2.016842356241558676e+01	2.970216568313177419e+01	1.999396000239283566e+01	1.975752439790709758e+01	1.963372917833089559e+01	2.069351835337032597e+01	2.010067321929047424e+01	1.980613678726805560e+01	2.044755889008731486e+01	2.042193587751191330e+01	1.993233520233031797e+01	2.064376849949197634e+01	1.950103716931367970e+01	2.019943921553882404e+01	2.024926448505593513e+01	2.026701771246012740e+01	2.064318475554678045e+01	2.010525581632186842e+01	2.024587386125049804e+01	2.025058562947733165e+01	2.030806006981988787e+01	2.016557233118886927e+01	2.048739897967218582e+01	1.937155585931580504e+01	1.993970817142473706e+01	2.023332277174623783e+01	1.979142720014754531e+01	2.025043800683735284e+01	1.995546488638748173e+01	1.998235999735759449e+01	2.085195245331522784e+01	2.053136928926413063e+01	2.015239465715707468e+01
1.956657963679687739e+01	1.976970591268292665e+01	1.988577093061817536e+01	1.930339100809977637e+01	1.938939991051498524e+01	1.970988277063320382e+01	1.962446457027060021e+01	1.975795464624648190e+01	1.926674864646498619e+01	1.966543203866801193e+01	1.969864893261068417e+01	1.966082202997151640e+01	1.964294637067281002e+01	1.952407282293102853e+01	1.991102270689605902e+01	1.995336442175474545e+01	2.005291168922651934e+01	1.974529184790969794e+01	1.999396000239283566e+01	2.953549781241998673e+01	1.911774841024966065e+01	1.916292837226924206e+01	1.999171960960058314e+01	1.962510146991603577e+01	1.956688882981730160e+01	1.981832422486943912e+01	1.967167158008592054e+01	1.951087257714528533e+01	1.977199908227012770e+01	1.923267751665444436e+01	1.951628661746770987e+01	1.959504091973650119e+01	1.969779745408600746e+01	1.992543014880867958e+01	1.994512524220428773e+01	1.996252844230609114e+01	1.993350084637289399e+01	1.991380388680817504e+01	1.967238152647728811e+01	1.995736197861213768e+01	1.863325594717478850e+01	1.907100128214235468e+01	1.937203106990525470e+01	1.904713622188898370e+01	1.957094026804264786e+01	1.907380740224448346e+01	1.980845204398299586e+01	2.049301343254489893e+01	1.965108394899361954e+01	1.988330838936386513e+01
1.976786961469911930e+01	1.996727607793394910e+01	1.961922859813277142e+01	1.973679631039234650e+01	1.969170954710999766e+01	1.911985203045776061e+01	1.992345198426808039e+01	1.968874647730650551e+01	1.905001181005301092e+01	1.975038767605450829e+01	1.998830592411703932e+01	2.018337252260506531e+01	1.935680100783142876e+01	1.983254870130942393e+01	1.967623912910697115e+01	1.982426118771684997e+01	1.977190409255900505e+01	1.983316226225998591e+01	1.975752439790709758e+01	1.911774841024966065e+01	2.947042701951591326e+01	1.941744707765394651e+01	1.989632226207116261e+01	1.975283635364156609e+01	1.957405376798402230e+01	1.986990698295077351e+01	1.972609383093199753e+01	2.005650467539122417e+01	1.991605086762413279e+01	1.937988542434982264e+01	1.955357432990349054e+01	2.032736225561739829e+01	1.945591468412729697e+01	2.002132315633216919e+01	1.975608987688571361e+01	1.977264405018097904e+01	1.979435758029229575e+01	1.951739937171420891e+01	1.918066570549590466e+01	1.980365862607736105e+01	1.910413627742905973e+01	1.921230467028489741e+01	1.909133733436302194e+01	1.891104709078756230e+01	1.926281558406673966e+01	1.951235837625696234e+01	1.947522806916380489e+01	2.034116667830340219e+01	1.976842481478510649e+01	1.985669668855061687e+01
1.930891026051487458e+01	1.963401651524826264e+01	1.957976749531052008e+01	1.951357004971726994e+01	1.915303755225981419e+01	1.915074140814024872e+01	1.959650486056227692e+01	1.963485771543496128e+01	1.925565495622818801e+01	1.970526966379658518e+01	1.989485312905918235e+01	1.975205075734009341e+01	1.983978029270798871e+01	1.916087774182756220e+01	2.008496206903744508e+01	1.983237891885409354e+01	1.982711746593476931e+01	1.992562980731576516e+01	1.963372917833089559e+01	1.916292837226924206e+01	1.941744707765394651e+01	2.894252816015159979e+01	2.008946760069101956e+01	1.946966828376083924e+01	1.977031976898712884e+01	1.957619284852906816e+01	1.951839625898157138e+01	1.963708690896928033e+01	1.935055694357151879e+01	1.908164146219570867e+01	1.931050289582118396e+01	1.988755611012648217e+01	1.903410313793227360e+01	1.971293626083023653e+01	1.987405710502966727e+01	1.945921201033744552e+01	1.983854396310537638e+01	1.947566478423164682e+01	1.935276252311345857e+01	1.969665280062132595e+01	1.891379803745892474e+01	1.913865143871781882e+01	1.938359572964986910e+01	1.910264526933373119e+01	1.899916061451084559e+01	1.927205468724109494e+01	1.938791692604968375e+01	1.977048050912723554e+01	2.005601371999436466e+01	1.966550515871870530e+01
2.009448662070897029e+01	2.061197517028692872e+01	2.063591437238840953e+01	2.025824192396294166e+01	2.082065337297540708e+01	1.994871865666166855e+01	2.074659286627300503e+01	2.066388797700554747e+01	2.025241123372889618e+01	2.076687619762034132e+01	2.045294553617340227e+01	2.111098488794154093e+01	2.057310049548957664e+01	2.026402061770784258e+01	2.058454573930879761e+01	2.086847417050636011e+01	2.076015984075602816e+01	2.034298371818555040e+01	2.069351835337032597e+01	1.999171960960058314e+01	1.989632226207116261e+01	2.008946760069101956e+01	3.076686504178377746e+01	2.061027262227865009e+01	2.031672387619209275e+01	2.024886407618356188e+01	2.036090306795058780e+01	2.068051170249596638e+01	2.064152513239372055e+01	1.977571079063603321e+01	2.038800607223533845e+01	2.108857319804016583e+01	2.028932306509527450e+01	2.119383278811017490e+01	2.026549104056327621e+01	2.055970349869282643e+01	2.059475863406162333e+01	2.034081932839524143e+01	1.997719192546703582e+01	2.053750125758059752e+01	2.002703054704236862e+01	2.030976529828263111e+01	1.994493601120500159e+01	2.027440978875332434e+01	2.043285656834605035e+01	2.009432743293616497e+01	1.980712807765442562e+01	2.115430916664339378e+01	2.093453686841451145e+01	2.081242821467067472e+01
2.006234954298412276e+01	2.022177955511747882e+01	2.010405820634250773e+01	1.978760410413028481e+01	2.011504408210631567e+01	1.968593460147503293e+01	2.006898349604071541e+01	2.011027349925385721e+01	1.993811833421482405e+01	1.983935058008374597e+01	2.010094416581289067e+01	2.052993727915827904e+01	1.984635767087268121e+01	1.989691572757480742e+01	2.040180044459345865e+01	2.037335482931912978e+01	2.051736785209666891e+01	1.988772689199836208e+01	2.010067321929047424e+01	1.962510146991603577e+01	1.975283635364156609e+01	1.946966828376083924e+01	2.061027262227865009e+01	2.912496166051837321e+01	2.009074653946507993e+01	1.985211895389372572e+01	1.999911453791395743e+01	2.013846823074047876e+01	1.998144547079580846e+01	1.933385498047098139e+01	1.976632791347172713e+01	2.039710448493867290e+01	1.981231457980160826e+01	2.052256346683404686e+01	1.988708583090042481e+01	2.018985524323930747e+01	2.039727321455595899e+01	2.013311570454762389e+01	2.008481311509853739e+01	1.993314985895969116e+01	1.969139771098887692e+01	2.043569158526212348e+01	1.978398724803721365e+01	1.963888887602345079e+01	2.022805189070181342e+01	1.960322238730869415e+01	1.981839920679957601e+01	2.063166843629536018e+01	2.070781905818168056e+01	1.988839561554603819e+01
2.000426271061434136e+01	2.005204595873627227e+01	1.994100119428818019e+01	1.980217562459360536e+01	1.956711703485792953e+01	1.932921880827360539e+01	2.021264137621681911e+01	1.995207513184904968e+01	1.934122883046225283e+01	1.978203570131451983e+01	2.041697709531900529e+01	2.051299257149290156e+01	1.977008938129370819e+01	1.983439643723456669e+01	2.014259661844034000e+01	2.019456334002935805e+01	2.007104288217636423e+01	2.010075203456269577e+01	1.980613678726805560e+01	1.956688882981730160e+01	1.957405376798402230e+01	1.977031976898712884e+01	2.031672387619209275e+01	2.009074653946507993e+01	2.953197013658846615e+01	2.004211189333804555e+01	2.004914852230051281e+01	2.008706945505311836e+01	1.982254654936859595e+01	1.913319166349687350e+01	1.996580816912156209e+01	2.011193687032319488e+01	1.999418137349636737e+01	2.029332457130465173e+01	1.998520874988736296e+01	1.984665208550785920e+01	2.026423692869970949e+01	1.998342712738545401e+01	1.962283445330735887e+01	1.973104532374177822e+01	1.934003942057225345e+01	1.937065974477130936e+01	1.971165668559066475e+01	1.944319632619024674e+01	1.932010251807883705e+01	1.963517289815189670e+01	2.007544541142890893e+01	2.062393435055954782e+01	2.050990458133617622e+01	1.966376838410345229e+01
1.962935581621086811e+01	2.008772189622837345e+01	2.018083121886284914e+01	2.013258840477027789e+01	1.944548305785206921e+01	1.941632132734184779e+01	2.013892259756456227e+01	2.007166361221693052e+01	1.967631205860170951e+01	1.997045667448094974e+01	2.035122042629415517e+01	2.049325622091020449e+01	1.984527883707473350e+01	1.987687591661024200e+01	2.017912273527891642e+01	1.984298375887558663e+01	2.052877379820449377e+01	1.997546173129671487e+01	2.044755889008731486e+01	1.981832422486943912e+01	1.986990698295077351e+01	1.957619284852906816e+01	2.024886407618356188e+01	1.985211895389372572e+01	2.004211189333804555e+01	2.946639947283748739e+01	1.973571131999240436e+01	1.976165914574912819e+01	1.976500031220943754e+01	1.927430139883837157e+01	1.978127389894982713e+01	2.011437522350032481e+01	1.968232130698119420e+01	2.002332256706716507e+01	1.990840393481393633e+01	1.980326918789446111e+01	1.996768277054378515e+01	1.980499855045055213e+01	1.961323864661792626e+01	1.999989575554734600e+01	1.903621520766024844e+01	1.921029041308194607e+01	1.972115423631990083e+01	1.981868317382710387e+01	1.973491219705015709e+01	1.985115599421961718e+01	1.991331916789341250e+01	2.071050630250124414e+01	2.027551663034838825e+01	1.989126611330602046e+01
1.973826115976197926e+01	1.986123943697800698e+01	2.000509073004026916e+01	1.998755518464570713e+01	2.001443125566187931e+01	1.985833206383104255e+01	1.997306021308878954e+01	2.028258225225642164e+01	1.990541638254778789e+01	1.971552503578333670e+01	2.031469487409399832e+01	2.054071452936522135e+01	1.989587651143585845e+01	2.000908206312661264e+01	2.033262219682612582e+01	2.027350102829445433e+01	2.059102695706151565e+01	1.978081850106522666e+01	2.042193587751191330e+01	1.967167158008592054e+01	1.972609383093199753e+01	1.951839625898157138e+01	2.036090306795058780e+01	1.999911453791395743e+01	2.004914852230051281e+01	1.973571131999240436e+01	2.945383101236178547e+01	2.037662134418154025e+01	1.980480363987044967e+01	1.904444121514610089e+01	2.007438541546162369e+01	2.033149254174357168e+01	1.984186257663847996e+01	2.036773143995739233e+01	2.003311395953256024e+01	2.032059379133108834e+01	2.052265676256876503e+01	1.987081124061811366e+01	2.013155855573983288e+01	1.982331443979925822e+01	1.970226978434349263e+01	1.971598108043874475e+01	1.961851028339586378e+01	1.948840016622292026e+01	1.995371890484357280e+01	2.011139374513606271e+01	1.997383163683675278e+01	2.062369273809595427e+01	2.039228926434188693e+01	2.034262509737335733e+01
1.983719788571572451e+01	1.991267692302645997e+01	2.033122794398844846e+01	2.001900637070763622e+01	1.994219692383085629e+01	1.977127395539102395e+01	2.046756812719207375e+01	2.006802892254256321e+01	1.972277787759998446e+01	2.036720605535368378e+01	2.032484976117336828e+01	2.035761932506704142e+01	2.033689012702906851e+01	2.005435214564515789e+01	2.021949564265558053e+01	2.019060471248992883e+01	2.048380814073457046e+01	1.987639912519313867e+01	1.993233520233031797e+01	1.951087257714528533e+01	2.005650467539122417e+01	1.963708690896928033e+01	2.068051170249596638e+01	2.013846823074047876e+01	2.008706945505311836e+01	1.976165914574912819e+01	2.037662134418154025e+01	3.029351020534938854e+01	1.997807452538620865e+01	1.934928811271007731e+01	2.003284355243733827e+01	2.024367325799101280e+01	2.003131980014691393e+01	2.058984486116231238e+01	2.022494210010562909e+01	2.053999257101057907e+01	2.019592141108095262e+01	2.025616692614084613e+01	1.961426478015610542e+01	2.005116697851344298e+01	2.001377496235681974e+01	1.971620175078816928e+01	1.987368187018197574e+01	1.949583180350555978e+01	1.966574885215228718e+01	2.000364757734799426e+01	1.981554183418013082e+01	2.078285920727161695e+01	2.059548365834822192e+01	2.038496323008202538e+01
1.945239946901006789e+01	2.028305551970839815e+01	1.972771452790869873e+01	1.965797544215307724e+01	1.975778743903324752e+01	1.941033669885188218e+01	2.021330354911622607e+01	1.983058613402349124e+01	1.982813077065685903e+01	1.978447312589121765e+01	2.049615316517871833e+01	2.044692632957822909e+01	1.998888691642739346e+01	2.001721358412504159e+01	1.987029561703555913e+01	1.975636361743597291e+01	2.029522789945697525e+01	1.968583948699455277e+01	2.064376849949197634e+01	1.977199908227012770e+01	1.991605086762413279e+01	1.935055694357151879e+01	2.064152513239372055e+01	1.998144547079580846e+01	1.982254654936859595e+01	1.976500031220943754e+01	1.980480363987044967e+01	1.997807452538620865e+01	2.925986331092774506e+01	1.929015043461687284e+01	2.008873927332137654e+01	2.034895734584153715e+01	1.981579220623137161e+01	2.034702310800440372e+01	1.980780420784582674e+01	1.981808163228730635e+01	2.003326655700340808e+01	1.962607961420003377e+01	1.989532708118970916e+01	1.983488940546336821e+01	1.915052327436144353e+01	1.930469484697325200e+01	1.987313453338938984e+01	1.965020467289653539e+01	1.969325485967626577e+01	1.978290662812046463e+01	1.953612650081316104e+01	2.072955105773931450e+01	2.041449356662220183e+01	1.999267516807582012e+01
1.919847179019224015e+01	1.979056195872299284e+01	1.965306018650300857e+01	1.901811949263047552e+01	1.939021321111343354e+01	1.889231189029668911e+01	1.934669785772288364e+01	1.976680720634166732e+01	1.962912949390942430e+01	1.932301330026680120e+01	1.980337860075245970e+01	2.005215300510996457e+01	1.951998162766400924e+01	1.904891897924533595e+01	1.956444185032061611e+01	1.942303995899075630e+01	1.976580908372952905e+01	1.932791273934763510e+01	1.950103716931367970e+01	1.923267751665444436e+01	1.937988542434982264e+01	1.908164146219570867e+01	1.977571079063603321e+01	1.933385498047098139e+01	1.913319166349687350e+01	1.927430139883837157e+01	1.904444121514610089e+01	1.934928811271007731e+01	1.929015043461687284e+01	2.875944000338737894e+01	1.923991078392515419e+01	1.975687641785592419e+01	1.939174636970258447e+01	1.976482890026161243e+01	1.968433724188047051e+01	1.963005156514904570e+01	1.985440424239196844e+01	1.937879071219990124e+01	1.931120496211512361e+01	1.958891505550142398e+01	1.902480906006398342e+01	1.919107323548262301e+01	1.880851123992826146e+01	1.894850164314630447e+01	1.922373029935659261e+01	1.917331188076429882e+01	1.969750671383045670e+01	1.960345914621326102e+01	1.974863591108701044e+01	1.947895106687005651e+01
1.982470530937710862e+01	1.961943968584370168e+01	1.975966402864222360e+01	1.965548240065160712e+01	1.963793136139829443e+01	1.939255682458427898e+01	2.008560357922262085e+01	2.003628117675630094e+01	1.931273561168943687e+01	1.956720935130608652e+01	2.007439520840644320e+01	2.015502568161895880e+01	1.966546409762971237e+01	1.955463312955940935e+01	1.962479851981791867e+01	1.979618683259054279e+01	2.029351724895846942e+01	1.968912044160856212e+01	2.019943921553882404e+01	1.951628661746770987e+01	1.955357432990349054e+01	1.931050289582118396e+01	2.038800607223533845e+01	1.976632791347172713e+01	1.996580816912156209e+01	1.978127389894982713e+01	2.007438541546162369e+01	2.003284355243733827e+01	2.008873927332137654e+01	1.923991078392515419e+01	2.896279289979639415e+01	2.016316984538480739e+01	1.949331559535270486e+01	2.004052486058976967e+01	1.973314408662801966e+01	2.020288764664490344e+01	1.968791955346052092e+01	1.947996855638344371e+01	1.982043123259892425e+01	2.032360126312103077e+01	1.928857227877899305e+01	1.968005682007767376e+01	1.963812206791074999e+01	1.967262731447145185e+01	1.959088304579409723e+01	1.963747662183733667e+01	1.937533086997791898e+01	2.057974416487487446e+01	2.010702709181315839e+01	1.989445489923759069e+01
2.009558503842597332e+01	2.090022941498333608e+01	2.039471352855117559e+01	2.020304409554002234e+01	2.041399675687712190e+01	1.989142681898399800e+01	2.007007873680646526e+01	2.035066031628056393e+01	1.993993168399628502e+01	2.030287099353456526e+01	2.064658454915258545e+01	2.077286815997223002e+01	2.054343617166011526e+01	2.072106210167410723e+01	2.048661391881044835e+01	2.032152185832055125e+01	2.090671032582027777e+01	1.996699829808680349e+01	2.024926448505593513e+01	1.959504091973650119e+01	2.032736225561739829e+01	1.988755611012648217e+01	2.108857319804016583e+01	2.039710448493867290e+01	2.011193687032319488e+01	2.011437522350032481e+01	2.033149254174357168e+01	2.024367325799101280e+01	2.034895734584153715e+01	1.975687641785592419e+01	2.016316984538480739e+01	3.072730524457615431e+01	2.000239984581048347e+01	2.049976240922241644e+01	2.006397737498053857e+01	2.052697698150477024e+01	2.086391316341568469e+01	2.031785091985645764e+01	2.036979897581714383e+01	2.041278726230845564e+01	1.968577404718486434e+01	1.991134544271493567e+01	1.992111975350765718e+01	1.952043105718928118e+01	2.049281977021325574e+01	2.020320008248580734e+01	2.006578720720472120e+01	2.092635717705828924e+01	2.076129859369176955e+01	2.040808118383969116e+01
