2.949361225932841535e+01	2.020221694680693503e+01	1.980075583516098803e+01	2.006914815126857476e+01	1.966949541027639725e+01	1.961735346045298201e+01	1.951501917570382005e+01	1.993304674923834341e+01	1.923666121470989054e+01	1.981844737209045348e+01	1.960667430632449282e+01	1.997515488949348139e+01	1.948151873044095694e+01	2.049002924983634344e+01	1.985257599561009556e+01	2.012897696570656336e+01	1.983905137524627804e+01	1.991780980134844370e+01	1.889514898038873270e+01	1.959638636431635916e+01	2.028313752058829778e+01	1.969019891264465727e+01	2.025990105561227850e+01	2.026048071679060314e+01	2.010304620425729993e+01	1.981839227460308805e+01	2.022658187258050333e+01	2.000898425271929426e+01	1.958913635041566792e+01	1.974895041700598597e+01	2.048032728539320502e+01	2.010009088600083871e+01	2.043103443253679785e+01	1.978671281249686231e+01	1.972603775809113813e+01	1.949059471755190032e+01	1.925017235289632467e+01	2.098377783371772765e+01	2.006751768975311023e+01	1.970522974041750786e+01	1.991231070886770738e+01	1.990400626238161763e+01	2.036416408638616105e+01	1.903109173474482319e+01	1.974977485555567114e+01	2.038165895373353464e+01	1.971099002292428892e+01	2.020304503275026775e+01	2.036185252477046959e+01	2.038566170089243812e+01
2.020221694680693503e+01	3.025218972690355912e+01	1.982000868746191458e+01	2.007698155659802453e+01	1.977433076772915044e+01	1.964559833662822186e+01	1.963439852723290713e+01	2.039780836258410801e+01	1.997528650867201705e+01	1.986101157626569957e+01	1.987683730530480020e+01	2.023225805147249190e+01	2.017557070441624845e+01	2.043963325786355156e+01	1.972240906521736648e+01	2.084837970966318466e+01	1.998697304646675832e+01	1.977387861852654183e+01	1.913704180117218101e+01	1.972523616457166895e+01	2.021103390338366168e+01	1.990218506202849014e+01	2.040014611917641218e+01	2.017942091895657342e+01	2.022001491034795251e+01	2.019862215876436906e+01	2.060582903785610753e+01	1.963606747787070717e+01	1.985896035030944162e+01	2.013542323405691548e+01	2.059855822110569790e+01	2.057069865130372932e+01	2.047505223562538390e+01	1.979771511102240922e+01	2.023022063207884713e+01	1.963492966282106167e+01	1.958354090775350187e+01	2.091481379340915936e+01	2.006842394670507801e+01	1.969422537262012440e+01	2.011019405828022855e+01	1.974360676562724493e+01	2.060976676433745425e+01	1.972888203094324666e+01	2.011822206233993882e+01	2.044993873506156135e+01	2.014131154256556755e+01	2.044024085728834450e+01	2.072165133700899986e+01	2.042212534440414373e+01
1.980075583516098803e+01	1.982000868746191458e+01	2.991239708653733942e+01	1.954229376124810713e+01	1.995569624607433212e+01	1.976031682078348339e+01	1.938926854860633853e+01	1.987084934791651847e+01	1.976243506301281627e+01	1.969685391837569099e+01	1.918052883519131413e+01	1.979414866699719866e+01	1.964051582282301567e+01	2.032584854728519375e+01	1.964978268399991634e+01	2.018395028774341071e+01	1.964208721838730298e+01	1.967871910738608676e+01	1.916632270412948813e+01	1.972526428758720485e+01	2.011289130843285022e+01	1.953160856717165927e+01	2.025676048766344906e+01	1.992597291436566209e+01	2.004032734068288590e+01	1.970808133792867523e+01	1.991706801983787756e+01	1.955373400173921539e+01	1.955497040024015831e+01	1.985280659467970921e+01	2.053555528400442753e+01	2.012569477180608501e+01	2.032058441421517614e+01	1.935865491507723846e+01	1.987600273257385908e+01	1.954977542919638722e+01	1.915697721118425534e+01	2.065977847337655149e+01	1.971833827576283582e+01	1.995770886240283559e+01	1.990963009204860512e+01	1.961478631214433221e+01	2.005190908834353536e+01	1.939708961313857927e+01	1.974444023115130875e+01	2.062666942538213988e+01	2.002457846904768246e+01	2.000451543347847050e+01	2.022327205576371512e+01	2.030484433929553134e+01
2.006914815126857476e+01	2.007698155659802453e+01	1.954229376124810713e+01	2.997983547583184460e+01	2.027293816666488979e+01	1.982651787536762455e+01	1.959645753238514843e+01	1.988048743502101701e+01	1.971540188455211506e+01	2.014236383428697508e+01	1.936367860082336989e+01	1.997021075728390826e+01	1.972698220318753926e+01	2.035836316358541964e+01	1.956195456048067172e+01	2.021056078567101721e+01	1.988985685965282357e+01	1.981962401506991256e+01	1.951926179140725282e+01	1.954445902956322101e+01	2.008712247266292295e+01	1.981051620259264823e+01	1.991077895995209346e+01	1.982235465139306640e+01	1.984723804827558524e+01	1.982574170476793540e+01	2.058190539391351237e+01	1.970562050916220898e+01	1.967844076396158925e+01	1.957516146988976047e+01	2.049626728812252807e+01	1.985870690639445257e+01	2.043220705123395220e+01	1.985114370611871237e+01	2.023059629689893058e+01	1.908786027512080352e+01	1.961770754631516667e+01	2.087860283859204813e+01	1.973506467093909578e+01	1.973680640596643343e+01	1.981938466461787485e+01	1.961476218682515338e+01	2.029866739529815334e+01	1.962672608076880110e+01	1.983606326750593851e+01	2.013420820964754654e+01	1.998999706127357712e+01	2.008998683003824937e+01	2.022483004624932690e+01	2.063661837593067006e+01
1.966949541027639725e+01	1.977433076772915044e+01	1.995569624607433212e+01	2.027293816666488979e+01	2.917712357819426217e+01	1.956444841431712334e+01	1.990798245155951207e+01	2.012960452295147462e+01	1.937941233292796284e+01	1.970977355699581679e+01	1.967734400268011896e+01	2.018227703839935216e+01	1.943774537573230532e+01	2.028847951059725929e+01	1.959575342691989519e+01	2.012069279649163178e+01	1.981833501132129527e+01	1.934998450864002706e+01	1.866321625472034640e+01	1.984051573361203324e+01	2.000627088102109497e+01	1.938949663329997719e+01	2.037329658041428715e+01	1.984403443702397851e+01	1.957339843521504008e+01	1.982145539622780817e+01	2.001487287293890915e+01	1.981799437139121522e+01	1.965491345858112737e+01	1.989075834625527150e+01	2.038605808771676209e+01	2.006799594478979643e+01	2.043574639892497302e+01	1.958591968599436584e+01	1.936944412355395428e+01	1.927053706752175088e+01	1.954446247846302853e+01	2.068785810611984033e+01	1.957117370642761855e+01	1.933951058740161599e+01	1.990036406871243102e+01	1.959617531758402009e+01	2.006256671141753856e+01	1.936775137448296036e+01	1.956895838849439784e+01	1.998018594716011620e+01	1.972248636226553842e+01	1.995904538718370347e+01	2.039087976392925938e+01	2.043142420013549909e+01
1.961735346045298201e+01	1.964559833662822186e+01	1.976031682078348339e+01	1.982651787536762455e+01	1.956444841431712334e+01	2.880937621306820873e+01	1.961096318001773042e+01	1.976624434503339245e+01	1.936407994491995055e+01	1.921626580388240413e+01	1.913264225627396797e+01	1.953531257827738088e+01	1.934392362871661319e+01	2.055232775509616872e+01	1.970859126013913709e+01	1.982961578340001907e+01	1.976703484218711893e+01	1.949677710133684982e+01	1.910290348043352182e+01	1.923901876010735634e+01	1.983722944263350030e+01	1.963411717015079816e+01	1.998649231229478218e+01	1.972419873964410542e+01	1.990032391122980471e+01	1.983788661962747923e+01	1.981785201093318705e+01	1.956544483868550088e+01	1.909967600323543735e+01	1.960485765821567128e+01	1.997674969374862641e+01	1.977993003965690022e+01	2.015184291410823647e+01	1.971366183070127320e+01	2.004412920277491494e+01	1.914418506401644393e+01	1.917229349511978143e+01	2.059742092513894463e+01	1.938842577312810889e+01	1.951729043461387292e+01	1.972899304117801478e+01	1.951188961322277748e+01	2.027095844521902634e+01	1.927233895259320917e+01	1.967354808969281876e+01	1.978521643579519562e+01	1.965567115830273437e+01	1.980929162223897677e+01	1.973272021060471104e+01	2.002288772569530551e+01
1.951501917570382005e+01	1.963439852723290713e+01	1.938926854860633853e+01	1.959645753238514843e+01	1.990798245155951207e+01	1.961096318001773042e+01	2.953710774352011015e+01	1.993075536897379507e+01	1.952893417105531526e+01	1.952608762010687116e+01	1.898005171161212346e+01	1.975721980668855693e+01	1.909296165120882804e+01	2.038132746303459797e+01	1.926150119243017045e+01	1.985375793039182923e+01	1.989513970349553773e+01	1.963604856384697683e+01	1.878795899905269806e+01	1.942415949972147970e+01	1.973052469825747934e+01	1.929882734521064336e+01	2.046590456994335128e+01	1.954124244247443087e+01	2.006695639686528310e+01	1.940271477443609527e+01	1.995196134863194359e+01	1.950180761720985956e+01	1.968432255670447617e+01	1.941262912643558280e+01	1.997006142037772136e+01	1.987003487349227271e+01	2.006608135998133235e+01	1.941915462232821810e+01	2.002233164965655732e+01	1.887081191470260677e+01	1.906829994762025393e+01	2.047470961671427858e+01	1.945201735250022779e+01	1.935472897401709602e+01	1.962913289859839239e+01	1.962372798590905631e+01	2.019314616382404282e+01	1.948929264027201569e+01	1.948042535980566825e+01	1.986078545823440678e+01	1.956846726589312979e+01	1.988931245877856568e+01	2.003173882448106369e+01	1.995867640685839461e+01
1.993304674923834341e+01	2.039780836258410801e+01	1.987084934791651847e+01	1.988048743502101701e+01	2.012960452295147462e+01	1.976624434503339245e+01	1.993075536897379507e+01	2.983266624837629521e+01	1.954744616996181250e+01	1.989974773746693870e+01	1.953468656737010178e+01	2.011915728861302100e+01	2.001638964020482447e+01	2.028760601831731236e+01	1.977277097022378527e+01	2.024070354549223438e+01	2.049581966968481694e+01	1.998887972712216765e+01	1.957349352043085844e+01	2.005905185480972364e+01	2.047981029634949479e+01	1.990340115081629335e+01	2.017470744526622539e+01	1.982625409002630334e+01	2.052547660392726669e+01	2.035309326854114786e+01	2.067532643733200004e+01	2.005901121074841598e+01	2.013470371672848103e+01	2.013741157024032091e+01	2.053481399735174051e+01	2.004847102474919041e+01	2.113218071698583600e+01	1.979392525476621501e+01	2.009407816097625954e+01	1.961181927389681690e+01	1.970828474246333428e+01	2.077491398909076281e+01	1.980403114144777632e+01	1.964724115545118366e+01	2.013149922811100367e+01	1.992528110564069266e+01	2.072169848547479276e+01	1.975881558337126975e+01	1.966927220016945199e+01	2.005144419217477392e+01	2.026692946817193430e+01	2.064239333592288617e+01	2.030128037014388909e+01	2.017090477269193727e+01
1.923666121470989054e+01	1.997528650867201705e+01	1.976243506301281627e+01	1.971540188455211506e+01	1.937941233292796284e+01	1.936407994491995055e+01	1.952893417105531526e+01	1.954744616996181250e+01	2.925118953960320312e+01	1.961081194578765263e+01	1.920708617606461743e+01	1.949065739449890344e+01	1.928644036760089264e+01	2.009390240647659098e+01	1.924663662335084879e+01	1.964348560255069742e+01	1.977605144689594852e+01	1.942029284602240580e+01	1.893324065493721875e+01	1.895387549547233164e+01	1.975193127395353798e+01	1.904334779851588166e+01	2.001388657448091379e+01	1.922308864003120021e+01	1.975835105078224174e+01	1.965452020697751934e+01	1.986627442556858725e+01	1.959584116234779927e+01	1.908191488399615565e+01	1.911083733013974140e+01	2.005316012915294621e+01	1.955907876291624703e+01	2.017074421971194909e+01	1.928993811601485575e+01	1.960149923053202770e+01	1.898964655913438904e+01	1.892546130372632618e+01	2.014163706449785707e+01	1.978088202538454965e+01	1.940607025043889777e+01	1.932812968258737385e+01	1.988878684850925183e+01	2.019222424321774056e+01	1.937321740860942043e+01	1.922691441765466891e+01	2.006356269120547253e+01	1.954547080918110780e+01	2.007169099375066068e+01	1.980674999597669839e+01	2.030921049424340197e+01
1.981844737209045348e+01	1.986101157626569957e+01	1.969685391837569099e+01	2.014236383428697508e+01	1.970977355699581679e+01	1.921626580388240413e+01	1.952608762010687116e+01	1.989974773746693870e+01	1.961081194578765263e+01	2.890912317793510056e+01	1.904553638302406782e+01	1.981802729272085273e+01	1.960905494482711475e+01	2.057799530151774903e+01	1.942166745879098855e+01	2.011894258209868624e+01	1.973308229954258408e+01	1.971747420833340314e+01	1.912015097385602758e+01	1.971399408942147602e+01	1.994466392598478421e+01	1.971535778580842546e+01	2.009502105049131515e+01	1.984818319113874807e+01	1.955553555217848327e+01	1.946210928708087096e+01	2.012791572651387995e+01	1.956112185290842120e+01	1.939927706379072703e+01	1.971267481469997662e+01	2.020821842720050299e+01	1.963491386452860965e+01	2.024504090677365298e+01	1.950444466522944964e+01	1.948411833161274842e+01	1.902944677829522746e+01	1.967473288143960630e+01	2.058301412534181196e+01	1.976239982176461041e+01	1.942472264183830788e+01	1.938236393499878218e+01	2.005926541430792298e+01	2.029522617088286296e+01	1.915437929180446730e+01	1.979640919857889614e+01	2.029053279735152060e+01	1.989970713235283029e+01	1.948076682697232798e+01	2.034846342758968163e+01	2.032000541972667662e+01
1.960667430632449282e+01	1.987683730530480020e+01	1.918052883519131413e+01	1.936367860082336989e+01	1.967734400268011896e+01	1.913264225627396797e+01	1.898005171161212346e+01	1.953468656737010178e+01	1.920708617606461743e+01	1.904553638302406782e+01	2.878122294779356594e+01	1.930509373477840640e+01	1.950458082501366874e+01	1.989413638075591351e+01	1.925818844168687960e+01	1.962091350847374471e+01	1.962111354650175699e+01	1.931006745028328453e+01	1.896866078850239035e+01	1.878149166958255023e+01	1.963664819501090264e+01	1.930941797633429147e+01	1.986385982560587848e+01	1.952956643769087464e+01	1.918505353631830346e+01	1.952139543585155224e+01	1.984091674717874909e+01	1.918939836119214704e+01	1.924295629700373311e+01	1.933295206924488951e+01	1.982510787019268150e+01	1.940691265305930813e+01	1.991180425495347350e+01	1.937484630654875417e+01	1.951048376797484707e+01	1.898038734241682590e+01	1.888067338993248612e+01	2.022864611403385382e+01	1.950698665862535819e+01	1.890964251000290020e+01	1.903449405265164174e+01	1.945695626102968134e+01	1.978045165633732694e+01	1.891342493254669321e+01	1.950910732847725271e+01	1.957991740470049180e+01	1.921669089520625562e+01	1.955819851713215840e+01	1.998629194106649010e+01	2.007379186966383600e+01
1.997515488949348139e+01	2.023225805147249190e+01	1.979414866699719866e+01	1.997021075728390826e+01	2.018227703839935216e+01	1.953531257827738088e+01	1.975721980668855693e+01	2.011915728861302100e+01	1.949065739449890344e+01	1.981802729272085273e+01	1.930509373477840640e+01	2.976874046013749364e+01	1.953847641784635414e+01	2.036315955076549500e+01	1.964327054084250079e+01	2.062439488380963937e+01	1.992212319120793751e+01	1.965394518063050455e+01	1.957326373177718182e+01	1.935573894422682883e+01	2.018585847152392176e+01	1.986730135957383681e+01	2.048360414135009933e+01	1.998347025305156066e+01	2.047473478213182219e+01	1.978356276418411852e+01	2.034616820653440072e+01	1.986613096556568081e+01	1.965789377534070681e+01	1.987157458332935178e+01	2.054329157365305392e+01	1.973234736404637601e+01	2.034673007271307554e+01	1.986653807604679400e+01	1.952818203258728857e+01	1.925951348820866826e+01	1.972476937587628854e+01	2.108375899077756088e+01	1.980576677138079589e+01	1.971889057780316179e+01	1.969930839184829807e+01	1.991472906525690334e+01	2.055942481194250959e+01	1.950876396650606637e+01	1.966099391279102804e+01	2.027572740500684745e+01	1.981708996842964510e+01	1.990928600526967784e+01	2.021491141152081639e+01	2.041514218555616722e+01
1.948151873044095694e+01	2.017557070441624845e+01	1.964051582282301567e+01	1.972698220318753926e+01	1.943774537573230532e+01	1.934392362871661319e+01	1.909296165120882804e+01	2.001638964020482447e+01	1.928644036760089264e+01	1.960905494482711475e+01	1.950458082501366874e+01	1.953847641784635414e+01	2.921025373926926960e+01	2.027989103124333425e+01	1.916792077896456448e+01	1.992663388162837279e+01	1.993342186192720789e+01	1.992003079191368897e+01	1.925683247215639682e+01	1.902770741008590605e+01	1.991469775088948779e+01	1.995765560574452380e+01	1.968361422240751679e+01	1.994059723192781419e+01	1.983830599380803505e+01	1.962006827936885855e+01	1.988441195832005093e+01	1.922176557082934067e+01	1.946253571753300093e+01	2.002552552736605662e+01	2.051367084228922977e+01	1.991326220958760729e+01	2.007487445814206239e+01	1.929615346007201282e+01	1.939745343653700971e+01	1.891953018255251351e+01	1.949766220507514802e+01	2.061130224152933721e+01	1.948312839968265564e+01	1.937782824008879601e+01	1.953846782115142489e+01	1.968340131751915578e+01	2.035190169104128444e+01	1.912905777954304654e+01	1.935469627506304846e+01	1.981996714305317653e+01	1.961872455604220633e+01	2.014243439253246493e+01	2.010451321387427726e+01	2.052203926196125749e+01
2.049002924983634344e+01	2.043963325786355156e+01	2.032584854728519375e+01	2.035836316358541964e+01	2.028847951059725929e+01	2.055232775509616872e+01	2.038132746303459797e+01	2.028760601831731236e+01	2.009390240647659098e+01	2.057799530151774903e+01	1.989413638075591351e+01	2.036315955076549500e+01	2.027989103124333425e+01	3.106322509648379437e+01	1.994695919456849609e+01	2.073966707605221771e+01	2.051042636103689887e+01	2.043709473235765728e+01	1.959967120241704563e+01	2.035356788263826644e+01	2.068054174188473127e+01	2.031891046968418379e+01	2.096119402938212062e+01	2.020179072926174513e+01	2.067378319610065773e+01	2.024914857993281458e+01	2.109041645439723212e+01	2.025066118105696944e+01	2.031949096759618456e+01	2.032428946094742983e+01	2.088377285402362915e+01	2.080671333717037541e+01	2.086894002768070067e+01	2.010964912748355005e+01	2.058720472936611401e+01	1.998394356874743494e+01	1.958184168129132274e+01	2.137605855587217007e+01	2.084605247629867364e+01	2.040768312614581603e+01	2.043496272234063937e+01	2.017445888083808114e+01	2.081613630697715678e+01	2.036379688597284598e+01	2.038541527385097396e+01	2.061172298791608526e+01	2.029948359709710815e+01	2.056520672711062403e+01	2.054753101508136837e+01	2.097848175385405156e+01
1.985257599561009556e+01	1.972240906521736648e+01	1.964978268399991634e+01	1.956195456048067172e+01	1.959575342691989519e+01	1.970859126013913709e+01	1.926150119243017045e+01	1.977277097022378527e+01	1.924663662335084879e+01	1.942166745879098855e+01	1.925818844168687960e+01	1.964327054084250079e+01	1.916792077896456448e+01	1.994695919456849609e+01	2.981024987053551456e+01	1.973087909229130332e+01	1.949397350522448491e+01	1.924683594818532129e+01	1.864127361820447959e+01	1.930222874737620131e+01	1.977445625777297877e+01	1.940500773856457073e+01	2.002522130105732856e+01	1.950749204956284544e+01	1.953117534647748954e+01	1.996197721604866970e+01	1.997346031164320479e+01	1.960677526407368987e+01	1.983756346867523845e+01	1.962681568862588932e+01	2.004698798447046926e+01	1.958628809668935489e+01	2.011736268742962963e+01	1.964309705807970730e+01	1.985162888809571058e+01	1.899490526565693926e+01	1.916748545320223940e+01	2.034776301151218547e+01	1.930490375246270318e+01	1.940972414535703550e+01	1.984377741591848121e+01	1.977815347737962881e+01	1.956687787702502845e+01	1.941334115962688500e+01	1.968835310150318918e+01	1.998880880063794052e+01	1.965155421209765407e+01	1.954423363621104315e+01	1.982285166539388754e+01	2.018596503374971007e+01
2.012897696570656336e+01	2.084837970966318466e+01	2.018395028774341071e+01	2.021056078567101721e+01	2.012069279649163178e+01	1.982961578340001907e+01	1.985375793039182923e+01	2.024070354549223438e+01	1.964348560255069742e+01	2.011894258209868624e+01	1.962091350847374471e+01	2.062439488380963937e+01	1.992663388162837279e+01	2.073966707605221771e+01	1.973087909229130332e+01	3.001158848002439683e+01	2.028382334346533611e+01	2.010654911039000581e+01	1.959982558548588472e+01	2.010938701831049613e+01	2.026010736465277873e+01	1.991748873222225669e+01	2.046600760162485955e+01	2.039250251667490232e+01	2.031368297693461855e+01	2.029074472544429142e+01	2.056070417279257612e+01	1.980083337818922118e+01	1.992442720622250008e+01	2.037105063289704177e+01	2.068004444746607362e+01	2.036545115261201389e+01	2.047333083823788868e+01	1.976015243631534446e+01	2.010522225782778705e+01	1.925734619221744381e+01	1.966988454377849393e+01	2.087815940700710016e+01	1.993953931012211456e+01	1.978438014608208917e+01	1.984035355820390834e+01	2.021138424853751303e+01	2.060069275321169968e+01	1.977969091793514522e+01	1.981663859666608474e+01	2.040261482255338876e+01	2.034790138367856827e+01	2.034346623054067393e+01	2.065716793438672028e+01	2.027329461041631475e+01
1.983905137524627804e+01	1.998697304646675832e+01	1.964208721838730298e+01	1.988985685965282357e+01	1.981833501132129527e+01	1.976703484218711893e+01	1.989513970349553773e+01	2.049581966968481694e+01	1.977605144689594852e+01	1.973308229954258408e+01	1.962111354650175699e+01	1.992212319120793751e+01	1.993342186192720789e+01	2.051042636103689887e+01	1.949397350522448491e+01	2.028382334346533611e+01	3.027062610562733624e+01	1.995000115285363051e+01	1.916643720267711259e+01	1.962119482988055097e+01	2.022479117325902109e+01	1.977101937852915725e+01	2.024512005869453546e+01	1.994343905708541698e+01	1.998216571599511937e+01	2.023698814955786318e+01	2.067051448269854674e+01	1.996442051382005900e+01	1.981606445437765629e+01	1.955814670599601968e+01	2.031076806410912283e+01	1.980564133211306199e+01	2.052668247442778338e+01	1.980589120719641372e+01	2.024205708765950007e+01	1.900178334496410670e+01	1.952299107361022124e+01	2.080024446187315945e+01	1.985105228828238566e+01	1.953360092802316572e+01	1.963393540010710581e+01	2.008648813990404491e+01	2.041412848339593111e+01	1.949547397301854090e+01	1.933024616410606811e+01	2.013781360845432644e+01	1.974663801171886490e+01	2.037259450303097097e+01	2.057666031475403656e+01	2.043696632591900908e+01
1.991780980134844370e+01	1.977387861852654183e+01	1.967871910738608676e+01	1.981962401506991256e+01	1.934998450864002706e+01	1.949677710133684982e+01	1.963604856384697683e+01	1.998887972712216765e+01	1.942029284602240580e+01	1.971747420833340314e+01	1.931006745028328453e+01	1.965394518063050455e+01	1.992003079191368897e+01	2.043709473235765728e+01	1.924683594818532129e+01	2.010654911039000581e+01	1.995000115285363051e+01	2.893543355989426402e+01	1.914918255837968530e+01	1.920365658559995481e+01	1.993403284890638005e+01	1.994493976414031167e+01	1.989009946776639737e+01	1.988762406917629733e+01	1.989832921923605724e+01	1.978829550486199551e+01	2.022083231806557535e+01	1.967008228557366323e+01	1.923556074893639689e+01	1.950420683015128986e+01	2.017280677436610503e+01	1.977253723337178926e+01	2.000583830891909187e+01	1.940682174111433156e+01	1.980875934512852510e+01	1.915205713704656532e+01	1.924300465471084820e+01	2.052084035868719880e+01	1.986050975931902940e+01	1.972142070301180183e+01	1.989944607616913785e+01	1.980851690795874021e+01	2.034802237985584838e+01	1.940897578896010955e+01	1.943474105819624498e+01	1.987258118273475205e+01	1.998350692595805711e+01	2.031299810958296348e+01	2.025642567945199701e+01	1.991741150498215518e+01
1.889514898038873270e+01	1.913704180117218101e+01	1.916632270412948813e+01	1.951926179140725282e+01	1.866321625472034640e+01	1.910290348043352182e+01	1.878795899905269806e+01	1.957349352043085844e+01	1.893324065493721875e+01	1.912015097385602758e+01	1.896866078850239035e+01	1.957326373177718182e+01	1.925683247215639682e+01	1.959967120241704563e+01	1.864127361820447959e+01	1.959982558548588472e+01	1.916643720267711259e+01	1.914918255837968530e+01	2.850089882758577531e+01	1.872506865534174025e+01	1.950809309147653892e+01	1.877467193043588622e+01	1.923234704824355745e+01	1.905765329109706485e+01	1.946575194138094034e+01	1.941763556766819576e+01	1.945050932214391182e+01	1.918201501972552236e+01	1.894090685782643035e+01	1.949166754995491857e+01	2.005063618022415994e+01	1.927215257543161897e+01	1.978343428647402646e+01	1.898772772764138494e+01	1.893696318438720994e+01	1.866847411172417637e+01	1.891813462711666460e+01	1.999693423827926608e+01	1.895508280484284569e+01	1.864765648753112259e+01	1.899922783015212246e+01	1.934228127431998345e+01	1.975380866388818291e+01	1.853503905163593046e+01	1.858409023912690117e+01	1.937278301886588494e+01	1.915681945331866487e+01	1.892745416784610768e+01	1.944472841026549048e+01	1.960699926208303978e+01
1.959638636431635916e+01	1.972523616457166895e+01	1.972526428758720485e+01	1.954445902956322101e+01	1.984051573361203324e+01	1.923901876010735634e+01	1.942415949972147970e+01	2.005905185480972364e+01	1.895387549547233164e+01	1.971399408942147602e+01	1.878149166958255023e+01	1.935573894422682883e+01	1.902770741008590605e+01	2.035356788263826644e+01	1.930222874737620131e+01	2.010938701831049613e+01	1.962119482988055097e+01	1.920365658559995481e+01	1.872506865534174025e+01	2.876592285398778870e+01	1.975007535603499065e+01	1.958629445167942507e+01	1.997361038595899529e+01	1.972690058915788924e+01	2.005555244259461034e+01	1.920144691089693367e+01	2.013745947216027687e+01	1.929769161251211784e+01	1.921785905674770234e+01	1.963691983192394019e+01	2.034971431569010036e+01	1.979275733742235843e+01	2.012878443193730860e+01	1.888599172518361868e+01	1.989596065355862820e+01	1.923374551093547424e+01	1.943670248538902356e+01	2.042719185129340076e+01	1.948993461954282935e+01	1.964535918037513085e+01	1.940931045306023250e+01	1.979975313843499407e+01	2.012528395399400338e+01	1.912559326079529143e+01	1.925541831445489649e+01	2.018875932275276242e+01	1.964533031040311073e+01	1.963804763033073186e+01	2.019001240510739592e+01	2.053258062936804862e+01
2.028313752058829778e+01	2.021103390338366168e+01	2.011289130843285022e+01	2.008712247266292295e+01	2.000627088102109497e+01	1.983722944263350030e+01	1.973052469825747934e+01	2.047981029634949479e+01	1.975193127395353798e+01	1.994466392598478421e+01	1.963664819501090264e+01	2.018585847152392176e+01	1.991469775088948779e+01	2.068054174188473127e+01	1.977445625777297877e+01	2.026010736465277873e+01	2.022479117325902109e+01	1.993403284890638005e+01	1.950809309147653892e+01	1.975007535603499065e+01	2.972753368718922928e+01	1.995436305230519736e+01	2.024477548783362835e+01	2.036639946050974359e+01	2.005235077916768205e+01	2.027508989530271322e+01	2.058017428578126484e+01	2.006334116189707828e+01	1.998586766578868534e+01	1.993376474429769729e+01	2.059507688704467654e+01	2.023187902184994158e+01	2.094369940979094125e+01	2.012369675723861207e+01	1.941435706707937570e+01	1.969825118003540965e+01	1.968560350398394476e+01	2.084148997075889298e+01	1.964065287133826487e+01	1.966748183457020005e+01	2.007924372728302487e+01	1.996339058328321414e+01	2.064236810644304043e+01	1.985178418183118509e+01	1.982283443999241968e+01	2.039218478676540158e+01	2.027146132234560127e+01	2.041405282098185126e+01	2.009330433984268893e+01	2.081035118511677240e+01
1.969019891264465727e+01	1.990218506202849014e+01	1.953160856717165927e+01	1.981051620259264823e+01	1.938949663329997719e+01	1.963411717015079816e+01	1.929882734521064336e+01	1.990340115081629335e+01	1.904334779851588166e+01	1.971535778580842546e+01	1.930941797633429147e+01	1.986730135957383681e+01	1.995765560574452380e+01	2.031891046968418379e+01	1.940500773856457073e+01	1.991748873222225669e+01	1.977101937852915725e+01	1.994493976414031167e+01	1.877467193043588622e+01	1.958629445167942507e+01	1.995436305230519736e+01	2.918428987885629766e+01	2.000725123138741779e+01	1.995899543720233638e+01	1.996032434942492273e+01	1.972210544432152091e+01	2.052544302223716954e+01	1.989270152966200556e+01	1.937819528666592461e+01	1.970504353793279151e+01	2.021000287487678548e+01	1.986114361621730495e+01	2.042561898483658567e+01	1.969618738934779145e+01	2.011298998125517912e+01	1.932897624307899420e+01	1.941706313690841057e+01	2.056533359618456558e+01	1.976792532853707840e+01	1.961470005701136898e+01	1.974696194166555330e+01	2.001136417906838716e+01	2.038071629852531430e+01	1.940381986933871161e+01	1.962008301774001140e+01	2.005311409856137672e+01	1.981399045147555071e+01	2.006578395002543047e+01	2.002453606465219238e+01	2.027276858387013903e+01
2.025990105561227850e+01	2.040014611917641218e+01	2.025676048766344906e+01	1.991077895995209346e+01	2.037329658041428715e+01	1.998649231229478218e+01	2.046590456994335128e+01	2.017470744526622539e+01	2.001388657448091379e+01	2.009502105049131515e+01	1.986385982560587848e+01	2.048360414135009933e+01	1.968361422240751679e+01	2.096119402938212062e+01	2.002522130105732856e+01	2.046600760162485955e+01	2.024512005869453546e+01	1.989009946776639737e+01	1.923234704824355745e+01	1.997361038595899529e+01	2.024477548783362835e+01	2.000725123138741779e+01	3.041967311516064143e+01	2.042107677706187729e+01	2.057703609837911074e+01	1.977092706486575224e+01	2.073627892300209652e+01	2.015704484312516342e+01	2.025101301475464410e+01	2.022923112717379013e+01	2.064186462842099701e+01	2.012543027447642174e+01	2.107124946990342806e+01	1.982855127259145789e+01	2.060622474013330674e+01	1.969373642334027963e+01	1.971311813937726143e+01	2.104317694246447346e+01	2.006580945718238951e+01	2.017077922708302040e+01	1.992582683807098221e+01	2.042969552211314976e+01	2.065629795430634630e+01	1.969742225992235873e+01	2.019555739993304755e+01	2.082059611620124429e+01	2.059375161297748491e+01	2.059605875099582306e+01	2.030011803432800122e+01	2.061004575117282656e+01
2.026048071679060314e+01	2.017942091895657342e+01	1.992597291436566209e+01	1.982235465139306640e+01	1.984403443702397851e+01	1.972419873964410542e+01	1.954124244247443087e+01	1.982625409002630334e+01	1.922308864003120021e+01	1.984818319113874807e+01	1.952956643769087464e+01	1.998347025305156066e+01	1.994059723192781419e+01	2.020179072926174513e+01	1.950749204956284544e+01	2.039250251667490232e+01	1.994343905708541698e+01	1.988762406917629733e+01	1.905765329109706485e+01	1.972690058915788924e+01	2.036639946050974359e+01	1.995899543720233638e+01	2.042107677706187729e+01	2.992160201551514120e+01	1.991840334213647168e+01	2.011190130327736370e+01	2.019675453190701120e+01	2.000196592720874378e+01	1.965032135035087535e+01	1.977936549192533633e+01	2.055057206358628008e+01	1.987880770018474408e+01	2.054048090943496518e+01	1.974126000246858581e+01	1.965531306852925297e+01	1.917859138792085361e+01	1.950166784219476313e+01	2.082992773439486101e+01	1.975630185901518487e+01	1.985252193993743219e+01	1.966006551023323823e+01	2.015293890818178824e+01	2.046772684464476200e+01	1.953563436113059737e+01	1.976476269709719347e+01	2.046144252683705034e+01	2.023956233160610907e+01	2.050524015228771901e+01	2.057307890465875033e+01	2.041739637325596135e+01
2.010304620425729993e+01	2.022001491034795251e+01	2.004032734068288590e+01	1.984723804827558524e+01	1.957339843521504008e+01	1.990032391122980471e+01	2.006695639686528310e+01	2.052547660392726669e+01	1.975835105078224174e+01	1.955553555217848327e+01	1.918505353631830346e+01	2.047473478213182219e+01	1.983830599380803505e+01	2.067378319610065773e+01	1.953117534647748954e+01	2.031368297693461855e+01	1.998216571599511937e+01	1.989832921923605724e+01	1.946575194138094034e+01	2.005555244259461034e+01	2.005235077916768205e+01	1.996032434942492273e+01	2.057703609837911074e+01	1.991840334213647168e+01	2.923598583013409069e+01	2.012860461993170702e+01	2.018386929577624045e+01	1.975119242313736478e+01	1.994140945414601873e+01	1.954313684866331613e+01	2.058216464630905662e+01	2.024466956425407105e+01	2.073645961415896011e+01	1.980757527488621150e+01	1.998073538293978757e+01	1.942818593974014618e+01	1.977548336508825244e+01	2.066821949859619423e+01	1.977694542748230688e+01	1.982701662613561311e+01	1.999253449141544081e+01	2.009687728930972739e+01	2.051905085106951176e+01	2.003812162175433542e+01	1.989580962829571575e+01	2.049382433364603173e+01	1.992873212634214042e+01	2.008514245522850672e+01	2.052037491633709010e+01	2.060116633839015066e+01
1.981839227460308805e+01	2.019862215876436906e+01	1.970808133792867523e+01	1.982574170476793540e+01	1.982145539622780817e+01	1.983788661962747923e+01	1.940271477443609527e+01	2.035309326854114786e+01	1.965452020697751934e+01	1.946210928708087096e+01	1.952139543585155224e+01	1.978356276418411852e+01	1.962006827936885855e+01	2.024914857993281458e+01	1.996197721604866970e+01	2.029074472544429142e+01	2.023698814955786318e+01	1.978829550486199551e+01	1.941763556766819576e+01	1.920144691089693367e+01	2.027508989530271322e+01	1.972210544432152091e+01	1.977092706486575224e+01	2.011190130327736370e+01	2.012860461993170702e+01	2.944887396026022586e+01	2.029687648175304560e+01	1.997725680872225595e+01	1.988113598589342601e+01	1.969275931353199027e+01	2.031228595536741466e+01	1.986544753179391520e+01	2.049292897369775091e+01	2.005050178832267704e+01	1.981169868858047067e+01	1.916725721479982525e+01	1.930122250312890486e+01	2.084063141588809742e+01	2.007739797836384454e+01	1.989770223452851283e+01	1.989675315145967360e+01	2.006004725437610503e+01	2.019280895433400147e+01	1.943920310643281013e+01	1.944080536366598722e+01	1.986181755056153619e+01	1.981650886226132613e+01	1.993755383940019499e+01	2.029576659382862402e+01	2.030597732561177082e+01
2.022658187258050333e+01	2.060582903785610753e+01	1.991706801983787756e+01	2.058190539391351237e+01	2.001487287293890915e+01	1.981785201093318705e+01	1.995196134863194359e+01	2.067532643733200004e+01	1.986627442556858725e+01	2.012791572651387995e+01	1.984091674717874909e+01	2.034616820653440072e+01	1.988441195832005093e+01	2.109041645439723212e+01	1.997346031164320479e+01	2.056070417279257612e+01	2.067051448269854674e+01	2.022083231806557535e+01	1.945050932214391182e+01	2.013745947216027687e+01	2.058017428578126484e+01	2.052544302223716954e+01	2.073627892300209652e+01	2.019675453190701120e+01	2.018386929577624045e+01	2.029687648175304560e+01	3.048692238846239988e+01	2.018133005313450212e+01	2.022652338067045008e+01	2.015371026043371927e+01	2.047890201900471396e+01	2.037438527935975330e+01	2.087945303137755104e+01	2.003443646084706131e+01	2.037807117908914378e+01	1.982586202531997444e+01	1.965302839435208782e+01	2.114104119186348285e+01	2.045917744762049395e+01	2.032101235170622999e+01	1.990911501300245945e+01	1.993318032727690792e+01	2.061229291613564030e+01	2.023891615392601295e+01	1.978124486881051780e+01	2.039607296511685419e+01	1.998401511167345745e+01	2.066245205720577260e+01	2.116742604930632154e+01	2.079013232004629685e+01
2.000898425271929426e+01	1.963606747787070717e+01	1.955373400173921539e+01	1.970562050916220898e+01	1.981799437139121522e+01	1.956544483868550088e+01	1.950180761720985956e+01	2.005901121074841598e+01	1.959584116234779927e+01	1.956112185290842120e+01	1.918939836119214704e+01	1.986613096556568081e+01	1.922176557082934067e+01	2.025066118105696944e+01	1.960677526407368987e+01	1.980083337818922118e+01	1.996442051382005900e+01	1.967008228557366323e+01	1.918201501972552236e+01	1.929769161251211784e+01	2.006334116189707828e+01	1.989270152966200556e+01	2.015704484312516342e+01	2.000196592720874378e+01	1.975119242313736478e+01	1.997725680872225595e+01	2.018133005313450212e+01	2.901353678241038736e+01	1.967262021253400661e+01	1.940615344991320512e+01	2.018595620134324875e+01	1.999443774645414607e+01	2.032398714433351827e+01	1.954915845945965103e+01	1.951507470024550983e+01	1.932411761466741851e+01	1.895624338080754256e+01	2.045898867473513150e+01	1.977635703341956841e+01	1.942616718871540726e+01	1.967988699955730780e+01	1.922517523614965640e+01	2.004950499560375121e+01	1.902328044960801634e+01	1.956013719379606641e+01	1.987269614645569860e+01	1.935397608048332785e+01	1.985668208114529776e+01	2.015794409263188314e+01	1.988369550733533231e+01
1.958913635041566792e+01	1.985896035030944162e+01	1.955497040024015831e+01	1.967844076396158925e+01	1.965491345858112737e+01	1.909967600323543735e+01	1.968432255670447617e+01	2.013470371672848103e+01	1.908191488399615565e+01	1.939927706379072703e+01	1.924295629700373311e+01	1.965789377534070681e+01	1.946253571753300093e+01	2.031949096759618456e+01	1.983756346867523845e+01	1.992442720622250008e+01	1.981606445437765629e+01	1.923556074893639689e+01	1.894090685782643035e+01	1.921785905674770234e+01	1.998586766578868534e+01	1.937819528666592461e+01	2.025101301475464410e+01	1.965032135035087535e+01	1.994140945414601873e+01	1.988113598589342601e+01	2.022652338067045008e+01	1.967262021253400661e+01	2.974512733085857263e+01	1.958146678774786409e+01	2.028174899344438131e+01	1.995440208359046252e+01	2.066951104136716566e+01	1.921774940866002623e+01	1.954361602044683011e+01	1.910453504448502571e+01	1.940583753970475200e+01	2.044803256507053746e+01	1.974699576600734829e+01	1.929921035387775419e+01	1.944075008116531222e+01	1.959829143570998511e+01	1.966087686288912906e+01	1.956324721937941291e+01	1.951453830533458600e+01	2.021223800245069668e+01	1.976118088614023094e+01	1.972445395003132873e+01	2.001113123382972958e+01	2.020262958945913212e+01
1.974895041700598597e+01	2.013542323405691548e+01	1.985280659467970921e+01	1.957516146988976047e+01	1.989075834625527150e+01	1.960485765821567128e+01	1.941262912643558280e+01	2.013741157024032091e+01	1.911083733013974140e+01	1.971267481469997662e+01	1.933295206924488951e+01	1.987157458332935178e+01	2.002552552736605662e+01	2.032428946094742983e+01	1.962681568862588932e+01	2.037105063289704177e+01	1.955814670599601968e+01	1.950420683015128986e+01	1.949166754995491857e+01	1.963691983192394019e+01	1.993376474429769729e+01	1.970504353793279151e+01	2.022923112717379013e+01	1.977936549192533633e+01	1.954313684866331613e+01	1.969275931353199027e+01	2.015371026043371927e+01	1.940615344991320512e+01	1.958146678774786409e+01	2.913959184183517692e+01	2.037372026492058552e+01	2.000722123250206863e+01	2.049398383452553674e+01	1.948308015083313549e+01	2.003736824037291342e+01	1.942868302996000551e+01	1.967987179745222193e+01	2.061151633994048282e+01	1.985679730394378240e+01	1.951681425412797921e+01	2.017627494124938536e+01	2.008923722005887669e+01	2.020928851131081672e+01	1.962399964877646141e+01	1.940820818673116577e+01	2.028945018478017204e+01	2.005751095958078878e+01	2.017498727786286850e+01	2.000068255067581191e+01	2.019152474295058752e+01
2.048032728539320502e+01	2.059855822110569790e+01	2.053555528400442753e+01	2.049626728812252807e+01	2.038605808771676209e+01	1.997674969374862641e+01	1.997006142037772136e+01	2.053481399735174051e+01	2.005316012915294621e+01	2.020821842720050299e+01	1.982510787019268150e+01	2.054329157365305392e+01	2.051367084228922977e+01	2.088377285402362915e+01	2.004698798447046926e+01	2.068004444746607362e+01	2.031076806410912283e+01	2.017280677436610503e+01	2.005063618022415994e+01	2.034971431569010036e+01	2.059507688704467654e+01	2.021000287487678548e+01	2.064186462842099701e+01	2.055057206358628008e+01	2.058216464630905662e+01	2.031228595536741466e+01	2.047890201900471396e+01	2.018595620134324875e+01	2.028174899344438131e+01	2.037372026492058552e+01	3.038868265388373402e+01	2.068542504752338118e+01	2.099647705613946513e+01	2.017406254279735478e+01	1.999240759036462478e+01	1.984208999829583675e+01	1.979670566783903851e+01	2.108515184699342626e+01	2.014274137149261534e+01	2.032362168655934909e+01	2.023812040912438093e+01	2.006126094250395298e+01	2.078381658835553480e+01	1.996836754670741954e+01	2.039591838709224803e+01	2.088322913044300932e+01	2.054177853548258170e+01	2.043075198728084985e+01	2.051024837768777331e+01	2.091802321561766576e+01
2.010009088600083871e+01	2.057069865130372932e+01	2.012569477180608501e+01	1.985870690639445257e+01	2.006799594478979643e+01	1.977993003965690022e+01	1.987003487349227271e+01	2.004847102474919041e+01	1.955907876291624703e+01	1.963491386452860965e+01	1.940691265305930813e+01	1.973234736404637601e+01	1.991326220958760729e+01	2.080671333717037541e+01	1.958628809668935489e+01	2.036545115261201389e+01	1.980564133211306199e+01	1.977253723337178926e+01	1.927215257543161897e+01	1.979275733742235843e+01	2.023187902184994158e+01	1.986114361621730495e+01	2.012543027447642174e+01	1.987880770018474408e+01	2.024466956425407105e+01	1.986544753179391520e+01	2.037438527935975330e+01	1.999443774645414607e+01	1.995440208359046252e+01	2.000722123250206863e+01	2.068542504752338118e+01	3.001917352214312018e+01	2.022950961509936363e+01	1.955054194289731484e+01	1.981675742547889030e+01	1.960324464191651828e+01	1.953443839525226267e+01	2.067693109126114237e+01	1.973177522366680137e+01	1.986435815238724700e+01	2.001381202336859033e+01	1.967611185834590515e+01	2.056499837973340661e+01	1.947078357604073418e+01	1.967844070921939448e+01	2.037457511543335542e+01	1.986505290899173204e+01	2.007468333700336061e+01	2.030853798901057417e+01	2.028253173483755845e+01
