3.032049635688156997e+01	2.056020585815451085e+01	2.043069731558126634e+01	2.020096455629974486e+01	2.078945347870123328e+01	2.011564021375723499e+01	2.053743386926177195e+01	2.092416162004662894e+01	2.034250958912841156e+01	2.042533424582418178e+01	2.115704296187099231e+01	2.069114331064186985e+01	2.072935286594686133e+01	2.061241593487420687e+01	2.052903088403079579e+01	2.088752335817451211e+01	2.122504194060286054e+01	2.058685491773813681e+01	2.008253748094172764e+01	2.067685591583335736e+01	1.973178588883133955e+01	2.032255000621478658e+01	2.041209740501808412e+01	2.046186718610691102e+01	1.991625694319878548e+01	2.055846560352252794e+01	2.003699083677762616e+01	2.015289182911082833e+01	2.045171694339265756e+01	2.079403948296400273e+01	2.081922796830152933e+01	2.052752184004030056e+01	2.051608900503063637e+01	2.016745049371106902e+01	2.041325959007417978e+01	1.971504797265521702e+01	2.077759993731217136e+01	2.053448744294857065e+01	2.012513132644746250e+01	2.112066562403868275e+01	2.004905774411668418e+01	1.999809293998259818e+01	2.024140783536945776e+01	2.053274418546684643e+01	2.042548322653283321e+01	2.009839121455288335e+01	1.991159963162976254e+01	2.067504546383256780e+01	1.991744317885355287e+01	2.015200687420232839e+01
2.056020585815451085e+01	2.959466315575446060e+01	2.011899544562836439e+01	1.978151672225517643e+01	2.033551049148913137e+01	1.980695423375426856e+01	1.968606574047642610e+01	2.044930591617937310e+01	2.013101692166873846e+01	1.953258603985112885e+01	2.032130556196472781e+01	2.018576820267804450e+01	1.985201865648994968e+01	2.039534021782639073e+01	1.989515455867883986e+01	2.065124184853292277e+01	2.044973900650991894e+01	2.012066019395206595e+01	1.926036874512611874e+01	2.036940897853467902e+01	1.974073063397551664e+01	1.994685645251006179e+01	1.969104874339583233e+01	1.987915675813462002e+01	1.927842016957558968e+01	2.048716027666251449e+01	1.929698165281823918e+01	1.936065548943799186e+01	1.961843633120350816e+01	2.027878251808235177e+01	2.067300941814107063e+01	2.016038425828449832e+01	1.968894822665598454e+01	2.023992932992065263e+01	1.988929125259967989e+01	1.980665386205815892e+01	2.020026101761336079e+01	1.992717617126180940e+01	1.938061156606164559e+01	2.071490700322637579e+01	1.960162891079119163e+01	1.978814648731628978e+01	1.958096651785719899e+01	2.010745948001816430e+01	2.014580625748327591e+01	2.017936946026654965e+01	1.992676809362522761e+01	2.041758940139424894e+01	1.944493669693569515e+01	1.982190529034212645e+01
2.043069731558126634e+01	2.011899544562836439e+01	2.961136230004623116e+01	1.972649788536954318e+01	2.047160350304635301e+01	1.962072490366502109e+01	2.026735644296444860e+01	2.024425716524291019e+01	2.027585216315220151e+01	2.036404688484832093e+01	2.075650146013828135e+01	2.032189376462007502e+01	2.040736780086687219e+01	2.026747975269281810e+01	1.991965803344973551e+01	2.075020071690631696e+01	2.092652919593988869e+01	2.006180726204004117e+01	1.927071599785483258e+01	2.038080573634752213e+01	1.954242881797680198e+01	2.005641362125389904e+01	1.978542886605501039e+01	2.024917296417387291e+01	1.983250567781708895e+01	2.018682109553945736e+01	1.941250890759852510e+01	2.002861949247886031e+01	2.049766225471844905e+01	2.069067053026775937e+01	2.022850748237912200e+01	2.028058767488927217e+01	2.003176206712827323e+01	2.006886768279246880e+01	1.994640602220962577e+01	1.989048740504278001e+01	2.060918165320696360e+01	2.015029681497533076e+01	1.939442568416347257e+01	2.086517902032344907e+01	1.973755178701863855e+01	2.008443026685037225e+01	1.979744563677082425e+01	2.017089403278505699e+01	2.074773405577341023e+01	2.017318110999474357e+01	1.969299363847381201e+01	2.046590622132308468e+01	2.001330963310553557e+01	2.036310340334647151e+01
2.020096455629974486e+01	1.978151672225517643e+01	1.972649788536954318e+01	2.962962222513909438e+01	2.034018584202187796e+01	1.917022164400593098e+01	1.940722551526456741e+01	1.977891404611320780e+01	1.975024702913601971e+01	1.975121131651603434e+01	1.984963728465172750e+01	1.964782207332848074e+01	1.979758573753397854e+01	1.988605165003044206e+01	1.949230899941130346e+01	2.045056178031196481e+01	2.051470684349846607e+01	1.996682094205010571e+01	1.893570895123867004e+01	2.003866944007393158e+01	1.924999571926798581e+01	2.006280850300494478e+01	1.981226164751102559e+01	1.938937319736735532e+01	1.972273080982390070e+01	1.996407051125937215e+01	1.944451906154277765e+01	1.964558197953978791e+01	2.018273403385878595e+01	2.011275657445879617e+01	2.038002185475206929e+01	1.996723114878629346e+01	1.979170983899672365e+01	1.931594025457458486e+01	1.918113272598273511e+01	1.955170004053027810e+01	2.017261811426736529e+01	2.007092460118293431e+01	1.908932082803029573e+01	2.023481343834716029e+01	1.950726640066666562e+01	1.965840077723630941e+01	1.920168994124558637e+01	1.988028910009994377e+01	1.987499680283852754e+01	1.926389570571242160e+01	1.917567999260329970e+01	1.996708027597151514e+01	1.964163664135294951e+01	2.000887916793779553e+01
2.078945347870123328e+01	2.033551049148913137e+01	2.047160350304635301e+01	2.034018584202187796e+01	3.093560717814397876e+01	2.001209308644228457e+01	2.012474835201364698e+01	2.088949352599739484e+01	2.104507695007792734e+01	2.028421175711821434e+01	2.125111700213226129e+01	2.057194304088714176e+01	2.080368076773113373e+01	2.091699055345712210e+01	2.011696107222761043e+01	2.088134301708202756e+01	2.117480689992926202e+01	2.059943562111675064e+01	2.004771591050681323e+01	2.068980298162756526e+01	1.967079227382284401e+01	2.010902268931451076e+01	2.032889700609065642e+01	2.055075375847982144e+01	2.026578456988405819e+01	2.063839393080856510e+01	1.999561546314693672e+01	2.070735287335953956e+01	2.013290007072919252e+01	2.080901854743006396e+01	2.078691294132310219e+01	2.077970552259265347e+01	2.057527142507555951e+01	2.074829139646870857e+01	2.035649322140172401e+01	2.056530629039188085e+01	2.098613227691824790e+01	2.047467727643172708e+01	1.974671195247417188e+01	2.084664293715755079e+01	1.980716530530072816e+01	2.040291865574963737e+01	2.015562637728596584e+01	2.032731853365747554e+01	2.077023243098494731e+01	2.017864290975530395e+01	2.030992059051521892e+01	2.078134160505542738e+01	2.020658871388222266e+01	2.053725375390954611e+01
2.011564021375723499e+01	1.980695423375426856e+01	1.962072490366502109e+01	1.917022164400593098e+01	2.001209308644228457e+01	2.914121660029415750e+01	1.957589959093715493e+01	1.976947151743180342e+01	1.996011372081056123e+01	1.934511244752967229e+01	2.018379289549395850e+01	1.978699867345445185e+01	1.963470765192898781e+01	2.013048993737684000e+01	1.944587650396623602e+01	2.016627452179979940e+01	2.041390644635458429e+01	2.002004124284523456e+01	1.934934296198442993e+01	1.974633054917958574e+01	1.938835670925388399e+01	1.954587380311330946e+01	1.925793513772946497e+01	1.946998634235972858e+01	1.930774771158154479e+01	1.994274196653440967e+01	1.903342606522978997e+01	1.921831474603147427e+01	1.996861024371941795e+01	1.977087693679979452e+01	2.018332621867349630e+01	1.961451204086970179e+01	1.963169510781154159e+01	1.953469305851180593e+01	1.933292646458444963e+01	1.919468609366231604e+01	2.009288551012821600e+01	1.975179101550385852e+01	1.924252215904665064e+01	2.034030527999017224e+01	1.924087358329096986e+01	1.942457514931739837e+01	1.904805068678414770e+01	1.958512007199543703e+01	1.984673052272107441e+01	1.942916771283725197e+01	1.912497696539060144e+01	1.983593277387558729e+01	1.920752061945604083e+01	1.977384697503581279e+01
2.053743386926177195e+01	1.968606574047642610e+01	2.026735644296444860e+01	1.940722551526456741e+01	2.012474835201364698e+01	1.957589959093715493e+01	2.981050659776399669e+01	2.039705686462241374e+01	2.003730832744605905e+01	1.980949321670733454e+01	2.036174043570380832e+01	2.021102156928234095e+01	2.017374574284383115e+01	2.035674799105500909e+01	1.950096944729976656e+01	2.094590978484913535e+01	2.052175163240618616e+01	1.999887474822265077e+01	1.897577873431098539e+01	2.039791180566363238e+01	1.945404037595828939e+01	1.999077953852314238e+01	1.993401087520582138e+01	2.015587171020682433e+01	1.925372567467952578e+01	1.997270762002100852e+01	1.957244624856462423e+01	1.942603702294162105e+01	1.971801833963952078e+01	2.009232563802350668e+01	2.030563765543245935e+01	1.998218181639600388e+01	2.013177152236351120e+01	1.991247868786881625e+01	1.962826986065550372e+01	1.951026320637630462e+01	2.035914491215044819e+01	2.005190372696693402e+01	1.969302203314152777e+01	2.096654070264481717e+01	1.953547744754230919e+01	1.956540238653720465e+01	1.971405906265071906e+01	2.008693866604280842e+01	2.020809660593539547e+01	1.992871891319104094e+01	1.997707975999268015e+01	2.034351206560116765e+01	1.954101619226463527e+01	2.014615297204947808e+01
2.092416162004662894e+01	2.044930591617937310e+01	2.024425716524291019e+01	1.977891404611320780e+01	2.088949352599739484e+01	1.976947151743180342e+01	2.039705686462241374e+01	3.064872973727798566e+01	2.028226014769689201e+01	2.006916692964763627e+01	2.086200372371196821e+01	2.037914137090275091e+01	2.053695782347451626e+01	2.074446007888548138e+01	2.008313928283294558e+01	2.108038699366068158e+01	2.093170545284790407e+01	2.040883194111076904e+01	1.930266153868274159e+01	2.068296866692434222e+01	1.988483248983518692e+01	2.026603959098144259e+01	2.025698979335418670e+01	2.029534072488842256e+01	1.978306792485461685e+01	2.084446346698815233e+01	1.980185694721580347e+01	2.007844128620056523e+01	2.034497028361813165e+01	2.060169117396577576e+01	2.056274385455223097e+01	2.059995754928401013e+01	1.997933757215294293e+01	2.064242227048091749e+01	2.041757006419845766e+01	1.990633697414413916e+01	2.065807480046130351e+01	2.045647076309802159e+01	1.989366025458458864e+01	2.105655235084335786e+01	2.005883169946374167e+01	2.024617156776399440e+01	2.000005177117781940e+01	2.049578536692963482e+01	2.080072838288575809e+01	2.036418560322873006e+01	1.982487370120965053e+01	2.048179442807384376e+01	1.970017266164911263e+01	2.029855309264990737e+01
2.034250958912841156e+01	2.013101692166873846e+01	2.027585216315220151e+01	1.975024702913601971e+01	2.104507695007792734e+01	1.996011372081056123e+01	2.003730832744605905e+01	2.028226014769689201e+01	3.045533723575543661e+01	1.972944841345860212e+01	2.085524355796488294e+01	1.988769227719843968e+01	2.005152292146733117e+01	2.081694227589506951e+01	1.975241337747673498e+01	2.109308775274790548e+01	2.085524160229221735e+01	2.000926870543338865e+01	1.989188726697200948e+01	2.030023176192808165e+01	2.009581857619136969e+01	1.993752206332888122e+01	1.965354477359461427e+01	1.998926254261366964e+01	1.967201279611670728e+01	2.054556877856983732e+01	1.960422844830740985e+01	2.007636647630634741e+01	2.004270482242866080e+01	2.047940147602668759e+01	2.090013161648918683e+01	2.059206570728133201e+01	2.023558521948106659e+01	2.044032475390401871e+01	2.029950630577820903e+01	2.013090940210305035e+01	2.025496428455150522e+01	2.044464997728748301e+01	1.976386737121957893e+01	2.101795049026300433e+01	2.005159523669614074e+01	2.018528150090692463e+01	1.942077037850336652e+01	2.029774763816880068e+01	2.045167175884360589e+01	2.030845641885714770e+01	1.983896201166759710e+01	2.037605869266328185e+01	1.992484466058281356e+01	2.003254295310650690e+01
2.042533424582418178e+01	1.953258603985112885e+01	2.036404688484832093e+01	1.975121131651603434e+01	2.028421175711821434e+01	1.934511244752967229e+01	1.980949321670733454e+01	2.006916692964763627e+01	1.972944841345860212e+01	2.939158685488143874e+01	2.016660816150143987e+01	1.975191294222182492e+01	2.013336717072215620e+01	2.036526528178023199e+01	1.958379600205269711e+01	2.042711672840639991e+01	2.042067934272766649e+01	1.959195819379382897e+01	1.902751261031291463e+01	1.999150183687304860e+01	1.955621007996182925e+01	1.983770490259396624e+01	1.990370592425198026e+01	2.008295353089620150e+01	1.949016358201255628e+01	2.011665511524712358e+01	1.959515916761915832e+01	1.936985702383211461e+01	1.988637439556224962e+01	1.995580426230092641e+01	2.030766653183586357e+01	2.014605590027660043e+01	2.022225417258078650e+01	1.999007447613113087e+01	1.985823280126217227e+01	1.926517085020780584e+01	2.007021197925990208e+01	2.001600070236924367e+01	1.934583669289410324e+01	2.066456252406053906e+01	1.962330757913340307e+01	1.991642572341460848e+01	1.974297174129539556e+01	1.996513750108681506e+01	2.002405267322631843e+01	1.971915936164397465e+01	1.969069959812937043e+01	2.035864963351814083e+01	1.921038371899739161e+01	1.990363502291701181e+01
2.115704296187099231e+01	2.032130556196472781e+01	2.075650146013828135e+01	1.984963728465172750e+01	2.125111700213226129e+01	2.018379289549395850e+01	2.036174043570380832e+01	2.086200372371196821e+01	2.085524355796488294e+01	2.016660816150143987e+01	3.081127778411112672e+01	2.044357095909934330e+01	2.072708871587086321e+01	2.104445521534005081e+01	2.050290414217300494e+01	2.099848355261270427e+01	2.119851360299673360e+01	2.065113450937555584e+01	2.029303617681854632e+01	2.080000144005076379e+01	2.017431785108061248e+01	2.028294212059493518e+01	2.045363472613682276e+01	2.053245515611716243e+01	1.998556341351090992e+01	2.072760987849037662e+01	1.986372969191780768e+01	2.019048334305096759e+01	2.093414928359512217e+01	2.062058048102570140e+01	2.087678533057301422e+01	2.088334705697328531e+01	2.058316367755738341e+01	2.060348337320824896e+01	2.025538981072277878e+01	2.029575689525591642e+01	2.088342364622409519e+01	2.062366181446193636e+01	1.988319440308070085e+01	2.171464418795036977e+01	2.007634900507479614e+01	2.016284848864037471e+01	2.034700282274495464e+01	2.048465722125614263e+01	2.075705565037254630e+01	2.101066067645622226e+01	2.011995513324994533e+01	2.117572949134689253e+01	2.030372061252312221e+01	2.066404235729616801e+01
2.069114331064186985e+01	2.018576820267804450e+01	2.032189376462007502e+01	1.964782207332848074e+01	2.057194304088714176e+01	1.978699867345445185e+01	2.021102156928234095e+01	2.037914137090275091e+01	1.988769227719843968e+01	1.975191294222182492e+01	2.044357095909934330e+01	3.005554085357661265e+01	2.036147250856304680e+01	2.014390499872706997e+01	2.005074235192631349e+01	2.028520970218066566e+01	2.065362747001890398e+01	2.007584813151342473e+01	1.953476759517067407e+01	2.024854973322204543e+01	1.950999522166312872e+01	1.998055249057440719e+01	2.002380648843358912e+01	2.014956283819282490e+01	1.962242507240339151e+01	2.034448582839637254e+01	1.946541342155837384e+01	1.947137144583211921e+01	1.988732704452761268e+01	1.999138354407892493e+01	2.055650748955930140e+01	2.049141666036451781e+01	1.966650495270669552e+01	2.017133974227246540e+01	1.990114954220624099e+01	1.977494870107920377e+01	2.036188268215498098e+01	2.001671138439289521e+01	1.953494513239313690e+01	2.074479135265388052e+01	1.962076748479099919e+01	1.986345072881407958e+01	1.957416964627594780e+01	2.008939795610628920e+01	2.020305633501763509e+01	1.967393731657428546e+01	1.966380730409201050e+01	2.033658262984628706e+01	1.957295196935561421e+01	2.002580663495104218e+01
2.072935286594686133e+01	1.985201865648994968e+01	2.040736780086687219e+01	1.979758573753397854e+01	2.080368076773113373e+01	1.963470765192898781e+01	2.017374574284383115e+01	2.053695782347451626e+01	2.005152292146733117e+01	2.013336717072215620e+01	2.072708871587086321e+01	2.036147250856304680e+01	2.998055208901926605e+01	2.085349864383299590e+01	1.976950089651148801e+01	2.080080824782217164e+01	2.100449002542925925e+01	2.027976564887953259e+01	1.969877993821233275e+01	2.080659850743283101e+01	1.973307445187536757e+01	2.047160472791062347e+01	2.012913191075657693e+01	2.039516028296763750e+01	2.013118641150875021e+01	2.035666662830847429e+01	2.004644436090375947e+01	1.991655176282587547e+01	2.047914665775731180e+01	2.033579465212657666e+01	2.064777700114926517e+01	2.018332749892062949e+01	2.000550510963261175e+01	2.061754289425564934e+01	1.984992718987145466e+01	1.968121025939128188e+01	2.045053744435948317e+01	1.987944535959021408e+01	1.952285504099472746e+01	2.106659174205745799e+01	1.989304477386398062e+01	1.993204999280035494e+01	1.989074744828509012e+01	2.002657949886803834e+01	2.014189547491766774e+01	2.055924925241426138e+01	1.971869575538830333e+01	2.054606045543579640e+01	1.959927346462925257e+01	2.030929629099776079e+01
2.061241593487420687e+01	2.039534021782639073e+01	2.026747975269281810e+01	1.988605165003044206e+01	2.091699055345712210e+01	2.013048993737684000e+01	2.035674799105500909e+01	2.074446007888548138e+01	2.081694227589506951e+01	2.036526528178023199e+01	2.104445521534005081e+01	2.014390499872706997e+01	2.085349864383299590e+01	3.061911596007189473e+01	2.000026273390101750e+01	2.086975358485244669e+01	2.086590539787241028e+01	1.995757484307474527e+01	1.965814255917782916e+01	2.033802682491208458e+01	2.013335829050211956e+01	2.033851974822163200e+01	2.013427517846928794e+01	2.071969352435316836e+01	1.984828556655900655e+01	2.046905185190749776e+01	1.957672584023736562e+01	2.018159656196349871e+01	2.059458785322645014e+01	2.048832760297892719e+01	2.092867982405328675e+01	2.020521970614649376e+01	2.027469364641284599e+01	2.068832552999044339e+01	2.012529172833130886e+01	1.999716436325457281e+01	2.079009919788309446e+01	2.050467723932674602e+01	1.972754301445386105e+01	2.123160270874888411e+01	1.966408996276394916e+01	2.011173391939701460e+01	1.985338192004545732e+01	2.022626910635061748e+01	2.024109704740049764e+01	2.085216822010830739e+01	1.970879465008477993e+01	2.028749291709116065e+01	1.981346191076023899e+01	2.043762405970456086e+01
2.052903088403079579e+01	1.989515455867883986e+01	1.991965803344973551e+01	1.949230899941130346e+01	2.011696107222761043e+01	1.944587650396623602e+01	1.950096944729976656e+01	2.008313928283294558e+01	1.975241337747673498e+01	1.958379600205269711e+01	2.050290414217300494e+01	2.005074235192631349e+01	1.976950089651148801e+01	2.000026273390101750e+01	2.939544323278172300e+01	2.059176832769581722e+01	2.060340890981978390e+01	1.984503879176799401e+01	1.936278630688795133e+01	2.028494683472745308e+01	1.953594064608494563e+01	1.979485559349867074e+01	2.024835119324084332e+01	1.998477153866186029e+01	1.953229621860188203e+01	1.995977524118388757e+01	1.913349041471881407e+01	1.956011211030535080e+01	2.007180964832115322e+01	2.008605681907614127e+01	2.003789207107798021e+01	1.993176534238102349e+01	1.985740259990558698e+01	1.985141943765245642e+01	1.980753803348655495e+01	1.953048235384454046e+01	2.031823236164337487e+01	1.977123611211719734e+01	1.951808813303010837e+01	2.054343149726690498e+01	1.980041265073922929e+01	1.966700440685494655e+01	1.948672274541375060e+01	1.965210996960613699e+01	2.005191868511075626e+01	1.990339419610984706e+01	1.927724449614778734e+01	2.023450341831955868e+01	1.934636056130538151e+01	1.988309394556261367e+01
2.088752335817451211e+01	2.065124184853292277e+01	2.075020071690631696e+01	2.045056178031196481e+01	2.088134301708202756e+01	2.016627452179979940e+01	2.094590978484913535e+01	2.108038699366068158e+01	2.109308775274790548e+01	2.042711672840639991e+01	2.099848355261270427e+01	2.028520970218066566e+01	2.080080824782217164e+01	2.086975358485244669e+01	2.059176832769581722e+01	3.085151972439416568e+01	2.093547215015981777e+01	2.060149984565192227e+01	1.963688322579873358e+01	2.077731069319580826e+01	2.029659920263875961e+01	2.045215357924834620e+01	2.038336548904589307e+01	2.053053479401404502e+01	2.004019674076514335e+01	2.075991131887167995e+01	2.025707780383417145e+01	2.006850406414758581e+01	2.068736940036673744e+01	2.054379401190380250e+01	2.063576540596291053e+01	2.092210815554012981e+01	2.052478158836541056e+01	2.050646287987876448e+01	2.065004526101082405e+01	2.045870872128547902e+01	2.081960099778970275e+01	2.033725852201066431e+01	2.015947871882729814e+01	2.141386004966546253e+01	2.017723471848506023e+01	2.042191566728212138e+01	2.016769371535540500e+01	2.092806856509305291e+01	2.096663880807907532e+01	2.033742984221147054e+01	1.995739839292339113e+01	2.045055229693972976e+01	2.012179409310623512e+01	2.073214900898042146e+01
2.122504194060286054e+01	2.044973900650991894e+01	2.092652919593988869e+01	2.051470684349846607e+01	2.117480689992926202e+01	2.041390644635458429e+01	2.052175163240618616e+01	2.093170545284790407e+01	2.085524160229221735e+01	2.042067934272766649e+01	2.119851360299673360e+01	2.065362747001890398e+01	2.100449002542925925e+01	2.086590539787241028e+01	2.060340890981978390e+01	2.093547215015981777e+01	3.095342997782398697e+01	2.083055030457746071e+01	2.024609617035893550e+01	2.053037511085813094e+01	1.992818541856971137e+01	2.070958369715977199e+01	2.077177441554245618e+01	2.077616331803882233e+01	2.026622479887480921e+01	2.087115168427210321e+01	1.993117073885849777e+01	2.014866354704432894e+01	2.082444149438808623e+01	2.099554466849622614e+01	2.090595600724851622e+01	2.097140050423328361e+01	2.063288114526758221e+01	2.059882432050232381e+01	2.034501945232865339e+01	2.029865346505560808e+01	2.089591120419498083e+01	2.067333326428260420e+01	2.031840031387340773e+01	2.154540588417371083e+01	2.020966825910048570e+01	2.024140587850223483e+01	2.053313039246325289e+01	2.043895452967192838e+01	2.070824892264474215e+01	2.074549004052778756e+01	2.011625019582033858e+01	2.126886425731510499e+01	2.017324546519786921e+01	2.067470376647612795e+01
2.058685491773813681e+01	2.012066019395206595e+01	2.006180726204004117e+01	1.996682094205010571e+01	2.059943562111675064e+01	2.002004124284523456e+01	1.999887474822265077e+01	2.040883194111076904e+01	2.000926870543338865e+01	1.959195819379382897e+01	2.065113450937555584e+01	2.007584813151342473e+01	2.027976564887953259e+01	1.995757484307474527e+01	1.984503879176799401e+01	2.060149984565192227e+01	2.083055030457746071e+01	2.966547344760205718e+01	1.955169639673700388e+01	2.064464534124406470e+01	1.964194146918516282e+01	2.006017835436603391e+01	2.011730378783477136e+01	2.006294570770091568e+01	1.961393428511535930e+01	2.079997751939629680e+01	1.991105296313071804e+01	1.987111550134614291e+01	1.970006815019971214e+01	2.055214124067957471e+01	2.064066966116881474e+01	2.044929205491828128e+01	1.983335305351481281e+01	1.997714460904928302e+01	2.012995919350312235e+01	2.005011786061399803e+01	2.053766790165986578e+01	1.994583106176551013e+01	2.004742617536778226e+01	2.097585365001097912e+01	1.958026793646567043e+01	1.963189295173524584e+01	1.969108259433649977e+01	2.015770401028799697e+01	2.046479631472409011e+01	2.018138343624989517e+01	1.931709027975567139e+01	2.076880017984806059e+01	1.977560367057742496e+01	1.996744555811556765e+01
2.008253748094172764e+01	1.926036874512611874e+01	1.927071599785483258e+01	1.893570895123867004e+01	2.004771591050681323e+01	1.934934296198442993e+01	1.897577873431098539e+01	1.930266153868274159e+01	1.989188726697200948e+01	1.902751261031291463e+01	2.029303617681854632e+01	1.953476759517067407e+01	1.969877993821233275e+01	1.965814255917782916e+01	1.936278630688795133e+01	1.963688322579873358e+01	2.024609617035893550e+01	1.955169639673700388e+01	2.911736825807149387e+01	1.979523696871197913e+01	1.882634502050426306e+01	1.926488374772376488e+01	1.925995085707737786e+01	1.986584998974392846e+01	1.916390535132384088e+01	1.960266426092717396e+01	1.893524266341565720e+01	1.873030480105453677e+01	1.955236505539282987e+01	1.998706198775493803e+01	1.973472549701856593e+01	1.943280992308829980e+01	1.948669177252419971e+01	1.956505607166020866e+01	1.951709050532393874e+01	1.913552553551313906e+01	1.983376417908673162e+01	1.961334080784422440e+01	1.889769300529709639e+01	2.016908466110494302e+01	1.888049902741272845e+01	1.963382027132154661e+01	1.896449936947371029e+01	1.978575600275872759e+01	1.977883256756160790e+01	1.937709909570464362e+01	1.920429179591273083e+01	1.949604058531230066e+01	1.926763849313086041e+01	1.947188141486752144e+01
2.067685591583335736e+01	2.036940897853467902e+01	2.038080573634752213e+01	2.003866944007393158e+01	2.068980298162756526e+01	1.974633054917958574e+01	2.039791180566363238e+01	2.068296866692434222e+01	2.030023176192808165e+01	1.999150183687304860e+01	2.080000144005076379e+01	2.024854973322204543e+01	2.080659850743283101e+01	2.033802682491208458e+01	2.028494683472745308e+01	2.077731069319580826e+01	2.053037511085813094e+01	2.064464534124406470e+01	1.979523696871197913e+01	2.987710806534291663e+01	1.986943505620609329e+01	2.017616867615728538e+01	2.020318296647416645e+01	2.020844424286304886e+01	1.978089674369037709e+01	2.069076853254141923e+01	1.995711419128737063e+01	2.011612332824212146e+01	2.018205836736290948e+01	2.037055633633307394e+01	2.064220813292801182e+01	2.072234910492989357e+01	1.979407723542209396e+01	2.037327581523511455e+01	2.027474554898380177e+01	2.006933641852609185e+01	2.078298147200755253e+01	2.010468298848452662e+01	1.945135262350196115e+01	2.104420073355354148e+01	1.977451357257373843e+01	1.994285137726797075e+01	1.985298985156302010e+01	2.027347795128289221e+01	2.046945167106062513e+01	2.032197555908861375e+01	1.983629966231474739e+01	2.007883868270775096e+01	1.968266157626337787e+01	2.015676487458173227e+01
1.973178588883133955e+01	1.974073063397551664e+01	1.954242881797680198e+01	1.924999571926798581e+01	1.967079227382284401e+01	1.938835670925388399e+01	1.945404037595828939e+01	1.988483248983518692e+01	2.009581857619136969e+01	1.955621007996182925e+01	2.017431785108061248e+01	1.950999522166312872e+01	1.973307445187536757e+01	2.013335829050211956e+01	1.953594064608494563e+01	2.029659920263875961e+01	1.992818541856971137e+01	1.964194146918516282e+01	1.882634502050426306e+01	1.986943505620609329e+01	2.893365541341366765e+01	1.952450777928681092e+01	1.961866032479247934e+01	1.952684301823259716e+01	1.917438900247360323e+01	1.987336284467270886e+01	1.927361024847008508e+01	1.966291334999035811e+01	1.943396837873905625e+01	1.973762769038405551e+01	2.010118144956995678e+01	1.952070795450277174e+01	1.952056006423258339e+01	1.991309623240930193e+01	1.924874711418207696e+01	1.953138380166629773e+01	1.989337719519978265e+01	1.967591288496532442e+01	1.883375891124125445e+01	2.034118435602625397e+01	1.893865980744985578e+01	1.917553136001312097e+01	1.902620148817601020e+01	1.935226686269829699e+01	1.983409613965219975e+01	1.977671375262411857e+01	1.906126375857391508e+01	1.971613538696345813e+01	1.894930442474170817e+01	1.936206737975561865e+01
2.032255000621478658e+01	1.994685645251006179e+01	2.005641362125389904e+01	2.006280850300494478e+01	2.010902268931451076e+01	1.954587380311330946e+01	1.999077953852314238e+01	2.026603959098144259e+01	1.993752206332888122e+01	1.983770490259396624e+01	2.028294212059493518e+01	1.998055249057440719e+01	2.047160472791062347e+01	2.033851974822163200e+01	1.979485559349867074e+01	2.045215357924834620e+01	2.070958369715977199e+01	2.006017835436603391e+01	1.926488374772376488e+01	2.017616867615728538e+01	1.952450777928681092e+01	2.937555797663609169e+01	1.998745646149278343e+01	2.038482411763014923e+01	1.967812758295502462e+01	2.070550503991406188e+01	1.954861275992112368e+01	1.985000548613594873e+01	2.012964372297706461e+01	2.022834979690918900e+01	2.054605592188078234e+01	2.015904846373945603e+01	2.002959734212958054e+01	1.971760253679468988e+01	1.983373713470249200e+01	1.956748926180184256e+01	2.044921606405886294e+01	2.015671406475108185e+01	1.890951501410646785e+01	2.058410039613419329e+01	1.946409943111902052e+01	1.978204352591810533e+01	1.991984414643555112e+01	1.988861347268367297e+01	2.012825463739073939e+01	1.996224432708161700e+01	1.934030724228656339e+01	1.992289184958138648e+01	1.958666196269116710e+01	2.002434476986575262e+01
2.041209740501808412e+01	1.969104874339583233e+01	1.978542886605501039e+01	1.981226164751102559e+01	2.032889700609065642e+01	1.925793513772946497e+01	1.993401087520582138e+01	2.025698979335418670e+01	1.965354477359461427e+01	1.990370592425198026e+01	2.045363472613682276e+01	2.002380648843358912e+01	2.012913191075657693e+01	2.013427517846928794e+01	2.024835119324084332e+01	2.038336548904589307e+01	2.077177441554245618e+01	2.011730378783477136e+01	1.925995085707737786e+01	2.020318296647416645e+01	1.961866032479247934e+01	1.998745646149278343e+01	2.924396023079772533e+01	1.980675690374765097e+01	1.981862355810871179e+01	1.987676490629992188e+01	1.915818208676887124e+01	1.946796955388066763e+01	2.004475882228575756e+01	2.062753870991267036e+01	2.032390863000565417e+01	2.035344997384488508e+01	1.983016004766619744e+01	1.983532475795899686e+01	2.009593929815263991e+01	1.953918806159796873e+01	2.005960188673541467e+01	2.032097634380157913e+01	1.979041806889994959e+01	2.083034672137691956e+01	1.959144683473595450e+01	1.932862077937012302e+01	1.951115353977082378e+01	2.003963592958273310e+01	1.993711411680672541e+01	1.988627680887594451e+01	1.971899135704416395e+01	1.982643465510735226e+01	1.937986429632391250e+01	1.980996883106122652e+01
2.046186718610691102e+01	1.987915675813462002e+01	2.024917296417387291e+01	1.938937319736735532e+01	2.055075375847982144e+01	1.946998634235972858e+01	2.015587171020682433e+01	2.029534072488842256e+01	1.998926254261366964e+01	2.008295353089620150e+01	2.053245515611716243e+01	2.014956283819282490e+01	2.039516028296763750e+01	2.071969352435316836e+01	1.998477153866186029e+01	2.053053479401404502e+01	2.077616331803882233e+01	2.006294570770091568e+01	1.986584998974392846e+01	2.020844424286304886e+01	1.952684301823259716e+01	2.038482411763014923e+01	1.980675690374765097e+01	2.985610511410862955e+01	1.971358262344676149e+01	2.007294871333393971e+01	1.939092569985019310e+01	1.963669577199166483e+01	1.992948418709411484e+01	2.039812021166675748e+01	2.024762138694420344e+01	2.032450923998527870e+01	1.995925193604804093e+01	2.032989777944753484e+01	2.010850049783983096e+01	1.945549683966235577e+01	2.064885592369441625e+01	2.005745719011045836e+01	1.963479600917179368e+01	2.073283191963898631e+01	1.934110710952181478e+01	1.978529569281327838e+01	1.969946984253702027e+01	1.986667266230391249e+01	2.012110623424125677e+01	2.010677388411428623e+01	1.940335231007549410e+01	2.018763349805490037e+01	1.947681917131505358e+01	2.003591651055048573e+01
1.991625694319878548e+01	1.927842016957558968e+01	1.983250567781708895e+01	1.972273080982390070e+01	2.026578456988405819e+01	1.930774771158154479e+01	1.925372567467952578e+01	1.978306792485461685e+01	1.967201279611670728e+01	1.949016358201255628e+01	1.998556341351090992e+01	1.962242507240339151e+01	2.013118641150875021e+01	1.984828556655900655e+01	1.953229621860188203e+01	2.004019674076514335e+01	2.026622479887480921e+01	1.961393428511535930e+01	1.916390535132384088e+01	1.978089674369037709e+01	1.917438900247360323e+01	1.967812758295502462e+01	1.981862355810871179e+01	1.971358262344676149e+01	2.863142389649061670e+01	1.961794128096548206e+01	1.932810819562333648e+01	1.919251656930691396e+01	1.965529728067493664e+01	1.971732847133527144e+01	2.004452044634225771e+01	1.960365503346168836e+01	1.973735406413626592e+01	1.947705563031647102e+01	1.942429126433371422e+01	1.931438968956492630e+01	1.998312819127954754e+01	1.964572435225360891e+01	1.926590343951264828e+01	2.036629787807866876e+01	1.935455068587528515e+01	1.905875093637157036e+01	1.976795272141569981e+01	1.978835147643684067e+01	1.978594909806518842e+01	1.930045499857417113e+01	1.919468803167917414e+01	1.990472135764373718e+01	1.935674890532715864e+01	1.973579235861723902e+01
2.055846560352252794e+01	2.048716027666251449e+01	2.018682109553945736e+01	1.996407051125937215e+01	2.063839393080856510e+01	1.994274196653440967e+01	1.997270762002100852e+01	2.084446346698815233e+01	2.054556877856983732e+01	2.011665511524712358e+01	2.072760987849037662e+01	2.034448582839637254e+01	2.035666662830847429e+01	2.046905185190749776e+01	1.995977524118388757e+01	2.075991131887167995e+01	2.087115168427210321e+01	2.079997751939629680e+01	1.960266426092717396e+01	2.069076853254141923e+01	1.987336284467270886e+01	2.070550503991406188e+01	1.987676490629992188e+01	2.007294871333393971e+01	1.961794128096548206e+01	3.081942957889391010e+01	2.005030986716233699e+01	2.001511060430443578e+01	2.024144904180948146e+01	2.050254577428239955e+01	2.116462608112412269e+01	2.037536582951522490e+01	1.990329342186052486e+01	2.049412579235280063e+01	2.018990509146077628e+01	1.989384355268484228e+01	2.020678570396388096e+01	2.034400165099483715e+01	1.951033611637219067e+01	2.113041557238532064e+01	1.986835994952553719e+01	1.973770319935761464e+01	2.001996471862824833e+01	2.056847663470971099e+01	1.996162176894112861e+01	2.050043120970535071e+01	1.964786412800221527e+01	2.060284619642843751e+01	1.965566706468615976e+01	2.021806661587267229e+01
2.003699083677762616e+01	1.929698165281823918e+01	1.941250890759852510e+01	1.944451906154277765e+01	1.999561546314693672e+01	1.903342606522978997e+01	1.957244624856462423e+01	1.980185694721580347e+01	1.960422844830740985e+01	1.959515916761915832e+01	1.986372969191780768e+01	1.946541342155837384e+01	2.004644436090375947e+01	1.957672584023736562e+01	1.913349041471881407e+01	2.025707780383417145e+01	1.993117073885849777e+01	1.991105296313071804e+01	1.893524266341565720e+01	1.995711419128737063e+01	1.927361024847008508e+01	1.954861275992112368e+01	1.915818208676887124e+01	1.939092569985019310e+01	1.932810819562333648e+01	2.005030986716233699e+01	2.854150296314341162e+01	1.962700558451143351e+01	1.980338041605983790e+01	2.007792332106309630e+01	2.003339327428334826e+01	1.989282285614683587e+01	1.955721812957255068e+01	1.953289841701992202e+01	1.936292451183610908e+01	1.901428528150522368e+01	2.008061416273843847e+01	1.927699204387048226e+01	1.927436228226057580e+01	2.021979015172051319e+01	1.919374051616876997e+01	1.931625869541662510e+01	1.933128729561574133e+01	1.950603960188368546e+01	2.011358096045684363e+01	1.949598341507379473e+01	1.898321991086390526e+01	1.953125668783291502e+01	1.946168551223268395e+01	1.925983756195258678e+01
2.015289182911082833e+01	1.936065548943799186e+01	2.002861949247886031e+01	1.964558197953978791e+01	2.070735287335953956e+01	1.921831474603147427e+01	1.942603702294162105e+01	2.007844128620056523e+01	2.007636647630634741e+01	1.936985702383211461e+01	2.019048334305096759e+01	1.947137144583211921e+01	1.991655176282587547e+01	2.018159656196349871e+01	1.956011211030535080e+01	2.006850406414758581e+01	2.014866354704432894e+01	1.987111550134614291e+01	1.873030480105453677e+01	2.011612332824212146e+01	1.966291334999035811e+01	1.985000548613594873e+01	1.946796955388066763e+01	1.963669577199166483e+01	1.919251656930691396e+01	2.001511060430443578e+01	1.962700558451143351e+01	2.928783776806585948e+01	1.981980229873988719e+01	1.971815565548405402e+01	2.001066102076111264e+01	1.985781614423129326e+01	1.980790014599780946e+01	1.984085707695358991e+01	1.895480319036163053e+01	1.949710165807193718e+01	1.998108660966642702e+01	1.974085377370358074e+01	1.912112254741056105e+01	2.012062359761479513e+01	1.916434989269402678e+01	1.945738091268612990e+01	1.948013582777169006e+01	1.977836457847105933e+01	1.998441092852178613e+01	1.942550667043989421e+01	1.916776100160545937e+01	1.983297118787228541e+01	1.932187483444345943e+01	1.968374425400978467e+01
2.045171694339265756e+01	1.961843633120350816e+01	2.049766225471844905e+01	2.018273403385878595e+01	2.013290007072919252e+01	1.996861024371941795e+01	1.971801833963952078e+01	2.034497028361813165e+01	2.004270482242866080e+01	1.988637439556224962e+01	2.093414928359512217e+01	1.988732704452761268e+01	2.047914665775731180e+01	2.059458785322645014e+01	2.007180964832115322e+01	2.068736940036673744e+01	2.082444149438808623e+01	1.970006815019971214e+01	1.955236505539282987e+01	2.018205836736290948e+01	1.943396837873905625e+01	2.012964372297706461e+01	2.004475882228575756e+01	1.992948418709411484e+01	1.965529728067493664e+01	2.024144904180948146e+01	1.980338041605983790e+01	1.981980229873988719e+01	3.014061984865931976e+01	2.055374482853589058e+01	2.026838627155308004e+01	2.046318944231878589e+01	2.017912839980155937e+01	2.011686308485142405e+01	1.959010473965613741e+01	1.963769111905405396e+01	2.045766760585272692e+01	2.023298924218044803e+01	1.964695938757994043e+01	2.079289048511069637e+01	2.008628361119098926e+01	2.015900456432429877e+01	1.974901345709474754e+01	2.044617918684502200e+01	2.023669335031468464e+01	2.017733992190595771e+01	1.971463795624155324e+01	2.054672983733421177e+01	1.953062892480331669e+01	2.019077508772748075e+01
2.079403948296400273e+01	2.027878251808235177e+01	2.069067053026775937e+01	2.011275657445879617e+01	2.080901854743006396e+01	1.977087693679979452e+01	2.009232563802350668e+01	2.060169117396577576e+01	2.047940147602668759e+01	1.995580426230092641e+01	2.062058048102570140e+01	1.999138354407892493e+01	2.033579465212657666e+01	2.048832760297892719e+01	2.008605681907614127e+01	2.054379401190380250e+01	2.099554466849622614e+01	2.055214124067957471e+01	1.998706198775493803e+01	2.037055633633307394e+01	1.973762769038405551e+01	2.022834979690918900e+01	2.062753870991267036e+01	2.039812021166675748e+01	1.971732847133527144e+01	2.050254577428239955e+01	2.007792332106309630e+01	1.971815565548405402e+01	2.055374482853589058e+01	3.061000820997059790e+01	2.102052752018674298e+01	2.039898271642882577e+01	2.021589227854458315e+01	2.037301759104786569e+01	2.012855466362604062e+01	1.978433434872720298e+01	2.060560399746134053e+01	2.037117272827534720e+01	1.964881582850053832e+01	2.094972116392758466e+01	1.962566910879689175e+01	2.046255851919526236e+01	2.010522732250118594e+01	2.018521249266032314e+01	2.047150498036940292e+01	2.032864648282371434e+01	1.965852813117135867e+01	2.044779440535613091e+01	1.991601033988129998e+01	2.055304082387569053e+01
2.081922796830152933e+01	2.067300941814107063e+01	2.022850748237912200e+01	2.038002185475206929e+01	2.078691294132310219e+01	2.018332621867349630e+01	2.030563765543245935e+01	2.056274385455223097e+01	2.090013161648918683e+01	2.030766653183586357e+01	2.087678533057301422e+01	2.055650748955930140e+01	2.064777700114926517e+01	2.092867982405328675e+01	2.003789207107798021e+01	2.063576540596291053e+01	2.090595600724851622e+01	2.064066966116881474e+01	1.973472549701856593e+01	2.064220813292801182e+01	2.010118144956995678e+01	2.054605592188078234e+01	2.032390863000565417e+01	2.024762138694420344e+01	2.004452044634225771e+01	2.116462608112412269e+01	2.003339327428334826e+01	2.001066102076111264e+01	2.026838627155308004e+01	2.102052752018674298e+01	3.059613930675797278e+01	2.080020491669375460e+01	2.030432476071538872e+01	2.057007679700706859e+01	2.036397328226782832e+01	2.021731020312944693e+01	2.057830915658233195e+01	2.038088273325995914e+01	1.984012336989441039e+01	2.091369009564221315e+01	2.003542302470773251e+01	2.019982976143124631e+01	2.001399396384331553e+01	2.069188622921623733e+01	2.048199303963407658e+01	2.032206789970059901e+01	2.017158505165289029e+01	2.026624687559830207e+01	2.019439477088539192e+01	2.079772767945978273e+01
2.052752184004030056e+01	2.016038425828449832e+01	2.028058767488927217e+01	1.996723114878629346e+01	2.077970552259265347e+01	1.961451204086970179e+01	1.998218181639600388e+01	2.059995754928401013e+01	2.059206570728133201e+01	2.014605590027660043e+01	2.088334705697328531e+01	2.049141666036451781e+01	2.018332749892062949e+01	2.020521970614649376e+01	1.993176534238102349e+01	2.092210815554012981e+01	2.097140050423328361e+01	2.044929205491828128e+01	1.943280992308829980e+01	2.072234910492989357e+01	1.952070795450277174e+01	2.015904846373945603e+01	2.035344997384488508e+01	2.032450923998527870e+01	1.960365503346168836e+01	2.037536582951522490e+01	1.989282285614683587e+01	1.985781614423129326e+01	2.046318944231878589e+01	2.039898271642882577e+01	2.080020491669375460e+01	2.996245681108928949e+01	1.966752434645161429e+01	2.031123097717343029e+01	2.015965105152726267e+01	1.971378277592848249e+01	2.047164871351989390e+01	2.041380946435441501e+01	1.936597155395816827e+01	2.106540100492668444e+01	1.969091403753597547e+01	2.011172706517641728e+01	1.950436392082790249e+01	2.033304445436684560e+01	2.044269776050147414e+01	1.969913085874091152e+01	2.009112802257178032e+01	2.025117259122846392e+01	2.017714068177293996e+01	2.012994139659851811e+01
