2.958820696476619005e+01	1.948405170116366492e+01	1.959281636858302988e+01	2.028074645443214408e+01	2.036363309907116559e+01	1.991872099329966872e+01	2.000358731551985514e+01	2.047231423023060159e+01	1.968021983492671367e+01	1.954154318822715553e+01	2.024034666638659274e+01	1.974597826746807883e+01	1.998760060810544203e+01	1.991001682669388373e+01	2.007573428216709388e+01	2.050005729866977333e+01	2.097340558244804143e+01	1.950094846322905795e+01	2.029720083499573136e+01	1.990572138228555232e+01	2.033089106264242574e+01	2.024150087261058673e+01	1.985896193513551111e+01	1.952588992447041605e+01	1.981710342448614881e+01	2.044629969400649827e+01	1.974336983530706391e+01	1.999660313948425738e+01	2.055189825726844433e+01	1.972092440874251196e+01	2.000561872889626969e+01	2.034364424040501262e+01	2.046214661552806646e+01	2.030387953986589977e+01	2.015879773342981451e+01	1.989832894079174253e+01	2.029482795943472695e+01	2.033161403585930316e+01	1.996843181784429078e+01	1.982453684576582376e+01	1.994147062347051147e+01	2.020489450252201991e+01	1.968330793451479011e+01	1.994154083769929997e+01	2.119341609212685640e+01	1.974244151614295006e+01	1.964135357674662075e+01	2.013304042899969204e+01	1.993351876238058651e+01	2.050205999062715634e+01
1.948405170116366492e+01	2.884187927148212793e+01	1.938921514261739176e+01	1.933446546761084051e+01	1.965193686250079352e+01	1.943428922349242072e+01	1.943079077821826672e+01	2.011396152763450829e+01	1.892527595494421533e+01	1.916938586151346158e+01	1.989382923999825792e+01	1.958266039533835468e+01	1.936871239051049898e+01	1.974710837056248991e+01	1.980403976680258893e+01	2.004284140298993577e+01	2.041919115471056045e+01	1.916711402117411467e+01	1.962574459433497154e+01	1.933460623168735637e+01	2.011696873118798834e+01	1.975474903561472928e+01	1.879527666202562131e+01	1.930897841393399972e+01	1.953712261913926440e+01	1.939234933403851002e+01	1.939821111661427011e+01	1.922098232377098626e+01	1.976761411206614838e+01	1.950756581071299323e+01	1.923762819912272093e+01	1.995493439973522598e+01	1.941194324179453901e+01	2.007618535480161981e+01	1.991697670666244946e+01	1.914169527713894681e+01	1.952300708158910680e+01	1.962024319897143343e+01	1.946180269336745283e+01	1.956060190093340267e+01	1.953414241731294965e+01	1.961697910560618752e+01	1.960682051912621660e+01	1.954032417248216902e+01	2.056782070250767802e+01	1.919699759424818453e+01	1.919257032186662926e+01	1.973321426863175176e+01	1.951252780558427347e+01	1.950969558457764208e+01
1.959281636858302988e+01	1.938921514261739176e+01	3.006750160659169424e+01	1.979108346491819148e+01	1.988836724972401626e+01	2.048116188046659403e+01	1.970810868624744572e+01	2.057345243252349931e+01	1.948159435292604869e+01	1.968464017926449472e+01	2.015870805987533032e+01	1.961178686519184566e+01	2.040490270268411521e+01	2.003397260014637382e+01	2.026728091987484248e+01	2.029213764377270479e+01	2.050863396219605761e+01	1.954826019460626085e+01	2.015035433265819265e+01	1.996665176388905039e+01	2.072470800121461210e+01	2.037097358063673269e+01	1.992689371356204475e+01	1.967711054226653289e+01	1.981058344946113436e+01	2.056998417234054699e+01	1.984913919889928735e+01	1.966095899345827291e+01	2.012332123192984312e+01	2.004510102939825344e+01	2.015172323764298312e+01	2.067979627053932745e+01	2.009801643070232302e+01	2.051813150107033223e+01	2.057855203579182657e+01	2.001581548641976127e+01	1.986232767249459030e+01	2.020606059416680367e+01	1.992497145357843635e+01	1.991686554386439312e+01	2.024078392212576816e+01	1.999406060933857887e+01	2.000227449986804729e+01	1.981013347994541363e+01	2.100451432624308623e+01	1.986673945749852166e+01	1.988376067238836953e+01	1.976933743137530541e+01	2.008694848017393042e+01	2.001605432254563866e+01
2.028074645443214408e+01	1.933446546761084051e+01	1.979108346491819148e+01	2.988727604930265969e+01	2.032915572404104410e+01	2.011548798586792230e+01	2.002487779610931540e+01	2.013734267729123317e+01	1.931662583965501057e+01	1.978673687503228251e+01	1.976015567366040671e+01	1.969134059178651697e+01	2.020435732933647444e+01	2.009882097088804187e+01	2.024903565376349590e+01	2.030792660199486122e+01	2.075216513687873388e+01	1.980447962561405717e+01	2.026187100782496131e+01	2.009000301547872525e+01	2.048057231743793949e+01	2.061475089387410264e+01	1.992483359957828881e+01	1.919266421240326537e+01	1.950841832073863458e+01	2.013652894581162656e+01	1.991439020428384055e+01	1.938198992257478182e+01	2.031933769214472463e+01	1.994329251107584966e+01	2.035970240615316484e+01	2.016727215299244946e+01	2.001198117501765239e+01	2.049434467064043730e+01	2.072294443147193022e+01	2.020117672043453183e+01	1.990876499487276874e+01	2.037818057867832167e+01	1.953861696830846029e+01	1.952161961546787339e+01	2.051776367415643776e+01	1.978462451705746972e+01	2.011071185659852745e+01	1.990867492993515242e+01	2.131449722616056519e+01	1.972138195170058594e+01	2.021740359530914333e+01	1.999266999821516677e+01	2.034876374517564557e+01	1.998764443703374383e+01
2.036363309907116559e+01	1.965193686250079352e+01	1.988836724972401626e+01	2.032915572404104410e+01	3.017990752327260395e+01	2.035649600641020385e+01	2.038777949347502272e+01	2.060162154366379994e+01	1.950579992812113872e+01	2.025246537453459794e+01	2.056692622537725867e+01	2.011814195490370949e+01	2.029075079237123802e+01	2.008767265906514510e+01	2.036705299242754208e+01	2.031767389597874995e+01	2.073486141114721448e+01	2.005647801430479049e+01	2.052581361588565301e+01	2.054959674419417226e+01	2.111849615783244971e+01	2.082150774534026993e+01	2.003481175209665111e+01	1.948964620617888244e+01	2.025271382225360384e+01	2.052215310834145612e+01	1.955170881389009452e+01	1.962717819479136594e+01	2.069180768450184971e+01	2.008959868268762250e+01	2.019446668573871762e+01	2.014782591920171839e+01	2.032018979603612507e+01	2.070224196377126091e+01	2.039290204332042222e+01	2.015690524469781053e+01	2.024891948338685310e+01	2.047198578444070094e+01	1.983325277905415973e+01	1.988184021146689062e+01	1.983451501021361452e+01	2.041089451182491032e+01	2.030335551032196761e+01	1.989347343900614362e+01	2.114383491669613235e+01	1.967937909953986519e+01	1.991948935066563919e+01	1.988545926896864913e+01	2.013898634922010800e+01	2.047582508521299616e+01
1.991872099329966872e+01	1.943428922349242072e+01	2.048116188046659403e+01	2.011548798586792230e+01	2.035649600641020385e+01	3.020417870393159632e+01	1.994383810427662596e+01	2.026765641548352548e+01	1.947849554605879518e+01	1.968918808561324596e+01	2.049929035552306544e+01	1.979801649069022318e+01	2.010278195923367761e+01	1.978421564922130571e+01	2.025287231174346658e+01	2.058809476828220042e+01	2.107256627323755183e+01	1.972317978247633974e+01	2.013131963996205442e+01	2.020757261708032715e+01	2.101495588487214405e+01	2.048824469531673742e+01	1.988364507847961349e+01	1.943427868788759483e+01	1.997282622276635422e+01	2.036632420518671083e+01	1.966358868756493194e+01	1.976556226933979232e+01	2.019833505897089054e+01	1.989332053529714273e+01	2.019516492261520568e+01	2.064941490526240031e+01	2.003934245418835758e+01	2.020578604563114311e+01	2.042546414686290746e+01	1.994924244392277046e+01	2.059442786019303284e+01	2.010586448380647795e+01	2.020199302752609682e+01	1.993307385414176025e+01	2.047653945185565050e+01	2.023750779001045430e+01	2.056459676794456115e+01	1.979138658091365244e+01	2.136847659995075688e+01	1.989893733291230049e+01	1.977380709869335007e+01	1.999236783030955777e+01	2.046221251211442294e+01	2.038534247531929111e+01
2.000358731551985514e+01	1.943079077821826672e+01	1.970810868624744572e+01	2.002487779610931540e+01	2.038777949347502272e+01	1.994383810427662596e+01	2.988954469603860531e+01	2.009283785358456953e+01	1.962962333167049422e+01	1.947782696543391978e+01	2.043424999973554179e+01	1.989791495274423028e+01	1.991494144978844005e+01	2.033504264139061846e+01	1.999392894974497281e+01	2.027945920288873438e+01	2.066315373632261299e+01	1.960680783473954847e+01	2.019288032852178461e+01	1.988866990517528066e+01	2.091606062047478076e+01	2.081336239827659895e+01	1.990592723770237171e+01	1.951100846874597039e+01	2.001625606509072242e+01	2.033395101879990463e+01	1.973637326070884868e+01	1.984712312787431898e+01	2.009407220714468068e+01	2.005811255613238231e+01	2.035923575590490842e+01	2.011862655107112374e+01	1.989908978023895259e+01	2.047706689060116858e+01	2.027417274610836628e+01	1.995510195113920915e+01	2.019046723883502281e+01	2.036340166424718490e+01	1.991017268759263459e+01	1.996555140672658979e+01	2.026369509829993376e+01	1.988992708010752963e+01	1.990828640985732889e+01	1.954156927919435915e+01	2.110468286461936671e+01	1.962370356244309022e+01	2.027196861906595515e+01	2.020493489260606879e+01	2.050915785323654461e+01	2.024658185825818535e+01
2.047231423023060159e+01	2.011396152763450829e+01	2.057345243252349931e+01	2.013734267729123317e+01	2.060162154366379994e+01	2.026765641548352548e+01	2.009283785358456953e+01	3.053262569090849254e+01	1.999545342164105222e+01	1.984840231000875477e+01	2.034474579768470903e+01	2.051421830965479387e+01	2.049341089802899418e+01	2.032551218332161724e+01	2.052611448502774039e+01	2.078722388527365439e+01	2.116580255109003161e+01	1.999338710535927177e+01	2.021452674636659097e+01	2.017048739469991503e+01	2.085848246372747994e+01	2.093160812595681008e+01	2.040803842324676864e+01	1.978749290115971604e+01	2.023209090345501338e+01	2.055708871873888555e+01	2.006112207712074991e+01	1.972335171167001988e+01	2.053536073844801990e+01	2.011094951276970377e+01	2.015557772931441249e+01	2.076142637480733200e+01	2.055659508236749033e+01	2.075451733767183882e+01	2.052911328662171897e+01	2.000429302724960223e+01	2.062137169842186069e+01	2.017753179287955589e+01	2.000585231943016851e+01	1.992759365051550091e+01	2.052997019869782491e+01	2.006211261736925167e+01	2.046100055849402821e+01	2.038035731789619831e+01	2.150834521233409546e+01	1.996223967818986367e+01	2.015031892700465832e+01	2.024166912763987369e+01	2.000578391538481426e+01	2.028649632316374962e+01
1.968021983492671367e+01	1.892527595494421533e+01	1.948159435292604869e+01	1.931662583965501057e+01	1.950579992812113872e+01	1.947849554605879518e+01	1.962962333167049422e+01	1.999545342164105222e+01	2.977153281225782422e+01	1.941654702314846404e+01	1.992981795574552706e+01	1.935213717648257870e+01	1.983259411430735142e+01	2.000094992132373051e+01	2.002083302210883531e+01	2.001916181555009899e+01	2.023937319223097475e+01	1.925775528823674776e+01	1.966948042303683053e+01	1.922928821434430802e+01	2.029080018750766001e+01	2.018754920997945490e+01	1.938243241348279255e+01	1.920799583885093753e+01	1.984108674332484057e+01	2.006292016843483950e+01	1.952159611609958034e+01	1.975321472140916157e+01	1.955659439761869578e+01	1.954065514264673453e+01	1.968509509239561694e+01	2.013958893158793018e+01	1.973635532741815979e+01	2.031812742827120744e+01	2.008249603000768957e+01	1.938014715890766126e+01	1.954443639218656159e+01	1.982302530802927620e+01	1.944965990672873346e+01	1.933384376668976756e+01	2.009617765613918650e+01	1.954294823153276184e+01	1.977050267134377748e+01	1.943837660868737061e+01	2.059523824723449081e+01	1.962098126953573285e+01	1.953809286255502187e+01	1.947947320171235930e+01	1.984333672085835332e+01	1.992868301596216085e+01
1.954154318822715553e+01	1.916938586151346158e+01	1.968464017926449472e+01	1.978673687503228251e+01	2.025246537453459794e+01	1.968918808561324596e+01	1.947782696543391978e+01	1.984840231000875477e+01	1.941654702314846404e+01	2.905437946161106311e+01	2.004297839335340825e+01	1.988739810964451493e+01	1.939437516678551177e+01	1.985023971850264601e+01	1.959793946183082269e+01	1.989414097188922526e+01	2.052912580508267837e+01	1.936086694497125293e+01	1.985963221670218815e+01	2.002822110318951943e+01	2.063033632833960596e+01	2.013649300412133769e+01	1.994114567720665221e+01	1.950385992947542135e+01	1.937229770959282504e+01	2.012092699052584521e+01	1.953459943055299775e+01	1.931228149059411336e+01	2.005673333588985940e+01	1.956838728640909508e+01	1.999849821456442456e+01	2.012344220561046981e+01	2.016946959816213791e+01	2.001891013902846339e+01	1.983079371935016155e+01	1.969669557042772823e+01	1.945095266679541979e+01	2.006725916108164043e+01	1.948203070006433180e+01	1.985366694969149748e+01	2.011962320065282483e+01	1.975328963441268471e+01	1.977930364542828912e+01	1.969000422973947906e+01	2.049794017819090541e+01	1.940839396326530419e+01	1.964074474394119108e+01	1.992541610811464281e+01	2.041268517865208665e+01	1.996840842177695308e+01
2.024034666638659274e+01	1.989382923999825792e+01	2.015870805987533032e+01	1.976015567366040671e+01	2.056692622537725867e+01	2.049929035552306544e+01	2.043424999973554179e+01	2.034474579768470903e+01	1.992981795574552706e+01	2.004297839335340825e+01	3.004544037685183611e+01	2.023842810781771107e+01	1.989818398708407443e+01	2.028640825525255664e+01	2.039043389820213292e+01	2.050989226828789569e+01	2.086614899478886898e+01	1.978140871550563418e+01	2.028511149915306788e+01	2.035950091017141617e+01	2.093631400493120154e+01	2.038746279631813607e+01	2.031587239597674355e+01	1.969475174122066718e+01	1.989659136558011099e+01	2.030546047672052623e+01	1.985028775977515636e+01	1.981197203276175856e+01	2.075732037902664828e+01	2.000650421568380466e+01	2.024518090823489658e+01	2.064049547334829171e+01	2.020514374181615480e+01	2.083760192319516946e+01	2.061687426379754129e+01	1.994036198805504512e+01	2.059588999190338399e+01	2.032216247574372758e+01	2.007226562612468612e+01	2.043533543068430802e+01	2.023435531336132343e+01	2.011631206009610295e+01	2.010920955515493702e+01	1.977832153340104782e+01	2.129609132873376609e+01	1.996829864709918567e+01	1.989722333285565270e+01	2.014608741041623219e+01	2.012803362568721255e+01	2.006447936616103433e+01
1.974597826746807883e+01	1.958266039533835468e+01	1.961178686519184566e+01	1.969134059178651697e+01	2.011814195490370949e+01	1.979801649069022318e+01	1.989791495274423028e+01	2.051421830965479387e+01	1.935213717648257870e+01	1.988739810964451493e+01	2.023842810781771107e+01	2.951350514829292138e+01	1.963676990836919245e+01	2.012490267797651100e+01	2.033721792437674480e+01	2.051719261878501044e+01	2.067412072549913660e+01	1.953609671569434170e+01	2.043387712566076786e+01	2.008308594300629935e+01	2.026630084293012146e+01	2.039949028308024026e+01	1.965600870186460014e+01	2.005153086060225220e+01	1.943391279931971383e+01	2.022378740505864414e+01	1.988968882177772457e+01	1.946608719407405275e+01	2.031095856964034496e+01	1.984246877851519741e+01	2.008215463123975297e+01	2.043688987599252371e+01	1.997422169936595537e+01	2.043299377076942847e+01	2.000425835303516209e+01	1.947995844301475543e+01	1.994218720097750008e+01	2.003814117986773269e+01	1.991075533631121175e+01	1.976670684585187843e+01	2.027031525131246070e+01	2.014481723919419309e+01	2.015490732858880918e+01	1.934411210913612678e+01	2.068037229561896240e+01	1.989145714312037683e+01	1.975567910645171210e+01	1.971819988280718050e+01	1.937687588453919574e+01	2.020074499528070433e+01
1.998760060810544203e+01	1.936871239051049898e+01	2.040490270268411521e+01	2.020435732933647444e+01	2.029075079237123802e+01	2.010278195923367761e+01	1.991494144978844005e+01	2.049341089802899418e+01	1.983259411430735142e+01	1.939437516678551177e+01	1.989818398708407443e+01	1.963676990836919245e+01	3.000722597678928594e+01	1.992395611530986699e+01	1.992721360912946338e+01	2.043258484910747441e+01	2.089319930527411628e+01	1.930422298146178051e+01	2.035437889050878724e+01	2.033063051898252382e+01	2.074890528838685810e+01	2.057932236458975694e+01	1.991317332374833526e+01	2.007605880289496625e+01	2.014141001229285166e+01	2.039334424123387635e+01	1.966469994574010016e+01	2.018023869666435033e+01	2.067062060606380669e+01	2.012529850057888581e+01	2.024395182123952353e+01	2.036270802590674123e+01	2.000993001642521918e+01	2.042897662484622856e+01	2.027371926513432498e+01	2.026459442025081970e+01	2.017400568790732862e+01	2.041902096353085128e+01	1.975550155456948076e+01	1.969808378279019578e+01	2.023354487481260122e+01	1.988234782196740014e+01	2.014201201184518908e+01	1.977999564264153065e+01	2.122984732667598706e+01	1.991050938781709334e+01	2.001980844402983806e+01	1.992421858454993000e+01	2.039298140437755436e+01	2.013619608452566112e+01
1.991001682669388373e+01	1.974710837056248991e+01	2.003397260014637382e+01	2.009882097088804187e+01	2.008767265906514510e+01	1.978421564922130571e+01	2.033504264139061846e+01	2.032551218332161724e+01	2.000094992132373051e+01	1.985023971850264601e+01	2.028640825525255664e+01	2.012490267797651100e+01	1.992395611530986699e+01	3.026567978866998132e+01	2.040196687167031087e+01	2.024888422064638149e+01	2.085993903239645064e+01	1.974009825244243999e+01	2.037544043891535139e+01	2.032641103725407561e+01	2.035051591420414496e+01	2.072960927236023210e+01	2.013716758566498655e+01	1.984176778920521755e+01	1.985693283487935545e+01	2.021246080694418978e+01	1.976832811792548128e+01	1.966002303155974928e+01	2.021410545508724610e+01	1.989010513690215731e+01	2.013078674298528270e+01	2.025477106658363979e+01	2.028367134616284062e+01	2.039585295014360611e+01	2.052290493659912585e+01	1.984849304562269268e+01	1.971218090510833321e+01	2.027132395234663775e+01	2.001985030143530153e+01	1.983105499268591032e+01	2.016261429061285426e+01	1.983333107459925060e+01	1.981619561456550827e+01	2.025033030366791564e+01	2.085614442780294908e+01	1.991618589211606860e+01	2.001230989945748462e+01	1.986401445486464112e+01	2.024299837665137147e+01	2.020404823956206997e+01
2.007573428216709388e+01	1.980403976680258893e+01	2.026728091987484248e+01	2.024903565376349590e+01	2.036705299242754208e+01	2.025287231174346658e+01	1.999392894974497281e+01	2.052611448502774039e+01	2.002083302210883531e+01	1.959793946183082269e+01	2.039043389820213292e+01	2.033721792437674480e+01	1.992721360912946338e+01	2.040196687167031087e+01	2.948724802020274183e+01	2.064870814870941373e+01	2.091346147708828695e+01	1.977356189576297396e+01	2.028895680584383143e+01	1.998333116652222330e+01	2.064626595677335530e+01	2.089320766116531658e+01	1.999510812060172071e+01	1.971663607006065178e+01	1.988207230400702130e+01	2.036659749194474500e+01	2.007942548947429628e+01	2.000380135087956290e+01	2.038822639720553198e+01	1.965110482024305938e+01	2.015960761443074034e+01	2.031025508475055474e+01	2.057353522922280931e+01	2.062646681998218057e+01	2.038954523778031813e+01	2.013333559209105061e+01	2.020711722045131609e+01	1.998960608975252384e+01	1.987091013267054862e+01	1.987185134334368897e+01	2.010867036308570377e+01	2.004989777794181904e+01	2.023147070508823830e+01	1.945641058987701300e+01	2.096727617607216843e+01	1.969445156701500821e+01	2.001166976137337983e+01	1.998142693992299712e+01	1.999669853288357046e+01	2.011880670276498151e+01
2.050005729866977333e+01	2.004284140298993577e+01	2.029213764377270479e+01	2.030792660199486122e+01	2.031767389597874995e+01	2.058809476828220042e+01	2.027945920288873438e+01	2.078722388527365439e+01	2.001916181555009899e+01	1.989414097188922526e+01	2.050989226828789569e+01	2.051719261878501044e+01	2.043258484910747441e+01	2.024888422064638149e+01	2.064870814870941373e+01	3.037726033911154389e+01	2.110975263268218072e+01	2.026469205653188865e+01	2.074604379218488504e+01	2.032165297038095275e+01	2.094327741178994629e+01	2.078521570812694819e+01	2.050535046807393158e+01	2.002538823552006164e+01	2.043692376000752375e+01	2.069235678202544548e+01	2.012738313577686355e+01	2.003388975564647367e+01	2.069998561976048634e+01	2.000794670910009287e+01	2.073110520807382784e+01	2.098690600047518728e+01	2.053378241171976271e+01	2.071129122882623008e+01	2.062433372860598624e+01	2.017260071990041581e+01	2.048368858358452016e+01	2.062048839875327744e+01	2.007965090444055178e+01	2.003282213352025920e+01	2.051445967013550487e+01	2.023553044087297437e+01	2.053659616599814441e+01	1.999248517898327293e+01	2.138478302814856136e+01	1.996761588455652259e+01	2.071827883828164474e+01	2.036323362008945992e+01	2.036832510995437673e+01	2.095035601954712234e+01
2.097340558244804143e+01	2.041919115471056045e+01	2.050863396219605761e+01	2.075216513687873388e+01	2.073486141114721448e+01	2.107256627323755183e+01	2.066315373632261299e+01	2.116580255109003161e+01	2.023937319223097475e+01	2.052912580508267837e+01	2.086614899478886898e+01	2.067412072549913660e+01	2.089319930527411628e+01	2.085993903239645064e+01	2.091346147708828695e+01	2.110975263268218072e+01	3.143113970181468986e+01	1.990271312206153453e+01	2.072534735583960952e+01	2.078054293947959152e+01	2.171620779698823611e+01	2.099790374014863303e+01	2.046444141501504177e+01	2.023866362506024430e+01	2.042147607900501782e+01	2.104022815529221901e+01	2.055504605254705552e+01	2.029402831447349698e+01	2.118735785889771606e+01	2.049156387466839746e+01	2.111176584098128473e+01	2.095997301374367439e+01	2.110060474491580251e+01	2.142585909729205795e+01	2.110359942079900719e+01	2.045634298604094425e+01	2.081125435454860195e+01	2.085751394934657554e+01	2.069269564149613672e+01	2.065617671947720169e+01	2.082099493407517699e+01	2.082541578193243481e+01	2.084127402367237636e+01	2.055773193565867274e+01	2.156703731790327438e+01	2.084537700525871884e+01	2.080050775703891830e+01	2.098951313739170743e+01	2.031566238312487727e+01	2.090448898345455575e+01
1.950094846322905795e+01	1.916711402117411467e+01	1.954826019460626085e+01	1.980447962561405717e+01	2.005647801430479049e+01	1.972317978247633974e+01	1.960680783473954847e+01	1.999338710535927177e+01	1.925775528823674776e+01	1.936086694497125293e+01	1.978140871550563418e+01	1.953609671569434170e+01	1.930422298146178051e+01	1.974009825244243999e+01	1.977356189576297396e+01	2.026469205653188865e+01	1.990271312206153453e+01	2.877558620744041917e+01	1.994171968565443720e+01	1.953193262763545235e+01	2.043722380848575781e+01	1.998595219090645969e+01	1.968523685669316592e+01	1.908642795381525303e+01	1.973703950613429470e+01	2.020417001966373149e+01	1.940443004762120438e+01	1.945088131466513559e+01	1.982369887948888376e+01	1.948940604265511567e+01	1.948702757630986326e+01	2.026722928549395775e+01	1.965067194360935332e+01	2.014102334642029746e+01	2.020905306574744387e+01	1.950344346523339567e+01	1.979056226991847822e+01	1.984487371058376937e+01	1.952344504858790231e+01	1.956791518689815845e+01	1.965977709765144610e+01	1.948295439994151579e+01	1.946082788044723344e+01	1.955419785272536970e+01	2.058593256207535305e+01	1.954472323699651071e+01	2.005330220214030135e+01	1.947638489794168493e+01	1.984871892043848263e+01	1.980901223099772679e+01
2.029720083499573136e+01	1.962574459433497154e+01	2.015035433265819265e+01	2.026187100782496131e+01	2.052581361588565301e+01	2.013131963996205442e+01	2.019288032852178461e+01	2.021452674636659097e+01	1.966948042303683053e+01	1.985963221670218815e+01	2.028511149915306788e+01	2.043387712566076786e+01	2.035437889050878724e+01	2.037544043891535139e+01	2.028895680584383143e+01	2.074604379218488504e+01	2.072534735583960952e+01	1.994171968565443720e+01	3.033291968182042098e+01	2.012873156480501535e+01	2.078488707957816217e+01	2.070014689290916365e+01	2.032003958767523955e+01	1.980220591219248405e+01	2.015583566224373158e+01	2.080376265314709983e+01	1.969641120362955533e+01	2.006722228172323241e+01	2.051035962745002195e+01	2.022922173709781646e+01	2.025659563056406043e+01	2.033168363085323094e+01	2.031749853937456507e+01	2.055973760063335121e+01	1.994255199193913697e+01	2.001772793172711218e+01	2.050788994810825017e+01	2.028714947431089399e+01	2.027670400221936120e+01	1.994529023601427298e+01	2.020736392648724689e+01	2.015730644349842748e+01	2.011754394502399279e+01	2.018802144000693488e+01	2.104902626292635404e+01	1.940474882092667386e+01	1.994393118463845127e+01	1.999116462946004802e+01	1.999659903363809832e+01	2.042124626602569393e+01
1.990572138228555232e+01	1.933460623168735637e+01	1.996665176388905039e+01	2.009000301547872525e+01	2.054959674419417226e+01	2.020757261708032715e+01	1.988866990517528066e+01	2.017048739469991503e+01	1.922928821434430802e+01	2.002822110318951943e+01	2.035950091017141617e+01	2.008308594300629935e+01	2.033063051898252382e+01	2.032641103725407561e+01	1.998333116652222330e+01	2.032165297038095275e+01	2.078054293947959152e+01	1.953193262763545235e+01	2.012873156480501535e+01	2.977882543904950907e+01	2.066920708188332156e+01	2.015445569414352178e+01	2.004388563165205639e+01	1.958809589100895465e+01	1.994856515889883752e+01	2.038111019338975183e+01	1.964497248416746444e+01	1.944989317293850206e+01	2.008645939955507131e+01	2.014992752811048859e+01	2.027432009285631764e+01	2.035107408470985391e+01	2.016272555540241385e+01	2.055540805621464173e+01	2.018882464022928147e+01	1.997379233897100193e+01	1.999867919323833831e+01	2.021506172928319245e+01	1.970867884583990559e+01	1.977157769212723082e+01	2.017462466800387588e+01	1.999292398669521731e+01	1.969939186710064405e+01	1.944285063857416418e+01	2.129107656301986751e+01	1.997132342182869635e+01	1.964034091619677014e+01	1.997476343159437562e+01	2.017122195551909059e+01	2.013289729061797573e+01
2.033089106264242574e+01	2.011696873118798834e+01	2.072470800121461210e+01	2.048057231743793949e+01	2.111849615783244971e+01	2.101495588487214405e+01	2.091606062047478076e+01	2.085848246372747994e+01	2.029080018750766001e+01	2.063033632833960596e+01	2.093631400493120154e+01	2.026630084293012146e+01	2.074890528838685810e+01	2.035051591420414496e+01	2.064626595677335530e+01	2.094327741178994629e+01	2.171620779698823611e+01	2.043722380848575781e+01	2.078488707957816217e+01	2.066920708188332156e+01	3.106461008044005467e+01	2.113645620039905282e+01	2.042828133554802506e+01	2.005747532571052716e+01	2.071194758195220587e+01	2.111877739519357888e+01	2.046169584120284668e+01	1.982379120022407903e+01	2.071974457439290873e+01	2.009373999183444681e+01	2.095768781087490851e+01	2.082878424822316887e+01	2.072677336589466890e+01	2.077384989889878497e+01	2.067695388714750848e+01	2.073508384384662051e+01	2.069806305265920443e+01	2.056074475148863456e+01	2.033464416930078755e+01	2.018076276341554376e+01	2.049397201840790572e+01	2.019112531880649186e+01	2.077652789990067816e+01	2.065513686719600983e+01	2.169458535649463471e+01	2.053600287017943771e+01	2.033641263515348641e+01	2.056104547080653333e+01	2.064439999368267209e+01	2.078070002123072513e+01
2.024150087261058673e+01	1.975474903561472928e+01	2.037097358063673269e+01	2.061475089387410264e+01	2.082150774534026993e+01	2.048824469531673742e+01	2.081336239827659895e+01	2.093160812595681008e+01	2.018754920997945490e+01	2.013649300412133769e+01	2.038746279631813607e+01	2.039949028308024026e+01	2.057932236458975694e+01	2.072960927236023210e+01	2.089320766116531658e+01	2.078521570812694819e+01	2.099790374014863303e+01	1.998595219090645969e+01	2.070014689290916365e+01	2.015445569414352178e+01	2.113645620039905282e+01	3.046549611448529049e+01	2.032832943475610321e+01	1.997185666650859304e+01	2.027223149459648610e+01	2.093393983376171619e+01	2.047867901775850186e+01	1.985237592597804479e+01	2.071479711576969152e+01	1.996579679800536766e+01	2.074704094335562843e+01	2.105093870502147624e+01	2.029756723755524561e+01	2.110185183403391918e+01	2.105242663351799237e+01	2.046756212374232220e+01	2.052255354837925339e+01	2.033192938416247486e+01	2.008975603282628342e+01	2.002821541504662051e+01	2.063128924901642236e+01	2.029096658161008548e+01	2.042232725959296147e+01	2.050574378898340555e+01	2.116751553372341377e+01	2.025103685843001244e+01	2.028397704270924606e+01	2.049355228564140319e+01	2.037392860813332618e+01	2.071638239032560946e+01
1.985896193513551111e+01	1.879527666202562131e+01	1.992689371356204475e+01	1.992483359957828881e+01	2.003481175209665111e+01	1.988364507847961349e+01	1.990592723770237171e+01	2.040803842324676864e+01	1.938243241348279255e+01	1.994114567720665221e+01	2.031587239597674355e+01	1.965600870186460014e+01	1.991317332374833526e+01	2.013716758566498655e+01	1.999510812060172071e+01	2.050535046807393158e+01	2.046444141501504177e+01	1.968523685669316592e+01	2.032003958767523955e+01	2.004388563165205639e+01	2.042828133554802506e+01	2.032832943475610321e+01	2.972754239190061298e+01	1.974825444492287829e+01	1.984302112221253012e+01	2.020655815422126267e+01	1.940664074224091706e+01	1.998028248654950545e+01	2.020122015101117796e+01	1.982404065447949293e+01	2.010701799143996737e+01	2.028386116312492859e+01	1.976113179413035326e+01	2.047242469528159248e+01	2.024230196319770769e+01	2.011144323167894044e+01	1.986991591155314651e+01	2.009781143787572688e+01	1.965202764461527707e+01	1.964273816348492119e+01	2.024558677337192591e+01	1.991424407474396574e+01	1.990997602234138242e+01	2.000265460774646442e+01	2.089825102825221492e+01	1.973971737188865916e+01	2.002698493489719311e+01	2.004372673529216442e+01	2.040719137766995672e+01	2.032213056837804288e+01
1.952588992447041605e+01	1.930897841393399972e+01	1.967711054226653289e+01	1.919266421240326537e+01	1.948964620617888244e+01	1.943427868788759483e+01	1.951100846874597039e+01	1.978749290115971604e+01	1.920799583885093753e+01	1.950385992947542135e+01	1.969475174122066718e+01	2.005153086060225220e+01	2.007605880289496625e+01	1.984176778920521755e+01	1.971663607006065178e+01	2.002538823552006164e+01	2.023866362506024430e+01	1.908642795381525303e+01	1.980220591219248405e+01	1.958809589100895465e+01	2.005747532571052716e+01	1.997185666650859304e+01	1.974825444492287829e+01	2.882616578232989824e+01	1.948987403084330694e+01	1.967452288498997959e+01	1.978593257766869584e+01	1.919615196044946615e+01	1.962192329326410345e+01	1.931341156409930093e+01	1.973185078743643572e+01	1.995527840230824523e+01	1.961322749687646905e+01	2.005854725229960067e+01	2.003424850248409328e+01	1.981009025654682532e+01	1.963266937274608637e+01	1.935378006477302293e+01	1.934795190865634140e+01	1.957745560910382565e+01	1.974163592334465633e+01	1.972537689933024296e+01	1.969914359114772751e+01	1.946736053391358823e+01	2.056380075662388762e+01	1.957204736017577673e+01	1.920508365774630732e+01	1.955929559782195071e+01	1.967397002496176839e+01	1.966287200235412058e+01
1.981710342448614881e+01	1.953712261913926440e+01	1.981058344946113436e+01	1.950841832073863458e+01	2.025271382225360384e+01	1.997282622276635422e+01	2.001625606509072242e+01	2.023209090345501338e+01	1.984108674332484057e+01	1.937229770959282504e+01	1.989659136558011099e+01	1.943391279931971383e+01	2.014141001229285166e+01	1.985693283487935545e+01	1.988207230400702130e+01	2.043692376000752375e+01	2.042147607900501782e+01	1.973703950613429470e+01	2.015583566224373158e+01	1.994856515889883752e+01	2.071194758195220587e+01	2.027223149459648610e+01	1.984302112221253012e+01	1.948987403084330694e+01	2.915338327152378994e+01	2.055947854528631424e+01	1.920063334956535073e+01	1.980571124084730883e+01	2.005758122874877714e+01	1.982739567972520334e+01	2.000571061993622379e+01	2.029853866719424360e+01	2.004646595004402343e+01	2.022439859843930776e+01	1.995155125787527339e+01	1.974313680768261747e+01	1.978800854445481860e+01	2.022080469237228684e+01	1.914056927542077347e+01	1.956801565967276346e+01	2.007240413686589164e+01	2.011257999791914841e+01	1.991782170047003575e+01	1.958230089257304840e+01	2.093453652120400932e+01	1.972491882382831463e+01	1.969964305464514709e+01	2.024309266630582371e+01	1.977926907124295397e+01	1.971608701096620919e+01
2.044629969400649827e+01	1.939234933403851002e+01	2.056998417234054699e+01	2.013652894581162656e+01	2.052215310834145612e+01	2.036632420518671083e+01	2.033395101879990463e+01	2.055708871873888555e+01	2.006292016843483950e+01	2.012092699052584521e+01	2.030546047672052623e+01	2.022378740505864414e+01	2.039334424123387635e+01	2.021246080694418978e+01	2.036659749194474500e+01	2.069235678202544548e+01	2.104022815529221901e+01	2.020417001966373149e+01	2.080376265314709983e+01	2.038111019338975183e+01	2.111877739519357888e+01	2.093393983376171619e+01	2.020655815422126267e+01	1.967452288498997959e+01	2.055947854528631424e+01	3.052785890823183124e+01	2.039254116582995735e+01	2.012255227330408403e+01	2.073771612833870037e+01	2.047350882121692095e+01	2.040625378228871156e+01	2.058666920469004680e+01	2.080859356868786847e+01	2.092253787512565921e+01	2.069226565612226665e+01	2.018376639177746057e+01	2.021711639691121221e+01	2.052183443428280896e+01	2.032644293956775527e+01	1.980413746255749885e+01	2.036537297454663431e+01	1.995089665407764201e+01	2.070166872461673080e+01	2.031161853250933547e+01	2.120264187814358792e+01	2.020601378588377273e+01	2.024003979694046151e+01	2.020466742807089489e+01	2.047698790735686813e+01	2.087467451603617263e+01
1.974336983530706391e+01	1.939821111661427011e+01	1.984913919889928735e+01	1.991439020428384055e+01	1.955170881389009452e+01	1.966358868756493194e+01	1.973637326070884868e+01	2.006112207712074991e+01	1.952159611609958034e+01	1.953459943055299775e+01	1.985028775977515636e+01	1.988968882177772457e+01	1.966469994574010016e+01	1.976832811792548128e+01	2.007942548947429628e+01	2.012738313577686355e+01	2.055504605254705552e+01	1.940443004762120438e+01	1.969641120362955533e+01	1.964497248416746444e+01	2.046169584120284668e+01	2.047867901775850186e+01	1.940664074224091706e+01	1.978593257766869584e+01	1.920063334956535073e+01	2.039254116582995735e+01	2.909878666854225671e+01	1.905997767142392618e+01	2.004041387219194448e+01	1.982720579872007960e+01	2.019225867146946740e+01	2.042299684156832740e+01	2.021536659772227651e+01	2.039354228375153255e+01	2.006421886449941283e+01	1.973976796571912118e+01	1.997193581072934165e+01	1.991353734621929661e+01	1.961864926124386344e+01	1.949417361036274343e+01	1.970123724963998413e+01	1.970721657211970879e+01	2.005833327670294963e+01	1.979914054936037715e+01	2.090257772861883012e+01	1.934498270951183940e+01	1.952379844846958079e+01	1.977643617460846315e+01	1.978463556047246996e+01	2.046648755933945907e+01
1.999660313948425738e+01	1.922098232377098626e+01	1.966095899345827291e+01	1.938198992257478182e+01	1.962717819479136594e+01	1.976556226933979232e+01	1.984712312787431898e+01	1.972335171167001988e+01	1.975321472140916157e+01	1.931228149059411336e+01	1.981197203276175856e+01	1.946608719407405275e+01	2.018023869666435033e+01	1.966002303155974928e+01	2.000380135087956290e+01	2.003388975564647367e+01	2.029402831447349698e+01	1.945088131466513559e+01	2.006722228172323241e+01	1.944989317293850206e+01	1.982379120022407903e+01	1.985237592597804479e+01	1.998028248654950545e+01	1.919615196044946615e+01	1.980571124084730883e+01	2.012255227330408403e+01	1.905997767142392618e+01	2.940813571163694462e+01	2.003227244480129343e+01	1.972186387213472969e+01	1.982986174494939391e+01	1.991298327863402662e+01	2.013942494813263551e+01	2.020178026413068295e+01	2.025455175461569368e+01	1.973635004399663018e+01	1.993835780534638502e+01	1.988276563979892586e+01	1.924105727154427470e+01	1.986845268166463896e+01	1.996066758629178750e+01	1.974827394273077630e+01	1.966498727903908161e+01	1.946808288056665859e+01	2.090346979920018100e+01	1.936795678415259658e+01	1.952879801567528162e+01	1.995282169919476090e+01	1.967963152254187520e+01	1.980786877301003557e+01
2.055189825726844433e+01	1.976761411206614838e+01	2.012332123192984312e+01	2.031933769214472463e+01	2.069180768450184971e+01	2.019833505897089054e+01	2.009407220714468068e+01	2.053536073844801990e+01	1.955659439761869578e+01	2.005673333588985940e+01	2.075732037902664828e+01	2.031095856964034496e+01	2.067062060606380669e+01	2.021410545508724610e+01	2.038822639720553198e+01	2.069998561976048634e+01	2.118735785889771606e+01	1.982369887948888376e+01	2.051035962745002195e+01	2.008645939955507131e+01	2.071974457439290873e+01	2.071479711576969152e+01	2.020122015101117796e+01	1.962192329326410345e+01	2.005758122874877714e+01	2.073771612833870037e+01	2.004041387219194448e+01	2.003227244480129343e+01	3.005977159331564508e+01	2.006256453024860065e+01	2.056923341396579730e+01	2.067646364647223223e+01	1.996100176082238065e+01	2.080757316539508039e+01	2.015473755341438178e+01	2.008961373836157449e+01	2.027458985571455941e+01	2.027160888843010866e+01	1.986629284959558461e+01	1.993565871689995106e+01	2.023067528711378316e+01	1.994484241411896974e+01	2.020693527098724829e+01	2.006071605449410811e+01	2.126082410596780292e+01	1.991574598629032167e+01	1.999244084282543099e+01	2.019554820170485243e+01	2.051686605931400109e+01	2.042918309546664091e+01
1.972092440874251196e+01	1.950756581071299323e+01	2.004510102939825344e+01	1.994329251107584966e+01	2.008959868268762250e+01	1.989332053529714273e+01	2.005811255613238231e+01	2.011094951276970377e+01	1.954065514264673453e+01	1.956838728640909508e+01	2.000650421568380466e+01	1.984246877851519741e+01	2.012529850057888581e+01	1.989010513690215731e+01	1.965110482024305938e+01	2.000794670910009287e+01	2.049156387466839746e+01	1.948940604265511567e+01	2.022922173709781646e+01	2.014992752811048859e+01	2.009373999183444681e+01	1.996579679800536766e+01	1.982404065447949293e+01	1.931341156409930093e+01	1.982739567972520334e+01	2.047350882121692095e+01	1.982720579872007960e+01	1.972186387213472969e+01	2.006256453024860065e+01	2.967210031752993871e+01	2.002207257134546836e+01	2.008121927068525991e+01	2.006200746204386220e+01	2.046739212369149641e+01	1.996008436651201734e+01	1.984205418948882738e+01	1.985407798089190834e+01	2.005670090012868556e+01	1.946391423577847846e+01	1.991509848652368575e+01	1.967388182826058696e+01	1.964502235777248274e+01	1.982594114407753239e+01	1.928757053992988091e+01	2.111334810275402063e+01	1.954353541940063721e+01	1.968914144947493128e+01	1.971384181449217010e+01	1.983630577656815319e+01	2.010656578626499424e+01
2.000561872889626969e+01	1.923762819912272093e+01	2.015172323764298312e+01	2.035970240615316484e+01	2.019446668573871762e+01	2.019516492261520568e+01	2.035923575590490842e+01	2.015557772931441249e+01	1.968509509239561694e+01	1.999849821456442456e+01	2.024518090823489658e+01	2.008215463123975297e+01	2.024395182123952353e+01	2.013078674298528270e+01	2.015960761443074034e+01	2.073110520807382784e+01	2.111176584098128473e+01	1.948702757630986326e+01	2.025659563056406043e+01	2.027432009285631764e+01	2.095768781087490851e+01	2.074704094335562843e+01	2.010701799143996737e+01	1.973185078743643572e+01	2.000571061993622379e+01	2.040625378228871156e+01	2.019225867146946740e+01	1.982986174494939391e+01	2.056923341396579730e+01	2.002207257134546836e+01	2.969363949199897945e+01	2.032531196493575365e+01	2.008943218360692384e+01	2.057126017794180584e+01	2.030733854668262950e+01	1.980764444926607126e+01	2.052926011539152640e+01	1.982625927921608522e+01	2.020925123825127301e+01	2.006348432412638871e+01	2.028019130162275019e+01	1.987788575979852368e+01	1.985779947415818825e+01	2.037447894878428656e+01	2.124815069801892164e+01	1.976145831533413144e+01	1.965899727648775297e+01	2.021474331357098109e+01	2.005336055041054522e+01	2.038756660714490110e+01
2.034364424040501262e+01	1.995493439973522598e+01	2.067979627053932745e+01	2.016727215299244946e+01	2.014782591920171839e+01	2.064941490526240031e+01	2.011862655107112374e+01	2.076142637480733200e+01	2.013958893158793018e+01	2.012344220561046981e+01	2.064049547334829171e+01	2.043688987599252371e+01	2.036270802590674123e+01	2.025477106658363979e+01	2.031025508475055474e+01	2.098690600047518728e+01	2.095997301374367439e+01	2.026722928549395775e+01	2.033168363085323094e+01	2.035107408470985391e+01	2.082878424822316887e+01	2.105093870502147624e+01	2.028386116312492859e+01	1.995527840230824523e+01	2.029853866719424360e+01	2.058666920469004680e+01	2.042299684156832740e+01	1.991298327863402662e+01	2.067646364647223223e+01	2.008121927068525991e+01	2.032531196493575365e+01	2.963872057076114075e+01	2.045229681731501969e+01	2.046228781629815430e+01	2.072577288714633781e+01	2.028875697707758263e+01	2.039051396754531353e+01	2.023138984305854393e+01	2.019214546814679423e+01	2.018458888433602638e+01	2.041246166491109548e+01	2.027035677302103167e+01	2.019251732245406927e+01	1.981661199933309803e+01	2.158463811679075661e+01	1.997653436099490065e+01	2.039876584178408336e+01	2.026032212963702150e+01	2.018960148616394079e+01	2.054630796874771548e+01
