3.050610120073339360e+01	2.028526969330994234e+01	2.016550632767535589e+01	2.066756819240885790e+01	2.088166882333137409e+01	2.020987855661223520e+01	2.018919833488197924e+01	2.000216886508361114e+01	2.079804065261752655e+01	2.086341547123242179e+01	2.058472158011657882e+01	1.980306713622548287e+01	1.999097728913521621e+01	2.007063121490397606e+01	2.043021744814538110e+01	1.993276566354539625e+01	2.057234991635807120e+01	1.998533689532040114e+01	1.941608603425676094e+01	2.007809868112923724e+01	2.064528393351326585e+01	2.023204439412297617e+01	2.008912847056446438e+01	2.023597679679470218e+01	2.027834553739054613e+01	2.007161234363392666e+01	1.958840631572275726e+01	2.075959107565377337e+01	2.050966909571788221e+01	1.992918107368994285e+01	2.017572843380895620e+01	2.054646943086695643e+01	2.006663725880957116e+01	2.056306039156035936e+01	2.027909686426788127e+01	2.022554231873427710e+01	2.074792753188226158e+01	2.056039898077701267e+01	2.079164559866634576e+01	2.019940901141314527e+01	2.057042483108433828e+01	2.046052446939523151e+01	2.072673243527567521e+01	1.991624582249412612e+01	2.083068505402587078e+01	2.087617375916248008e+01	2.096328727842568895e+01	2.061490007152107040e+01	2.068804688754141452e+01	2.036783137078239037e+01
2.028526969330994234e+01	2.994332760057491072e+01	2.018826201633710227e+01	2.006980572348977887e+01	2.012293006092992798e+01	2.029291657417378758e+01	1.927890965812456869e+01	1.975833750728229177e+01	1.992427509255604789e+01	2.026376220550320539e+01	2.028427537475635845e+01	1.930460932542986541e+01	1.942235034626621015e+01	1.966377388978973784e+01	2.001057989450134755e+01	1.949013912995686582e+01	1.975392310323076117e+01	1.960820317088986897e+01	1.923377753517915068e+01	1.976616220669129120e+01	2.052177788678056558e+01	1.987533948844232157e+01	1.980795367778764771e+01	2.046399048265889675e+01	1.995273434326699658e+01	2.026968852787227959e+01	1.888098930339528536e+01	2.000390326972278032e+01	2.010991724481094778e+01	2.010825266210357043e+01	1.988249749213466799e+01	1.990120986349299415e+01	1.987960097423164285e+01	2.033770715472579127e+01	2.022784480969485443e+01	1.946926800966784654e+01	2.025602570059548313e+01	2.030602257793562515e+01	2.031099205030884747e+01	1.973537799888659805e+01	1.996260432892974990e+01	2.003176688810434314e+01	2.006119873557307898e+01	1.933920515332368240e+01	2.014671505702248311e+01	2.010200686500381906e+01	1.972598880752405748e+01	1.969954770184036974e+01	2.001794531234257590e+01	1.992727557859977949e+01
2.016550632767535589e+01	2.018826201633710227e+01	2.908941683285842927e+01	2.007918862870996435e+01	1.992402343198898862e+01	1.977733393119784822e+01	1.927740062912784680e+01	1.962393112706738663e+01	1.958872560062886947e+01	2.013599887539184152e+01	2.016790581365906476e+01	1.935233428352494656e+01	1.951182999596565182e+01	1.928843591806251823e+01	1.964995535598691134e+01	1.939589419711505869e+01	1.976575876251099828e+01	1.926033775027820028e+01	1.883617453384477969e+01	1.966289564732517192e+01	2.051458020098203150e+01	1.975621948093150237e+01	1.927336469134592534e+01	1.989211849726636672e+01	1.985519608382719881e+01	1.986392558280306275e+01	1.897535413478394162e+01	1.954107254679282235e+01	1.970112073049037349e+01	1.952520273323174393e+01	1.967960200887120692e+01	1.997503777046374296e+01	1.981599443407786154e+01	1.995215597602663493e+01	1.992278324235452658e+01	1.958800908491271997e+01	2.013955070785673485e+01	1.996940583126034596e+01	2.035517695077535905e+01	1.985170170108885657e+01	2.002484053129583685e+01	1.952647837238926698e+01	1.963789912876274357e+01	1.945827738226143921e+01	1.974738777733167439e+01	2.004843233064186947e+01	1.966888670967943398e+01	1.965911542287845037e+01	1.986956155257637135e+01	1.954233548309202817e+01
2.066756819240885790e+01	2.006980572348977887e+01	2.007918862870996435e+01	2.933753822355146923e+01	2.056700046120185377e+01	1.974728665603110045e+01	1.964630562723588980e+01	1.968286087200968026e+01	2.021299002021613234e+01	2.029341638297782779e+01	2.033942256754474442e+01	1.975623063372951194e+01	1.955255212769684903e+01	1.943030284143781117e+01	1.994147774631542092e+01	1.939067234751038171e+01	2.058058282779532888e+01	1.975872001534689915e+01	1.916845690745070385e+01	1.945842090967221694e+01	2.050537461402851847e+01	2.037933853097572268e+01	1.980286887870325430e+01	2.024912658837505930e+01	1.986036933330797183e+01	2.000987349852440644e+01	1.929350850343717738e+01	2.039167697576104388e+01	2.005287095106755402e+01	2.008525735115235022e+01	1.983690509549350978e+01	1.986229463877614165e+01	1.974523080707698597e+01	2.043711256526585984e+01	2.020941128371782014e+01	1.964320039313919963e+01	2.064726660069175068e+01	2.068048300580577248e+01	2.034835677282511668e+01	1.998136066969562918e+01	2.001423775364598612e+01	2.008060878002615723e+01	2.010654541933216066e+01	1.986197791446950944e+01	2.045112077268299444e+01	2.028520474975267263e+01	2.014830492563473996e+01	2.012008775011919681e+01	2.041984593608594167e+01	2.000813425055441996e+01
2.088166882333137409e+01	2.012293006092992798e+01	1.992402343198898862e+01	2.056700046120185377e+01	3.010463707143915002e+01	2.037236573031050568e+01	2.020247950648788660e+01	2.034775755177716761e+01	2.061912370463801381e+01	2.041916816929189693e+01	2.048673833967688296e+01	1.997040376323944244e+01	1.997463049586572481e+01	2.013149366670623053e+01	2.018013593247173532e+01	1.989039774471890709e+01	2.076691783531089541e+01	1.975750281820576149e+01	1.927655302549154115e+01	1.934455513475802135e+01	2.046975645602636007e+01	2.002225588262569644e+01	1.981965531951986392e+01	2.001755393797605365e+01	2.010095962727803709e+01	1.983563342075151326e+01	1.960163053128971811e+01	2.036103689595914190e+01	2.022485754782911727e+01	2.021389349338743102e+01	2.032703964582014677e+01	2.013795672776313950e+01	2.014148717589363358e+01	2.061735038903332295e+01	2.015933902235520847e+01	1.978134530607307440e+01	2.021294004228701979e+01	2.038473793089271169e+01	2.057797990676415267e+01	2.010630839424755578e+01	2.013365057839109795e+01	2.046888193720727145e+01	2.045812810155953798e+01	2.006755013401662069e+01	2.035717071769348152e+01	2.059329802270690379e+01	2.015883815677479163e+01	2.027246557429738516e+01	2.064612362072746876e+01	1.988467575170715662e+01
2.020987855661223520e+01	2.029291657417378758e+01	1.977733393119784822e+01	1.974728665603110045e+01	2.037236573031050568e+01	2.950036526081535726e+01	1.954418630054466277e+01	1.956245144312536155e+01	2.012088619881847151e+01	1.993006248940957192e+01	2.020976656688426942e+01	1.962046443981770949e+01	1.988184792127499634e+01	1.948261488402479102e+01	2.028718994307459766e+01	1.945048215472878539e+01	1.998893515939011323e+01	1.958548809214885367e+01	1.878878510515322020e+01	1.933312562590254302e+01	2.029712769131871042e+01	2.015760885488526455e+01	1.968533768722650024e+01	2.017617875239107406e+01	2.000061382386261144e+01	1.979082628267950739e+01	1.905222441181305015e+01	2.008847945150751002e+01	2.003260321101664232e+01	2.006854066782797830e+01	1.961240516192838257e+01	1.992857878710068320e+01	1.996394306111159267e+01	2.020627864360219306e+01	2.000875762545472014e+01	1.937180072064197134e+01	2.034394513096313872e+01	2.037336294037707063e+01	2.033730157242191083e+01	2.019797269387870386e+01	1.979125824586827065e+01	2.026332566700704518e+01	2.019188715401432788e+01	1.955153846174728471e+01	2.021168212487139826e+01	2.048086481979492390e+01	2.019480553716778815e+01	1.961421108509718181e+01	2.001226140868453385e+01	1.992352523416231236e+01
2.018919833488197924e+01	1.927890965812456869e+01	1.927740062912784680e+01	1.964630562723588980e+01	2.020247950648788660e+01	1.954418630054466277e+01	2.842427399156683165e+01	1.920039619332989034e+01	1.998394363010056551e+01	2.017306671918071359e+01	1.975907413388273071e+01	1.957226926212975826e+01	1.954365338395972884e+01	1.916348772869773498e+01	1.946196450788835008e+01	1.908728766545664612e+01	2.004464635058550925e+01	1.899916204200790659e+01	1.886625364842046793e+01	1.918244356012528939e+01	2.019796025267232764e+01	1.948740662735233187e+01	1.948713944535014519e+01	1.978808305036533710e+01	1.951273517716098738e+01	1.939960311920353675e+01	1.877072954916904379e+01	1.982968035276106278e+01	1.966903810014638410e+01	1.924989124645120242e+01	1.928035310318582418e+01	1.960250981998514774e+01	1.920723929701915722e+01	1.998152918846756876e+01	1.921667340533177182e+01	1.929941422519765482e+01	1.992874670575344709e+01	2.006751177646605910e+01	1.983088663164929599e+01	1.955084894629133885e+01	1.976614872119841948e+01	1.967709483897587575e+01	1.978349994024464920e+01	1.915285530852325024e+01	1.997223622863130643e+01	1.983235203118532297e+01	1.984635731409607473e+01	1.990455019324522468e+01	1.982023594273177025e+01	1.912999287975018348e+01
2.000216886508361114e+01	1.975833750728229177e+01	1.962393112706738663e+01	1.968286087200968026e+01	2.034775755177716761e+01	1.956245144312536155e+01	1.920039619332989034e+01	2.900579970704349364e+01	2.014778025378516091e+01	1.986790252930826739e+01	2.020806545526491860e+01	1.942373805831668676e+01	1.947092550138440004e+01	1.926557842336253046e+01	1.975756083548472830e+01	1.934466059323142417e+01	2.013493342674430409e+01	1.942476916128826758e+01	1.882478131561363099e+01	1.923287885662363195e+01	1.981641212212255709e+01	1.954355137428239075e+01	1.922039857710817756e+01	1.986110910275919750e+01	1.941084101600365486e+01	1.951879030764312262e+01	1.893206503920150752e+01	1.970530508037434103e+01	1.997658976345782378e+01	1.969375405804069246e+01	1.989007371776203215e+01	1.994108682998380644e+01	1.988965739110454933e+01	1.980460761290231630e+01	1.942721705296634482e+01	1.960072533313525156e+01	2.013216390561853686e+01	2.024615550296079647e+01	2.007584896062708069e+01	1.973830210700170085e+01	2.002166585909183993e+01	1.990507637781866279e+01	1.948193503895665302e+01	1.922686154233457145e+01	1.993913759658931895e+01	1.983815552930778381e+01	2.013901248065305793e+01	1.948455556469754413e+01	1.957081172395552571e+01	1.960728964555143605e+01
2.079804065261752655e+01	1.992427509255604789e+01	1.958872560062886947e+01	2.021299002021613234e+01	2.061912370463801381e+01	2.012088619881847151e+01	1.998394363010056551e+01	2.014778025378516091e+01	3.016445595709697258e+01	2.043707706975195748e+01	2.075053509034698962e+01	1.966000946915991321e+01	1.995550163874057503e+01	1.982017442219903458e+01	2.018289931313404040e+01	1.979855269943514529e+01	2.088877737494663123e+01	2.000231542335489010e+01	1.947450280447454318e+01	1.974605627067231239e+01	2.038787717523215548e+01	2.013098738569972568e+01	1.997027601827084808e+01	2.015598134767722271e+01	2.021660420239395251e+01	2.021839116834957650e+01	1.936078419082667068e+01	2.061433449669862483e+01	2.003964610176322836e+01	1.971612848020457065e+01	2.012665616986021533e+01	2.006400911000935494e+01	2.014815293158498477e+01	2.062853266821693410e+01	2.014132084940358780e+01	2.015866215434436981e+01	2.024839498430674922e+01	2.073375005711370633e+01	2.053070177547396113e+01	2.016996340625905049e+01	2.026665268583663249e+01	2.039517187008073762e+01	2.030884461237950234e+01	2.000218413619939994e+01	2.040823641710884573e+01	2.046037152608032628e+01	2.044222232722215793e+01	2.026216389988110222e+01	2.049619574959405810e+01	2.033921982067255740e+01
2.086341547123242179e+01	2.026376220550320539e+01	2.013599887539184152e+01	2.029341638297782779e+01	2.041916816929189693e+01	1.993006248940957192e+01	2.017306671918071359e+01	1.986790252930826739e+01	2.043707706975195748e+01	3.009795267312231459e+01	2.083259957830470555e+01	1.971691930274931082e+01	1.996773835664881602e+01	1.961628530988348729e+01	2.039545483104254942e+01	2.013687887297703227e+01	2.087234539827957036e+01	1.985955954198182383e+01	1.931196689249519594e+01	2.028317366465089933e+01	2.094664005364768045e+01	2.035069761056699633e+01	2.017448300024624785e+01	2.028794272838250734e+01	2.051214325804800254e+01	2.015061844757098797e+01	1.933349630674971564e+01	2.040799907423022930e+01	2.037500210902537390e+01	1.981510424507896673e+01	2.033898533305237777e+01	2.038398788349576307e+01	2.011161329771320183e+01	2.053697365581270873e+01	2.001897307096393064e+01	2.003313250392343647e+01	2.047122594653010452e+01	2.075327097238895391e+01	2.056823284682787545e+01	2.024269820525576691e+01	2.046711344771802032e+01	2.034284544883427515e+01	2.035278394433388627e+01	1.952969498943920712e+01	2.056777990469766237e+01	2.081296043624726977e+01	2.035625465603157380e+01	2.011430306746375152e+01	2.031862316103826060e+01	2.014285891522927585e+01
2.058472158011657882e+01	2.028427537475635845e+01	2.016790581365906476e+01	2.033942256754474442e+01	2.048673833967688296e+01	2.020976656688426942e+01	1.975907413388273071e+01	2.020806545526491860e+01	2.075053509034698962e+01	2.083259957830470555e+01	3.023361236778117700e+01	1.982335668780462257e+01	2.028063284304020186e+01	1.976252466238617700e+01	2.030035687035668346e+01	2.000421077721990315e+01	2.048699258807200252e+01	1.976303019627108526e+01	1.933258817640591332e+01	1.966267697713302809e+01	2.067570269784495807e+01	2.010087694433865835e+01	1.995768662607022037e+01	2.015400438306108555e+01	2.018266473087535928e+01	2.014670281167898835e+01	1.938743412487893991e+01	2.019564030694638035e+01	1.998937708912722044e+01	1.998548428780402730e+01	2.006699470785720862e+01	2.015645570156147315e+01	2.009119483357672920e+01	2.047869815628471812e+01	2.002128298255593464e+01	1.987793671581137644e+01	2.032569439803208766e+01	2.080751911263127241e+01	2.053903785186716036e+01	2.028404606220157191e+01	2.012401889017682421e+01	2.049400829039854699e+01	2.034816921476276264e+01	1.950551784432983737e+01	2.052799680898386470e+01	2.045086739131964748e+01	2.039764652246709531e+01	2.037293379346770905e+01	2.026836001145877120e+01	2.007261888974595365e+01
1.980306713622548287e+01	1.930460932542986541e+01	1.935233428352494656e+01	1.975623063372951194e+01	1.997040376323944244e+01	1.962046443981770949e+01	1.957226926212975826e+01	1.942373805831668676e+01	1.966000946915991321e+01	1.971691930274931082e+01	1.982335668780462257e+01	2.880766409184980503e+01	1.922648457254798515e+01	1.922811829811980644e+01	1.973654360567175559e+01	1.924285488597829996e+01	1.972690969321670096e+01	1.934767821707185220e+01	1.852273258849398374e+01	1.957669224909254524e+01	2.010627678146195407e+01	1.961457673075025454e+01	1.976430205150803232e+01	1.976022592989341220e+01	1.939890177384804915e+01	1.943329053717503996e+01	1.916359785392610249e+01	1.972871694228644657e+01	1.959650966311068743e+01	1.948903835440388477e+01	1.951356867529435135e+01	1.988150122510693052e+01	1.961420218051132025e+01	1.961057318952619255e+01	1.949412011800101041e+01	1.926696612356491300e+01	1.973023976888331887e+01	2.020890957921362485e+01	2.008588942412922407e+01	1.948140668555632260e+01	1.976507451616085831e+01	2.000233948058349753e+01	1.970268327951952259e+01	1.942576125167317258e+01	1.994095437135331750e+01	1.976885450414848577e+01	1.959677697305709643e+01	1.973729569897547620e+01	1.966167145328703114e+01	1.971540082621341838e+01
1.999097728913521621e+01	1.942235034626621015e+01	1.951182999596565182e+01	1.955255212769684903e+01	1.997463049586572481e+01	1.988184792127499634e+01	1.954365338395972884e+01	1.947092550138440004e+01	1.995550163874057503e+01	1.996773835664881602e+01	2.028063284304020186e+01	1.922648457254798515e+01	2.923202250939404578e+01	1.949606457271363524e+01	1.973464928699815246e+01	1.956515413035802098e+01	1.984688567845600460e+01	1.955730890230804420e+01	1.918658297123020873e+01	1.928075261286660691e+01	2.027159142828592309e+01	1.986473704494470383e+01	1.939136795584802897e+01	1.950501965046808905e+01	1.938996572879301539e+01	1.942397729061730871e+01	1.930593883817775591e+01	1.964048162413067899e+01	1.984597350713790576e+01	1.994421390109188508e+01	1.987392323801104155e+01	1.972334429134120626e+01	1.970530469517940375e+01	2.001582157642178927e+01	1.960367728412095900e+01	1.933260798093873589e+01	1.991615259879191058e+01	1.996419233831322870e+01	2.066226519872506628e+01	1.944398162540885977e+01	2.009243128494999198e+01	2.010885846649003028e+01	1.991248931018280999e+01	1.953901788647409177e+01	1.978840956799941608e+01	1.998660204414371577e+01	1.978375854104401554e+01	1.976906352065949690e+01	1.955036986505410113e+01	1.944888181056427001e+01
2.007063121490397606e+01	1.966377388978973784e+01	1.928843591806251823e+01	1.943030284143781117e+01	2.013149366670623053e+01	1.948261488402479102e+01	1.916348772869773498e+01	1.926557842336253046e+01	1.982017442219903458e+01	1.961628530988348729e+01	1.976252466238617700e+01	1.922811829811980644e+01	1.949606457271363524e+01	2.924010289228534631e+01	1.994900473756714376e+01	1.928248530103075709e+01	1.967451080999144608e+01	1.952999411158634402e+01	1.907104450327299361e+01	1.909559743108759733e+01	1.991145089722393280e+01	1.968975697241503298e+01	1.913833917597368028e+01	1.974781562909853960e+01	1.961755105825006140e+01	1.959618991479118222e+01	1.918856685019099118e+01	1.982505527847371241e+01	2.003513284737368139e+01	1.950740853941181996e+01	1.963458372859890133e+01	1.961048129718237831e+01	1.963379472011757443e+01	1.995199111157362282e+01	1.947347235139877242e+01	1.932519449868468087e+01	2.019734801362534427e+01	2.021764799437724847e+01	2.025819608575259423e+01	1.949875184458104727e+01	1.950110583576094214e+01	1.987704864695161078e+01	1.992090737871965800e+01	1.924216484290058560e+01	1.995717499510337589e+01	2.027971248389038550e+01	1.993562819513493523e+01	2.009064266778757712e+01	1.977762320335909862e+01	1.944139113793626095e+01
2.043021744814538110e+01	2.001057989450134755e+01	1.964995535598691134e+01	1.994147774631542092e+01	2.018013593247173532e+01	2.028718994307459766e+01	1.946196450788835008e+01	1.975756083548472830e+01	2.018289931313404040e+01	2.039545483104254942e+01	2.030035687035668346e+01	1.973654360567175559e+01	1.973464928699815246e+01	1.994900473756714376e+01	3.044094804880979055e+01	1.956962033729260142e+01	2.041406870511427485e+01	1.968044480533240304e+01	1.919763267992113143e+01	1.945778080467587756e+01	2.039971494955812403e+01	2.024425446891235225e+01	2.009924355203216351e+01	2.015432335165060351e+01	2.049340829023885746e+01	2.003423090337044954e+01	1.903383308967133303e+01	1.977240114859186448e+01	2.006171700462701324e+01	1.984198752030512480e+01	1.964745747347662075e+01	2.024489844204376610e+01	2.040229560274455167e+01	2.035827129487865506e+01	1.981070515084076789e+01	1.944015090459445361e+01	1.978243841360674793e+01	1.985701291652697265e+01	2.039569077636540584e+01	1.979198148681291869e+01	2.019450716643581956e+01	2.040099538356075115e+01	1.990305060691198236e+01	1.929329289915804679e+01	1.998999293345211825e+01	2.007694106964775571e+01	2.013212983037088577e+01	2.012274416462231486e+01	2.017283155197108968e+01	1.931602394943680068e+01
1.993276566354539625e+01	1.949013912995686582e+01	1.939589419711505869e+01	1.939067234751038171e+01	1.989039774471890709e+01	1.945048215472878539e+01	1.908728766545664612e+01	1.934466059323142417e+01	1.979855269943514529e+01	2.013687887297703227e+01	2.000421077721990315e+01	1.924285488597829996e+01	1.956515413035802098e+01	1.928248530103075709e+01	1.956962033729260142e+01	2.850864186623898888e+01	1.977597276746760002e+01	1.920154854418204593e+01	1.881375402910372685e+01	1.891806282388810700e+01	1.981217449955415333e+01	1.937145196757134258e+01	1.965388928738349961e+01	1.942804702169512154e+01	1.958016737290535403e+01	1.968627167591755267e+01	1.849423854759097097e+01	1.965370250307158884e+01	1.975227677486041955e+01	1.948334526832853086e+01	1.965415788798267016e+01	1.985735936984750793e+01	1.896700919955778986e+01	2.009469676434339647e+01	1.936351173570459494e+01	1.894659624004911080e+01	1.984090715595109344e+01	2.032541354848898152e+01	1.953917964716155709e+01	1.964738894872111885e+01	1.942161466375366530e+01	1.993764804893075748e+01	1.935422458173800209e+01	1.883774492272111445e+01	1.946351262816346050e+01	1.971323499024142833e+01	1.973103174078380206e+01	1.974118618670993186e+01	1.935463345974874372e+01	1.927984180493309552e+01
2.057234991635807120e+01	1.975392310323076117e+01	1.976575876251099828e+01	2.058058282779532888e+01	2.076691783531089541e+01	1.998893515939011323e+01	2.004464635058550925e+01	2.013493342674430409e+01	2.088877737494663123e+01	2.087234539827957036e+01	2.048699258807200252e+01	1.972690969321670096e+01	1.984688567845600460e+01	1.967451080999144608e+01	2.041406870511427485e+01	1.977597276746760002e+01	2.945416048376002038e+01	1.977733226011131151e+01	1.957084275784288607e+01	1.963734165838982193e+01	2.031459438516501947e+01	2.025626278639681033e+01	1.954028660060210143e+01	2.018744366052675332e+01	2.035512917381609910e+01	1.992389918357780942e+01	1.919035858712691933e+01	2.032409737568871932e+01	2.015968838356804582e+01	2.022246015692637044e+01	2.026870836418773791e+01	2.055583533750121816e+01	2.002441981488373557e+01	2.095676172729369569e+01	1.978855333271134498e+01	2.003921680949649087e+01	2.034958873409755142e+01	2.078476251782278439e+01	2.057472714423679960e+01	2.029387404774448456e+01	2.037238577865115374e+01	2.047851432142721251e+01	2.037954945633420678e+01	1.960107330109473978e+01	2.019990431860903612e+01	2.047490347549069156e+01	2.027091276382498464e+01	2.033558730128144987e+01	2.073614400468996166e+01	2.004451220408852308e+01
1.998533689532040114e+01	1.960820317088986897e+01	1.926033775027820028e+01	1.975872001534689915e+01	1.975750281820576149e+01	1.958548809214885367e+01	1.899916204200790659e+01	1.942476916128826758e+01	2.000231542335489010e+01	1.985955954198182383e+01	1.976303019627108526e+01	1.934767821707185220e+01	1.955730890230804420e+01	1.952999411158634402e+01	1.968044480533240304e+01	1.920154854418204593e+01	1.977733226011131151e+01	2.869015317311462354e+01	1.897844743980596505e+01	1.930089688269721293e+01	2.009659847519953857e+01	1.987326384986742767e+01	1.942514711273894790e+01	1.951754416830048555e+01	1.936620078974399561e+01	1.937092245843572158e+01	1.852801077921233386e+01	1.937144781438711405e+01	1.988294931871953963e+01	1.922073782432400435e+01	1.945595333983816388e+01	1.932912420803697628e+01	1.952154868246206121e+01	1.985346656871308824e+01	1.942517380909332303e+01	1.896785049316141070e+01	2.000202862327950371e+01	2.010371696639666794e+01	1.945256204544105927e+01	1.952818938723893893e+01	1.989528028963150419e+01	1.971566734652379083e+01	1.962078369404656897e+01	1.911316819666745559e+01	1.998417629190601730e+01	1.980806082138102653e+01	2.009231626577201268e+01	1.957887828474384762e+01	1.965709583576280295e+01	1.973000490797651096e+01
1.941608603425676094e+01	1.923377753517915068e+01	1.883617453384477969e+01	1.916845690745070385e+01	1.927655302549154115e+01	1.878878510515322020e+01	1.886625364842046793e+01	1.882478131561363099e+01	1.947450280447454318e+01	1.931196689249519594e+01	1.933258817640591332e+01	1.852273258849398374e+01	1.918658297123020873e+01	1.907104450327299361e+01	1.919763267992113143e+01	1.881375402910372685e+01	1.957084275784288607e+01	1.897844743980596505e+01	2.835659305670185404e+01	1.883136112587961364e+01	1.946582184348510580e+01	1.922759254941056284e+01	1.877294018055047431e+01	1.924164436157698077e+01	1.906665533801044532e+01	1.885912423537384086e+01	1.842947024199611761e+01	1.961070292037193497e+01	1.933088176902780120e+01	1.905247136757794024e+01	1.912369485066184538e+01	1.915013142250406730e+01	1.887114752361169678e+01	1.926821596540991877e+01	1.904024831291071251e+01	1.866698141222132890e+01	1.944892407632887554e+01	1.957095445005671408e+01	1.967878447090886951e+01	1.919849987082774234e+01	1.917602675218867248e+01	1.937623724307938744e+01	1.920217351410131101e+01	1.854843698503082905e+01	1.933298920761317419e+01	1.943199122331502693e+01	1.942704625887506609e+01	1.921569212739771970e+01	1.930004403709290628e+01	1.881264788630219442e+01
2.007809868112923724e+01	1.976616220669129120e+01	1.966289564732517192e+01	1.945842090967221694e+01	1.934455513475802135e+01	1.933312562590254302e+01	1.918244356012528939e+01	1.923287885662363195e+01	1.974605627067231239e+01	2.028317366465089933e+01	1.966267697713302809e+01	1.957669224909254524e+01	1.928075261286660691e+01	1.909559743108759733e+01	1.945778080467587756e+01	1.891806282388810700e+01	1.963734165838982193e+01	1.930089688269721293e+01	1.883136112587961364e+01	2.886929113126117841e+01	2.018318603612938844e+01	1.984286992568221919e+01	1.942151983740357579e+01	1.987718456916303822e+01	1.981925544816656171e+01	1.937423549130807032e+01	1.865032968778057310e+01	1.969597134071254985e+01	1.988460959242831905e+01	1.957231353181715861e+01	1.948323727459063193e+01	1.944504377469225176e+01	1.955368686985923432e+01	1.999710860747720531e+01	1.944971064583854670e+01	1.922242052800473999e+01	1.966360915278464816e+01	2.005274297967036645e+01	2.004158189540799029e+01	1.942064878038634390e+01	1.981209544840193360e+01	1.971429061854257370e+01	1.936936176072856242e+01	1.912291142850859060e+01	1.973294533903445469e+01	1.984624603114016139e+01	1.980947821131488240e+01	1.978795971819171484e+01	1.976414509563146282e+01	1.967805618105106191e+01
2.064528393351326585e+01	2.052177788678056558e+01	2.051458020098203150e+01	2.050537461402851847e+01	2.046975645602636007e+01	2.029712769131871042e+01	2.019796025267232764e+01	1.981641212212255709e+01	2.038787717523215548e+01	2.094664005364768045e+01	2.067570269784495807e+01	2.010627678146195407e+01	2.027159142828592309e+01	1.991145089722393280e+01	2.039971494955812403e+01	1.981217449955415333e+01	2.031459438516501947e+01	2.009659847519953857e+01	1.946582184348510580e+01	2.018318603612938844e+01	3.027225980245922798e+01	2.043160162567330573e+01	1.994819949502825551e+01	2.068568329730940647e+01	2.013214084098487078e+01	2.021469111190311096e+01	2.004829476379035214e+01	2.032351911188530380e+01	2.042699992883204629e+01	2.031678762724104814e+01	2.028271379486306358e+01	2.015443175136586973e+01	2.012640206317388802e+01	2.070269702737574846e+01	2.043185851847265511e+01	2.014936737596798366e+01	2.066121069213159345e+01	2.045484416030129537e+01	2.066143943231263691e+01	2.050664068518603855e+01	2.021199871159758743e+01	2.048476062396590791e+01	2.036565106367186928e+01	2.006012242502560738e+01	2.039908161149705279e+01	2.054997142699372148e+01	2.054604211471183817e+01	2.039644092163101874e+01	2.058805183590706633e+01	2.004650350094354039e+01
2.023204439412297617e+01	1.987533948844232157e+01	1.975621948093150237e+01	2.037933853097572268e+01	2.002225588262569644e+01	2.015760885488526455e+01	1.948740662735233187e+01	1.954355137428239075e+01	2.013098738569972568e+01	2.035069761056699633e+01	2.010087694433865835e+01	1.961457673075025454e+01	1.986473704494470383e+01	1.968975697241503298e+01	2.024425446891235225e+01	1.937145196757134258e+01	2.025626278639681033e+01	1.987326384986742767e+01	1.922759254941056284e+01	1.984286992568221919e+01	2.043160162567330573e+01	2.979119829149147947e+01	1.971545741579447864e+01	2.004566918932440700e+01	1.997706421510988051e+01	1.951909187567639137e+01	1.902532335341957648e+01	1.982690251698164374e+01	2.021971151885099260e+01	1.990861465827912724e+01	2.011892044319814588e+01	2.030043471392015775e+01	1.956018582041398446e+01	2.027097213903947903e+01	2.018294004999268410e+01	1.969775873960209012e+01	2.001927140112212911e+01	2.029000121309277205e+01	2.027392429744952196e+01	2.008620580298949676e+01	1.984703610515393279e+01	2.028372980059577912e+01	1.978094933999249960e+01	1.931947052134467668e+01	2.010234536868509636e+01	2.025363996529923938e+01	2.025753633345079407e+01	2.025867950349787350e+01	2.023578678941982290e+01	1.999918204327697069e+01
2.008912847056446438e+01	1.980795367778764771e+01	1.927336469134592534e+01	1.980286887870325430e+01	1.981965531951986392e+01	1.968533768722650024e+01	1.948713944535014519e+01	1.922039857710817756e+01	1.997027601827084808e+01	2.017448300024624785e+01	1.995768662607022037e+01	1.976430205150803232e+01	1.939136795584802897e+01	1.913833917597368028e+01	2.009924355203216351e+01	1.965388928738349961e+01	1.954028660060210143e+01	1.942514711273894790e+01	1.877294018055047431e+01	1.942151983740357579e+01	1.994819949502825551e+01	1.971545741579447864e+01	2.928141860573926181e+01	2.008263216243442884e+01	1.998806768575629533e+01	1.947400617915009846e+01	1.904742919007838253e+01	1.943272677458563535e+01	2.011675407935489801e+01	1.948350155276596496e+01	1.964395024457467898e+01	1.948517110578714906e+01	1.961192373265621214e+01	1.993196116308159205e+01	1.981172463111291648e+01	1.918355090136634189e+01	1.986280106310533711e+01	1.986088575835251291e+01	1.994642070869492301e+01	1.945211713432062339e+01	1.972149691698583140e+01	1.975015287142652909e+01	1.957187607423448483e+01	1.909001868700512006e+01	1.989567792983527994e+01	1.999807026404841892e+01	1.944606881472719806e+01	1.987729644516484129e+01	1.964558584271194164e+01	1.921630253001916344e+01
2.023597679679470218e+01	2.046399048265889675e+01	1.989211849726636672e+01	2.024912658837505930e+01	2.001755393797605365e+01	2.017617875239107406e+01	1.978808305036533710e+01	1.986110910275919750e+01	2.015598134767722271e+01	2.028794272838250734e+01	2.015400438306108555e+01	1.976022592989341220e+01	1.950501965046808905e+01	1.974781562909853960e+01	2.015432335165060351e+01	1.942804702169512154e+01	2.018744366052675332e+01	1.951754416830048555e+01	1.924164436157698077e+01	1.987718456916303822e+01	2.068568329730940647e+01	2.004566918932440700e+01	2.008263216243442884e+01	3.024282395157532122e+01	2.015096277322354013e+01	2.015600005067619094e+01	1.916562083062368771e+01	2.016111358561465394e+01	2.016690922769938865e+01	2.023750268586437784e+01	2.032570552540290620e+01	2.023841792317892185e+01	2.030088654679425986e+01	2.013176671806930429e+01	2.006996265762087717e+01	1.981877943901246653e+01	2.003292455406423755e+01	2.076292867132541886e+01	2.025557017761284584e+01	2.023796609570018035e+01	2.026018178998063846e+01	2.047529842763344377e+01	1.999447362286359109e+01	1.994256601804023177e+01	2.035527827849981364e+01	1.975617712207518650e+01	2.042919499332296240e+01	2.047491056675356091e+01	2.055895902399180386e+01	1.954319164734301140e+01
2.027834553739054613e+01	1.995273434326699658e+01	1.985519608382719881e+01	1.986036933330797183e+01	2.010095962727803709e+01	2.000061382386261144e+01	1.951273517716098738e+01	1.941084101600365486e+01	2.021660420239395251e+01	2.051214325804800254e+01	2.018266473087535928e+01	1.939890177384804915e+01	1.938996572879301539e+01	1.961755105825006140e+01	2.049340829023885746e+01	1.958016737290535403e+01	2.035512917381609910e+01	1.936620078974399561e+01	1.906665533801044532e+01	1.981925544816656171e+01	2.013214084098487078e+01	1.997706421510988051e+01	1.998806768575629533e+01	2.015096277322354013e+01	2.971624108512328988e+01	2.012562077909213087e+01	1.916974010932358397e+01	1.982135863107801654e+01	1.992766577859598698e+01	1.999100396460200457e+01	1.992414949964916815e+01	1.986531331249002363e+01	2.010266317623483801e+01	2.025683163068595505e+01	1.987944093041749483e+01	1.941368472457522643e+01	1.965498584928698733e+01	2.010190891749998343e+01	2.001575611486001804e+01	1.992104244279657976e+01	2.016259144911170154e+01	1.995729630956263634e+01	2.025277016159287413e+01	1.971750470676123967e+01	2.020719250562540736e+01	2.017502428103369283e+01	2.002159201277272871e+01	1.973146891331387920e+01	1.995559873757757074e+01	1.948515812636501110e+01
2.007161234363392666e+01	2.026968852787227959e+01	1.986392558280306275e+01	2.000987349852440644e+01	1.983563342075151326e+01	1.979082628267950739e+01	1.939960311920353675e+01	1.951879030764312262e+01	2.021839116834957650e+01	2.015061844757098797e+01	2.014670281167898835e+01	1.943329053717503996e+01	1.942397729061730871e+01	1.959618991479118222e+01	2.003423090337044954e+01	1.968627167591755267e+01	1.992389918357780942e+01	1.937092245843572158e+01	1.885912423537384086e+01	1.937423549130807032e+01	2.021469111190311096e+01	1.951909187567639137e+01	1.947400617915009846e+01	2.015600005067619094e+01	2.012562077909213087e+01	2.921822701758661012e+01	1.893702500600677752e+01	1.980921666833205919e+01	1.995440992358191679e+01	2.006692764434724197e+01	1.983026909940385352e+01	1.964523257049794225e+01	1.977828988121776277e+01	2.026910609086905879e+01	1.970900948198514158e+01	1.959714809711432082e+01	1.975392360530109670e+01	2.013178226734972753e+01	2.052009569846626391e+01	1.997528633489279315e+01	1.990623396360038555e+01	1.997693913533719723e+01	1.955506588014250369e+01	1.943297253739254060e+01	2.011637917795657771e+01	1.998079088138283055e+01	1.981696894293754596e+01	1.965797873999752809e+01	2.012917705888327902e+01	1.951421474723366956e+01
1.958840631572275726e+01	1.888098930339528536e+01	1.897535413478394162e+01	1.929350850343717738e+01	1.960163053128971811e+01	1.905222441181305015e+01	1.877072954916904379e+01	1.893206503920150752e+01	1.936078419082667068e+01	1.933349630674971564e+01	1.938743412487893991e+01	1.916359785392610249e+01	1.930593883817775591e+01	1.918856685019099118e+01	1.903383308967133303e+01	1.849423854759097097e+01	1.919035858712691933e+01	1.852801077921233386e+01	1.842947024199611761e+01	1.865032968778057310e+01	2.004829476379035214e+01	1.902532335341957648e+01	1.904742919007838253e+01	1.916562083062368771e+01	1.916974010932358397e+01	1.893702500600677752e+01	2.826887097558322637e+01	1.881492930054699997e+01	1.956945533705579265e+01	1.910819579232650867e+01	1.928461251254744013e+01	1.929319666822163271e+01	1.942644808944837820e+01	1.973540149641382868e+01	1.905610835638251643e+01	1.856419765365619057e+01	1.917651721574706158e+01	1.905866821430330305e+01	1.961583361779369028e+01	1.940944934315936266e+01	1.917438158937821768e+01	1.964617238792850173e+01	1.938922708418549945e+01	1.887070494018750111e+01	1.895798453627405422e+01	1.934091761772354445e+01	1.931488757041444515e+01	1.957655902983334428e+01	1.932345636633018060e+01	1.904840349066040162e+01
2.075959107565377337e+01	2.000390326972278032e+01	1.954107254679282235e+01	2.039167697576104388e+01	2.036103689595914190e+01	2.008847945150751002e+01	1.982968035276106278e+01	1.970530508037434103e+01	2.061433449669862483e+01	2.040799907423022930e+01	2.019564030694638035e+01	1.972871694228644657e+01	1.964048162413067899e+01	1.982505527847371241e+01	1.977240114859186448e+01	1.965370250307158884e+01	2.032409737568871932e+01	1.937144781438711405e+01	1.961070292037193497e+01	1.969597134071254985e+01	2.032351911188530380e+01	1.982690251698164374e+01	1.943272677458563535e+01	2.016111358561465394e+01	1.982135863107801654e+01	1.980921666833205919e+01	1.881492930054699997e+01	2.965474279531846591e+01	2.052264328516606540e+01	1.977776647760043716e+01	2.011428153650048856e+01	1.989043797172970685e+01	1.976373417630546570e+01	1.998469733487486977e+01	2.001196128716199496e+01	1.970647724310728321e+01	2.017522274035250973e+01	2.063713007913030850e+01	2.039226620799825440e+01	2.015947202780519376e+01	2.023875652069498798e+01	2.032926063117156446e+01	2.039624996516865707e+01	1.980086245892209362e+01	1.993127601783542246e+01	2.020133596675344023e+01	2.047115585890420419e+01	2.000395236215387840e+01	1.994772715414824305e+01	1.991939204611983527e+01
2.050966909571788221e+01	2.010991724481094778e+01	1.970112073049037349e+01	2.005287095106755402e+01	2.022485754782911727e+01	2.003260321101664232e+01	1.966903810014638410e+01	1.997658976345782378e+01	2.003964610176322836e+01	2.037500210902537390e+01	1.998937708912722044e+01	1.959650966311068743e+01	1.984597350713790576e+01	2.003513284737368139e+01	2.006171700462701324e+01	1.975227677486041955e+01	2.015968838356804582e+01	1.988294931871953963e+01	1.933088176902780120e+01	1.988460959242831905e+01	2.042699992883204629e+01	2.021971151885099260e+01	2.011675407935489801e+01	2.016690922769938865e+01	1.992766577859598698e+01	1.995440992358191679e+01	1.956945533705579265e+01	2.052264328516606540e+01	2.987166742003740438e+01	1.989446950477652010e+01	2.042105153902316061e+01	1.967189592377558682e+01	1.992466161444065520e+01	2.055413451197369312e+01	1.980991645488713360e+01	1.956251030625862697e+01	2.016538830059640119e+01	2.077473677765724958e+01	2.062774738523937046e+01	2.002179947000429294e+01	2.006903207654479360e+01	2.045809871570753202e+01	2.021968751202998149e+01	1.953886233040021736e+01	2.015166576040587998e+01	2.041640063246608960e+01	2.043896870391462528e+01	2.028330109629503042e+01	2.018275045244458354e+01	1.979912945135866664e+01
1.992918107368994285e+01	2.010825266210357043e+01	1.952520273323174393e+01	2.008525735115235022e+01	2.021389349338743102e+01	2.006854066782797830e+01	1.924989124645120242e+01	1.969375405804069246e+01	1.971612848020457065e+01	1.981510424507896673e+01	1.998548428780402730e+01	1.948903835440388477e+01	1.994421390109188508e+01	1.950740853941181996e+01	1.984198752030512480e+01	1.948334526832853086e+01	2.022246015692637044e+01	1.922073782432400435e+01	1.905247136757794024e+01	1.957231353181715861e+01	2.031678762724104814e+01	1.990861465827912724e+01	1.948350155276596496e+01	2.023750268586437784e+01	1.999100396460200457e+01	2.006692764434724197e+01	1.910819579232650867e+01	1.977776647760043716e+01	1.989446950477652010e+01	2.946181579073063617e+01	1.980061158087006490e+01	1.992524630823313458e+01	2.006084566218162735e+01	2.027373188449314156e+01	1.963923707798717899e+01	1.943595174321368546e+01	2.014632130635797580e+01	2.050411796287204425e+01	2.025380525003204824e+01	1.963213213595382811e+01	1.954757985621975536e+01	2.000913334397102972e+01	1.999975600428290434e+01	1.968023090935744079e+01	2.005353395022404328e+01	2.051398371129958775e+01	1.990163646299273736e+01	2.018699710309347140e+01	2.014990295252610153e+01	1.987588458807413971e+01
2.017572843380895620e+01	1.988249749213466799e+01	1.967960200887120692e+01	1.983690509549350978e+01	2.032703964582014677e+01	1.961240516192838257e+01	1.928035310318582418e+01	1.989007371776203215e+01	2.012665616986021533e+01	2.033898533305237777e+01	2.006699470785720862e+01	1.951356867529435135e+01	1.987392323801104155e+01	1.963458372859890133e+01	1.964745747347662075e+01	1.965415788798267016e+01	2.026870836418773791e+01	1.945595333983816388e+01	1.912369485066184538e+01	1.948323727459063193e+01	2.028271379486306358e+01	2.011892044319814588e+01	1.964395024457467898e+01	2.032570552540290620e+01	1.992414949964916815e+01	1.983026909940385352e+01	1.928461251254744013e+01	2.011428153650048856e+01	2.042105153902316061e+01	1.980061158087006490e+01	2.977369297960101591e+01	1.991643808901110901e+01	1.991936683508221151e+01	2.032234012992943306e+01	2.007380399075178445e+01	1.963412237903728297e+01	2.004634970140947559e+01	2.030626655182602747e+01	2.048503896443102690e+01	2.008986971633062169e+01	1.995743163244749496e+01	2.061910597132808221e+01	2.020458523363457815e+01	1.981176799721077586e+01	2.050896678496017955e+01	2.028786063715548593e+01	1.986405722248839112e+01	2.022693835931385209e+01	1.979214540627859265e+01	1.950458965990028659e+01
2.054646943086695643e+01	1.990120986349299415e+01	1.997503777046374296e+01	1.986229463877614165e+01	2.013795672776313950e+01	1.992857878710068320e+01	1.960250981998514774e+01	1.994108682998380644e+01	2.006400911000935494e+01	2.038398788349576307e+01	2.015645570156147315e+01	1.988150122510693052e+01	1.972334429134120626e+01	1.961048129718237831e+01	2.024489844204376610e+01	1.985735936984750793e+01	2.055583533750121816e+01	1.932912420803697628e+01	1.915013142250406730e+01	1.944504377469225176e+01	2.015443175136586973e+01	2.030043471392015775e+01	1.948517110578714906e+01	2.023841792317892185e+01	1.986531331249002363e+01	1.964523257049794225e+01	1.929319666822163271e+01	1.989043797172970685e+01	1.967189592377558682e+01	1.992524630823313458e+01	1.991643808901110901e+01	2.989540614288972620e+01	2.010818311247874135e+01	2.040610103710048051e+01	1.998642796870716154e+01	1.957820903354066644e+01	2.032331476578350049e+01	2.039255329572338127e+01	2.062319326617209470e+01	2.027971876974540066e+01	2.024879477954388918e+01	2.040948926293846810e+01	2.024545378799561846e+01	1.947573210596647897e+01	2.035522963074969738e+01	2.050602968214511534e+01	2.008164695701033864e+01	2.004367844007752097e+01	2.008593825834697100e+01	1.991151383746449710e+01
