3.021562184834462172e+01	2.071386985191566765e+01	2.021383216625848078e+01	2.057299017075040837e+01	2.058752598233801479e+01	2.093596575733006659e+01	2.001080728346551041e+01	2.077077010703687421e+01	1.974906323448933776e+01	2.113902903507843689e+01	2.028113454952427119e+01	2.043626689445578393e+01	2.032528411154531156e+01	2.082277190966802749e+01	2.052574941065013903e+01	2.012052666810947343e+01	2.019701089746784106e+01	2.000246858389847660e+01	1.996994819256135401e+01	2.061710828810457841e+01	2.010454180177439909e+01	2.098334866942916932e+01	2.013175160125084773e+01	2.062553187893086815e+01	2.025090081709310041e+01	2.029887099026128539e+01	2.056254532429708703e+01	2.043756768835333659e+01	2.044064010440520818e+01	2.008681525465414808e+01	2.031632917374692227e+01	2.080781673485977024e+01	1.992105064608827902e+01	2.016484919986434221e+01	2.087031346349198557e+01	2.045868154059887445e+01	2.021175261905501941e+01	2.070123405000040862e+01	2.013207408462187331e+01	2.077632310495183177e+01	2.029724260391263613e+01	2.100349832180496534e+01	2.038179141788663529e+01	2.059245356375835811e+01	2.009521636429449387e+01	2.026918860418926016e+01	1.980831967572425611e+01	2.062295164040979856e+01	1.993108222992552925e+01	2.034482602462054146e+01
2.071386985191566765e+01	3.045348156318808819e+01	2.039486924699941639e+01	2.067044655959956501e+01	2.058820161087628620e+01	2.079214087861070226e+01	2.066054512885131444e+01	2.049049244320875829e+01	2.026100107774853143e+01	2.110907309923820918e+01	2.044012145044986539e+01	2.055797184050921800e+01	2.039948825938886401e+01	2.086084887608357619e+01	2.022724415095488482e+01	2.040374085930070081e+01	2.058851584942910407e+01	2.027478943890548990e+01	1.995467281587976771e+01	2.065256853839305506e+01	2.006235698854038318e+01	2.092873431586069799e+01	2.041710179489999533e+01	2.125675532206290086e+01	2.001486814302963069e+01	2.092759343072160405e+01	2.080586266859736355e+01	2.028263901762514365e+01	2.018908117594050466e+01	2.011349573342168995e+01	2.029756458637961458e+01	2.071277485964807141e+01	1.996871683270214604e+01	2.039908760675375632e+01	2.055802712750867656e+01	2.077558876721330350e+01	2.066354692892760525e+01	2.065518588066286654e+01	2.040720985680484389e+01	2.051456534280594823e+01	2.044469966066573718e+01	2.064134464630737043e+01	2.077060689589962905e+01	2.023680304193740298e+01	2.055535963797098375e+01	2.089597738152276207e+01	2.032344857108740044e+01	2.067688011236682755e+01	1.999442415270192797e+01	2.072886151076782468e+01
2.021383216625848078e+01	2.039486924699941639e+01	3.003701194379457817e+01	2.040518200456775588e+01	2.041529631750966445e+01	1.980400803242232044e+01	1.984517585610844748e+01	2.041621979148538557e+01	1.951733581460256417e+01	2.071096045348346237e+01	2.033189117101654375e+01	1.999018319658063803e+01	2.041126878707906656e+01	2.049039429403635637e+01	1.954829044920886361e+01	1.976862606362077202e+01	1.988927774140589833e+01	1.948686186144120924e+01	1.972944569389193248e+01	2.006267331755530492e+01	1.967986297672566920e+01	2.018210867360829397e+01	1.970192413602295289e+01	2.056389979423260073e+01	1.971471810089563093e+01	2.034671736212765225e+01	2.050822514118589268e+01	1.996599860201734700e+01	2.006092184184400651e+01	2.014336904129977412e+01	1.977203073793914712e+01	2.067897678874113865e+01	1.972080609328889267e+01	1.972327210787407026e+01	2.054634993705411006e+01	2.057429096187363982e+01	2.027299268256873077e+01	2.033995502796708976e+01	2.017706320037711620e+01	2.017342210701347582e+01	2.010966390112822211e+01	2.034426070327812752e+01	2.063219762148133896e+01	1.982878462164052635e+01	2.030200267615137832e+01	1.995203072774812014e+01	1.968825548042193674e+01	2.002881836711781105e+01	2.012827046824317989e+01	1.997883451658208287e+01
2.057299017075040837e+01	2.067044655959956501e+01	2.040518200456775588e+01	3.032612441369927225e+01	2.031902079422891916e+01	2.039829573359192239e+01	1.987959174632124260e+01	2.034840069621495573e+01	1.977309670654895513e+01	2.052746630159263574e+01	2.020653178949482864e+01	2.019488861740635599e+01	1.989927893033664219e+01	2.085754173325399563e+01	1.934701420718764453e+01	1.988711309762278390e+01	1.984626823032785481e+01	1.981497511512975152e+01	2.012582618872930951e+01	2.000573470264727050e+01	1.957847553952590403e+01	2.010221719880757973e+01	1.983223481337904914e+01	2.050609314402002425e+01	2.014354977207801056e+01	2.030365930011173958e+01	2.033830333909771682e+01	2.017407141612168431e+01	2.015005564078478528e+01	2.001817164940212024e+01	1.996329865539635762e+01	2.028280189771957254e+01	1.967484479311855594e+01	1.960138973829375431e+01	2.034462463949879307e+01	2.022656729416892674e+01	2.003363400708370179e+01	2.097298188412419861e+01	2.003383789867953269e+01	2.042518464669823430e+01	1.999877671075541485e+01	2.023815438938056488e+01	2.063583097698297308e+01	2.018283499641124479e+01	1.992370278524581195e+01	2.040556059990816706e+01	1.988844086894226493e+01	2.077617497638870958e+01	2.012867779027216741e+01	2.038050729778975523e+01
2.058752598233801479e+01	2.058820161087628620e+01	2.041529631750966445e+01	2.031902079422891916e+01	2.990624053840248209e+01	2.054883471935879058e+01	1.979450853756388184e+01	2.032914758093561147e+01	1.985352083064762496e+01	2.097591507478216855e+01	2.039510838837480122e+01	2.010765390706011146e+01	2.029099853164333211e+01	2.088504144253690242e+01	1.984045615071394408e+01	1.970206195482121458e+01	2.042117470519242417e+01	1.984385783095878963e+01	2.013036773526193457e+01	2.013175396913748827e+01	2.000980428203608597e+01	2.069755536523171813e+01	2.032531541802860531e+01	2.063378516770755766e+01	2.007656260494337630e+01	2.003462789055341631e+01	2.063678260173102075e+01	2.006937652971975439e+01	2.011443115057094744e+01	2.039455015418334582e+01	2.020244917755677605e+01	2.052982484393578133e+01	1.995382416827505523e+01	1.988168483278979437e+01	2.061937870826945840e+01	2.005317327502159941e+01	2.049215533140770162e+01	2.053786415632946927e+01	2.022470085067920920e+01	2.029773829387735518e+01	2.012781470808383588e+01	2.069712332082830741e+01	2.076819158401895393e+01	1.989045278519009230e+01	2.049455545184828154e+01	2.064471112405690079e+01	1.974131023924716999e+01	2.040956774411852237e+01	1.984466740639045668e+01	2.019957544868486465e+01
2.093596575733006659e+01	2.079214087861070226e+01	1.980400803242232044e+01	2.039829573359192239e+01	2.054883471935879058e+01	2.978498043687265451e+01	2.003710402308358596e+01	2.032771858642601615e+01	1.971944116211800235e+01	2.081308513649538128e+01	2.049051389692331426e+01	2.042198025839858744e+01	2.056140952369062802e+01	2.060496522403943942e+01	1.979069949971754738e+01	2.014027596805165032e+01	2.025909511856265866e+01	2.023378024092615490e+01	1.971028393301396164e+01	2.049420006066048572e+01	1.989519067970584487e+01	2.044000853817078323e+01	2.001722613805538131e+01	2.048488040030697022e+01	1.952613930152954325e+01	2.040336424269383642e+01	2.072484317327897685e+01	1.990679717917569036e+01	1.990666080850657949e+01	2.047430294511403659e+01	2.030940005099865076e+01	2.046443798728910579e+01	1.961506519080939270e+01	2.007549452112182564e+01	2.061842138049415851e+01	2.010819153850573926e+01	2.028287868397128690e+01	2.019215692582981703e+01	1.999833972539700966e+01	2.041148163774891700e+01	1.996007104063072646e+01	2.054025391482325347e+01	2.054997811179235612e+01	1.982135572795624512e+01	2.019363768803430403e+01	2.025592135653803538e+01	1.985353047434541196e+01	2.030724976806870075e+01	1.997315285172451738e+01	2.021063851453565263e+01
2.001080728346551041e+01	2.066054512885131444e+01	1.984517585610844748e+01	1.987959174632124260e+01	1.979450853756388184e+01	2.003710402308358596e+01	2.963849370078851564e+01	2.021975166091917941e+01	1.948336966864417619e+01	2.058852867679401655e+01	2.004513937503411114e+01	2.000293349240046936e+01	2.009843482186329666e+01	2.015202970595213472e+01	1.950991761567418692e+01	1.963235615136753864e+01	1.976200973114684700e+01	1.956754708638062112e+01	1.927691681869927365e+01	2.021276048390548041e+01	1.980165419654429115e+01	1.999066031112728581e+01	1.922023389609974231e+01	2.035864765268943799e+01	1.909100941344324553e+01	2.005417499590607378e+01	1.992829016954796728e+01	1.956116885957386842e+01	1.963406834343623686e+01	1.989361980227943860e+01	2.006821870594273705e+01	2.014072178869229646e+01	1.927116295968465565e+01	1.941551289965271465e+01	2.000247626631209030e+01	1.982750226402945160e+01	1.964179975710586135e+01	2.014320307586778114e+01	1.978656040235122049e+01	2.023633955812679375e+01	1.968261181020809403e+01	2.018620003492740267e+01	2.038769884845288871e+01	1.995187488932259257e+01	1.971565943283804856e+01	1.949521135002647654e+01	1.981784250707935158e+01	1.982361205689934636e+01	1.978616392916909561e+01	1.996924658393067986e+01
2.077077010703687421e+01	2.049049244320875829e+01	2.041621979148538557e+01	2.034840069621495573e+01	2.032914758093561147e+01	2.032771858642601615e+01	2.021975166091917941e+01	3.055378564339149605e+01	1.961191080882405657e+01	2.114855543077830546e+01	2.011462534421224646e+01	2.014478314778169477e+01	2.046235600874280536e+01	2.068671288017448617e+01	2.009419241962746838e+01	2.001574295695845862e+01	2.041162458120972900e+01	1.967121475128178076e+01	2.018435908461302475e+01	2.035992452847933976e+01	1.980551635539330135e+01	2.060431827064774524e+01	2.019975464093205986e+01	2.067062423449021225e+01	1.983997297665979076e+01	2.012215141081389191e+01	2.058624537205828986e+01	2.011358272878509368e+01	1.999468016252300728e+01	2.046149915891452764e+01	1.999291623946860241e+01	2.041843952972039489e+01	2.002898097012012002e+01	2.018999639989190342e+01	2.053763737813557810e+01	2.020212722317552689e+01	2.017889428473366209e+01	2.054736395834592244e+01	2.026343744745352993e+01	2.046392202990391240e+01	2.013098546656518195e+01	2.070872005990613829e+01	2.065472299613448826e+01	1.993569796066677213e+01	2.024566207445561972e+01	2.046840952564168958e+01	1.988897182742421776e+01	2.074222014276593384e+01	2.041606454438259988e+01	2.006076670367479409e+01
1.974906323448933776e+01	2.026100107774853143e+01	1.951733581460256417e+01	1.977309670654895513e+01	1.985352083064762496e+01	1.971944116211800235e+01	1.948336966864417619e+01	1.961191080882405657e+01	2.906703795288844105e+01	2.025290302100705730e+01	1.964381616313078283e+01	1.944717738437273979e+01	1.981737386021943337e+01	2.003375742525888370e+01	1.909885049146211955e+01	1.946079629930827082e+01	1.955918895266983171e+01	1.877516736195240554e+01	1.945642226256231666e+01	1.975051988431710015e+01	1.891906374718196560e+01	2.006315360378917489e+01	1.937209985459512751e+01	1.986300808063840151e+01	1.934926904449473284e+01	1.989560182198731653e+01	1.990379489548295666e+01	1.943345358750643470e+01	1.935339135357753548e+01	1.959425782637559266e+01	1.970856664713278761e+01	1.960435668733094161e+01	1.902136956641848897e+01	1.922846775900762495e+01	1.997273156890170398e+01	1.939142566761915276e+01	2.020378250447210533e+01	1.979996168009228441e+01	1.957925921131046110e+01	1.978906034121517976e+01	1.995425302991742100e+01	1.974299115581633046e+01	1.970740727086666411e+01	1.964219737813503386e+01	1.967285046523819503e+01	1.961040229892403630e+01	1.936867449858471701e+01	1.974221585668637857e+01	1.948063831121208622e+01	1.970313199757616118e+01
2.113902903507843689e+01	2.110907309923820918e+01	2.071096045348346237e+01	2.052746630159263574e+01	2.097591507478216855e+01	2.081308513649538128e+01	2.058852867679401655e+01	2.114855543077830546e+01	2.025290302100705730e+01	3.110324754921093060e+01	2.079542059233594742e+01	2.049407007311889117e+01	2.058121741480752576e+01	2.124836417160809532e+01	2.035667996394039037e+01	2.017571405656538985e+01	2.055332885881929528e+01	2.027073582202834601e+01	2.036631536349739591e+01	2.089731571721830505e+01	2.002978767600995269e+01	2.113620336694115664e+01	2.029619372207861261e+01	2.127654941517193876e+01	2.034961212834091171e+01	2.114067944668973098e+01	2.102737067003995719e+01	2.087173232520357402e+01	2.059961840873893024e+01	2.099294361035832424e+01	2.068302403137566614e+01	2.102735903228676406e+01	2.035068394047381091e+01	2.046293418078247228e+01	2.115369027811920333e+01	2.078949266335426316e+01	2.134971374425472490e+01	2.104270506602272661e+01	2.071817523335746003e+01	2.087555472601394158e+01	2.066600881758434483e+01	2.104970819116428160e+01	2.105608549864980006e+01	2.079716601058860448e+01	2.102712680219216068e+01	2.088265149206026550e+01	2.031809541013824827e+01	2.145088504320922951e+01	2.070421798785901402e+01	2.051024474991989166e+01
2.028113454952427119e+01	2.044012145044986539e+01	2.033189117101654375e+01	2.020653178949482864e+01	2.039510838837480122e+01	2.049051389692331426e+01	2.004513937503411114e+01	2.011462534421224646e+01	1.964381616313078283e+01	2.079542059233594742e+01	2.998506015677793712e+01	2.005793193818934839e+01	1.971474306849050606e+01	2.078004471865071778e+01	1.921881134253266765e+01	1.960994956085468743e+01	2.008206248524037107e+01	1.977591761929772929e+01	1.970280617779487287e+01	2.021765014839655095e+01	1.992894024767234029e+01	2.031001342627393669e+01	1.999738378161565322e+01	2.036616749311550834e+01	1.984315752257415255e+01	2.026101139077155722e+01	2.027941545760965525e+01	1.989999831079298431e+01	1.994692728238415924e+01	1.998608897089436098e+01	2.022579687313889352e+01	2.049936270905515201e+01	1.956509304868194477e+01	2.003278887003807895e+01	2.022396269027689897e+01	1.995349405660375197e+01	1.993968055006007134e+01	2.022367471213256351e+01	2.004843685351215044e+01	2.014619384819683390e+01	2.023232268982573956e+01	2.059377959801070901e+01	2.051348646046026758e+01	2.001705497635690634e+01	2.021065983910093777e+01	2.023966342412427721e+01	1.972242816093226736e+01	2.044531585663110462e+01	2.007588410379037569e+01	1.985922836625882226e+01
2.043626689445578393e+01	2.055797184050921800e+01	1.999018319658063803e+01	2.019488861740635599e+01	2.010765390706011146e+01	2.042198025839858744e+01	2.000293349240046936e+01	2.014478314778169477e+01	1.944717738437273979e+01	2.049407007311889117e+01	2.005793193818934839e+01	2.987563384849356396e+01	2.013421288829150058e+01	2.072759788842249762e+01	1.976748267781497859e+01	2.017704431698050627e+01	1.998462950183587594e+01	1.955276895091979128e+01	2.014672276783698024e+01	2.006562340534308575e+01	1.955715902456879718e+01	2.033264670036793831e+01	1.976079011507403038e+01	2.047618738920680315e+01	1.963055803169327618e+01	2.050625802377703266e+01	2.015560618739517196e+01	1.979734379507381448e+01	2.012480558065927738e+01	1.956051249206076292e+01	2.001369182483975351e+01	2.045235032091348870e+01	1.967165758572623702e+01	1.996926551649817227e+01	2.000462544865007075e+01	2.028753091523760332e+01	1.981147572138213420e+01	2.088462889952722179e+01	1.991595975607435065e+01	2.027815500021986139e+01	2.006454870093336851e+01	2.034986455595988630e+01	2.011775816276223239e+01	2.010283849721939475e+01	2.026546787683677664e+01	1.984087574311721980e+01	1.952384941500693927e+01	2.041801848130889852e+01	2.022796237439895251e+01	2.030733899621699834e+01
2.032528411154531156e+01	2.039948825938886401e+01	2.041126878707906656e+01	1.989927893033664219e+01	2.029099853164333211e+01	2.056140952369062802e+01	2.009843482186329666e+01	2.046235600874280536e+01	1.981737386021943337e+01	2.058121741480752576e+01	1.971474306849050606e+01	2.013421288829150058e+01	3.002384768461981324e+01	2.033131662337400414e+01	1.988620251216042689e+01	2.033539526608705827e+01	1.991781794484403534e+01	1.941873081042293592e+01	1.971805025810041201e+01	2.034307524596105310e+01	1.933886786146095460e+01	2.071627546661940755e+01	2.013629083350439686e+01	2.072827222461442531e+01	1.968242252187335239e+01	2.019954778475253576e+01	2.057198830229136988e+01	2.001358667456131002e+01	2.029982855557362598e+01	2.040091104869089023e+01	1.980645848524765285e+01	2.073695037320873880e+01	1.974075236222929774e+01	1.941715898639940008e+01	2.025828343026848444e+01	2.027334580577142020e+01	2.013600434018070118e+01	2.028408384771865514e+01	2.045372347416651237e+01	2.056583034039158520e+01	2.033994339756564074e+01	2.068207627692091677e+01	2.065966524238312019e+01	2.006315057105383559e+01	2.059247439952071446e+01	2.024494263618019829e+01	1.946757530759716914e+01	2.012463590332161445e+01	1.977246901416848601e+01	2.013871172606986448e+01
2.082277190966802749e+01	2.086084887608357619e+01	2.049039429403635637e+01	2.085754173325399563e+01	2.088504144253690242e+01	2.060496522403943942e+01	2.015202970595213472e+01	2.068671288017448617e+01	2.003375742525888370e+01	2.124836417160809532e+01	2.078004471865071778e+01	2.072759788842249762e+01	2.033131662337400414e+01	3.074435344539551807e+01	1.983369637280035747e+01	2.024060686069597992e+01	1.995309063461897026e+01	1.985419038656890578e+01	2.023538520093353910e+01	2.064705109433507246e+01	2.052816144253105080e+01	2.090869344201325930e+01	2.049945915596838830e+01	2.056430677679413677e+01	2.027718096036670303e+01	2.088151874348812953e+01	2.114190463817367061e+01	2.038897891917928717e+01	2.034916096811427977e+01	2.022380614342392846e+01	2.059441205811810249e+01	2.061944145414038587e+01	1.965624556572041115e+01	2.046160066374711661e+01	2.089056187231118500e+01	2.019724996049229659e+01	2.034792853835153892e+01	2.074712063387889671e+01	2.028463960877740391e+01	2.054444252659869363e+01	2.028067921140946694e+01	2.050728016649640750e+01	2.049474697141920387e+01	2.017871106859662689e+01	2.035331033366631104e+01	2.060873375590436041e+01	1.972728753495760401e+01	2.071680886912565356e+01	2.030321724284814877e+01	2.033727934062584453e+01
2.052574941065013903e+01	2.022724415095488482e+01	1.954829044920886361e+01	1.934701420718764453e+01	1.984045615071394408e+01	1.979069949971754738e+01	1.950991761567418692e+01	2.009419241962746838e+01	1.909885049146211955e+01	2.035667996394039037e+01	1.921881134253266765e+01	1.976748267781497859e+01	1.988620251216042689e+01	1.983369637280035747e+01	2.903584029744321171e+01	1.989421561375493042e+01	1.949512102153127557e+01	1.919155591137141315e+01	1.933795367808246723e+01	1.957190691949466910e+01	1.890232533158262385e+01	2.028713942021679273e+01	1.953986583987409986e+01	2.010810612649539664e+01	1.907947081364591924e+01	1.990054031028979864e+01	1.972985992277326162e+01	1.962790759283618769e+01	1.981865062225740104e+01	1.970784925456598202e+01	1.953009670578359191e+01	2.017465922831684466e+01	1.943192957793557696e+01	1.920671978495548515e+01	2.007330635286547960e+01	1.970710019662505630e+01	2.023232609807362792e+01	2.006555192103236962e+01	1.927832706820455044e+01	1.975979738661290952e+01	1.930333777842739806e+01	2.009750217348497614e+01	2.005313119426702784e+01	1.942051319667031706e+01	1.980460328355772148e+01	2.006329808629986289e+01	1.879093474375946116e+01	2.025383031967306735e+01	1.971124122093403130e+01	1.974352068181822872e+01
2.012052666810947343e+01	2.040374085930070081e+01	1.976862606362077202e+01	1.988711309762278390e+01	1.970206195482121458e+01	2.014027596805165032e+01	1.963235615136753864e+01	2.001574295695845862e+01	1.946079629930827082e+01	2.017571405656538985e+01	1.960994956085468743e+01	2.017704431698050627e+01	2.033539526608705827e+01	2.024060686069597992e+01	1.989421561375493042e+01	2.955812440689474485e+01	1.976626496986082415e+01	1.956268142031235513e+01	1.950127873270651691e+01	2.009085542521743406e+01	1.957565927846542664e+01	1.987771451105893306e+01	1.973974426154390116e+01	1.978394437619294166e+01	1.937204433925237268e+01	2.021476448509314139e+01	2.057120158451563086e+01	1.975568829988223030e+01	1.969459176030523295e+01	1.992148908806729679e+01	1.934327776228743545e+01	2.037112134510249462e+01	1.950274922682442380e+01	1.937126476952089504e+01	2.035990055100346652e+01	2.019466173573562884e+01	2.005565098595486262e+01	2.008019667910657446e+01	1.988381933761265330e+01	2.014423251082620325e+01	1.982870743219507403e+01	2.007544222514783172e+01	2.010823154455121298e+01	1.995211302579273038e+01	1.992714694610992510e+01	1.996634795145935115e+01	1.964394161376104009e+01	1.974127215367867905e+01	1.976718097660109308e+01	2.037192988240398961e+01
2.019701089746784106e+01	2.058851584942910407e+01	1.988927774140589833e+01	1.984626823032785481e+01	2.042117470519242417e+01	2.025909511856265866e+01	1.976200973114684700e+01	2.041162458120972900e+01	1.955918895266983171e+01	2.055332885881929528e+01	2.008206248524037107e+01	1.998462950183587594e+01	1.991781794484403534e+01	1.995309063461897026e+01	1.949512102153127557e+01	1.976626496986082415e+01	2.998490537817053436e+01	1.922177333848271630e+01	1.919614552330058999e+01	1.974752186946918187e+01	1.933734879095402448e+01	2.028427400094583888e+01	1.996937400266122253e+01	2.058578938860519969e+01	1.946993115840694344e+01	2.009960759794777374e+01	2.058896209575412684e+01	1.948734925091677539e+01	1.993219755035531549e+01	1.989081825692043637e+01	1.995416117938673040e+01	1.954563826601886589e+01	1.936717499439830448e+01	1.919330920440433275e+01	2.051238946678715891e+01	2.024661958862112954e+01	2.008465115078161389e+01	2.027793851418222815e+01	1.972972276501880629e+01	1.967089582089363731e+01	1.927954410212753444e+01	2.021483540695170333e+01	2.038363228254272741e+01	1.998760132239043941e+01	2.029436713637080913e+01	2.013004942553007481e+01	1.950230132823279661e+01	2.029607203111580915e+01	1.953743849700751412e+01	2.015450760582639944e+01
2.000246858389847660e+01	2.027478943890548990e+01	1.948686186144120924e+01	1.981497511512975152e+01	1.984385783095878963e+01	2.023378024092615490e+01	1.956754708638062112e+01	1.967121475128178076e+01	1.877516736195240554e+01	2.027073582202834601e+01	1.977591761929772929e+01	1.955276895091979128e+01	1.941873081042293592e+01	1.985419038656890578e+01	1.919155591137141315e+01	1.956268142031235513e+01	1.922177333848271630e+01	2.892900337023220558e+01	1.933820693638754662e+01	1.954182012610679209e+01	1.930257607491232719e+01	2.021349330676664735e+01	1.957102107992689000e+01	2.014716452823386916e+01	1.915799583514431248e+01	1.956651079059482967e+01	1.953158662917275379e+01	1.985609433836405913e+01	1.946329586279851753e+01	1.949063901951757316e+01	1.938448578360357288e+01	1.989891990363378227e+01	1.891830107909756720e+01	1.958431761506657409e+01	1.971972604960933140e+01	1.937395991887699154e+01	1.971576495504249493e+01	1.997188065158213632e+01	1.927706964032821801e+01	1.960397277010560302e+01	1.935799145460975978e+01	1.975698033827885425e+01	2.013203588630114282e+01	1.944597009341947214e+01	1.986182190402481140e+01	1.960909610188579677e+01	1.916428617944383817e+01	1.986164241038216360e+01	1.936617748316068344e+01	1.971145564322966948e+01
1.996994819256135401e+01	1.995467281587976771e+01	1.972944569389193248e+01	2.012582618872930951e+01	2.013036773526193457e+01	1.971028393301396164e+01	1.927691681869927365e+01	2.018435908461302475e+01	1.945642226256231666e+01	2.036631536349739591e+01	1.970280617779487287e+01	2.014672276783698024e+01	1.971805025810041201e+01	2.023538520093353910e+01	1.933795367808246723e+01	1.950127873270651691e+01	1.919614552330058999e+01	1.933820693638754662e+01	2.916974937763294662e+01	1.957638233719654153e+01	1.941304380759028803e+01	1.967903172970476078e+01	1.946603403182774272e+01	2.032651986999665894e+01	1.944080438787102949e+01	1.979113238278357301e+01	2.001017138736658652e+01	1.974271755944420548e+01	1.974052133934534581e+01	1.910137098297105496e+01	1.978994246842818328e+01	2.001026537549862638e+01	1.975369296591671642e+01	1.955408066637649966e+01	2.009220787162052346e+01	2.016528266387674151e+01	2.025749852938358586e+01	2.000899992314444020e+01	1.981408763699965547e+01	1.983610951529841415e+01	1.986282316517775470e+01	2.015336154915039657e+01	1.992897708331035389e+01	1.955215672947996453e+01	1.993742962491409543e+01	2.009374743225761151e+01	1.938308263979070389e+01	2.006986307725861707e+01	1.987511922286817523e+01	1.987414348690452215e+01
2.061710828810457841e+01	2.065256853839305506e+01	2.006267331755530492e+01	2.000573470264727050e+01	2.013175396913748827e+01	2.049420006066048572e+01	2.021276048390548041e+01	2.035992452847933976e+01	1.975051988431710015e+01	2.089731571721830505e+01	2.021765014839655095e+01	2.006562340534308575e+01	2.034307524596105310e+01	2.064705109433507246e+01	1.957190691949466910e+01	2.009085542521743406e+01	1.974752186946918187e+01	1.954182012610679209e+01	1.957638233719654153e+01	2.962424823966777865e+01	1.984761801849302643e+01	2.027230499730495694e+01	1.995323155017008077e+01	2.060812706946672890e+01	2.002510733635887163e+01	2.020316536306524213e+01	2.049379717804156442e+01	1.969312891570953639e+01	2.020677754326804276e+01	1.987026451169995767e+01	1.999820887322828256e+01	2.058526882815366932e+01	1.980671213210793624e+01	2.003393327379397348e+01	2.061130102841997669e+01	2.018449897954803518e+01	2.012228739513661324e+01	2.054941584139423227e+01	2.013796447061548633e+01	2.050432607347060099e+01	1.997666690755040264e+01	2.055799166301279612e+01	2.082982992893962404e+01	1.999003343956323420e+01	1.993723912165284773e+01	2.020550909632661885e+01	1.948821600580772540e+01	1.984522474283473414e+01	2.033225133578668675e+01	2.037665147873457627e+01
2.010454180177439909e+01	2.006235698854038318e+01	1.967986297672566920e+01	1.957847553952590403e+01	2.000980428203608597e+01	1.989519067970584487e+01	1.980165419654429115e+01	1.980551635539330135e+01	1.891906374718196560e+01	2.002978767600995269e+01	1.992894024767234029e+01	1.955715902456879718e+01	1.933886786146095460e+01	2.052816144253105080e+01	1.890232533158262385e+01	1.957565927846542664e+01	1.933734879095402448e+01	1.930257607491232719e+01	1.941304380759028803e+01	1.984761801849302643e+01	2.914064448455998857e+01	2.032442310065378521e+01	1.970938631161707377e+01	1.989497809585884980e+01	1.946807645950100252e+01	1.985557062491042046e+01	2.000983801875781865e+01	1.947210950818321251e+01	1.952899160183835647e+01	1.976330081031738573e+01	1.957167366035087852e+01	2.003309976757202904e+01	1.929816180825551442e+01	1.940201225930549356e+01	1.990410602856527333e+01	1.986743570355807265e+01	1.943480018850256741e+01	1.974156927539419826e+01	1.947518821283255974e+01	1.985208244822250023e+01	1.950194491388428020e+01	1.996515355956508131e+01	1.950455254442473674e+01	1.923799390099592799e+01	1.944324615014913959e+01	1.992041567867674701e+01	1.909350146063034970e+01	2.022861450737234890e+01	1.929124713693247628e+01	1.994464157468833321e+01
2.098334866942916932e+01	2.092873431586069799e+01	2.018210867360829397e+01	2.010221719880757973e+01	2.069755536523171813e+01	2.044000853817078323e+01	1.999066031112728581e+01	2.060431827064774524e+01	2.006315360378917489e+01	2.113620336694115664e+01	2.031001342627393669e+01	2.033264670036793831e+01	2.071627546661940755e+01	2.090869344201325930e+01	2.028713942021679273e+01	1.987771451105893306e+01	2.028427400094583888e+01	2.021349330676664735e+01	1.967903172970476078e+01	2.027230499730495694e+01	2.032442310065378521e+01	3.058117738031425148e+01	2.050351610546716330e+01	2.081725163745002050e+01	2.022813614696462636e+01	2.068463087804183331e+01	2.068984981023905689e+01	2.026223578070998244e+01	2.024605206842242566e+01	2.030471949234066997e+01	2.044251492519006064e+01	2.058170642632230951e+01	1.995665239008038938e+01	2.043135573265022842e+01	2.077800514743562488e+01	2.034281449488430482e+01	2.059042070097741473e+01	2.101208865716509422e+01	1.986741981208589536e+01	2.066700296136990644e+01	2.035030864390805760e+01	2.090838748367768574e+01	2.042928074955020890e+01	2.020759173400894326e+01	2.044972004887834061e+01	2.036555231919473741e+01	1.980686771910663069e+01	2.053323674765524132e+01	2.038861257096657909e+01	2.060041309842134183e+01
2.013175160125084773e+01	2.041710179489999533e+01	1.970192413602295289e+01	1.983223481337904914e+01	2.032531541802860531e+01	2.001722613805538131e+01	1.922023389609974231e+01	2.019975464093205986e+01	1.937209985459512751e+01	2.029619372207861261e+01	1.999738378161565322e+01	1.976079011507403038e+01	2.013629083350439686e+01	2.049945915596838830e+01	1.953986583987409986e+01	1.973974426154390116e+01	1.996937400266122253e+01	1.957102107992689000e+01	1.946603403182774272e+01	1.995323155017008077e+01	1.970938631161707377e+01	2.050351610546716330e+01	2.981100498515199249e+01	2.019854617868650237e+01	1.942430118910554526e+01	2.029715993029316579e+01	2.003133901509918502e+01	1.974093923796837657e+01	2.015298009652398292e+01	1.966077316049708301e+01	1.976608271532576566e+01	2.046515506689477704e+01	1.936438464060715958e+01	1.963368321262491634e+01	2.012493752235733879e+01	1.997851850849503919e+01	1.993517814211285000e+01	1.994219780266641706e+01	1.995066181541971417e+01	1.997760452416173038e+01	1.973836079177997860e+01	2.043722039298586424e+01	2.019621148142518763e+01	1.957943839297036703e+01	1.982887530979778745e+01	2.015033883577008211e+01	1.925714963514435141e+01	2.008373958045133634e+01	1.969464889608352820e+01	1.996402577317509497e+01
2.062553187893086815e+01	2.125675532206290086e+01	2.056389979423260073e+01	2.050609314402002425e+01	2.063378516770755766e+01	2.048488040030697022e+01	2.035864765268943799e+01	2.067062423449021225e+01	1.986300808063840151e+01	2.127654941517193876e+01	2.036616749311550834e+01	2.047618738920680315e+01	2.072827222461442531e+01	2.056430677679413677e+01	2.010810612649539664e+01	1.978394437619294166e+01	2.058578938860519969e+01	2.014716452823386916e+01	2.032651986999665894e+01	2.060812706946672890e+01	1.989497809585884980e+01	2.081725163745002050e+01	2.019854617868650237e+01	3.109624637831962346e+01	2.011607767380734302e+01	2.088903968628700625e+01	2.121993258978238828e+01	2.037911054057348181e+01	2.026191672876398897e+01	2.020339729015483599e+01	2.061447177275519138e+01	2.108059882846245969e+01	1.990392793761979462e+01	2.030463568264108076e+01	2.077774098078904785e+01	2.073913208916554396e+01	2.039161993389550531e+01	2.052649044501353970e+01	2.032808778152826079e+01	2.058149326040479465e+01	2.028650747742406679e+01	2.069966927159315873e+01	2.109613027529678675e+01	2.029939163550428560e+01	2.056587109384058465e+01	2.056622617674224074e+01	1.975216285955858098e+01	2.056400868018080175e+01	2.069850155211691245e+01	2.044556616476295829e+01
2.025090081709310041e+01	2.001486814302963069e+01	1.971471810089563093e+01	2.014354977207801056e+01	2.007656260494337630e+01	1.952613930152954325e+01	1.909100941344324553e+01	1.983997297665979076e+01	1.934926904449473284e+01	2.034961212834091171e+01	1.984315752257415255e+01	1.963055803169327618e+01	1.968242252187335239e+01	2.027718096036670303e+01	1.907947081364591924e+01	1.937204433925237268e+01	1.946993115840694344e+01	1.915799583514431248e+01	1.944080438787102949e+01	2.002510733635887163e+01	1.946807645950100252e+01	2.022813614696462636e+01	1.942430118910554526e+01	2.011607767380734302e+01	2.951236128449725982e+01	1.972547279863618286e+01	1.977012533788894544e+01	1.982453058853807093e+01	1.972310435855183641e+01	1.921428498318218203e+01	1.963666495734902639e+01	1.985786932060076637e+01	1.927547485036867769e+01	1.936666109255775581e+01	2.031077776159288106e+01	1.981089773907240925e+01	1.965837088194413340e+01	2.015413048548671426e+01	1.952804195388299746e+01	1.944102127363511201e+01	1.969480896123800662e+01	2.021129299029939830e+01	1.963460932696873229e+01	1.985088344674910132e+01	1.969972290829644024e+01	2.019223932143588129e+01	1.934569138325372251e+01	1.995996415435487137e+01	1.956285659452500170e+01	1.994032573284555099e+01
2.029887099026128539e+01	2.092759343072160405e+01	2.034671736212765225e+01	2.030365930011173958e+01	2.003462789055341631e+01	2.040336424269383642e+01	2.005417499590607378e+01	2.012215141081389191e+01	1.989560182198731653e+01	2.114067944668973098e+01	2.026101139077155722e+01	2.050625802377703266e+01	2.019954778475253576e+01	2.088151874348812953e+01	1.990054031028979864e+01	2.021476448509314139e+01	2.009960759794777374e+01	1.956651079059482967e+01	1.979113238278357301e+01	2.020316536306524213e+01	1.985557062491042046e+01	2.068463087804183331e+01	2.029715993029316579e+01	2.088903968628700625e+01	1.972547279863618286e+01	2.994999918120021221e+01	2.055548396906143793e+01	2.033163913631816300e+01	2.021901026003575197e+01	2.030794240545471396e+01	2.026908248542671842e+01	2.048723974302374984e+01	2.010045050733211625e+01	1.960564044868747757e+01	2.066239328544086007e+01	2.056480057714959031e+01	2.071322125080138576e+01	2.028207350041714818e+01	2.032929173815233526e+01	2.015687628619344096e+01	2.022390388933832384e+01	2.074609956524731302e+01	2.066050525688181949e+01	2.004134231991504933e+01	2.036543626918468419e+01	2.026858285228570722e+01	2.007917181748993585e+01	2.062973949393651907e+01	2.010042366131665048e+01	2.024812996907047236e+01
2.056254532429708703e+01	2.080586266859736355e+01	2.050822514118589268e+01	2.033830333909771682e+01	2.063678260173102075e+01	2.072484317327897685e+01	1.992829016954796728e+01	2.058624537205828986e+01	1.990379489548295666e+01	2.102737067003995719e+01	2.027941545760965525e+01	2.015560618739517196e+01	2.057198830229136988e+01	2.114190463817367061e+01	1.972985992277326162e+01	2.057120158451563086e+01	2.058896209575412684e+01	1.953158662917275379e+01	2.001017138736658652e+01	2.049379717804156442e+01	2.000983801875781865e+01	2.068984981023905689e+01	2.003133901509918502e+01	2.121993258978238828e+01	1.977012533788894544e+01	2.055548396906143793e+01	3.053011779527133740e+01	2.021204241845581251e+01	1.999590081702353572e+01	2.043616315359175672e+01	2.028730162006064219e+01	2.130083175622258906e+01	1.966880294357335401e+01	2.007459574794449253e+01	2.052067094030641314e+01	2.008198028044103012e+01	2.039889174101761782e+01	2.064844058347511435e+01	2.012564367355312456e+01	2.069274268335830413e+01	2.028862949242186886e+01	2.079167552103218952e+01	2.074878658983967128e+01	2.002931775623503796e+01	2.059169881051934681e+01	2.053480341764775119e+01	2.016243015429821384e+01	2.081569942271359253e+01	2.037822749518372589e+01	2.043160479756741310e+01
2.043756768835333659e+01	2.028263901762514365e+01	1.996599860201734700e+01	2.017407141612168431e+01	2.006937652971975439e+01	1.990679717917569036e+01	1.956116885957386842e+01	2.011358272878509368e+01	1.943345358750643470e+01	2.087173232520357402e+01	1.989999831079298431e+01	1.979734379507381448e+01	2.001358667456131002e+01	2.038897891917928717e+01	1.962790759283618769e+01	1.975568829988223030e+01	1.948734925091677539e+01	1.985609433836405913e+01	1.974271755944420548e+01	1.969312891570953639e+01	1.947210950818321251e+01	2.026223578070998244e+01	1.974093923796837657e+01	2.037911054057348181e+01	1.982453058853807093e+01	2.033163913631816300e+01	2.021204241845581251e+01	2.956035511266881244e+01	1.987894564360254179e+01	1.999024144496940636e+01	2.007633487581052023e+01	2.043910166250488203e+01	1.974524555780911683e+01	1.908016091939964198e+01	2.014467174987978737e+01	2.005854246721817091e+01	1.991219278566308759e+01	1.996411788111449326e+01	1.971821703624967981e+01	1.994197466787579742e+01	1.987744694729592965e+01	2.010447707822471131e+01	2.027392567508527321e+01	2.007569715830721080e+01	2.023149762735314283e+01	2.015523812235864298e+01	1.929034158642954111e+01	2.009720497462358324e+01	1.992671323883971368e+01	2.021384057395122014e+01
2.044064010440520818e+01	2.018908117594050466e+01	2.006092184184400651e+01	2.015005564078478528e+01	2.011443115057094744e+01	1.990666080850657949e+01	1.963406834343623686e+01	1.999468016252300728e+01	1.935339135357753548e+01	2.059961840873893024e+01	1.994692728238415924e+01	2.012480558065927738e+01	2.029982855557362598e+01	2.034916096811427977e+01	1.981865062225740104e+01	1.969459176030523295e+01	1.993219755035531549e+01	1.946329586279851753e+01	1.974052133934534581e+01	2.020677754326804276e+01	1.952899160183835647e+01	2.024605206842242566e+01	2.015298009652398292e+01	2.026191672876398897e+01	1.972310435855183641e+01	2.021901026003575197e+01	1.999590081702353572e+01	1.987894564360254179e+01	2.977974226489250853e+01	1.991148500332981541e+01	2.019025828520589627e+01	2.059221324837164957e+01	1.952653633529889632e+01	1.976902378730158816e+01	2.039609829567247345e+01	2.006724239506846885e+01	2.005935326437734290e+01	2.042970102026950840e+01	1.966173025374245853e+01	1.999112613223174151e+01	1.985737932685829676e+01	2.049694910337414200e+01	1.996436056945321269e+01	1.984005737825563287e+01	2.026096691133110639e+01	2.003870748253890000e+01	1.956209359705310291e+01	2.025719361940208429e+01	1.987834431747486263e+01	1.971854614128582028e+01
2.008681525465414808e+01	2.011349573342168995e+01	2.014336904129977412e+01	2.001817164940212024e+01	2.039455015418334582e+01	2.047430294511403659e+01	1.989361980227943860e+01	2.046149915891452764e+01	1.959425782637559266e+01	2.099294361035832424e+01	1.998608897089436098e+01	1.956051249206076292e+01	2.040091104869089023e+01	2.022380614342392846e+01	1.970784925456598202e+01	1.992148908806729679e+01	1.989081825692043637e+01	1.949063901951757316e+01	1.910137098297105496e+01	1.987026451169995767e+01	1.976330081031738573e+01	2.030471949234066997e+01	1.966077316049708301e+01	2.020339729015483599e+01	1.921428498318218203e+01	2.030794240545471396e+01	2.043616315359175672e+01	1.999024144496940636e+01	1.991148500332981541e+01	2.938388612557666590e+01	1.957214894436228647e+01	2.053242311635574424e+01	2.001547535253564192e+01	1.971897879258282771e+01	2.027060843365080700e+01	2.023759229447845343e+01	2.039326567925469291e+01	1.980336978771612877e+01	1.973797025190800980e+01	2.025836402799415126e+01	2.007653360612993154e+01	2.012037505764396883e+01	2.019886060115388204e+01	1.999748131206191815e+01	2.011263443806735296e+01	2.044968598185361941e+01	1.970603585694848547e+01	2.013642186958360725e+01	1.993516815865662650e+01	2.027157247521878602e+01
2.031632917374692227e+01	2.029756458637961458e+01	1.977203073793914712e+01	1.996329865539635762e+01	2.020244917755677605e+01	2.030940005099865076e+01	2.006821870594273705e+01	1.999291623946860241e+01	1.970856664713278761e+01	2.068302403137566614e+01	2.022579687313889352e+01	2.001369182483975351e+01	1.980645848524765285e+01	2.059441205811810249e+01	1.953009670578359191e+01	1.934327776228743545e+01	1.995416117938673040e+01	1.938448578360357288e+01	1.978994246842818328e+01	1.999820887322828256e+01	1.957167366035087852e+01	2.044251492519006064e+01	1.976608271532576566e+01	2.061447177275519138e+01	1.963666495734902639e+01	2.026908248542671842e+01	2.028730162006064219e+01	2.007633487581052023e+01	2.019025828520589627e+01	1.957214894436228647e+01	2.979777894726258936e+01	1.997666447758713559e+01	1.965101056453161377e+01	1.962742889661216594e+01	2.051871922918762436e+01	1.981508115361564748e+01	2.009304111752811650e+01	2.011283655205057030e+01	2.008729088615800862e+01	2.042502988949885889e+01	2.013690936360457329e+01	2.044673877153219621e+01	2.038343048634765609e+01	1.966107008310181925e+01	2.009309786304489620e+01	2.029028873734493033e+01	1.926422495865009310e+01	2.032605327595008760e+01	2.008034718165501431e+01	1.997280685241907960e+01
2.080781673485977024e+01	2.071277485964807141e+01	2.067897678874113865e+01	2.028280189771957254e+01	2.052982484393578133e+01	2.046443798728910579e+01	2.014072178869229646e+01	2.041843952972039489e+01	1.960435668733094161e+01	2.102735903228676406e+01	2.049936270905515201e+01	2.045235032091348870e+01	2.073695037320873880e+01	2.061944145414038587e+01	2.017465922831684466e+01	2.037112134510249462e+01	1.954563826601886589e+01	1.989891990363378227e+01	2.001026537549862638e+01	2.058526882815366932e+01	2.003309976757202904e+01	2.058170642632230951e+01	2.046515506689477704e+01	2.108059882846245969e+01	1.985786932060076637e+01	2.048723974302374984e+01	2.130083175622258906e+01	2.043910166250488203e+01	2.059221324837164957e+01	2.053242311635574424e+01	1.997666447758713559e+01	3.016893627639779041e+01	2.001465667893079114e+01	2.001460122320873580e+01	2.091505233845069256e+01	2.044738082433217130e+01	2.042085161112576586e+01	2.064130548874111071e+01	2.003886265813547141e+01	2.071529634691581379e+01	2.079713137922422206e+01	2.091706810329110766e+01	2.093014323948708721e+01	2.008612885281306148e+01	2.037918614473157319e+01	2.001226566847059729e+01	1.965922302937692479e+01	2.050299981870215404e+01	2.068143943905430504e+01	2.030227969807164001e+01
