2.938876908688246559e+01	1.934945875887990496e+01	1.983088294127346529e+01	1.973405617352815611e+01	2.051950967174769858e+01	1.867323215686543847e+01	1.977486785012694526e+01	1.990152769983686554e+01	2.010371951644911093e+01	2.023138454761123839e+01	2.004434525337677186e+01	2.030692155087313466e+01	2.054135732277715221e+01	1.960878287664763775e+01	1.988998211717250086e+01	2.013966585018144784e+01	2.017455191399854897e+01	1.989014647889983678e+01	2.020741319156043048e+01	2.007284093437363381e+01	1.941591325511176791e+01	1.943665473643201125e+01	1.941950672679626066e+01	1.981173003787325726e+01	1.989103865003790617e+01	2.038111521835282147e+01	2.081311002028032320e+01	1.991063808857254713e+01	1.954820992369550936e+01	1.962781989259443804e+01	2.042344796706579046e+01	2.012738367835607534e+01	1.920902053122671660e+01	2.003956925868168071e+01	2.047215253346708863e+01	1.938057688215124941e+01	1.972394623384447954e+01	2.021493708267897560e+01	2.011209479888980312e+01	1.950408778707371482e+01	1.943249993267036757e+01	2.016788656957741210e+01	2.000687133320578681e+01	2.011310859995520772e+01	1.988158108857382089e+01	1.989065388945354229e+01	1.989930082953298651e+01	1.920789254740507346e+01	2.007379703452300035e+01	1.931324003849109872e+01
1.934945875887990496e+01	2.930102635366719710e+01	1.999534030040960886e+01	1.996135046374217836e+01	2.008960162861763266e+01	1.875507023687625718e+01	1.940625709728998771e+01	1.984252464621113887e+01	1.956471974582812479e+01	2.009780793540394939e+01	2.011597840383193514e+01	2.008178551301920933e+01	2.007903723603147128e+01	1.958136148957338563e+01	1.982808383891908832e+01	1.981592042560515310e+01	1.996602633300600260e+01	1.938829641411782490e+01	1.988931169714976122e+01	1.975304553985662182e+01	1.963914423547428711e+01	1.958002635115673584e+01	1.952080016661007278e+01	1.961168384555274713e+01	1.969947209871363825e+01	2.002295373926681421e+01	2.072311863196491544e+01	2.009673713542803952e+01	1.946110422501074311e+01	1.960090000629990215e+01	2.045653006316180367e+01	1.997774317570712554e+01	1.917226536730748165e+01	1.979800953814654463e+01	2.000228649333554998e+01	1.944465493319111005e+01	1.987349116564665863e+01	2.006947201892487342e+01	1.983020988578732968e+01	1.996433238701093060e+01	1.951009117306328733e+01	1.997100144240743447e+01	1.989201205542348205e+01	2.012790568058606766e+01	1.976322552531922838e+01	2.017508665656069766e+01	2.004495060002399143e+01	1.917760572968048649e+01	2.007745203122497912e+01	1.909633975014221718e+01
1.983088294127346529e+01	1.999534030040960886e+01	2.922019297057361698e+01	1.971479423569744682e+01	2.032183137039975307e+01	1.874616231761075014e+01	1.950019775120980725e+01	1.964528407523231479e+01	1.955363526504114446e+01	1.993925642408840915e+01	2.008305311460351561e+01	2.008242859776611411e+01	2.051461854705966559e+01	1.936747564532069177e+01	2.006279324142138520e+01	1.956362691850075564e+01	2.047076992301916931e+01	1.978084334320570647e+01	2.001683266628965896e+01	1.987138469988745726e+01	1.963648533929616491e+01	1.955374714985199702e+01	1.972878603907138739e+01	1.961844564855645245e+01	1.992638334841439729e+01	2.037840910723933163e+01	2.097307056752767451e+01	1.999387540073475833e+01	1.991354659903635849e+01	1.946316770127280549e+01	2.042234826020643723e+01	2.026104628199979274e+01	1.962849132189722567e+01	1.988543647308044271e+01	2.003668682650250332e+01	1.998264973906643860e+01	2.007785477903071936e+01	2.026667088318726329e+01	1.958013613665490738e+01	1.967304219941544119e+01	1.943791881015584266e+01	2.043574827676470562e+01	2.009458334141558566e+01	1.999680411394296442e+01	2.016792009251783213e+01	2.068398022341093778e+01	1.987924538429114918e+01	1.924473112053684787e+01	1.976851894971156298e+01	1.957639708302955839e+01
1.973405617352815611e+01	1.996135046374217836e+01	1.971479423569744682e+01	2.970061539117721949e+01	2.026407974825626113e+01	1.889781371667436360e+01	1.993921011775443120e+01	1.952376318395078414e+01	1.963768889698335229e+01	1.974289652498127268e+01	2.009856529306621553e+01	2.010252268532976672e+01	2.038622208605676533e+01	1.940435410962740193e+01	2.004325597898909450e+01	1.970295169040884886e+01	2.027642921453510283e+01	1.981326900506924815e+01	1.980539285927798687e+01	2.009768119426507127e+01	1.948790515493837816e+01	1.924695066332638049e+01	1.956315795573884841e+01	1.966419658957891059e+01	1.973815181033888777e+01	2.008329497902835925e+01	2.074888268922589063e+01	2.006144475478032518e+01	1.963467017633377409e+01	1.917584201831821389e+01	1.990021470989143282e+01	2.005247970551619829e+01	1.971991510305143080e+01	1.987978617951311833e+01	2.022755552886488672e+01	1.993926080550171775e+01	2.020648764466536917e+01	2.011706053923941795e+01	1.969870279015130166e+01	1.962245269057904906e+01	1.927257024622585035e+01	1.994337148702945584e+01	1.967301893188980699e+01	2.063200619668470637e+01	1.974910467760065913e+01	1.976536608961564312e+01	2.050501675421070402e+01	1.941555072083107802e+01	2.028242811203913121e+01	1.983339473035984213e+01
2.051950967174769858e+01	2.008960162861763266e+01	2.032183137039975307e+01	2.026407974825626113e+01	3.051321982131703336e+01	1.961783277238873779e+01	2.014671960198041845e+01	2.026770940409500810e+01	2.027063703651383619e+01	2.049711477835860407e+01	2.064445672054782221e+01	2.020434020989562285e+01	2.051011764372005430e+01	2.005147923696092249e+01	2.031819302571055985e+01	1.999787411683242055e+01	2.061134904107417043e+01	1.979870542100129427e+01	2.024472215458943580e+01	2.034788644875696306e+01	2.062457507935666712e+01	1.993459224847695666e+01	1.990844059797998611e+01	1.958385895948883970e+01	2.048962645155709694e+01	2.022506949979120705e+01	2.122006051955352390e+01	2.062040748615931562e+01	2.022614930116643350e+01	1.966893958103860385e+01	2.056745150177310677e+01	2.066021726070389875e+01	1.996577462173740614e+01	2.016801866876963700e+01	2.044154143976294691e+01	2.057599589288230035e+01	2.058433203248322840e+01	2.035723435664185743e+01	2.042898294936690817e+01	2.028589311634915759e+01	1.973045711461015728e+01	2.075712791597576867e+01	2.039033363332287863e+01	2.055827107612725158e+01	2.052780142606334124e+01	2.073778090056795165e+01	2.034897169083893687e+01	1.991864857128694766e+01	2.060637073759042792e+01	1.967248101809931171e+01
1.867323215686543847e+01	1.875507023687625718e+01	1.874616231761075014e+01	1.889781371667436360e+01	1.961783277238873779e+01	2.820282201142184064e+01	1.923385697179520548e+01	1.891620009845989969e+01	1.931075097687981668e+01	1.923507238642844186e+01	1.917362196196296864e+01	1.969492686221112976e+01	1.952218027462912886e+01	1.922699905278926735e+01	1.895885756460503657e+01	1.944247631421423606e+01	1.929758702945641247e+01	1.919056189200811247e+01	1.918796914030738066e+01	1.962445903516514889e+01	1.894250283795872036e+01	1.870786200587597392e+01	1.886001709686159344e+01	1.908654728993173677e+01	1.964650588949726995e+01	1.958968337284221661e+01	1.974431698141403757e+01	1.937095261409700697e+01	1.894328420894336418e+01	1.898149595391804212e+01	1.919495382933169481e+01	1.929993555544897532e+01	1.905032672452005471e+01	1.929143240184037467e+01	1.949274678369427249e+01	1.944025276493665544e+01	1.884209452475809243e+01	1.940248419247513212e+01	1.889208599213996465e+01	1.901214085162082768e+01	1.860534834567559059e+01	1.915094806444028563e+01	1.929778315820912482e+01	1.936242661391616338e+01	1.928563247205556408e+01	1.938374516869800601e+01	1.924554940483884025e+01	1.879968660452259854e+01	1.943070561256515916e+01	1.864593994330996196e+01
1.977486785012694526e+01	1.940625709728998771e+01	1.950019775120980725e+01	1.993921011775443120e+01	2.014671960198041845e+01	1.923385697179520548e+01	2.939115962904151047e+01	2.005536951543443536e+01	2.010093332505911690e+01	1.987096602644947296e+01	2.080551104627308590e+01	2.006773003392864041e+01	2.044330721939878970e+01	1.969682084140047706e+01	2.017820928744024300e+01	2.035327864348510118e+01	2.038712873905630829e+01	1.985386516967596648e+01	2.031734927379248390e+01	2.039387544380109674e+01	1.999257649829062800e+01	1.997185699235455303e+01	1.958604541402997867e+01	1.989383795298665447e+01	2.048927397754921031e+01	2.054082029994864200e+01	2.104695282317480931e+01	2.005021301556454461e+01	1.962438657348783977e+01	1.942469703750217391e+01	2.048334958371393100e+01	2.051077462949239916e+01	1.948862657719910274e+01	1.991567902423735958e+01	2.004593340593511286e+01	2.008281008254519762e+01	2.009988669135797323e+01	2.020970221860242333e+01	1.985767110074561614e+01	2.004784109244100065e+01	1.973311035673658509e+01	2.063269110608714030e+01	2.031283900325341207e+01	2.059299037806085053e+01	2.029704369803310016e+01	2.007345547580908729e+01	1.978734821679810452e+01	1.959249155591855995e+01	2.002794894621299093e+01	1.947434155853619941e+01
1.990152769983686554e+01	1.984252464621113887e+01	1.964528407523231479e+01	1.952376318395078414e+01	2.026770940409500810e+01	1.891620009845989969e+01	2.005536951543443536e+01	2.936103727943794084e+01	1.981443183447784406e+01	2.012493199672353938e+01	2.012354661078559204e+01	2.007318279541601669e+01	1.999335592224715796e+01	2.021158934683545993e+01	1.969518586666794491e+01	1.987832833905666874e+01	2.011600499211348492e+01	1.964667736966751477e+01	2.002539481319823267e+01	2.017494249804549256e+01	1.962942551273519598e+01	1.953213352227005117e+01	1.924721691083241382e+01	1.956628785868635845e+01	1.994742103777385367e+01	2.026402027143509343e+01	2.077252254105628992e+01	1.997523082053005083e+01	1.955437591348649562e+01	1.925570829019160257e+01	2.016120472489865989e+01	2.030713287459060723e+01	1.973333670770972859e+01	2.028498065197769051e+01	2.002654546745821662e+01	2.004696521143223720e+01	2.012581783251563650e+01	2.019177060813661129e+01	1.988287161135105308e+01	1.970202837816404795e+01	1.933886644802360166e+01	1.991535138229642499e+01	2.009269721088621097e+01	2.016537026225884333e+01	1.999483869860425145e+01	2.066318559973775493e+01	1.991533582954153303e+01	1.936075013190002991e+01	2.013900882442758444e+01	1.959716777996304415e+01
2.010371951644911093e+01	1.956471974582812479e+01	1.955363526504114446e+01	1.963768889698335229e+01	2.027063703651383619e+01	1.931075097687981668e+01	2.010093332505911690e+01	1.981443183447784406e+01	2.995982222643422688e+01	2.021319206678824898e+01	1.998750956356265007e+01	2.019277666931348136e+01	2.059990607361969950e+01	1.997891398277688069e+01	2.019385773856201638e+01	2.003754010069943092e+01	2.018229525438092509e+01	1.977300415390311272e+01	2.049386049393872966e+01	2.030919288036227144e+01	1.958270980989984622e+01	1.962395459330004144e+01	1.973371934221743729e+01	1.982769818321715150e+01	1.964327042692393377e+01	2.045434002274924268e+01	2.105419220138666603e+01	1.985408527342554308e+01	1.981744784669440662e+01	1.957771888454250941e+01	2.000308722015049767e+01	2.022321150845508342e+01	1.943465187425305984e+01	1.959696777317197913e+01	2.013870204680850051e+01	2.012627056154153848e+01	1.998572034517606255e+01	2.004392489009262590e+01	1.972400447860271200e+01	1.993761186712347211e+01	1.960159328599270623e+01	2.015555202504464560e+01	1.984203918575348169e+01	2.011416883640504594e+01	2.018180956316219721e+01	2.023211105759844486e+01	1.956195413919514436e+01	1.964688858320110754e+01	2.011824943975330271e+01	1.949775575558106766e+01
2.023138454761123839e+01	2.009780793540394939e+01	1.993925642408840915e+01	1.974289652498127268e+01	2.049711477835860407e+01	1.923507238642844186e+01	1.987096602644947296e+01	2.012493199672353938e+01	2.021319206678824898e+01	3.036108496065344298e+01	2.028509442110032168e+01	2.057189002703187697e+01	2.117427005930991513e+01	2.014287836681699773e+01	2.001198535807033352e+01	2.035870677978260801e+01	2.061470103928642672e+01	1.982221255381086067e+01	2.038364597484843799e+01	2.038438702781162348e+01	1.986676375939207162e+01	1.975471186198422302e+01	2.031738655610307376e+01	1.965166957612879983e+01	2.022056287366924110e+01	2.060344571700614225e+01	2.141745718022299982e+01	2.027479043397116598e+01	2.005266665443548391e+01	1.957606437507804742e+01	2.049259754761252594e+01	2.050547898370804489e+01	2.001789413645659366e+01	2.022102812509188396e+01	2.064719648596016199e+01	2.033086982583200353e+01	1.993107986460191228e+01	2.053095708994620239e+01	2.017006576378022942e+01	2.039111267975047781e+01	1.964233915828158317e+01	2.056578604465500959e+01	2.029929435849889785e+01	2.044815761164730006e+01	2.038436745665416439e+01	2.053559287019029966e+01	2.027460568971645571e+01	1.949000349420675704e+01	2.087574690432315094e+01	1.962377300660238433e+01
2.004434525337677186e+01	2.011597840383193514e+01	2.008305311460351561e+01	2.009856529306621553e+01	2.064445672054782221e+01	1.917362196196296864e+01	2.080551104627308590e+01	2.012354661078559204e+01	1.998750956356265007e+01	2.028509442110032168e+01	3.034901547861991489e+01	2.046315464899327807e+01	2.095172038231272182e+01	1.987538748620543316e+01	2.043020679354701130e+01	2.011183188761176055e+01	2.109432479594744692e+01	1.996243494313609546e+01	2.068846197703516765e+01	2.050838448975517991e+01	2.009897063738741707e+01	2.025152512111005620e+01	2.002843823089101960e+01	2.012613971816041314e+01	2.029904122358303908e+01	2.076611033877792067e+01	2.143499302917284410e+01	2.012936932061564477e+01	2.011778857232025786e+01	2.015016936461696773e+01	2.048263224312638897e+01	2.040451391603435383e+01	1.977627580263225227e+01	2.048084388881005324e+01	2.054323453353720197e+01	2.021973890156125719e+01	2.035990731267960641e+01	2.045901769579617024e+01	2.011568702612488480e+01	2.004444553972077614e+01	1.990552511880493824e+01	2.076397558087817785e+01	2.057887541361043304e+01	2.073896483411973790e+01	2.064625919293430201e+01	2.059456483058268006e+01	2.047200894410257632e+01	1.959210039018778815e+01	2.031272710413976412e+01	1.975299679111495621e+01
2.030692155087313466e+01	2.008178551301920933e+01	2.008242859776611411e+01	2.010252268532976672e+01	2.020434020989562285e+01	1.969492686221112976e+01	2.006773003392864041e+01	2.007318279541601669e+01	2.019277666931348136e+01	2.057189002703187697e+01	2.046315464899327807e+01	3.048056119624266458e+01	2.097319986040810136e+01	2.022060609072606496e+01	2.018490746053949181e+01	2.016561452208922134e+01	2.043087478157543657e+01	2.008936754260897573e+01	2.062437277562179005e+01	2.005901136813964314e+01	1.999426151132776397e+01	2.021335929386246733e+01	2.027543284572555393e+01	2.007814976285916941e+01	2.001581712702590465e+01	2.050876990877745953e+01	2.120952128470923626e+01	2.011707095672931445e+01	2.016501445693029027e+01	2.030112349616408451e+01	2.079954359018876531e+01	2.075689884835664856e+01	1.989784934136692129e+01	2.064264087297790695e+01	2.045248384613907078e+01	2.012952651192220443e+01	2.001375245233354860e+01	2.049465729730037111e+01	2.031033666180817931e+01	2.038653160992859270e+01	1.983432443865588723e+01	2.062126702378001752e+01	2.016306795745889247e+01	2.090224120855821610e+01	2.040188569514025474e+01	2.043005403376886164e+01	2.034656466988466761e+01	2.002609351061419929e+01	2.047139630370277885e+01	1.971363517396709142e+01
2.054135732277715221e+01	2.007903723603147128e+01	2.051461854705966559e+01	2.038622208605676533e+01	2.051011764372005430e+01	1.952218027462912886e+01	2.044330721939878970e+01	1.999335592224715796e+01	2.059990607361969950e+01	2.117427005930991513e+01	2.095172038231272182e+01	2.097319986040810136e+01	3.072455719151563969e+01	2.061130771245757742e+01	2.050431601682381455e+01	2.076804196931091084e+01	2.088000913451997675e+01	2.010229297528178805e+01	2.088282960994803972e+01	2.069948740197517623e+01	2.032326195386991330e+01	2.018342736379844382e+01	2.022216069948640538e+01	2.044733608346344766e+01	2.061211081195899197e+01	2.109859175150620558e+01	2.156328319676098459e+01	2.065190640203021388e+01	2.010086571561252100e+01	2.026741014456567314e+01	2.104615335645257446e+01	2.077290077466655660e+01	2.001304333657747847e+01	2.064259661670342183e+01	2.087822471007017811e+01	2.094923757124945851e+01	2.051636330848551992e+01	2.102297583901657418e+01	2.030835649383856989e+01	2.060935332831494904e+01	2.006957467002404982e+01	2.084359372805691279e+01	2.070306788755262417e+01	2.072279718539750348e+01	2.070955975724384146e+01	2.077367998783233816e+01	2.122686052872993656e+01	1.996817188355128891e+01	2.095119026931458350e+01	2.048797467820020302e+01
1.960878287664763775e+01	1.958136148957338563e+01	1.936747564532069177e+01	1.940435410962740193e+01	2.005147923696092249e+01	1.922699905278926735e+01	1.969682084140047706e+01	2.021158934683545993e+01	1.997891398277688069e+01	2.014287836681699773e+01	1.987538748620543316e+01	2.022060609072606496e+01	2.061130771245757742e+01	2.950855868376341462e+01	1.999477874583307013e+01	2.025205089875939635e+01	2.017200683414243301e+01	1.947085382846956847e+01	2.034105342871988142e+01	2.041872155543343226e+01	1.977264690174088457e+01	1.986400028126723427e+01	1.935081889107495101e+01	1.973862217622354009e+01	1.971945372534612773e+01	2.014762963982332877e+01	2.074724414521964633e+01	2.016118300483743297e+01	2.018137495260679870e+01	1.970851695506292245e+01	1.995123770337972857e+01	2.026021722040223949e+01	1.949218635807736888e+01	2.020592935232029674e+01	1.989428025103377351e+01	1.989175554730297435e+01	1.964047903232754066e+01	1.996557720447476214e+01	1.967438435231616012e+01	1.995259152529983382e+01	1.969730685704486461e+01	2.052705497102735421e+01	1.978972398176000524e+01	2.017391473459588980e+01	2.015771403006812434e+01	2.043006801502570013e+01	2.013435037308665443e+01	1.929862886597652860e+01	2.022016235960277442e+01	1.955068246018018385e+01
1.988998211717250086e+01	1.982808383891908832e+01	2.006279324142138520e+01	2.004325597898909450e+01	2.031819302571055985e+01	1.895885756460503657e+01	2.017820928744024300e+01	1.969518586666794491e+01	2.019385773856201638e+01	2.001198535807033352e+01	2.043020679354701130e+01	2.018490746053949181e+01	2.050431601682381455e+01	1.999477874583307013e+01	2.954425980576106525e+01	2.001421850598319452e+01	2.061177352663846563e+01	1.980071453153266603e+01	2.037865961973422202e+01	2.025205824558489454e+01	1.994176110543578062e+01	1.946460918892397274e+01	1.978351645432082861e+01	1.965544976073024230e+01	1.976112097081008656e+01	2.054311295108765023e+01	2.117493684731973147e+01	2.046288124280542320e+01	1.961803348215535792e+01	1.949212268743796628e+01	2.053534309057886276e+01	2.014792250911523652e+01	1.974484722118273794e+01	2.021265412392120808e+01	1.999606184938508946e+01	2.008932694706477662e+01	2.026824828869980522e+01	2.020363787995119154e+01	2.004335151611620702e+01	2.011627090744474700e+01	1.960388704460225284e+01	2.050417478981348296e+01	1.968004982154488403e+01	2.007300139195347199e+01	2.022414131258992853e+01	2.032550433666522949e+01	2.032769062486998024e+01	1.980521907797727010e+01	2.028706329685414644e+01	1.968666312907181037e+01
2.013966585018144784e+01	1.981592042560515310e+01	1.956362691850075564e+01	1.970295169040884886e+01	1.999787411683242055e+01	1.944247631421423606e+01	2.035327864348510118e+01	1.987832833905666874e+01	2.003754010069943092e+01	2.035870677978260801e+01	2.011183188761176055e+01	2.016561452208922134e+01	2.076804196931091084e+01	2.025205089875939635e+01	2.001421850598319452e+01	2.999653575145723394e+01	2.055729932694778839e+01	2.008228002944703405e+01	2.066816473282531774e+01	2.007950232146258429e+01	2.010045771237211554e+01	1.953755797462378396e+01	1.993390417231170986e+01	1.977752928581467984e+01	1.994567159375135645e+01	2.052664580803839911e+01	2.130686809214662958e+01	2.023701043967795599e+01	2.013287421965918611e+01	1.924917747534838952e+01	2.025415985566502286e+01	2.030170794928622868e+01	1.964092531563369448e+01	2.011383113033728165e+01	2.033155365519052182e+01	2.040286432406372441e+01	2.012956062156713699e+01	2.018117690265798458e+01	2.011628702461480245e+01	2.003763638434931593e+01	1.960520821807133984e+01	2.057492907200779797e+01	2.026625085888455402e+01	2.032684778073914345e+01	2.000280046930129174e+01	2.057687502776816757e+01	1.982021282607150781e+01	1.955607083460270346e+01	2.014801394558736192e+01	1.970233991198695378e+01
2.017455191399854897e+01	1.996602633300600260e+01	2.047076992301916931e+01	2.027642921453510283e+01	2.061134904107417043e+01	1.929758702945641247e+01	2.038712873905630829e+01	2.011600499211348492e+01	2.018229525438092509e+01	2.061470103928642672e+01	2.109432479594744692e+01	2.043087478157543657e+01	2.088000913451997675e+01	2.017200683414243301e+01	2.061177352663846563e+01	2.055729932694778839e+01	3.043683210078884827e+01	2.012426969654048037e+01	2.083224344455832622e+01	2.055416851963965996e+01	2.014832826099802077e+01	2.015845291107240200e+01	1.990743877710632503e+01	2.007511057555495171e+01	2.066430098436430285e+01	2.072687659970336327e+01	2.120795821494629507e+01	2.030118343885886745e+01	1.973236271658613816e+01	2.026540288683008839e+01	2.059989151222148962e+01	2.070487690847870255e+01	2.003350123998861676e+01	2.080068189196578388e+01	2.029335936027305465e+01	2.059990560304197516e+01	2.064454240762120207e+01	2.057828964415308803e+01	2.051790571074372238e+01	2.052012548651437740e+01	1.987332214891705107e+01	2.080344988940560569e+01	2.036646868975324765e+01	2.082259111780762240e+01	2.043454148930602443e+01	2.106618130367596819e+01	2.092931553629879460e+01	2.036922410449732723e+01	2.049705171271453352e+01	1.989744484051147921e+01
1.989014647889983678e+01	1.938829641411782490e+01	1.978084334320570647e+01	1.981326900506924815e+01	1.979870542100129427e+01	1.919056189200811247e+01	1.985386516967596648e+01	1.964667736966751477e+01	1.977300415390311272e+01	1.982221255381086067e+01	1.996243494313609546e+01	2.008936754260897573e+01	2.010229297528178805e+01	1.947085382846956847e+01	1.980071453153266603e+01	2.008228002944703405e+01	2.012426969654048037e+01	2.973232126629824990e+01	2.008951435667888674e+01	2.003766432657960550e+01	1.961440813410341022e+01	1.970270689491632865e+01	1.964618184339839146e+01	1.970792173113381196e+01	1.999430025278578071e+01	2.030300458023395649e+01	2.094473347223211590e+01	2.019936890906745930e+01	1.983960569348835890e+01	1.963684045852927795e+01	2.033462577134042704e+01	2.017663833057886080e+01	1.988253318531588931e+01	2.002239153403122884e+01	2.037871586451089101e+01	1.979885045870975091e+01	1.982434210712385791e+01	2.009022285144186881e+01	2.002282761319333204e+01	2.013541234162576998e+01	1.946237746995726781e+01	2.007951769925261587e+01	1.989335186387035037e+01	2.031416193245020807e+01	2.004672239633628905e+01	2.044174516031721112e+01	1.982748363158163230e+01	1.965395722312896964e+01	1.997521047285418305e+01	1.957565763206456566e+01
2.020741319156043048e+01	1.988931169714976122e+01	2.001683266628965896e+01	1.980539285927798687e+01	2.024472215458943580e+01	1.918796914030738066e+01	2.031734927379248390e+01	2.002539481319823267e+01	2.049386049393872966e+01	2.038364597484843799e+01	2.068846197703516765e+01	2.062437277562179005e+01	2.088282960994803972e+01	2.034105342871988142e+01	2.037865961973422202e+01	2.066816473282531774e+01	2.083224344455832622e+01	2.008951435667888674e+01	3.015763273835343128e+01	2.022125762761958967e+01	2.013712735930860376e+01	1.982117152987429520e+01	2.017098445914401950e+01	1.975476131407850744e+01	2.030645941686774592e+01	2.050040075533396688e+01	2.112574793657688943e+01	2.062572041549669422e+01	1.985859847034545211e+01	1.974668031657950706e+01	2.081435882803074477e+01	2.073139004965830878e+01	1.967443057011830021e+01	2.033453741670119541e+01	2.074705827218087961e+01	2.035199215034632303e+01	2.005766131045561096e+01	2.051321000941860362e+01	2.046903429323862156e+01	2.051860220522313938e+01	1.975920724145724705e+01	2.087683459492340887e+01	2.064539511007166794e+01	2.083788515580574341e+01	2.015954272885931786e+01	2.084191814280439203e+01	2.040643754831419443e+01	1.997488918574625671e+01	2.066547598134153318e+01	2.007991768919337972e+01
2.007284093437363381e+01	1.975304553985662182e+01	1.987138469988745726e+01	2.009768119426507127e+01	2.034788644875696306e+01	1.962445903516514889e+01	2.039387544380109674e+01	2.017494249804549256e+01	2.030919288036227144e+01	2.038438702781162348e+01	2.050838448975517991e+01	2.005901136813964314e+01	2.069948740197517623e+01	2.041872155543343226e+01	2.025205824558489454e+01	2.007950232146258429e+01	2.055416851963965996e+01	2.003766432657960550e+01	2.022125762761958967e+01	2.999115564364956299e+01	1.994960058580078055e+01	1.970651257613451790e+01	2.026388482244416167e+01	2.003526907096631504e+01	2.027189008292736716e+01	2.045641970662452991e+01	2.088605181350856199e+01	2.004812993042898128e+01	1.991454715569826561e+01	1.940423164329606465e+01	2.057872431743084363e+01	2.037505984404936399e+01	1.973378415993397894e+01	2.001814437992923246e+01	2.079842676007383773e+01	2.029888609899766294e+01	2.019984348884521097e+01	2.075255336901759762e+01	2.036694193420287391e+01	2.036903123584200515e+01	2.001766032698736453e+01	2.046809999245072831e+01	2.034902097931169607e+01	2.075180804154357617e+01	2.053811902875589723e+01	2.055674443763986758e+01	2.022409104838723692e+01	1.947042437687628791e+01	2.046478540128293844e+01	1.985958326308915289e+01
1.941591325511176791e+01	1.963914423547428711e+01	1.963648533929616491e+01	1.948790515493837816e+01	2.062457507935666712e+01	1.894250283795872036e+01	1.999257649829062800e+01	1.962942551273519598e+01	1.958270980989984622e+01	1.986676375939207162e+01	2.009897063738741707e+01	1.999426151132776397e+01	2.032326195386991330e+01	1.977264690174088457e+01	1.994176110543578062e+01	2.010045771237211554e+01	2.014832826099802077e+01	1.961440813410341022e+01	2.013712735930860376e+01	1.994960058580078055e+01	2.891795282532275735e+01	1.912537627806523233e+01	1.981333329636612817e+01	1.919756977568262002e+01	1.955146465115375420e+01	2.011751152099553153e+01	2.066587788634474876e+01	2.005873370165920022e+01	1.947065806835517776e+01	1.897883005538771073e+01	2.036936805208260637e+01	2.012189787928560847e+01	1.933224017118515548e+01	2.004705831517216197e+01	1.992375010103053157e+01	1.972363524126154743e+01	1.977848133551698240e+01	2.005613957350692900e+01	1.964864266393880143e+01	1.982812111523625376e+01	1.947015553381188369e+01	2.024925675525110691e+01	2.006193798846642906e+01	1.983303892830812032e+01	1.999339826968295242e+01	1.996985976378470795e+01	1.954908133013950078e+01	1.962387349637254985e+01	1.999487901106432020e+01	1.920969905898634167e+01
1.943665473643201125e+01	1.958002635115673584e+01	1.955374714985199702e+01	1.924695066332638049e+01	1.993459224847695666e+01	1.870786200587597392e+01	1.997185699235455303e+01	1.953213352227005117e+01	1.962395459330004144e+01	1.975471186198422302e+01	2.025152512111005620e+01	2.021335929386246733e+01	2.018342736379844382e+01	1.986400028126723427e+01	1.946460918892397274e+01	1.953755797462378396e+01	2.015845291107240200e+01	1.970270689491632865e+01	1.982117152987429520e+01	1.970651257613451790e+01	1.912537627806523233e+01	2.934365461681600351e+01	1.945775047622580090e+01	1.960217872736652112e+01	1.964151555760234302e+01	2.015578036367095649e+01	2.064234656675752433e+01	1.945234277672414791e+01	1.935504140128102435e+01	1.919067372861238496e+01	1.996438199944409675e+01	1.981485450792179037e+01	1.948913318078101042e+01	2.002759172327458970e+01	2.002123239200819427e+01	1.980614005092248675e+01	1.933138020478910590e+01	1.985513699978655211e+01	1.964538174950101279e+01	1.948365097290399817e+01	1.946411845416641029e+01	1.994037922283046171e+01	1.978863597967202281e+01	1.986112656940520083e+01	1.972991322490276289e+01	2.024115171581228267e+01	1.970756957177259139e+01	1.888627952150531186e+01	2.015684852097511737e+01	1.912998382577679735e+01
1.941950672679626066e+01	1.952080016661007278e+01	1.972878603907138739e+01	1.956315795573884841e+01	1.990844059797998611e+01	1.886001709686159344e+01	1.958604541402997867e+01	1.924721691083241382e+01	1.973371934221743729e+01	2.031738655610307376e+01	2.002843823089101960e+01	2.027543284572555393e+01	2.022216069948640538e+01	1.935081889107495101e+01	1.978351645432082861e+01	1.993390417231170986e+01	1.990743877710632503e+01	1.964618184339839146e+01	2.017098445914401950e+01	2.026388482244416167e+01	1.981333329636612817e+01	1.945775047622580090e+01	2.955362620889344782e+01	1.964573665647129630e+01	1.949461723835480953e+01	2.027300215859705190e+01	2.085642466672456408e+01	1.982188217506690364e+01	1.931068188130397445e+01	1.931590272771476080e+01	2.010859651568330264e+01	2.004662406349044090e+01	1.921315004745772370e+01	2.015596443538890625e+01	2.015145544896789076e+01	1.981626990451868409e+01	1.975003407165027625e+01	2.017431243813573616e+01	1.958185225614911218e+01	1.967916676709699786e+01	1.961457188718547684e+01	2.028372118602488428e+01	1.967829666753099360e+01	1.987221825418438570e+01	2.020985295705563090e+01	2.024727439191813616e+01	2.000384278293899243e+01	1.920687076885577937e+01	2.030236773418458540e+01	1.927181383777987378e+01
1.981173003787325726e+01	1.961168384555274713e+01	1.961844564855645245e+01	1.966419658957891059e+01	1.958385895948883970e+01	1.908654728993173677e+01	1.989383795298665447e+01	1.956628785868635845e+01	1.982769818321715150e+01	1.965166957612879983e+01	2.012613971816041314e+01	2.007814976285916941e+01	2.044733608346344766e+01	1.973862217622354009e+01	1.965544976073024230e+01	1.977752928581467984e+01	2.007511057555495171e+01	1.970792173113381196e+01	1.975476131407850744e+01	2.003526907096631504e+01	1.919756977568262002e+01	1.960217872736652112e+01	1.964573665647129630e+01	2.933106634828357429e+01	1.978489946440262770e+01	2.036366821309286124e+01	2.103756851122869520e+01	1.975370189809442678e+01	1.920160843985661003e+01	1.945041879658240447e+01	2.024392792632460569e+01	2.016786918174371124e+01	1.919112759258498713e+01	2.006286581390391888e+01	1.996776526508903160e+01	1.918715681538836648e+01	1.990343111178769320e+01	2.006793756756048097e+01	1.969364793126478475e+01	2.014157073922452312e+01	1.939943582685741319e+01	2.064392084810128480e+01	1.991466980443928136e+01	1.984167760389417623e+01	1.994844989693380910e+01	2.007997016252516786e+01	1.987369695930369318e+01	1.924295651543331331e+01	2.002702070894299879e+01	1.931421864816895351e+01
1.989103865003790617e+01	1.969947209871363825e+01	1.992638334841439729e+01	1.973815181033888777e+01	2.048962645155709694e+01	1.964650588949726995e+01	2.048927397754921031e+01	1.994742103777385367e+01	1.964327042692393377e+01	2.022056287366924110e+01	2.029904122358303908e+01	2.001581712702590465e+01	2.061211081195899197e+01	1.971945372534612773e+01	1.976112097081008656e+01	1.994567159375135645e+01	2.066430098436430285e+01	1.999430025278578071e+01	2.030645941686774592e+01	2.027189008292736716e+01	1.955146465115375420e+01	1.964151555760234302e+01	1.949461723835480953e+01	1.978489946440262770e+01	2.985109241915080602e+01	2.045155790079837388e+01	2.096255981501287735e+01	2.043265019176025632e+01	1.969598048592830608e+01	1.948783101384947969e+01	2.037442225926784189e+01	2.011898911496875897e+01	1.997774486776738456e+01	2.005249444814424464e+01	2.010935778102823690e+01	2.020755288549251105e+01	2.001737946948087199e+01	2.063698335385752713e+01	2.020054106893523382e+01	1.992466691725985584e+01	1.955274632312199756e+01	2.003445776196282679e+01	2.020286007446625476e+01	2.039085033949007908e+01	2.043051006049076790e+01	2.042064420443821859e+01	2.042197396667319609e+01	1.951022017633069794e+01	2.022618131758762772e+01	1.967008280006269061e+01
2.038111521835282147e+01	2.002295373926681421e+01	2.037840910723933163e+01	2.008329497902835925e+01	2.022506949979120705e+01	1.958968337284221661e+01	2.054082029994864200e+01	2.026402027143509343e+01	2.045434002274924268e+01	2.060344571700614225e+01	2.076611033877792067e+01	2.050876990877745953e+01	2.109859175150620558e+01	2.014762963982332877e+01	2.054311295108765023e+01	2.052664580803839911e+01	2.072687659970336327e+01	2.030300458023395649e+01	2.050040075533396688e+01	2.045641970662452991e+01	2.011751152099553153e+01	2.015578036367095649e+01	2.027300215859705190e+01	2.036366821309286124e+01	2.045155790079837388e+01	3.100107194302050218e+01	2.148792572037905657e+01	2.021280013313388935e+01	2.021820314335199598e+01	1.982948071295379933e+01	2.079101143250309036e+01	2.096412824359685700e+01	1.959634346014269468e+01	2.066534608296676723e+01	2.095266266937634114e+01	2.027796240549634987e+01	2.007132673988921567e+01	2.064794367332272174e+01	2.014264276121485508e+01	2.003846851435920584e+01	2.027220824360778906e+01	2.067929065771751240e+01	2.037141576942303445e+01	2.072228942503836890e+01	2.018777758959858915e+01	2.079981188132039449e+01	2.030564732135937689e+01	1.981941255975900162e+01	2.039915897130521216e+01	1.958906473994174036e+01
2.081311002028032320e+01	2.072311863196491544e+01	2.097307056752767451e+01	2.074888268922589063e+01	2.122006051955352390e+01	1.974431698141403757e+01	2.104695282317480931e+01	2.077252254105628992e+01	2.105419220138666603e+01	2.141745718022299982e+01	2.143499302917284410e+01	2.120952128470923626e+01	2.156328319676098459e+01	2.074724414521964633e+01	2.117493684731973147e+01	2.130686809214662958e+01	2.120795821494629507e+01	2.094473347223211590e+01	2.112574793657688943e+01	2.088605181350856199e+01	2.066587788634474876e+01	2.064234656675752433e+01	2.085642466672456408e+01	2.103756851122869520e+01	2.096255981501287735e+01	2.148792572037905657e+01	3.211055098621693560e+01	2.102704485952893876e+01	2.083749749941044627e+01	2.052163345339992873e+01	2.126958642478689754e+01	2.103697781282313528e+01	2.065634881039046178e+01	2.115182836545693590e+01	2.137930101167749086e+01	2.128201214365870797e+01	2.101830447932110602e+01	2.122858310794527270e+01	2.086533448514030553e+01	2.103311401229176525e+01	2.034653378491874420e+01	2.184424768417193974e+01	2.093888535691325004e+01	2.157638851936430058e+01	2.151749639306028783e+01	2.116397748948848090e+01	2.080491341938381211e+01	2.073668886196065131e+01	2.141772436915067246e+01	2.025858545967956914e+01
1.991063808857254713e+01	2.009673713542803952e+01	1.999387540073475833e+01	2.006144475478032518e+01	2.062040748615931562e+01	1.937095261409700697e+01	2.005021301556454461e+01	1.997523082053005083e+01	1.985408527342554308e+01	2.027479043397116598e+01	2.012936932061564477e+01	2.011707095672931445e+01	2.065190640203021388e+01	2.016118300483743297e+01	2.046288124280542320e+01	2.023701043967795599e+01	2.030118343885886745e+01	2.019936890906745930e+01	2.062572041549669422e+01	2.004812993042898128e+01	2.005873370165920022e+01	1.945234277672414791e+01	1.982188217506690364e+01	1.975370189809442678e+01	2.043265019176025632e+01	2.021280013313388935e+01	2.102704485952893876e+01	3.004362618275466446e+01	1.999519293386941854e+01	1.948484916892650176e+01	2.048373680499540939e+01	2.010998631147386106e+01	1.972910188986073621e+01	2.013404747183252752e+01	2.058133717727279333e+01	2.009073442710652202e+01	2.018130027946367022e+01	2.070118606748131640e+01	2.032815491678466913e+01	2.017018407472900776e+01	1.996499122735049525e+01	2.028881550963433966e+01	2.045346075670942554e+01	2.044174270719520337e+01	2.047171838503829377e+01	2.068015445189974955e+01	2.045318517078665366e+01	1.960568467941566340e+01	2.071894600193063241e+01	1.969513071060438492e+01
1.954820992369550936e+01	1.946110422501074311e+01	1.991354659903635849e+01	1.963467017633377409e+01	2.022614930116643350e+01	1.894328420894336418e+01	1.962438657348783977e+01	1.955437591348649562e+01	1.981744784669440662e+01	2.005266665443548391e+01	2.011778857232025786e+01	2.016501445693029027e+01	2.010086571561252100e+01	2.018137495260679870e+01	1.961803348215535792e+01	2.013287421965918611e+01	1.973236271658613816e+01	1.983960569348835890e+01	1.985859847034545211e+01	1.991454715569826561e+01	1.947065806835517776e+01	1.935504140128102435e+01	1.931068188130397445e+01	1.920160843985661003e+01	1.969598048592830608e+01	2.021820314335199598e+01	2.083749749941044627e+01	1.999519293386941854e+01	2.970298451233915671e+01	1.938572517248558214e+01	2.014347278751016646e+01	2.046456364723357879e+01	1.964686976214281344e+01	2.001729932144489865e+01	2.023193711918317206e+01	1.972830251286429970e+01	1.954653216798243776e+01	1.983244367459391810e+01	1.950708229234349744e+01	1.958986722639994937e+01	1.956950197249190637e+01	2.050677688275624178e+01	1.997222018884854933e+01	2.064143782987595799e+01	1.990655811138611142e+01	2.027170033108213687e+01	1.983076376299472798e+01	1.937114827072863577e+01	1.995506801989652956e+01	1.940112246589798772e+01
1.962781989259443804e+01	1.960090000629990215e+01	1.946316770127280549e+01	1.917584201831821389e+01	1.966893958103860385e+01	1.898149595391804212e+01	1.942469703750217391e+01	1.925570829019160257e+01	1.957771888454250941e+01	1.957606437507804742e+01	2.015016936461696773e+01	2.030112349616408451e+01	2.026741014456567314e+01	1.970851695506292245e+01	1.949212268743796628e+01	1.924917747534838952e+01	2.026540288683008839e+01	1.963684045852927795e+01	1.974668031657950706e+01	1.940423164329606465e+01	1.897883005538771073e+01	1.919067372861238496e+01	1.931590272771476080e+01	1.945041879658240447e+01	1.948783101384947969e+01	1.982948071295379933e+01	2.052163345339992873e+01	1.948484916892650176e+01	1.938572517248558214e+01	2.881762522767146351e+01	1.981313850030368329e+01	2.001068326338145553e+01	1.897329018805691447e+01	1.945011425329034438e+01	1.971351562532291268e+01	1.964016394579799396e+01	1.922112307184318425e+01	1.990620594968613588e+01	1.921408222078850869e+01	1.936416562389170792e+01	1.945375374597748319e+01	2.013002410506970818e+01	2.002797280105862399e+01	1.973290584890499844e+01	1.941170978978316697e+01	1.958441610382200793e+01	1.971307494632706181e+01	1.900674811367789019e+01	1.988965713394974344e+01	1.888661107496940161e+01
2.042344796706579046e+01	2.045653006316180367e+01	2.042234826020643723e+01	1.990021470989143282e+01	2.056745150177310677e+01	1.919495382933169481e+01	2.048334958371393100e+01	2.016120472489865989e+01	2.000308722015049767e+01	2.049259754761252594e+01	2.048263224312638897e+01	2.079954359018876531e+01	2.104615335645257446e+01	1.995123770337972857e+01	2.053534309057886276e+01	2.025415985566502286e+01	2.059989151222148962e+01	2.033462577134042704e+01	2.081435882803074477e+01	2.057872431743084363e+01	2.036936805208260637e+01	1.996438199944409675e+01	2.010859651568330264e+01	2.024392792632460569e+01	2.037442225926784189e+01	2.079101143250309036e+01	2.126958642478689754e+01	2.048373680499540939e+01	2.014347278751016646e+01	1.981313850030368329e+01	3.050025797757472645e+01	2.099815062333899007e+01	1.981284894436737432e+01	2.026308409689150380e+01	2.074672937348533353e+01	2.035383749838889145e+01	2.041885574466785158e+01	2.080796371569360659e+01	2.041636624122359223e+01	2.029170599047911239e+01	2.001077932358938583e+01	2.075867450944009818e+01	2.026142774264148017e+01	2.059533155186391795e+01	2.036529426319888003e+01	2.072106202572098965e+01	2.050057140185267102e+01	2.015564752425153827e+01	2.053075972631903667e+01	1.960222704742048805e+01
2.012738367835607534e+01	1.997774317570712554e+01	2.026104628199979274e+01	2.005247970551619829e+01	2.066021726070389875e+01	1.929993555544897532e+01	2.051077462949239916e+01	2.030713287459060723e+01	2.022321150845508342e+01	2.050547898370804489e+01	2.040451391603435383e+01	2.075689884835664856e+01	2.077290077466655660e+01	2.026021722040223949e+01	2.014792250911523652e+01	2.030170794928622868e+01	2.070487690847870255e+01	2.017663833057886080e+01	2.073139004965830878e+01	2.037505984404936399e+01	2.012189787928560847e+01	1.981485450792179037e+01	2.004662406349044090e+01	2.016786918174371124e+01	2.011898911496875897e+01	2.096412824359685700e+01	2.103697781282313528e+01	2.010998631147386106e+01	2.046456364723357879e+01	2.001068326338145553e+01	2.099815062333899007e+01	3.057030787945002004e+01	1.965592020082546298e+01	2.037835512243396252e+01	2.028715012799845852e+01	2.046940849193381240e+01	1.996307215535678736e+01	2.001725147678882522e+01	2.025123372947097877e+01	2.041003188930735135e+01	2.006127008942221934e+01	2.078790968665995109e+01	2.039173270753663303e+01	2.023409212456445161e+01	2.042975267613410750e+01	2.071707922843942384e+01	1.999991429219452854e+01	1.986329002926394693e+01	1.986370072834490585e+01	1.996064036074320569e+01
