2.877726690049304636e+01	1.942002990640856197e+01	1.936588966670749556e+01	1.989364988865776240e+01	1.950341850034055824e+01	2.021746077481531145e+01	1.919860883332663803e+01	1.928520405565234697e+01	1.888184008897084709e+01	1.944344505980565074e+01	1.925366160654372649e+01	1.941979605018504529e+01	1.986887478289080633e+01	1.897495204317566220e+01	1.956062746794920670e+01	1.942271933909643522e+01	1.957611815747071304e+01	1.942649497334858211e+01	1.933460296483943353e+01	1.957551278136667960e+01	1.949467660333120378e+01	1.928565294588568690e+01	1.938532868121946962e+01	1.948453970226731613e+01	1.961518969983523064e+01	1.956257495991720674e+01	1.999532725800616362e+01	1.924960188620647017e+01	2.017493300031213010e+01	1.996991514524770750e+01	1.857540265155214954e+01	1.939528879591404475e+01	1.954997556919105861e+01	1.925163338610885333e+01	1.913620526646021247e+01	1.919172134257076223e+01	1.946470050075561531e+01	1.909875590901857478e+01	1.925233565394515622e+01	1.995858071398750155e+01	1.875446269442566205e+01	1.932196730038749521e+01	1.959571990738813696e+01	1.986971623775505691e+01	1.974839514155113562e+01	1.980529853336708612e+01	1.924494207392367429e+01	1.934335001216646788e+01	1.969800341366143925e+01	1.932401895596582264e+01
1.942002990640856197e+01	3.000891309694902276e+01	2.018569997731498944e+01	2.054379005241184331e+01	1.989823726261107595e+01	2.010882550108324551e+01	2.049899450242195087e+01	2.028831665137907336e+01	1.978012135944336691e+01	1.993315264520261465e+01	2.053242850785362705e+01	1.989148106043472097e+01	2.026080898022055266e+01	2.014117392355204572e+01	2.050080399003450538e+01	2.003941026251117208e+01	2.048455490471176077e+01	2.037433735256941603e+01	2.028594825692555759e+01	2.004931583707273290e+01	1.977460881592315545e+01	1.995322077969366248e+01	2.003127986800592097e+01	1.999331843460417701e+01	2.025834387253634361e+01	1.996715975339841620e+01	2.031111260509250016e+01	1.985177958405976284e+01	2.026874394616836383e+01	2.032054597997469259e+01	1.966017062736244725e+01	1.979670825503221110e+01	2.031187375006118501e+01	2.025293930107979534e+01	1.946042723681718911e+01	1.955036073026056798e+01	1.998593670449823634e+01	1.962810544019391656e+01	1.939983601122751011e+01	2.087631822536176784e+01	1.985939020921640363e+01	2.008373004985872612e+01	2.003874623525441123e+01	2.041482940081223063e+01	2.061716463555045920e+01	2.061872265909409307e+01	1.971228600074981685e+01	1.999817766392528995e+01	2.009757938764104779e+01	2.016139151359362103e+01
1.936588966670749556e+01	2.018569997731498944e+01	2.937288561835343614e+01	2.030652391483397423e+01	1.967883953725537083e+01	2.047472886180435125e+01	1.973018944376251227e+01	2.025645599711223710e+01	1.968329582213238282e+01	1.977806973880815278e+01	1.995492923854662592e+01	2.008270299024288619e+01	1.959875726527736717e+01	1.954659956683842381e+01	2.025115767222416352e+01	1.965457030410108175e+01	2.031179861418985766e+01	2.025235573860735983e+01	1.950823683784419416e+01	1.975204580992665981e+01	1.968365402218430660e+01	1.951178935526050751e+01	1.967884566423080273e+01	2.003556606871534740e+01	2.000497191507865224e+01	2.003129805945957642e+01	2.022627278160432240e+01	1.968631651549580042e+01	2.000236563891514052e+01	2.040599438342971084e+01	1.927982889025345514e+01	1.983245551579963362e+01	1.997033159007591863e+01	1.967207114447453264e+01	1.955553616830103181e+01	1.990935487191598341e+01	1.973326414056295874e+01	1.929113052563369024e+01	1.914876401533383898e+01	2.038864900022480242e+01	1.943978192634606827e+01	1.949297005109751879e+01	1.977704546034720323e+01	2.038337085371718516e+01	2.025534611859981737e+01	1.978108455162359647e+01	1.920248311752992976e+01	1.948095250043562743e+01	2.000239549856560473e+01	2.005834234604163058e+01
1.989364988865776240e+01	2.054379005241184331e+01	2.030652391483397423e+01	3.092655501858093103e+01	2.035617717504436541e+01	2.097096358344102285e+01	2.041301189724563159e+01	2.044801774475776313e+01	2.015334088777684229e+01	2.014495084573227501e+01	2.070121588141586599e+01	2.044870636844533962e+01	2.075318853277323328e+01	2.003279740181584856e+01	2.064601808689216966e+01	2.002569871307083105e+01	2.110616007694790497e+01	2.048732281464657845e+01	2.066021914982054497e+01	2.046854671212908627e+01	2.041415499264487821e+01	2.020635027319037391e+01	2.048324490193311220e+01	2.048098020296471944e+01	2.072346046222710569e+01	2.034760151080587676e+01	2.045433119472623673e+01	2.025009890067519081e+01	2.069731534773934456e+01	2.109013602449238078e+01	2.008376953389004171e+01	2.049602130220513274e+01	2.090324951547568233e+01	2.039409411428536600e+01	2.019930839643535592e+01	2.069017668592877612e+01	2.074428087025637168e+01	1.988690144359280865e+01	1.967704002448385836e+01	2.119714204066237073e+01	2.026838186137705478e+01	2.056558589187619646e+01	2.052325538081808887e+01	2.037691146754558602e+01	2.068614009120117458e+01	2.096257753482131392e+01	2.031956190875308010e+01	2.070780379743245092e+01	2.051093485389599635e+01	2.091248295308555782e+01
1.950341850034055824e+01	1.989823726261107595e+01	1.967883953725537083e+01	2.035617717504436541e+01	2.977882196422246253e+01	1.996974514591108019e+01	1.969428126127996848e+01	1.963658515167672647e+01	1.933466634334675405e+01	1.976496532906955750e+01	2.003517677145614684e+01	2.021713924829560938e+01	2.012232215741146035e+01	1.954461125893352502e+01	2.037612096627555047e+01	2.004433941408740694e+01	2.063543701820018583e+01	2.044466905000017576e+01	2.005915922655775674e+01	1.985341576050918633e+01	1.965094484791480411e+01	1.948671632926859587e+01	1.993127841130627331e+01	1.972971642100739942e+01	1.994440215550692841e+01	1.969699522678601866e+01	2.004885907562155722e+01	1.976734214348580565e+01	2.024562286229827635e+01	2.012945331200038268e+01	1.906975417781416127e+01	1.980478109072299020e+01	2.024942002132604202e+01	1.950913070873376043e+01	1.941192903958856419e+01	1.976972121341448485e+01	1.962889033317459564e+01	1.923430057434895701e+01	1.940851173393421902e+01	2.059448651052262491e+01	1.927257846266099861e+01	1.997088269494892643e+01	1.995043733014081155e+01	2.017910240345769779e+01	2.002364452383513083e+01	2.027499038146400778e+01	1.953578464170142581e+01	1.968705382428785811e+01	1.991465260315590768e+01	1.983699417800817599e+01
2.021746077481531145e+01	2.010882550108324551e+01	2.047472886180435125e+01	2.097096358344102285e+01	1.996974514591108019e+01	3.108861415967672670e+01	2.079528115671957167e+01	2.058808915514818239e+01	2.021495849604058748e+01	2.028486402810971256e+01	2.022684495602980093e+01	2.063412045344838575e+01	2.056134999415686693e+01	2.034191983300492268e+01	2.023673370965799023e+01	2.082813453624281408e+01	2.090036117661182402e+01	2.061708303443323942e+01	2.063178785089703737e+01	2.037253469987954446e+01	2.024355127001998866e+01	2.012915125330193788e+01	1.994142817199437800e+01	2.048586128244343740e+01	2.072054136265377622e+01	2.026389491100728790e+01	2.111735225172391139e+01	2.033210845204914818e+01	2.085873072405518158e+01	2.087846750295364018e+01	2.008684851688553152e+01	2.051199101104259626e+01	2.115656856872638159e+01	1.995174655531202745e+01	2.009298326547080649e+01	2.029463652583345379e+01	2.028336481901356692e+01	1.991328813376747675e+01	1.976029479517033494e+01	2.053050456808262325e+01	2.036270608646725577e+01	2.025584789057108992e+01	2.044545264409957497e+01	2.071246715155721674e+01	2.058699598455162771e+01	2.084850008399934040e+01	2.006326568962002099e+01	1.987466055495755057e+01	2.076198183561875510e+01	2.054938423035893891e+01
1.919860883332663803e+01	2.049899450242195087e+01	1.973018944376251227e+01	2.041301189724563159e+01	1.969428126127996848e+01	2.079528115671957167e+01	3.000970218719730198e+01	2.008225989319698712e+01	1.965263504605076150e+01	1.990452512321593304e+01	1.991223437383456485e+01	1.990564199371447529e+01	2.029444254986321994e+01	2.021606305373434864e+01	2.013635973855742378e+01	1.999251607471271797e+01	2.026262977462222281e+01	2.037371977998127548e+01	2.014262447703566394e+01	2.014934219322353925e+01	1.964961746076807003e+01	1.976578198269569242e+01	1.974934521637521456e+01	2.009542055516260461e+01	2.024539931970303641e+01	2.022281429412456788e+01	2.018086132516041786e+01	2.018393138264896436e+01	2.070797360469574144e+01	2.041615788009331567e+01	1.940123738009767962e+01	2.011740686312524673e+01	1.979249753923529198e+01	2.019952892354920237e+01	1.951011832719054340e+01	1.991819310591403536e+01	2.029458904823820120e+01	1.931554795947032943e+01	1.931228742409668442e+01	2.066742421868160662e+01	1.955699144680999524e+01	2.006521255260899039e+01	2.019277071629269216e+01	2.030197393650991344e+01	2.020902807914326260e+01	2.029599710988270900e+01	1.999557687620411173e+01	1.951665752498691120e+01	2.002459477850391778e+01	2.012709223834847094e+01
1.928520405565234697e+01	2.028831665137907336e+01	2.025645599711223710e+01	2.044801774475776313e+01	1.963658515167672647e+01	2.058808915514818239e+01	2.008225989319698712e+01	2.975767261904693939e+01	2.000041980470619052e+01	1.971701644788116425e+01	2.018823286595826261e+01	2.002208027352017083e+01	1.988500919185050719e+01	1.971413390956394807e+01	2.059983932087170189e+01	2.008348238463005231e+01	2.062484774548197208e+01	2.047891402069112132e+01	1.999014667836263470e+01	2.016521382877647994e+01	2.000602707231336908e+01	1.968144354669156826e+01	1.978493818185304320e+01	2.002842710796610248e+01	2.021588721951697565e+01	2.021892599151511760e+01	2.019472732699812667e+01	2.001367904883408499e+01	2.048130469789998997e+01	2.064577873224500237e+01	1.949642612893964966e+01	2.007956779542044501e+01	2.033771131568500934e+01	1.969426919286668465e+01	1.985125483121436574e+01	2.009030195661954110e+01	2.024138632138895844e+01	1.961123844856038545e+01	1.959766547878145104e+01	2.072168579817622813e+01	1.942840713826427290e+01	2.016630022496805097e+01	2.006035658670102251e+01	2.027655336630380845e+01	2.043783038653393902e+01	1.998595502659272682e+01	1.950849562524545178e+01	1.970212438218503692e+01	2.033075711940752228e+01	1.988066856100383006e+01
1.888184008897084709e+01	1.978012135944336691e+01	1.968329582213238282e+01	2.015334088777684229e+01	1.933466634334675405e+01	2.021495849604058748e+01	1.965263504605076150e+01	2.000041980470619052e+01	2.883998724009187242e+01	1.975049485657234527e+01	1.979611917514526809e+01	2.011627517718063984e+01	2.008171040595481571e+01	1.923384400932242855e+01	1.971536576521297945e+01	1.955278365068779323e+01	2.020545023751879654e+01	1.974913826361230207e+01	1.947363038888552111e+01	2.009330612418716555e+01	1.930710453451829522e+01	1.963181529458668351e+01	2.005611325386264454e+01	1.987917104333705964e+01	1.945559596181362139e+01	1.976729796412797313e+01	2.008587546971134330e+01	1.973080006266263808e+01	2.007047011631415501e+01	2.007954920244104713e+01	1.906227624915359442e+01	1.955040569630661196e+01	1.972244432430589356e+01	1.932928691829303602e+01	1.928056336079752242e+01	1.972934644956339056e+01	1.987981515237457586e+01	1.908591670027103504e+01	1.921340506108341017e+01	2.017332370481413051e+01	1.969615459352579379e+01	1.976231411778411484e+01	1.962777873488219882e+01	1.966311819772248271e+01	1.953746539178157704e+01	2.013502012356839899e+01	1.953094003411488089e+01	1.967003903135912068e+01	1.950901525981213425e+01	1.960363069531062052e+01
1.944344505980565074e+01	1.993315264520261465e+01	1.977806973880815278e+01	2.014495084573227501e+01	1.976496532906955750e+01	2.028486402810971256e+01	1.990452512321593304e+01	1.971701644788116425e+01	1.975049485657234527e+01	3.010790815490040728e+01	1.992030652295051851e+01	2.013711295098666199e+01	1.991581708753170687e+01	1.968406796633554023e+01	2.022025013880191935e+01	1.979372783970729088e+01	2.017627602187094737e+01	2.034263199664027510e+01	2.001617799106669793e+01	2.004499444006903275e+01	1.997059681067402792e+01	1.966217722937958712e+01	1.983484942811075413e+01	2.025368936263956599e+01	1.985754377855343833e+01	1.983126777924217166e+01	1.980795865548306267e+01	1.992008888869685990e+01	2.051225284297306928e+01	2.032573556584062402e+01	1.935452729778791436e+01	1.971294012400030127e+01	2.046390687387053120e+01	1.986131231203905401e+01	1.976431263194591992e+01	2.018885254659884865e+01	2.021141517207950145e+01	1.917891655672785589e+01	1.913659136337353672e+01	2.056322316783458248e+01	1.950378907848493171e+01	1.992011299200821739e+01	2.027018143539119066e+01	1.986877499131720981e+01	2.030595826582974794e+01	2.038248054826624411e+01	1.942243451396289089e+01	1.987638643582519649e+01	1.995996287452886975e+01	1.999116121442828131e+01
1.925366160654372649e+01	2.053242850785362705e+01	1.995492923854662592e+01	2.070121588141586599e+01	2.003517677145614684e+01	2.022684495602980093e+01	1.991223437383456485e+01	2.018823286595826261e+01	1.979611917514526809e+01	1.992030652295051851e+01	2.969455183149274546e+01	2.036098282220750377e+01	2.021501997365956527e+01	1.954217628782131655e+01	2.015444150291120451e+01	1.979026742253670079e+01	2.061763481831882316e+01	2.008707228208711371e+01	2.013746221309734352e+01	1.979702251044236760e+01	2.003890373064013630e+01	1.987756431354172548e+01	1.989505949587322675e+01	2.030429781154730406e+01	1.992929457438505381e+01	2.041190615789389540e+01	2.065221781206234297e+01	2.023247874034190374e+01	2.072081003801672949e+01	2.038551711780319664e+01	1.928849305072257181e+01	2.004107360607132549e+01	2.020616454046474431e+01	2.000174979435990963e+01	1.971063459937654372e+01	2.028951140780452533e+01	2.005464541026437431e+01	1.938984153229047536e+01	1.947682693526154551e+01	2.052221804220329915e+01	1.981574193381245763e+01	2.052533163328360288e+01	2.028125259037448558e+01	2.037941567089227846e+01	2.018050688827069905e+01	2.040773348425414824e+01	1.984186767293900644e+01	1.968823520262122173e+01	2.015548705949911223e+01	1.998362577614300761e+01
1.941979605018504529e+01	1.989148106043472097e+01	2.008270299024288619e+01	2.044870636844533962e+01	2.021713924829560938e+01	2.063412045344838575e+01	1.990564199371447529e+01	2.002208027352017083e+01	2.011627517718063984e+01	2.013711295098666199e+01	2.036098282220750377e+01	2.974082012163783162e+01	2.041452100135811065e+01	1.966015973490690172e+01	2.060396347564078212e+01	1.974065343690280727e+01	2.076726879874049203e+01	2.037627636280130261e+01	2.025710447639365341e+01	1.994640114008106480e+01	1.977458579005830330e+01	1.986871581328622582e+01	2.025140254594204947e+01	2.022853676580210092e+01	2.047916045711876620e+01	2.023404959763777455e+01	2.072459262198461261e+01	2.035499088104987209e+01	2.040714520019224665e+01	2.056097271681034755e+01	1.910152295815704093e+01	1.987156648783683366e+01	2.055164560121597006e+01	1.981746704534329240e+01	1.999064293198682662e+01	1.978340772218946242e+01	2.004799069344412743e+01	1.906471468431890415e+01	1.978397145525944723e+01	2.068842687319595797e+01	1.994556421353184916e+01	1.996551441418087336e+01	2.052931399700103299e+01	2.052955566411716504e+01	1.984437644072132301e+01	2.026398652268917999e+01	1.976767491032028801e+01	2.010765621287515259e+01	2.010802714332008634e+01	1.981363749573619160e+01
1.986887478289080633e+01	2.026080898022055266e+01	1.959875726527736717e+01	2.075318853277323328e+01	2.012232215741146035e+01	2.056134999415686693e+01	2.029444254986321994e+01	1.988500919185050719e+01	2.008171040595481571e+01	1.991581708753170687e+01	2.021501997365956527e+01	2.041452100135811065e+01	3.017584792524867510e+01	1.977257151256613454e+01	2.063569367560256396e+01	2.031518781755433167e+01	2.094525958219639605e+01	2.029919972752843904e+01	2.014288376289526639e+01	2.031979100400968008e+01	1.983787613353421264e+01	2.003445280749501478e+01	2.010678746036595044e+01	2.065313004713457445e+01	2.067693530451695239e+01	2.004840576154172993e+01	2.069502413367025540e+01	2.045034037254900738e+01	2.081181691903608311e+01	2.073353359099805004e+01	1.941319858779801422e+01	2.023174252753830160e+01	2.036319417488478223e+01	2.026671699446837849e+01	1.990978251002922050e+01	2.027796153719492978e+01	2.036615095917422380e+01	1.934479540917925533e+01	1.966665141186212651e+01	2.092967814371767332e+01	1.981447117564789551e+01	2.008798099264681980e+01	2.047498032846654326e+01	2.053514038815438525e+01	2.044278775058911179e+01	2.064255913942426091e+01	1.971624150152840471e+01	2.011928806642673351e+01	2.011217366327312561e+01	2.036836113550166871e+01
1.897495204317566220e+01	2.014117392355204572e+01	1.954659956683842381e+01	2.003279740181584856e+01	1.954461125893352502e+01	2.034191983300492268e+01	2.021606305373434864e+01	1.971413390956394807e+01	1.923384400932242855e+01	1.968406796633554023e+01	1.954217628782131655e+01	1.966015973490690172e+01	1.977257151256613454e+01	2.855708046567198366e+01	1.936493799252717452e+01	1.986481644842856298e+01	2.009258746291566666e+01	2.001888548270680701e+01	1.962496471449724922e+01	1.973714649991688930e+01	1.930150682474146606e+01	1.968685906435815980e+01	1.982443076698443107e+01	1.971518239971750575e+01	1.983719449073171859e+01	1.948787775297487102e+01	1.984969175791547968e+01	1.961714603793758727e+01	1.989844117520030409e+01	2.005250764294692800e+01	1.905937957693232931e+01	1.916364236204383076e+01	1.953919592557496188e+01	1.949376781898962463e+01	1.889190650544893657e+01	1.962986256943015206e+01	1.972758657506824775e+01	1.893002288358482943e+01	1.890080170171984619e+01	2.041349739026844645e+01	1.881769901567395920e+01	1.974863860128395388e+01	1.959574527589978743e+01	1.959487738252234124e+01	1.970199531951564964e+01	1.971738458153751239e+01	1.920455253537960161e+01	1.883166067519151099e+01	1.966306953467870855e+01	1.968099098367475719e+01
1.956062746794920670e+01	2.050080399003450538e+01	2.025115767222416352e+01	2.064601808689216966e+01	2.037612096627555047e+01	2.023673370965799023e+01	2.013635973855742378e+01	2.059983932087170189e+01	1.971536576521297945e+01	2.022025013880191935e+01	2.015444150291120451e+01	2.060396347564078212e+01	2.063569367560256396e+01	1.936493799252717452e+01	3.008646849795631795e+01	2.034759440566394773e+01	2.075621379200593353e+01	2.033124783918644596e+01	2.017150846683512100e+01	1.990342624017549156e+01	1.996579692219562219e+01	2.033742339200304272e+01	2.008103264420760681e+01	2.032141630915181452e+01	2.028668217951910790e+01	2.014726493714443833e+01	2.055430270189430786e+01	2.034282432315897537e+01	2.075276864023805601e+01	2.033151487993842821e+01	1.954128757743466238e+01	2.003213618090375903e+01	2.059569888950163374e+01	1.992437453794040181e+01	1.980151572990948239e+01	2.035048453420576564e+01	2.054774733312528312e+01	1.950008095213462411e+01	1.977294343917906971e+01	2.072747746605753250e+01	1.959994915417986761e+01	2.002313234524424601e+01	2.038143488585843599e+01	2.069870671584820698e+01	2.039089536837117578e+01	2.038912730321029443e+01	1.942892794599422146e+01	2.004619126817583208e+01	2.050392841472201511e+01	1.984874556417066316e+01
1.942271933909643522e+01	2.003941026251117208e+01	1.965457030410108175e+01	2.002569871307083105e+01	2.004433941408740694e+01	2.082813453624281408e+01	1.999251607471271797e+01	2.008348238463005231e+01	1.955278365068779323e+01	1.979372783970729088e+01	1.979026742253670079e+01	1.974065343690280727e+01	2.031518781755433167e+01	1.986481644842856298e+01	2.034759440566394773e+01	2.947597827069585108e+01	2.034854173217970796e+01	2.024559570956370180e+01	2.017017801408719890e+01	1.973058002909741759e+01	1.986925863152573868e+01	1.954487639125053988e+01	2.042979594579781732e+01	1.987668069817600625e+01	2.013519677683903808e+01	1.987150968992882483e+01	2.038348168916281011e+01	1.987594890158887395e+01	2.076778233974122756e+01	2.046909633514436777e+01	1.956269319175665089e+01	2.001383545778473305e+01	2.012327819687027031e+01	1.956718112037419033e+01	1.941170466741063549e+01	2.002311948101782590e+01	2.024991263300762867e+01	1.913646605078626095e+01	1.925048165673388212e+01	2.015376382603222183e+01	1.982284768674617936e+01	1.933418556342148520e+01	2.039336078731994917e+01	2.034292977348837184e+01	2.025178530331809768e+01	2.005868930403715211e+01	1.917837119142929225e+01	1.956985587737393573e+01	2.010066245406749985e+01	2.034767214546237923e+01
1.957611815747071304e+01	2.048455490471176077e+01	2.031179861418985766e+01	2.110616007694790497e+01	2.063543701820018583e+01	2.090036117661182402e+01	2.026262977462222281e+01	2.062484774548197208e+01	2.020545023751879654e+01	2.017627602187094737e+01	2.061763481831882316e+01	2.076726879874049203e+01	2.094525958219639605e+01	2.009258746291566666e+01	2.075621379200593353e+01	2.034854173217970796e+01	3.093616394109709589e+01	2.067537880304199405e+01	2.072721700206105311e+01	2.015543311257279058e+01	2.058993699523438536e+01	2.067829904226348248e+01	2.061727602322790887e+01	2.051648350416111199e+01	2.044924668403324830e+01	2.058912514759845536e+01	2.064574598605546285e+01	2.059751266992430274e+01	2.095813848893188691e+01	2.095694255753455337e+01	1.989197996496917398e+01	2.045140342425343860e+01	2.084841394774116807e+01	2.002505411682750847e+01	2.048970276287486314e+01	2.034448228675840653e+01	2.050144418077806563e+01	1.986769517986435218e+01	1.992746920119476428e+01	2.117977308559708050e+01	2.035069401924488020e+01	2.035241255062715737e+01	2.055400141791976409e+01	2.121515135312608535e+01	2.064502931753571957e+01	2.064989353719329301e+01	2.032338223717488290e+01	2.023317286719677099e+01	2.058003805019739829e+01	2.025752577545556576e+01
1.942649497334858211e+01	2.037433735256941603e+01	2.025235573860735983e+01	2.048732281464657845e+01	2.044466905000017576e+01	2.061708303443323942e+01	2.037371977998127548e+01	2.047891402069112132e+01	1.974913826361230207e+01	2.034263199664027510e+01	2.008707228208711371e+01	2.037627636280130261e+01	2.029919972752843904e+01	2.001888548270680701e+01	2.033124783918644596e+01	2.024559570956370180e+01	2.067537880304199405e+01	2.994309291346082347e+01	2.039299581226129021e+01	1.984621110076900408e+01	1.994103262573087676e+01	1.974138788579372772e+01	2.064970300778213996e+01	1.993488633450639114e+01	2.059668794734047381e+01	2.044202010491499166e+01	2.028271930890478458e+01	2.026221136988335658e+01	2.040704156293305971e+01	2.055772935767616971e+01	1.967196364449750945e+01	2.030524127956875802e+01	2.026447624294007355e+01	1.981507024184552890e+01	1.990282687951955864e+01	2.006012360280137941e+01	2.025868628077092026e+01	1.976316493917787298e+01	1.936703623706522137e+01	2.065154488313670456e+01	1.983386466504266821e+01	2.001450535404234188e+01	1.992711529108887092e+01	2.045051141149578200e+01	2.001242898167746631e+01	2.057802120415425051e+01	1.976970924941129581e+01	1.956767902245873358e+01	2.004196900690934768e+01	2.019386965204954620e+01
1.933460296483943353e+01	2.028594825692555759e+01	1.950823683784419416e+01	2.066021914982054497e+01	2.005915922655775674e+01	2.063178785089703737e+01	2.014262447703566394e+01	1.999014667836263470e+01	1.947363038888552111e+01	2.001617799106669793e+01	2.013746221309734352e+01	2.025710447639365341e+01	2.014288376289526639e+01	1.962496471449724922e+01	2.017150846683512100e+01	2.017017801408719890e+01	2.072721700206105311e+01	2.039299581226129021e+01	2.967948653767978584e+01	1.970894145034349876e+01	1.989296822333201220e+01	1.990408582588676722e+01	2.010719162837035867e+01	2.038685585035863923e+01	2.018141215268952493e+01	2.036323117532254301e+01	2.033158944526801193e+01	1.953004794858349058e+01	2.025151090944873289e+01	2.007506141184363813e+01	1.929410153952470353e+01	1.994807049281754274e+01	2.037875363956879227e+01	1.948150470365676412e+01	1.983917554113771331e+01	2.007465378786380583e+01	2.012889255373375619e+01	1.963192404898099852e+01	1.943614388843386465e+01	2.061949560799041237e+01	1.949373736173921756e+01	1.993716178413243867e+01	2.019518704096364203e+01	2.029525710441938813e+01	2.020045688268925232e+01	2.060932957764509865e+01	2.007243653317451759e+01	1.962101979928469930e+01	2.006051638322195885e+01	2.028331044315946130e+01
1.957551278136667960e+01	2.004931583707273290e+01	1.975204580992665981e+01	2.046854671212908627e+01	1.985341576050918633e+01	2.037253469987954446e+01	2.014934219322353925e+01	2.016521382877647994e+01	2.009330612418716555e+01	2.004499444006903275e+01	1.979702251044236760e+01	1.994640114008106480e+01	2.031979100400968008e+01	1.973714649991688930e+01	1.990342624017549156e+01	1.973058002909741759e+01	2.015543311257279058e+01	1.984621110076900408e+01	1.970894145034349876e+01	3.051129378409071435e+01	1.997005939428278154e+01	2.000418134036968354e+01	1.990939964593125922e+01	2.002365161296862084e+01	1.993450540742338006e+01	1.972406417405791146e+01	2.023833863623306684e+01	1.966078421488877126e+01	2.064027210607492080e+01	2.032340498936737916e+01	1.957706980375275663e+01	2.000515460269223667e+01	2.035732839061792276e+01	1.970479429535449256e+01	1.939364132686282716e+01	1.996613836396289443e+01	2.004351945869643714e+01	1.919020110951323943e+01	1.946760389181408613e+01	2.050828651672836855e+01	1.931414199033716983e+01	1.993070620521464420e+01	1.962545695945638968e+01	2.029932697315554080e+01	2.020853726166573949e+01	2.007336261754095119e+01	1.976502882382435544e+01	1.952933848734969757e+01	2.000661190758401276e+01	1.994695573102917052e+01
1.949467660333120378e+01	1.977460881592315545e+01	1.968365402218430660e+01	2.041415499264487821e+01	1.965094484791480411e+01	2.024355127001998866e+01	1.964961746076807003e+01	2.000602707231336908e+01	1.930710453451829522e+01	1.997059681067402792e+01	2.003890373064013630e+01	1.977458579005830330e+01	1.983787613353421264e+01	1.930150682474146606e+01	1.996579692219562219e+01	1.986925863152573868e+01	2.058993699523438536e+01	1.994103262573087676e+01	1.989296822333201220e+01	1.997005939428278154e+01	2.974890517554895553e+01	1.949543682943548006e+01	1.978954940794957196e+01	2.002375479113317525e+01	1.986618643770957959e+01	2.008425982500425633e+01	2.024886959075710280e+01	1.991859421113432305e+01	2.015359342095218764e+01	2.047578523989293231e+01	1.949201200802002987e+01	1.970859150111355618e+01	1.981179352849692776e+01	1.985636963070120942e+01	1.948014092784925921e+01	1.951261676449081506e+01	1.995984567417350775e+01	1.940736155140680808e+01	1.905590498907214680e+01	2.019142626430918952e+01	1.962369629314860831e+01	1.989842491531654289e+01	2.019381616882265362e+01	2.044362425341689971e+01	1.998735221885321067e+01	2.016697480727659197e+01	1.993938392439831375e+01	1.958973628598399230e+01	2.006760488961487354e+01	2.036444158320676934e+01
1.928565294588568690e+01	1.995322077969366248e+01	1.951178935526050751e+01	2.020635027319037391e+01	1.948671632926859587e+01	2.012915125330193788e+01	1.976578198269569242e+01	1.968144354669156826e+01	1.963181529458668351e+01	1.966217722937958712e+01	1.987756431354172548e+01	1.986871581328622582e+01	2.003445280749501478e+01	1.968685906435815980e+01	2.033742339200304272e+01	1.954487639125053988e+01	2.067829904226348248e+01	1.974138788579372772e+01	1.990408582588676722e+01	2.000418134036968354e+01	1.949543682943548006e+01	2.884222755889512868e+01	2.009661485103907808e+01	1.958515058331420633e+01	1.995657775579937621e+01	1.975715785081651177e+01	1.989002406193797867e+01	1.951089835411720941e+01	2.010590243507525798e+01	2.012611101647859968e+01	1.921180633922304537e+01	1.969990759364564781e+01	2.007816387485017273e+01	1.958294007332735376e+01	1.945647911286884835e+01	1.952348742583614793e+01	1.990329307229891853e+01	1.937013237134274846e+01	1.904079415696928379e+01	2.025723030880725162e+01	1.957710175725650004e+01	1.967967633902690849e+01	2.013881302701446430e+01	1.977371337317200428e+01	2.027753973446336744e+01	2.022481410572723703e+01	1.924521400144161376e+01	1.946491753980191319e+01	1.986747358507455274e+01	2.003795805671453323e+01
1.938532868121946962e+01	2.003127986800592097e+01	1.967884566423080273e+01	2.048324490193311220e+01	1.993127841130627331e+01	1.994142817199437800e+01	1.974934521637521456e+01	1.978493818185304320e+01	2.005611325386264454e+01	1.983484942811075413e+01	1.989505949587322675e+01	2.025140254594204947e+01	2.010678746036595044e+01	1.982443076698443107e+01	2.008103264420760681e+01	2.042979594579781732e+01	2.061727602322790887e+01	2.064970300778213996e+01	2.010719162837035867e+01	1.990939964593125922e+01	1.978954940794957196e+01	2.009661485103907808e+01	3.002522877049020877e+01	1.991844758641972035e+01	2.019001552173499547e+01	2.003351606409908925e+01	2.040941854645427611e+01	2.014702389979098740e+01	2.024206551370217966e+01	2.059611270615652856e+01	1.936423661471042834e+01	1.994551554880207433e+01	2.002192224508201335e+01	1.982342436031482791e+01	1.965735453051663484e+01	1.999731715898492368e+01	2.013879199252194141e+01	1.938680037075835827e+01	1.967010806500019982e+01	2.051691949359646827e+01	2.004457091306078453e+01	1.999911404593599684e+01	2.008995998746226874e+01	2.029523748425716789e+01	2.005168847240351937e+01	2.064402042498916501e+01	1.982706589766717187e+01	1.973558872621293148e+01	2.022591903209278996e+01	2.021678236134004436e+01
1.948453970226731613e+01	1.999331843460417701e+01	2.003556606871534740e+01	2.048098020296471944e+01	1.972971642100739942e+01	2.048586128244343740e+01	2.009542055516260461e+01	2.002842710796610248e+01	1.987917104333705964e+01	2.025368936263956599e+01	2.030429781154730406e+01	2.022853676580210092e+01	2.065313004713457445e+01	1.971518239971750575e+01	2.032141630915181452e+01	1.987668069817600625e+01	2.051648350416111199e+01	1.993488633450639114e+01	2.038685585035863923e+01	2.002365161296862084e+01	2.002375479113317525e+01	1.958515058331420633e+01	1.991844758641972035e+01	3.019085928977283473e+01	2.025294565874547814e+01	1.972244673601562681e+01	2.022481982335157369e+01	1.988402391583685258e+01	2.072912146932413080e+01	2.076134774695722029e+01	1.971960434603941081e+01	1.996475025811265880e+01	2.027895320446629057e+01	2.011102825135625594e+01	2.010932224787690359e+01	2.003039424268554569e+01	2.021463649651011352e+01	1.969994908554115298e+01	1.933936613725591158e+01	2.090185543590971307e+01	2.007044748844106152e+01	2.001379227463088029e+01	2.033498809438044574e+01	2.065473840123551241e+01	2.017304039315972375e+01	2.026625864022407342e+01	2.004480420703748322e+01	1.979468017420840553e+01	1.973395593895610389e+01	2.030382861611059298e+01
1.961518969983523064e+01	2.025834387253634361e+01	2.000497191507865224e+01	2.072346046222710569e+01	1.994440215550692841e+01	2.072054136265377622e+01	2.024539931970303641e+01	2.021588721951697565e+01	1.945559596181362139e+01	1.985754377855343833e+01	1.992929457438505381e+01	2.047916045711876620e+01	2.067693530451695239e+01	1.983719449073171859e+01	2.028668217951910790e+01	2.013519677683903808e+01	2.044924668403324830e+01	2.059668794734047381e+01	2.018141215268952493e+01	1.993450540742338006e+01	1.986618643770957959e+01	1.995657775579937621e+01	2.019001552173499547e+01	2.025294565874547814e+01	2.985752679117934960e+01	2.047929543740617220e+01	2.038915639277954384e+01	2.023533890705681770e+01	2.034728662124310361e+01	2.058275090137988528e+01	1.943364178561793310e+01	1.990680627962932903e+01	2.042913866993265870e+01	2.032708683963674545e+01	1.996877041651936580e+01	2.017428648484816023e+01	2.029225331881116290e+01	1.903140668403402813e+01	1.939415738193370586e+01	2.084727625181036004e+01	1.957077946864381701e+01	2.027271605443840130e+01	2.049801955739032877e+01	2.051914664044604208e+01	2.022344579500511941e+01	2.046756026894889402e+01	1.982184313320451707e+01	1.983296723688299323e+01	2.023862250352872039e+01	2.013916054387778587e+01
1.956257495991720674e+01	1.996715975339841620e+01	2.003129805945957642e+01	2.034760151080587676e+01	1.969699522678601866e+01	2.026389491100728790e+01	2.022281429412456788e+01	2.021892599151511760e+01	1.976729796412797313e+01	1.983126777924217166e+01	2.041190615789389540e+01	2.023404959763777455e+01	2.004840576154172993e+01	1.948787775297487102e+01	2.014726493714443833e+01	1.987150968992882483e+01	2.058912514759845536e+01	2.044202010491499166e+01	2.036323117532254301e+01	1.972406417405791146e+01	2.008425982500425633e+01	1.975715785081651177e+01	2.003351606409908925e+01	1.972244673601562681e+01	2.047929543740617220e+01	2.997751673148610507e+01	2.049963614604675399e+01	2.005522499641614687e+01	2.037908456163792081e+01	2.045760800939978097e+01	1.972029619174838189e+01	2.004093684917706142e+01	2.036705918953167682e+01	1.983510737744882135e+01	1.969439268329295345e+01	1.964841478805881536e+01	1.989142804348305660e+01	1.929546836750999361e+01	1.975736566288160390e+01	2.040274438779161414e+01	1.942882796370928133e+01	1.956717537049938471e+01	2.028459551973453046e+01	1.991929798501143978e+01	2.053840684795894944e+01	2.054184846393780006e+01	1.955178379374842024e+01	1.985032193941705003e+01	1.997949839588275367e+01	2.003291286775264979e+01
1.999532725800616362e+01	2.031111260509250016e+01	2.022627278160432240e+01	2.045433119472623673e+01	2.004885907562155722e+01	2.111735225172391139e+01	2.018086132516041786e+01	2.019472732699812667e+01	2.008587546971134330e+01	1.980795865548306267e+01	2.065221781206234297e+01	2.072459262198461261e+01	2.069502413367025540e+01	1.984969175791547968e+01	2.055430270189430786e+01	2.038348168916281011e+01	2.064574598605546285e+01	2.028271930890478458e+01	2.033158944526801193e+01	2.023833863623306684e+01	2.024886959075710280e+01	1.989002406193797867e+01	2.040941854645427611e+01	2.022481982335157369e+01	2.038915639277954384e+01	2.049963614604675399e+01	2.987748040026663077e+01	1.994488044197061782e+01	2.068788905396649014e+01	2.044098336747085654e+01	1.939660572585582088e+01	2.027615713265950248e+01	2.053867784427331245e+01	1.959612096847012808e+01	1.978440756974294246e+01	2.028720387738709263e+01	2.051819959163631779e+01	2.005105201171326357e+01	1.927386816131745206e+01	2.083026752052997566e+01	1.994362751502077913e+01	2.023702048161536737e+01	1.996502422951801492e+01	2.038927082219916187e+01	2.042446655822224955e+01	2.069682569289598462e+01	1.978153154454118479e+01	2.002846350153805943e+01	2.018056078293436073e+01	2.029673219543395390e+01
1.924960188620647017e+01	1.985177958405976284e+01	1.968631651549580042e+01	2.025009890067519081e+01	1.976734214348580565e+01	2.033210845204914818e+01	2.018393138264896436e+01	2.001367904883408499e+01	1.973080006266263808e+01	1.992008888869685990e+01	2.023247874034190374e+01	2.035499088104987209e+01	2.045034037254900738e+01	1.961714603793758727e+01	2.034282432315897537e+01	1.987594890158887395e+01	2.059751266992430274e+01	2.026221136988335658e+01	1.953004794858349058e+01	1.966078421488877126e+01	1.991859421113432305e+01	1.951089835411720941e+01	2.014702389979098740e+01	1.988402391583685258e+01	2.023533890705681770e+01	2.005522499641614687e+01	1.994488044197061782e+01	2.969376313071679263e+01	2.037065426621841269e+01	2.067103898995339506e+01	1.937024498244510085e+01	1.994195930141996342e+01	2.001690220202916137e+01	1.950218045897503316e+01	1.950890628287626072e+01	2.003415913597916287e+01	1.983881783766729612e+01	1.925662321827476475e+01	1.962181977374083530e+01	2.062236903365450402e+01	1.953921050401106996e+01	1.981468751690495722e+01	2.003100906338794829e+01	2.040969965576385192e+01	2.046891916079622220e+01	2.001598841861697053e+01	1.936102048043766288e+01	1.985463423621018819e+01	2.000613509849141280e+01	1.995768556125451454e+01
2.017493300031213010e+01	2.026874394616836383e+01	2.000236563891514052e+01	2.069731534773934456e+01	2.024562286229827635e+01	2.085873072405518158e+01	2.070797360469574144e+01	2.048130469789998997e+01	2.007047011631415501e+01	2.051225284297306928e+01	2.072081003801672949e+01	2.040714520019224665e+01	2.081181691903608311e+01	1.989844117520030409e+01	2.075276864023805601e+01	2.076778233974122756e+01	2.095813848893188691e+01	2.040704156293305971e+01	2.025151090944873289e+01	2.064027210607492080e+01	2.015359342095218764e+01	2.010590243507525798e+01	2.024206551370217966e+01	2.072912146932413080e+01	2.034728662124310361e+01	2.037908456163792081e+01	2.068788905396649014e+01	2.037065426621841269e+01	3.045573670956796519e+01	2.102227329989323934e+01	1.986369738797810669e+01	2.035623795196681485e+01	2.044038166575672122e+01	2.023413102736633462e+01	2.041073746478099338e+01	2.077323912552268936e+01	2.047441703038559169e+01	1.979293001923635487e+01	2.006994516208776602e+01	2.077818589753186629e+01	1.992748661027362900e+01	2.071087678258208342e+01	2.054618221466576244e+01	2.060334614541908849e+01	2.083006757360760020e+01	2.064924018695694130e+01	2.038739138202702605e+01	2.018899466648705854e+01	2.092066955388277094e+01	2.097332573305206793e+01
1.996991514524770750e+01	2.032054597997469259e+01	2.040599438342971084e+01	2.109013602449238078e+01	2.012945331200038268e+01	2.087846750295364018e+01	2.041615788009331567e+01	2.064577873224500237e+01	2.007954920244104713e+01	2.032573556584062402e+01	2.038551711780319664e+01	2.056097271681034755e+01	2.073353359099805004e+01	2.005250764294692800e+01	2.033151487993842821e+01	2.046909633514436777e+01	2.095694255753455337e+01	2.055772935767616971e+01	2.007506141184363813e+01	2.032340498936737916e+01	2.047578523989293231e+01	2.012611101647859968e+01	2.059611270615652856e+01	2.076134774695722029e+01	2.058275090137988528e+01	2.045760800939978097e+01	2.044098336747085654e+01	2.067103898995339506e+01	2.102227329989323934e+01	3.039308566966984060e+01	1.963879368789906721e+01	2.021181335800592294e+01	2.063858487381173745e+01	2.010326197339952614e+01	1.981159828701849790e+01	2.060046176632295101e+01	2.059909849763604583e+01	1.982188101337102992e+01	1.950633372960188083e+01	2.128933169094185374e+01	1.987127075007596844e+01	2.044350604385333625e+01	2.083320852856387972e+01	2.087866976111856232e+01	2.068688298721890817e+01	2.053015317361257175e+01	1.987234120416716721e+01	2.015281931277285921e+01	2.054807818266261421e+01	2.025205027059855922e+01
1.857540265155214954e+01	1.966017062736244725e+01	1.927982889025345514e+01	2.008376953389004171e+01	1.906975417781416127e+01	2.008684851688553152e+01	1.940123738009767962e+01	1.949642612893964966e+01	1.906227624915359442e+01	1.935452729778791436e+01	1.928849305072257181e+01	1.910152295815704093e+01	1.941319858779801422e+01	1.905937957693232931e+01	1.954128757743466238e+01	1.956269319175665089e+01	1.989197996496917398e+01	1.967196364449750945e+01	1.929410153952470353e+01	1.957706980375275663e+01	1.949201200802002987e+01	1.921180633922304537e+01	1.936423661471042834e+01	1.971960434603941081e+01	1.943364178561793310e+01	1.972029619174838189e+01	1.939660572585582088e+01	1.937024498244510085e+01	1.986369738797810669e+01	1.963879368789906721e+01	2.848042766079026578e+01	1.965955703649246900e+01	1.970999592616449902e+01	1.941861336773173008e+01	1.919968285766264415e+01	1.941553093065164504e+01	1.932198828181348915e+01	1.886296385317431756e+01	1.908274997440138065e+01	1.970803693194859463e+01	1.915631250324286938e+01	1.948078985397400231e+01	1.959090740754716009e+01	1.950456754683929006e+01	1.957295681446678159e+01	1.994194903241958272e+01	1.894568156531884640e+01	1.895195196342429966e+01	1.924396258560758355e+01	1.947327982776090849e+01
1.939528879591404475e+01	1.979670825503221110e+01	1.983245551579963362e+01	2.049602130220513274e+01	1.980478109072299020e+01	2.051199101104259626e+01	2.011740686312524673e+01	2.007956779542044501e+01	1.955040569630661196e+01	1.971294012400030127e+01	2.004107360607132549e+01	1.987156648783683366e+01	2.023174252753830160e+01	1.916364236204383076e+01	2.003213618090375903e+01	2.001383545778473305e+01	2.045140342425343860e+01	2.030524127956875802e+01	1.994807049281754274e+01	2.000515460269223667e+01	1.970859150111355618e+01	1.969990759364564781e+01	1.994551554880207433e+01	1.996475025811265880e+01	1.990680627962932903e+01	2.004093684917706142e+01	2.027615713265950248e+01	1.994195930141996342e+01	2.035623795196681485e+01	2.021181335800592294e+01	1.965955703649246900e+01	2.912865581249178604e+01	2.012877792058390725e+01	2.005544302898412568e+01	1.955929141918430503e+01	2.010962599355766756e+01	1.985563787869358876e+01	1.909998856787951382e+01	1.949966203746970095e+01	2.038184055067133826e+01	1.972066782038267263e+01	1.998813978629601706e+01	1.980986759834779320e+01	2.020888087487605844e+01	2.014790666921372164e+01	2.039041675673019327e+01	1.967801963329664972e+01	1.935738367118984016e+01	1.976721372707183022e+01	1.996926731961623958e+01
