2.995801014926784944e+01	1.944042890981993565e+01	2.049232540397531466e+01	2.013471510751612925e+01	1.987171244592660102e+01	2.052096793516346196e+01	2.048159455697052067e+01	2.030535560315088617e+01	2.070689021098605309e+01	2.031970929921647695e+01	1.995350872962785260e+01	2.048345142318130030e+01	2.050799457359590150e+01	2.031213117446698746e+01	2.035969312712695611e+01	1.992332435606969199e+01	2.087437025442082472e+01	1.955309499280631158e+01	2.020826830888649894e+01	2.011944924507354315e+01	1.987112145278856445e+01	1.988078130575003755e+01	1.995015679702376232e+01	1.993341257505425546e+01	2.015331292599621449e+01	1.997375192123489285e+01	1.995143458442792905e+01	1.940033871034537682e+01	2.050723891043805125e+01	2.066171655711612942e+01	2.027538183699576635e+01	2.018237247677305390e+01	2.049673435951028111e+01	2.008461727998632895e+01	2.038732904432968240e+01	2.037727680432664101e+01	2.036791113552440535e+01	2.054221330669004786e+01	2.042323511932952229e+01	1.978854082744026499e+01	1.985364139400689609e+01	1.997915404938316541e+01	2.050192536902173757e+01	2.050491110980360787e+01	2.068352539724347494e+01	2.024616583040900153e+01	2.051828702690909267e+01	2.011149999961758894e+01	2.001536570870887388e+01	2.002714110417549875e+01
1.944042890981993565e+01	2.913682460665738816e+01	1.993310858430872301e+01	1.952220433149977907e+01	1.912183801426239782e+01	1.997031402115868559e+01	1.972450324676885103e+01	1.985123686261866993e+01	1.961149343694334135e+01	1.920609596601441993e+01	1.895002211483059895e+01	2.010808751306220898e+01	1.981033654798400079e+01	1.983736762377061069e+01	1.989541770072098004e+01	1.933581441089963704e+01	1.980557095775151666e+01	1.919829046422983154e+01	1.937638255914570706e+01	1.940048690681667409e+01	1.937500518639047442e+01	1.911620241600920522e+01	1.961887612266150072e+01	1.927324541638245137e+01	2.003168118132589370e+01	1.951105987377258089e+01	1.913535169877068398e+01	1.916601264828861062e+01	2.027342472093206993e+01	1.999784011816063867e+01	1.968696278315362491e+01	1.940650106191078095e+01	1.988612590215380749e+01	1.968032441859711668e+01	1.987957265548281427e+01	1.995779151818721786e+01	1.942748844241494410e+01	1.987731951467660707e+01	1.983752896438261359e+01	1.931268110465449084e+01	1.956825832397972320e+01	1.935734742538242159e+01	2.015891112742771796e+01	1.979918273957111197e+01	1.973020828035494034e+01	1.974786508697054899e+01	2.002764250684470326e+01	1.954265503184468145e+01	1.993385660628194955e+01	1.970476815377339364e+01
2.049232540397531466e+01	1.993310858430872301e+01	2.939361036812376682e+01	1.988424801920028528e+01	1.985579305410397666e+01	2.036682950961201755e+01	1.989265859017185178e+01	1.999125095006778352e+01	2.012780383700243902e+01	1.965761294310380336e+01	1.973804693984218517e+01	2.060900853124362442e+01	2.027801037413616925e+01	1.980342518096762205e+01	2.026715339154664264e+01	1.977880252762535562e+01	2.060389749161863193e+01	1.956564438559127339e+01	2.000768522746277256e+01	1.997983585712010068e+01	1.947569740080185596e+01	1.963209141715534400e+01	1.991255322325836374e+01	1.977925701546379145e+01	2.002372395517111769e+01	1.968566387424890962e+01	1.961251936504455529e+01	1.925564884868289894e+01	2.010609560304824939e+01	2.047785156839922749e+01	2.019872495100539922e+01	1.979666191288990618e+01	2.017655876871826237e+01	1.962609057145619929e+01	2.053780285726192645e+01	1.995580160046975493e+01	2.010449016730886029e+01	2.041505961157839977e+01	2.029292717093314735e+01	1.998168095107179809e+01	1.993850042070800654e+01	2.002119292619228119e+01	2.037145497740329603e+01	2.041225061885048930e+01	2.014222286963780917e+01	1.993178645907912738e+01	2.028803200354778014e+01	2.021204327504983667e+01	2.023117255352896748e+01	1.993656737362432452e+01
2.013471510751612925e+01	1.952220433149977907e+01	1.988424801920028528e+01	2.930245223553040645e+01	1.971516692533541715e+01	2.025770169881087313e+01	1.982485980726236363e+01	2.037010842450288095e+01	1.992460217641306031e+01	1.971174201853365560e+01	1.925200400745508844e+01	2.029080515972380994e+01	2.030852625235619158e+01	2.029767575165753613e+01	2.008108233659113040e+01	1.973909907800782548e+01	2.065995457534114976e+01	1.959897695484522018e+01	1.987164871560577950e+01	1.981578313734073404e+01	1.945542782611761012e+01	1.979085187835300630e+01	1.979359164117872893e+01	1.965494543898605428e+01	2.006850171524501292e+01	1.961256924798061618e+01	1.981723279630803702e+01	1.896628553171358078e+01	2.032114520869014385e+01	2.013783806086714634e+01	2.009218191300884016e+01	1.991795175185723821e+01	1.961937121742582590e+01	1.955653020961480593e+01	1.983032614897193469e+01	2.001251905497839445e+01	2.019267319723266851e+01	2.017302770693288494e+01	2.028627687241193911e+01	2.019518473896538779e+01	1.969901700351260487e+01	1.974181822248139184e+01	2.041950615762473120e+01	1.991749369883265786e+01	2.005879134171193101e+01	1.986524355439667744e+01	2.020157306481054249e+01	2.010561882219295171e+01	1.990208580079168499e+01	1.927810675398060170e+01
1.987171244592660102e+01	1.912183801426239782e+01	1.985579305410397666e+01	1.971516692533541715e+01	2.871243693856547097e+01	1.983967178717267998e+01	1.955854426086571252e+01	1.976322616564173984e+01	1.968620163527266342e+01	1.946009474051343346e+01	1.909851384250413631e+01	1.983175401825668871e+01	1.982360927968347752e+01	1.977507568824965389e+01	1.983824282708196662e+01	1.985959935136300203e+01	2.007580902179332938e+01	1.925423082669584574e+01	1.979912375882292253e+01	1.937162734596147828e+01	1.932013411927252733e+01	1.928176449425820138e+01	1.956463945233421242e+01	1.941725393300834313e+01	1.995077347415503155e+01	1.957060387785929123e+01	1.959589265425656635e+01	1.914883852123485397e+01	1.969866864011473240e+01	2.019922594444018671e+01	1.945265045723641606e+01	1.928598644017452912e+01	1.964886864140698108e+01	1.931218616447248593e+01	1.997685221702031910e+01	1.997915144020682376e+01	1.963452949566756089e+01	1.986929413152063617e+01	1.965453659008202436e+01	1.957704379804210859e+01	1.942934556914222100e+01	1.982716649100927242e+01	1.993794724690651776e+01	1.992784118001096871e+01	1.972993543140392347e+01	2.012249192095720574e+01	1.980849805862674273e+01	1.985903301456913184e+01	1.938528189028589921e+01	1.898260797698372926e+01
2.052096793516346196e+01	1.997031402115868559e+01	2.036682950961201755e+01	2.025770169881087313e+01	1.983967178717267998e+01	3.065527798027830642e+01	2.061695422001223577e+01	2.026201242645799638e+01	2.098792348758655635e+01	2.029472024752861259e+01	2.000348468444624928e+01	2.096809671042946732e+01	2.080889819360903914e+01	2.028714060709473799e+01	2.095666401380324828e+01	2.013940157708595891e+01	2.144544284413820634e+01	2.013592335164728198e+01	2.040753478697189749e+01	2.021470921798166032e+01	2.039642999187754668e+01	1.979216142592729000e+01	2.064833847446352166e+01	1.987120373769209536e+01	2.057455960167890652e+01	2.013400848310769931e+01	2.014769499925721163e+01	1.979089740491718530e+01	2.050458071445731889e+01	2.025572397078886056e+01	2.023844034342733522e+01	2.025778781300006415e+01	2.025783908714779002e+01	2.016387608160690448e+01	2.051289777683061999e+01	2.048810142334889406e+01	2.065578334353320500e+01	2.076391224100080990e+01	2.069327017157169024e+01	2.080736509710276394e+01	2.045633401558118791e+01	2.004654650053107545e+01	2.060233884561407791e+01	2.046848697413911822e+01	2.063917885638486638e+01	2.051264779060879562e+01	2.111595618485797843e+01	2.049248487555094300e+01	2.021995482025164037e+01	1.988662151304210823e+01
2.048159455697052067e+01	1.972450324676885103e+01	1.989265859017185178e+01	1.982485980726236363e+01	1.955854426086571252e+01	2.061695422001223577e+01	3.004212604405380915e+01	2.065019099620517196e+01	2.066285036147211684e+01	1.982430466208072772e+01	1.997345118774416761e+01	2.078219837747339938e+01	2.088672589435334359e+01	2.013606351998818056e+01	2.018877503396806361e+01	1.994392364900333092e+01	2.067633563994003509e+01	1.997494053331366004e+01	2.003995390999647697e+01	1.976168490719327053e+01	1.964209268933211305e+01	2.003544865045277135e+01	2.004889773866026204e+01	1.982026640295717357e+01	2.038316433894071267e+01	2.027423838785506760e+01	1.966294528133285624e+01	2.000764537635984297e+01	2.065078833047470042e+01	2.043211902293603188e+01	2.003764852270716901e+01	2.004339588960513652e+01	2.009701271395447719e+01	2.008968316790071640e+01	2.048517145443185683e+01	2.061378128417353395e+01	2.008753958117035765e+01	2.022001434111714602e+01	2.084350656597812446e+01	2.040653340644848157e+01	2.011476916410829929e+01	1.998537436467357509e+01	2.035542800188408208e+01	2.019778995021050960e+01	2.058797466355185435e+01	2.006986442015449512e+01	2.082001602772531257e+01	2.003330734212849507e+01	2.022712431458777971e+01	1.965981582702483976e+01
2.030535560315088617e+01	1.985123686261866993e+01	1.999125095006778352e+01	2.037010842450288095e+01	1.976322616564173984e+01	2.026201242645799638e+01	2.065019099620517196e+01	3.046875294345748486e+01	2.056874131789938431e+01	1.994705084449271482e+01	2.013796667981915789e+01	2.053599492582100794e+01	2.067647860629626777e+01	2.032853248398462753e+01	2.078222681016917051e+01	1.988746841390939224e+01	2.107795974211801848e+01	1.968910698416383553e+01	2.002566965816305355e+01	2.014476059491724058e+01	1.989724417981012650e+01	2.022412826818909082e+01	1.977481005910390621e+01	2.040465429449805512e+01	2.036988072407523021e+01	2.007071931521227270e+01	1.984902291272216601e+01	1.987692740204981234e+01	2.063307891336458866e+01	2.095272634257190703e+01	2.043347664758794835e+01	2.052250422404781460e+01	2.041418256437915346e+01	2.067880471410040144e+01	2.066254007964026584e+01	2.061786965163890173e+01	2.011368143891727911e+01	2.033079911584728094e+01	2.038998395218851911e+01	2.018387444636216088e+01	2.029596402196064986e+01	2.002048366146480163e+01	2.077154816673933624e+01	2.043548302597949373e+01	2.020746345469215655e+01	2.059744787353440643e+01	2.098621274048037577e+01	2.016061609093370421e+01	2.042126087374548860e+01	1.972040812713476754e+01
2.070689021098605309e+01	1.961149343694334135e+01	2.012780383700243902e+01	1.992460217641306031e+01	1.968620163527266342e+01	2.098792348758655635e+01	2.066285036147211684e+01	2.056874131789938431e+01	3.049695468184581770e+01	1.967158171388673793e+01	1.964513718030870137e+01	2.095725931862883229e+01	2.057492539287848388e+01	2.016846983220194645e+01	2.011436358582766815e+01	2.011388323691081226e+01	2.109980615285555317e+01	2.006022347623057556e+01	2.000432463427926422e+01	2.002750102381602915e+01	1.972652084023619778e+01	2.026154787127984491e+01	1.971633972928848877e+01	1.979987927624883781e+01	2.020580873707385905e+01	1.965051692556175311e+01	1.983830511198895152e+01	1.953859161049673787e+01	2.066626366093924361e+01	2.061667650027786536e+01	2.002811126988829216e+01	2.006013929974528054e+01	2.017584948013210777e+01	2.047983290981834159e+01	2.045316459716922353e+01	2.051537536813387064e+01	1.998784252009736306e+01	2.079026878296000902e+01	2.064461837779496989e+01	2.025328100956642174e+01	1.992450863863287225e+01	1.986038465759970251e+01	2.045998233474170291e+01	2.025288458605349362e+01	2.015966423838393240e+01	2.043643267132324937e+01	2.074717387952951952e+01	2.025007548134526303e+01	2.052991349534590881e+01	2.002510952156838897e+01
2.031970929921647695e+01	1.920609596601441993e+01	1.965761294310380336e+01	1.971174201853365560e+01	1.946009474051343346e+01	2.029472024752861259e+01	1.982430466208072772e+01	1.994705084449271482e+01	1.967158171388673793e+01	2.936893472868666066e+01	1.935639796100181442e+01	1.998126879053387484e+01	1.998602506674264134e+01	1.960213941424854056e+01	2.008765925315582379e+01	1.944971710048798386e+01	2.048034225814888387e+01	1.925525221806068643e+01	1.944773208245360507e+01	1.942936550457735834e+01	1.893622926846385468e+01	1.966243189396078250e+01	1.936744496509180635e+01	1.916714779158874649e+01	1.980026962524230072e+01	1.986303466995806488e+01	1.945817053886008452e+01	1.911023623065009147e+01	2.008015330506915674e+01	1.995108077513171096e+01	1.962976163332587021e+01	1.983226793722764114e+01	1.952969878099007417e+01	1.939332082792026313e+01	2.033140592275414704e+01	1.968893116272565535e+01	1.991196509524226244e+01	1.969343193819958415e+01	1.998266532115673044e+01	1.976932602700449593e+01	1.964567723335792238e+01	1.957503047758816450e+01	2.002419538998125148e+01	1.984287950935366496e+01	1.990251944507154036e+01	2.012306155474530911e+01	2.011052177427870902e+01	1.979838027898055586e+01	1.978042772733126498e+01	1.925567213408979939e+01
1.995350872962785260e+01	1.895002211483059895e+01	1.973804693984218517e+01	1.925200400745508844e+01	1.909851384250413631e+01	2.000348468444624928e+01	1.997345118774416761e+01	2.013796667981915789e+01	1.964513718030870137e+01	1.935639796100181442e+01	2.891818941523752784e+01	2.032217708038871251e+01	2.003037263155233916e+01	1.950365543843905058e+01	1.991638554127704097e+01	1.947637658684444162e+01	2.005933506668593935e+01	1.920422487283723711e+01	1.945657441721486336e+01	1.945423511980257203e+01	1.919450259702765393e+01	1.925620118581449702e+01	1.940203129723363773e+01	1.930366071682173512e+01	1.936766189506137437e+01	1.978210868551892787e+01	1.940972087714249739e+01	1.894493400340742539e+01	1.991986135827508519e+01	1.988367507881793372e+01	1.951951868222835174e+01	1.941933800087815953e+01	1.963159845894787736e+01	1.972821101833768864e+01	1.992331792377047250e+01	1.963842817732346546e+01	2.001400202978925691e+01	1.970436889652661350e+01	1.973699108018105619e+01	1.975620732992451778e+01	1.963802908211551568e+01	1.937604307798811121e+01	1.981574343329209142e+01	1.977002638980941640e+01	1.978516110740127587e+01	1.966415156918693441e+01	1.971657510319889894e+01	1.983684468291627923e+01	1.972371565568996132e+01	1.920903295823349310e+01
2.048345142318130030e+01	2.010808751306220898e+01	2.060900853124362442e+01	2.029080515972380994e+01	1.983175401825668871e+01	2.096809671042946732e+01	2.078219837747339938e+01	2.053599492582100794e+01	2.095725931862883229e+01	1.998126879053387484e+01	2.032217708038871251e+01	3.096298804910502867e+01	2.098451528641546204e+01	2.076242993097958589e+01	2.107733900369948543e+01	2.053331752865500093e+01	2.079667567963577568e+01	2.036785750309232768e+01	1.998195820953252522e+01	2.023225974343384337e+01	2.018900651562040949e+01	2.009151707855911795e+01	2.035354854156996041e+01	1.991037673176998979e+01	2.023165815562608572e+01	2.034448312352134991e+01	2.039412243400779445e+01	2.002400556851359070e+01	2.114526882846649514e+01	2.072948001671130314e+01	2.056815584761514160e+01	2.060182258055585081e+01	2.053919855500363667e+01	2.085396387743979218e+01	2.083886095226978696e+01	2.082896464983202378e+01	2.069567110807282617e+01	2.053247602379476433e+01	2.073720511577841208e+01	2.029952211562285669e+01	2.009230452025347091e+01	2.006670844812176568e+01	2.082057372532774053e+01	2.101477365188625868e+01	2.045022863669197477e+01	2.057425788323384808e+01	2.088647948022288148e+01	2.055773053777085124e+01	2.047737866096873205e+01	2.035657377504538701e+01
2.050799457359590150e+01	1.981033654798400079e+01	2.027801037413616925e+01	2.030852625235619158e+01	1.982360927968347752e+01	2.080889819360903914e+01	2.088672589435334359e+01	2.067647860629626777e+01	2.057492539287848388e+01	1.998602506674264134e+01	2.003037263155233916e+01	2.098451528641546204e+01	3.015841741107729845e+01	2.041764896821367259e+01	2.036121694157220574e+01	1.999682255787414675e+01	2.124613737965536231e+01	1.991444323506250669e+01	1.987836755266591382e+01	2.000989605410785188e+01	1.974189776391389728e+01	2.026236304639725461e+01	1.978247087420511363e+01	2.011063768738414836e+01	2.032218114350494176e+01	2.040639475691540738e+01	2.016707511376319317e+01	1.958200010226095245e+01	2.066214007536541430e+01	2.085798573643452158e+01	2.019593575460816126e+01	2.033197269570036525e+01	2.025461516904485393e+01	2.062925357868317633e+01	2.080983958280127055e+01	2.041254217508311086e+01	2.035057669117838941e+01	2.083595754970805203e+01	2.103613475070016747e+01	2.035588246823884262e+01	2.044642406870094575e+01	2.065907719059373449e+01	2.077529278552403724e+01	2.021361522588091830e+01	2.051654614267311771e+01	2.019880198192516119e+01	2.079154057410930179e+01	2.003204133985489577e+01	2.024930957868126313e+01	1.984320140651626119e+01
2.031213117446698746e+01	1.983736762377061069e+01	1.980342518096762205e+01	2.029767575165753613e+01	1.977507568824965389e+01	2.028714060709473799e+01	2.013606351998818056e+01	2.032853248398462753e+01	2.016846983220194645e+01	1.960213941424854056e+01	1.950365543843905058e+01	2.076242993097958589e+01	2.041764896821367259e+01	3.021974612785568937e+01	2.054580379429276604e+01	2.014707551373333061e+01	2.063924092186198322e+01	1.986995867657614667e+01	2.003764333172452794e+01	1.999766120159020844e+01	1.985663617383386992e+01	1.977982608455396019e+01	1.982084437256546394e+01	1.964657382569110311e+01	2.031735800735243203e+01	2.012377898236798046e+01	1.968459751349904252e+01	1.933404036408985860e+01	2.006066626451721291e+01	2.031193886674766347e+01	1.993267613332955435e+01	1.997516548821337778e+01	1.980768720149767148e+01	2.004632350365958970e+01	2.039247064660177600e+01	2.017786173192683918e+01	2.001758070471088402e+01	2.001395298723362615e+01	2.046829701701004112e+01	1.979873434484247241e+01	1.965554752134918104e+01	1.997687713711373547e+01	2.040385851309748588e+01	2.010227318491321213e+01	2.019018155620618060e+01	2.006474405054769505e+01	2.024187682344898676e+01	1.996543752866224963e+01	1.985497268030704632e+01	1.939990278466776985e+01
2.035969312712695611e+01	1.989541770072098004e+01	2.026715339154664264e+01	2.008108233659113040e+01	1.983824282708196662e+01	2.095666401380324828e+01	2.018877503396806361e+01	2.078222681016917051e+01	2.011436358582766815e+01	2.008765925315582379e+01	1.991638554127704097e+01	2.107733900369948543e+01	2.036121694157220574e+01	2.054580379429276604e+01	3.054350423002990311e+01	2.008901217431823127e+01	2.084264462043461918e+01	1.999514329739274388e+01	2.005896378314061579e+01	2.020373003900914455e+01	1.986893062093765749e+01	2.020576423386107479e+01	2.025731746617990225e+01	2.023796019916090216e+01	2.007766299005569621e+01	2.037929378473030795e+01	2.002779426952675479e+01	1.960154008212774457e+01	2.062757865015797520e+01	2.031741183970878240e+01	2.019915627834951621e+01	2.020115978417094027e+01	2.029640852174315313e+01	2.064990139598703678e+01	2.059660556750821669e+01	2.058923490558161262e+01	2.011098249174911246e+01	2.021346950533975573e+01	2.035875803063671441e+01	2.045617430855013552e+01	1.974357694672281838e+01	2.035516006599174688e+01	2.058074657347678027e+01	2.046780503783281802e+01	2.050897758790569725e+01	2.078225793289071532e+01	2.074077507522553887e+01	2.029969643249704347e+01	2.018951270142277110e+01	2.035406448374255106e+01
1.992332435606969199e+01	1.933581441089963704e+01	1.977880252762535562e+01	1.973909907800782548e+01	1.985959935136300203e+01	2.013940157708595891e+01	1.994392364900333092e+01	1.988746841390939224e+01	2.011388323691081226e+01	1.944971710048798386e+01	1.947637658684444162e+01	2.053331752865500093e+01	1.999682255787414675e+01	2.014707551373333061e+01	2.008901217431823127e+01	2.964600138709472787e+01	2.054792253228196230e+01	1.944314203625740944e+01	1.961907862397028879e+01	1.962876360161308753e+01	1.968781856641363959e+01	1.941936481890257227e+01	1.934108554862682183e+01	1.942399323378505116e+01	1.976225216688869679e+01	1.961516409917619441e+01	1.987057496695615910e+01	1.941730748401768736e+01	2.008622002513668647e+01	1.962556719267631777e+01	1.992305989030946378e+01	1.957669113860957211e+01	1.975615583621120308e+01	1.982713000063382225e+01	1.953730641153636682e+01	1.995791990084623890e+01	2.008713925981194137e+01	2.003787894205155595e+01	1.998647819822704008e+01	2.045242219057640298e+01	1.948814980680626263e+01	1.965271239834549277e+01	1.993397535512789887e+01	1.969980762843087874e+01	2.001052467432117865e+01	1.963392564954162722e+01	2.034224987410726015e+01	1.980758993208763030e+01	1.982958420438719926e+01	1.964986489466055630e+01
2.087437025442082472e+01	1.980557095775151666e+01	2.060389749161863193e+01	2.065995457534114976e+01	2.007580902179332938e+01	2.144544284413820634e+01	2.067633563994003509e+01	2.107795974211801848e+01	2.109980615285555317e+01	2.048034225814888387e+01	2.005933506668593935e+01	2.079667567963577568e+01	2.124613737965536231e+01	2.063924092186198322e+01	2.084264462043461918e+01	2.054792253228196230e+01	3.091526188636719752e+01	2.028108724296827603e+01	2.047781265868251666e+01	2.026439749980136185e+01	2.010064401620778796e+01	2.026283553354113565e+01	2.045580400840682600e+01	2.009347835908437929e+01	2.070979553679230634e+01	2.084091781473881255e+01	2.021617203042519861e+01	2.001646988975360486e+01	2.122760859007324541e+01	2.100635206273085132e+01	2.059917680324067391e+01	2.016136207495859978e+01	2.073111634124337144e+01	2.094912652531539976e+01	2.099862949447688010e+01	2.083387734316779927e+01	2.087457374443431846e+01	2.074120567866217968e+01	2.112107864499730780e+01	2.064491947227820745e+01	2.040694767998054004e+01	2.060977948206884847e+01	2.116052380063917937e+01	2.079178960078087357e+01	2.066743457652205862e+01	2.094183300790811941e+01	2.077732450796559860e+01	2.088840869613215290e+01	2.066951176123419387e+01	2.008373497736407742e+01
1.955309499280631158e+01	1.919829046422983154e+01	1.956564438559127339e+01	1.959897695484522018e+01	1.925423082669584574e+01	2.013592335164728198e+01	1.997494053331366004e+01	1.968910698416383553e+01	2.006022347623057556e+01	1.925525221806068643e+01	1.920422487283723711e+01	2.036785750309232768e+01	1.991444323506250669e+01	1.986995867657614667e+01	1.999514329739274388e+01	1.944314203625740944e+01	2.028108724296827603e+01	2.892561718882110355e+01	1.971631747472788376e+01	1.976294237840355805e+01	1.963931062936656957e+01	1.946839647775955839e+01	1.915188213553659580e+01	1.914728137860121748e+01	1.950728916358024279e+01	1.964552849150058833e+01	1.963889364778975732e+01	1.916184666009491977e+01	1.980727884687131990e+01	1.999692418129934168e+01	1.962347195500777985e+01	1.976062781744574792e+01	1.942936174637365099e+01	2.009283117367255045e+01	1.976203965494982384e+01	2.047752547764554265e+01	1.993141130723448740e+01	1.973293734445512015e+01	1.995335702507271947e+01	1.966405621843189877e+01	1.943535677872467105e+01	1.977292955368960037e+01	1.959517538187268926e+01	1.974909276865016494e+01	1.999879005487213135e+01	1.972666723202941697e+01	1.975025480639397557e+01	1.943581132956739310e+01	1.974185266526560767e+01	1.944181201460916242e+01
2.020826830888649894e+01	1.937638255914570706e+01	2.000768522746277256e+01	1.987164871560577950e+01	1.979912375882292253e+01	2.040753478697189749e+01	2.003995390999647697e+01	2.002566965816305355e+01	2.000432463427926422e+01	1.944773208245360507e+01	1.945657441721486336e+01	1.998195820953252522e+01	1.987836755266591382e+01	2.003764333172452794e+01	2.005896378314061579e+01	1.961907862397028879e+01	2.047781265868251666e+01	1.971631747472788376e+01	2.947919968280663383e+01	1.980721873525827448e+01	1.956344815417559957e+01	1.970224392035668970e+01	1.975346771950668412e+01	1.971687134293771138e+01	2.004347275651738514e+01	1.953771987255307963e+01	1.949612608673280434e+01	1.892496658427676692e+01	1.985961544584730376e+01	2.050050764956754890e+01	2.008674820629126856e+01	1.990724642307846892e+01	1.940733014378341181e+01	1.960624562775987911e+01	2.014078908095520859e+01	2.008896695574489399e+01	2.003593990467793873e+01	1.980481204398669348e+01	2.023072441177756176e+01	1.991028575120052579e+01	1.970338519144277001e+01	1.986946353180721658e+01	2.051746776761378754e+01	2.006052469970089547e+01	2.016951292927773665e+01	1.978031319634396468e+01	2.024233988167678433e+01	1.988275916941556076e+01	2.001621897598970179e+01	1.918903746676587474e+01
2.011944924507354315e+01	1.940048690681667409e+01	1.997983585712010068e+01	1.981578313734073404e+01	1.937162734596147828e+01	2.021470921798166032e+01	1.976168490719327053e+01	2.014476059491724058e+01	2.002750102381602915e+01	1.942936550457735834e+01	1.945423511980257203e+01	2.023225974343384337e+01	2.000989605410785188e+01	1.999766120159020844e+01	2.020373003900914455e+01	1.962876360161308753e+01	2.026439749980136185e+01	1.976294237840355805e+01	1.980721873525827448e+01	2.942755138277381377e+01	1.976049785608740095e+01	1.967792857813363128e+01	1.936239828780369621e+01	1.970156515515416729e+01	1.999615951036989614e+01	1.975480830134265986e+01	1.958343859238363294e+01	1.912943377902468356e+01	2.014318420382418751e+01	2.008662054214876136e+01	2.019109417296319009e+01	1.959131687186757276e+01	1.997580798085773068e+01	1.965762402752090665e+01	2.011472550407432180e+01	2.005402747309842226e+01	2.037399709538558668e+01	1.997426995819504114e+01	2.020915222262600608e+01	1.979786607611002580e+01	1.923623543113480849e+01	1.958979888280157411e+01	2.002404319231231611e+01	2.023754705903984430e+01	2.016858107564720370e+01	1.989679055433436261e+01	2.039725356061822481e+01	1.979275427269836740e+01	1.968464699749156210e+01	1.982884371094995402e+01
1.987112145278856445e+01	1.937500518639047442e+01	1.947569740080185596e+01	1.945542782611761012e+01	1.932013411927252733e+01	2.039642999187754668e+01	1.964209268933211305e+01	1.989724417981012650e+01	1.972652084023619778e+01	1.893622926846385468e+01	1.919450259702765393e+01	2.018900651562040949e+01	1.974189776391389728e+01	1.985663617383386992e+01	1.986893062093765749e+01	1.968781856641363959e+01	2.010064401620778796e+01	1.963931062936656957e+01	1.956344815417559957e+01	1.976049785608740095e+01	2.865299569944718883e+01	1.918307119925876592e+01	1.949279036964424350e+01	1.882960614292622736e+01	1.977989823554071691e+01	1.954261215073787028e+01	1.938899243350981649e+01	1.920787199399180523e+01	1.987400134119983264e+01	2.012973108805354272e+01	1.962516391311826069e+01	1.904868116142043633e+01	1.967637702368207542e+01	1.989591954262662199e+01	1.962530468123851790e+01	1.971332691953282534e+01	1.947486274770361447e+01	1.940137255067511646e+01	2.005177737588300602e+01	1.957948431853759530e+01	1.937393577593337213e+01	1.928178256154570391e+01	1.987910965434323529e+01	1.939380318629499200e+01	1.990441531117708607e+01	1.987146018815676030e+01	2.016116674006714149e+01	1.923942757516601176e+01	1.948169920976013714e+01	1.934288420531725095e+01
1.988078130575003755e+01	1.911620241600920522e+01	1.963209141715534400e+01	1.979085187835300630e+01	1.928176449425820138e+01	1.979216142592729000e+01	2.003544865045277135e+01	2.022412826818909082e+01	2.026154787127984491e+01	1.966243189396078250e+01	1.925620118581449702e+01	2.009151707855911795e+01	2.026236304639725461e+01	1.977982608455396019e+01	2.020576423386107479e+01	1.941936481890257227e+01	2.026283553354113565e+01	1.946839647775955839e+01	1.970224392035668970e+01	1.967792857813363128e+01	1.918307119925876592e+01	2.973971325393117482e+01	1.973945953897437278e+01	1.924500249994378009e+01	1.959193854974762417e+01	1.956681586428087627e+01	1.992921339858064655e+01	1.915953362437173624e+01	2.009674929277510458e+01	2.046028223526556644e+01	1.971884531325445167e+01	1.917293776305110597e+01	1.952945706465118647e+01	2.001007894694974709e+01	2.019998848017012705e+01	2.003569237418694726e+01	1.951073617823287876e+01	1.981245791079171426e+01	2.001378117652162558e+01	1.957660524451718231e+01	1.958600193834179493e+01	1.936393501545864027e+01	2.041908650949594417e+01	1.977377186754951666e+01	1.993095396215272075e+01	1.986570495161115346e+01	2.026082095326394850e+01	1.992782310409647906e+01	2.004747551278497397e+01	1.959801422975303353e+01
1.995015679702376232e+01	1.961887612266150072e+01	1.991255322325836374e+01	1.979359164117872893e+01	1.956463945233421242e+01	2.064833847446352166e+01	2.004889773866026204e+01	1.977481005910390621e+01	1.971633972928848877e+01	1.936744496509180635e+01	1.940203129723363773e+01	2.035354854156996041e+01	1.978247087420511363e+01	1.982084437256546394e+01	2.025731746617990225e+01	1.934108554862682183e+01	2.045580400840682600e+01	1.915188213553659580e+01	1.975346771950668412e+01	1.936239828780369621e+01	1.949279036964424350e+01	1.973945953897437278e+01	2.957054988778985916e+01	1.937985419643300489e+01	1.971886588815772967e+01	1.987127803243811641e+01	1.923966566885122376e+01	1.929944748814363464e+01	2.031368756335962900e+01	2.015234351559439929e+01	1.995742293457312755e+01	1.976098089281794401e+01	1.941261425905796401e+01	2.017094567829962415e+01	2.016504489439114778e+01	1.974644662620948310e+01	1.995799717382945815e+01	2.017043765404540068e+01	2.024020688562135462e+01	1.952625070282512354e+01	1.978168822686750161e+01	1.964632811741345009e+01	1.979295218920793786e+01	2.018858995514259647e+01	2.002445278937933182e+01	1.965430989354580760e+01	2.030991145527853803e+01	2.042281962715256327e+01	1.983383897954807296e+01	1.937533038287017462e+01
1.993341257505425546e+01	1.927324541638245137e+01	1.977925701546379145e+01	1.965494543898605428e+01	1.941725393300834313e+01	1.987120373769209536e+01	1.982026640295717357e+01	2.040465429449805512e+01	1.979987927624883781e+01	1.916714779158874649e+01	1.930366071682173512e+01	1.991037673176998979e+01	2.011063768738414836e+01	1.964657382569110311e+01	2.023796019916090216e+01	1.942399323378505116e+01	2.009347835908437929e+01	1.914728137860121748e+01	1.971687134293771138e+01	1.970156515515416729e+01	1.882960614292622736e+01	1.924500249994378009e+01	1.937985419643300489e+01	2.914171541296338219e+01	1.984421602190599998e+01	1.941282700470077316e+01	1.940688107406542784e+01	1.911650379477610429e+01	1.993438433994173664e+01	1.992170405310863046e+01	1.944136921051710232e+01	1.984620264103740794e+01	1.970891712950369978e+01	1.940497111451270840e+01	2.014496953633914345e+01	1.975639344890802818e+01	1.970421345401457813e+01	2.007566027304503464e+01	1.956245699367505964e+01	1.963871341149642546e+01	1.940923407204716611e+01	1.980531703096925256e+01	1.995017961838749088e+01	2.012704016870903700e+01	2.001491699551618098e+01	2.017451347565865305e+01	1.982040256520024712e+01	1.973499767327645671e+01	1.977034149613264447e+01	1.935729925969375742e+01
2.015331292599621449e+01	2.003168118132589370e+01	2.002372395517111769e+01	2.006850171524501292e+01	1.995077347415503155e+01	2.057455960167890652e+01	2.038316433894071267e+01	2.036988072407523021e+01	2.020580873707385905e+01	1.980026962524230072e+01	1.936766189506137437e+01	2.023165815562608572e+01	2.032218114350494176e+01	2.031735800735243203e+01	2.007766299005569621e+01	1.976225216688869679e+01	2.070979553679230634e+01	1.950728916358024279e+01	2.004347275651738514e+01	1.999615951036989614e+01	1.977989823554071691e+01	1.959193854974762417e+01	1.971886588815772967e+01	1.984421602190599998e+01	2.987959443744872701e+01	1.985757204682758825e+01	1.981848177312591019e+01	1.917440590575967008e+01	2.005621926397941124e+01	2.043203351802007006e+01	2.030819169155083870e+01	1.989296794657066769e+01	1.998292245771689579e+01	2.021549543907060809e+01	2.085509410916743533e+01	2.025624101359780127e+01	2.011955975957092235e+01	2.014994063043414485e+01	2.049495894381238514e+01	2.021196544334447509e+01	1.986734272686804914e+01	1.996867272712755792e+01	2.042493540810810160e+01	2.044201401927802664e+01	2.041093785535049321e+01	2.024592367039320351e+01	2.047508400803191009e+01	2.014037997211894293e+01	1.983973368828101869e+01	1.956708615350648017e+01
1.997375192123489285e+01	1.951105987377258089e+01	1.968566387424890962e+01	1.961256924798061618e+01	1.957060387785929123e+01	2.013400848310769931e+01	2.027423838785506760e+01	2.007071931521227270e+01	1.965051692556175311e+01	1.986303466995806488e+01	1.978210868551892787e+01	2.034448312352134991e+01	2.040639475691540738e+01	2.012377898236798046e+01	2.037929378473030795e+01	1.961516409917619441e+01	2.084091781473881255e+01	1.964552849150058833e+01	1.953771987255307963e+01	1.975480830134265986e+01	1.954261215073787028e+01	1.956681586428087627e+01	1.987127803243811641e+01	1.941282700470077316e+01	1.985757204682758825e+01	2.981000279191275126e+01	1.953476893126233449e+01	1.914690135773846791e+01	2.055282456462891361e+01	2.052634964287589270e+01	1.986363832746325286e+01	1.994531656238472195e+01	1.997607631212726531e+01	2.036578285848705150e+01	2.012916892473031538e+01	1.980280846353452162e+01	1.996692933468624886e+01	2.005856720741313026e+01	2.016246336837406972e+01	1.979964914511493745e+01	1.950967834077548346e+01	1.958812300831058195e+01	2.045326346860215239e+01	1.997675765463564090e+01	2.009471383850505788e+01	2.000720431017410661e+01	2.033136521306289524e+01	1.982307279561259605e+01	1.989621950513301840e+01	1.977140918493273247e+01
1.995143458442792905e+01	1.913535169877068398e+01	1.961251936504455529e+01	1.981723279630803702e+01	1.959589265425656635e+01	2.014769499925721163e+01	1.966294528133285624e+01	1.984902291272216601e+01	1.983830511198895152e+01	1.945817053886008452e+01	1.940972087714249739e+01	2.039412243400779445e+01	2.016707511376319317e+01	1.968459751349904252e+01	2.002779426952675479e+01	1.987057496695615910e+01	2.021617203042519861e+01	1.963889364778975732e+01	1.949612608673280434e+01	1.958343859238363294e+01	1.938899243350981649e+01	1.992921339858064655e+01	1.923966566885122376e+01	1.940688107406542784e+01	1.981848177312591019e+01	1.953476893126233449e+01	2.944625320663696044e+01	1.920364480389869755e+01	1.994366772978430902e+01	1.972924601259664357e+01	2.008552699805725794e+01	1.980264470133588972e+01	1.957621634512781483e+01	1.968374073099199606e+01	2.013167791384439198e+01	2.000950574747146504e+01	1.970948350451745412e+01	2.025062730255525523e+01	2.028261050341053817e+01	1.965895614849276996e+01	1.943367761313529840e+01	1.942946883222334264e+01	1.984241272518209698e+01	2.036727702870476264e+01	1.987234372235797863e+01	1.989965810633576027e+01	2.022868835196794990e+01	1.979923395760178551e+01	1.985645378968944996e+01	1.932237753330227648e+01
1.940033871034537682e+01	1.916601264828861062e+01	1.925564884868289894e+01	1.896628553171358078e+01	1.914883852123485397e+01	1.979089740491718530e+01	2.000764537635984297e+01	1.987692740204981234e+01	1.953859161049673787e+01	1.911023623065009147e+01	1.894493400340742539e+01	2.002400556851359070e+01	1.958200010226095245e+01	1.933404036408985860e+01	1.960154008212774457e+01	1.941730748401768736e+01	2.001646988975360486e+01	1.916184666009491977e+01	1.892496658427676692e+01	1.912943377902468356e+01	1.920787199399180523e+01	1.915953362437173624e+01	1.929944748814363464e+01	1.911650379477610429e+01	1.917440590575967008e+01	1.914690135773846791e+01	1.920364480389869755e+01	2.867993582970799338e+01	1.968056544403739849e+01	1.977743135463839508e+01	1.928702161840842066e+01	1.932769351920133261e+01	1.930864370866357049e+01	1.952731033991458887e+01	1.996599951705792719e+01	1.957588702525421809e+01	1.955781463245281770e+01	1.954559991091705839e+01	1.971808342934170355e+01	1.971596903446949156e+01	1.903847626594551556e+01	1.919802880875423767e+01	1.936666300974018995e+01	1.972259978757915633e+01	1.976484158197955310e+01	1.947676592600701895e+01	1.984259690413778188e+01	1.882869718740190379e+01	1.951429037626310148e+01	1.921646508561251920e+01
2.050723891043805125e+01	2.027342472093206993e+01	2.010609560304824939e+01	2.032114520869014385e+01	1.969866864011473240e+01	2.050458071445731889e+01	2.065078833047470042e+01	2.063307891336458866e+01	2.066626366093924361e+01	2.008015330506915674e+01	1.991986135827508519e+01	2.114526882846649514e+01	2.066214007536541430e+01	2.006066626451721291e+01	2.062757865015797520e+01	2.008622002513668647e+01	2.122760859007324541e+01	1.980727884687131990e+01	1.985961544584730376e+01	2.014318420382418751e+01	1.987400134119983264e+01	2.009674929277510458e+01	2.031368756335962900e+01	1.993438433994173664e+01	2.005621926397941124e+01	2.055282456462891361e+01	1.994366772978430902e+01	1.968056544403739849e+01	3.061119335444187328e+01	2.061837935915137621e+01	2.027318750879114617e+01	2.031322600191325733e+01	2.036580398350136534e+01	2.051951172381727062e+01	2.050859234791916563e+01	2.051420609864720390e+01	2.009656275441281537e+01	2.043558185516733872e+01	2.081284463901566184e+01	2.018843627300182320e+01	2.012892564455114197e+01	1.995063652011933542e+01	2.025702232883548604e+01	2.044044303206130309e+01	2.056364928352261146e+01	2.042104637582712812e+01	2.113844200871761814e+01	2.045736263544595701e+01	2.038079293349720444e+01	2.024387308620707060e+01
2.066171655711612942e+01	1.999784011816063867e+01	2.047785156839922749e+01	2.013783806086714634e+01	2.019922594444018671e+01	2.025572397078886056e+01	2.043211902293603188e+01	2.095272634257190703e+01	2.061667650027786536e+01	1.995108077513171096e+01	1.988367507881793372e+01	2.072948001671130314e+01	2.085798573643452158e+01	2.031193886674766347e+01	2.031741183970878240e+01	1.962556719267631777e+01	2.100635206273085132e+01	1.999692418129934168e+01	2.050050764956754890e+01	2.008662054214876136e+01	2.012973108805354272e+01	2.046028223526556644e+01	2.015234351559439929e+01	1.992170405310863046e+01	2.043203351802007006e+01	2.052634964287589270e+01	1.972924601259664357e+01	1.977743135463839508e+01	2.061837935915137621e+01	3.080868764437633800e+01	2.068678077685637717e+01	2.015724664743861183e+01	2.015028700293095554e+01	2.048892313606408422e+01	2.042775703276680233e+01	2.033130061686909684e+01	2.051627191388352855e+01	2.044000677911162001e+01	2.066836501873540399e+01	2.039098628517231049e+01	2.024027646493514254e+01	2.008698487269506572e+01	2.083467967439467117e+01	2.037987155821264196e+01	2.076138916601604834e+01	2.046221057316699898e+01	2.082070923398098827e+01	2.010985211954096386e+01	2.074417386529136209e+01	2.012288907491915779e+01
2.027538183699576635e+01	1.968696278315362491e+01	2.019872495100539922e+01	2.009218191300884016e+01	1.945265045723641606e+01	2.023844034342733522e+01	2.003764852270716901e+01	2.043347664758794835e+01	2.002811126988829216e+01	1.962976163332587021e+01	1.951951868222835174e+01	2.056815584761514160e+01	2.019593575460816126e+01	1.993267613332955435e+01	2.019915627834951621e+01	1.992305989030946378e+01	2.059917680324067391e+01	1.962347195500777985e+01	2.008674820629126856e+01	2.019109417296319009e+01	1.962516391311826069e+01	1.971884531325445167e+01	1.995742293457312755e+01	1.944136921051710232e+01	2.030819169155083870e+01	1.986363832746325286e+01	2.008552699805725794e+01	1.928702161840842066e+01	2.027318750879114617e+01	2.068678077685637717e+01	3.004224356055599543e+01	2.007045454879936841e+01	1.985653143543367349e+01	2.016236483499047338e+01	2.003652581735736860e+01	2.007697199713110336e+01	2.015263513971355991e+01	2.033783594305945996e+01	2.017021183218583147e+01	2.029033380122641717e+01	1.970057574629188579e+01	1.987345045374617314e+01	1.996585819209421686e+01	2.021321222511010873e+01	2.017218843215918511e+01	1.984507553847823402e+01	2.026275578089797946e+01	2.018930344723236914e+01	2.030762950340173845e+01	1.975687964826844123e+01
2.018237247677305390e+01	1.940650106191078095e+01	1.979666191288990618e+01	1.991795175185723821e+01	1.928598644017452912e+01	2.025778781300006415e+01	2.004339588960513652e+01	2.052250422404781460e+01	2.006013929974528054e+01	1.983226793722764114e+01	1.941933800087815953e+01	2.060182258055585081e+01	2.033197269570036525e+01	1.997516548821337778e+01	2.020115978417094027e+01	1.957669113860957211e+01	2.016136207495859978e+01	1.976062781744574792e+01	1.990724642307846892e+01	1.959131687186757276e+01	1.904868116142043633e+01	1.917293776305110597e+01	1.976098089281794401e+01	1.984620264103740794e+01	1.989296794657066769e+01	1.994531656238472195e+01	1.980264470133588972e+01	1.932769351920133261e+01	2.031322600191325733e+01	2.015724664743861183e+01	2.007045454879936841e+01	2.997022115976094270e+01	2.003314649742072717e+01	1.981745548396814272e+01	2.023648668025925090e+01	2.030243127217497090e+01	1.993893592278948645e+01	2.022705600855005414e+01	2.009708749944678985e+01	2.006779243143798297e+01	1.947730307557775475e+01	1.984729316973183444e+01	2.028923353951438102e+01	2.019214481611784251e+01	2.039703210672033862e+01	2.007372732954446093e+01	2.014621424104553782e+01	1.980528469855120477e+01	2.033577121956343348e+01	1.994499935193363527e+01
