3.060704554243701381e+01	2.005618960519872473e+01	1.958900629211638034e+01	2.015553093928209449e+01	2.031932549175854419e+01	1.972734502376099286e+01	2.002500034637769133e+01	2.032156141149070194e+01	2.061059743837570224e+01	2.013139107094666613e+01	2.043639074852184123e+01	2.000143025058848067e+01	2.002182282027573379e+01	2.008405035959026108e+01	2.033360138239767423e+01	2.041741584270127774e+01	2.054906741758450650e+01	2.098415447488459762e+01	2.020140486809436098e+01	1.984067853785171565e+01	2.015294561785268357e+01	2.010968324111469485e+01	2.089982608157679778e+01	2.038630749660201857e+01	2.045867779263248920e+01	2.020713419991210458e+01	2.039815226205186960e+01	2.033902408742212486e+01	2.079773840250622285e+01	1.987625400712358115e+01	1.998553546817772641e+01	2.020715806598781938e+01	2.060703775252595804e+01	2.005729427902238271e+01	2.010427441063513854e+01	2.043300609098490028e+01	2.072110809079111249e+01	2.070599625172242852e+01	2.026025172194863444e+01	1.980184282157961917e+01	2.048740320454855635e+01	2.086738008779277820e+01	1.972295108392943774e+01	2.015474209747121392e+01	2.055458295127932900e+01	2.010025208850994716e+01	2.081547196156236623e+01	1.997196174870215302e+01	2.007153130240487116e+01	1.987265937730100518e+01
2.005618960519872473e+01	2.964776140936056947e+01	1.986533238378172328e+01	2.000201949563702541e+01	1.985786068815484029e+01	1.942267053478729366e+01	1.975992905489572138e+01	1.986685939796678113e+01	2.055562365589595331e+01	1.965313440366605846e+01	2.033945562836272813e+01	1.980141349988965516e+01	2.005392153737827599e+01	1.999492476213780634e+01	1.987621799473330242e+01	2.003939063650399177e+01	1.963252895704831857e+01	2.011106214036206552e+01	1.987726962350340187e+01	1.961146940141309258e+01	1.956732165678443991e+01	1.959418907719748049e+01	2.053275357376282884e+01	2.021558156270474527e+01	2.001787774086750105e+01	1.967813062953680614e+01	2.041609175744306626e+01	1.976473147924917484e+01	2.044924014639440202e+01	1.956974275519661077e+01	2.026521354708332368e+01	1.987060066760667709e+01	2.004401325898993846e+01	1.976353410018650081e+01	2.006753792832240535e+01	2.027308930559342315e+01	2.020529913013860934e+01	2.044932052254176114e+01	1.997914714895268773e+01	2.001991362686932518e+01	2.029179664554692408e+01	1.994705265898894453e+01	1.954091610516843502e+01	1.993713682268672827e+01	2.028958030070941376e+01	1.992221297576326933e+01	2.014543889691514522e+01	1.951871028880741221e+01	1.978349542006127848e+01	1.950279774506080344e+01
1.958900629211638034e+01	1.986533238378172328e+01	3.000727584861878938e+01	1.973108319721947623e+01	1.999908688991493122e+01	1.926092875332673415e+01	1.983080452427307350e+01	2.015490365422600760e+01	2.013728037589283559e+01	1.980049268406434848e+01	1.943011994110764817e+01	1.981804695425401874e+01	1.994303284186576519e+01	1.978576756964268313e+01	1.994530886909998557e+01	1.972597197200381913e+01	1.981698934215284780e+01	2.012860746894700625e+01	1.976868833004251158e+01	1.932138277361690015e+01	1.936007250740371788e+01	1.905649895901569479e+01	1.982155474281396579e+01	1.997425207567674832e+01	2.008314951110499180e+01	1.919142433328757491e+01	2.012607101838285928e+01	1.988584926799534003e+01	1.973695764262694397e+01	1.942253076537683398e+01	2.038166954090914018e+01	1.978658358109410642e+01	1.992373774025255173e+01	1.930197034422381108e+01	1.962113242933340373e+01	2.038607067772074544e+01	2.004359663507298350e+01	2.003492507772494946e+01	1.991754735882584626e+01	1.988087150246117574e+01	1.985008120800321052e+01	2.008625611381476261e+01	1.951745780552658616e+01	1.970213529101680550e+01	1.998356640539431694e+01	2.014870034777148433e+01	2.019577585582780799e+01	1.931522190341860323e+01	2.001621566139736785e+01	1.945585322535120554e+01
2.015553093928209449e+01	2.000201949563702541e+01	1.973108319721947623e+01	2.966396411067703198e+01	2.015265509922476639e+01	1.932717582879351426e+01	1.971728362739255047e+01	1.995689528067515184e+01	2.036333608306918563e+01	1.946441400946174838e+01	1.969643165052120182e+01	1.997662595178344702e+01	2.035974118843941127e+01	2.012971115245765574e+01	1.999329985850628688e+01	1.974575897372730893e+01	1.986093750132907587e+01	2.060168765020851112e+01	1.981192461919029668e+01	1.963634994900039743e+01	1.993005372840970679e+01	1.921549751912736781e+01	2.027631645477554301e+01	2.017717879219517485e+01	2.030253702054472953e+01	1.957995934627612300e+01	2.026534549733466761e+01	1.989411557650522511e+01	2.037810628410586133e+01	1.947208507603071226e+01	1.971502824255498965e+01	1.996850304244046725e+01	2.034497319328707121e+01	1.976878527539814456e+01	1.979743856225553600e+01	2.069441731003830398e+01	2.040949900479122192e+01	1.972997003163733254e+01	1.993132453918356717e+01	1.958111296627377129e+01	2.023274029155459885e+01	2.015793204397588667e+01	1.978086725726969775e+01	1.950084795638260005e+01	1.982296372733087253e+01	2.016102362568075534e+01	2.013492366865060745e+01	1.982040465669961904e+01	2.005493645596969188e+01	1.964112169198674707e+01
2.031932549175854419e+01	1.985786068815484029e+01	1.999908688991493122e+01	2.015265509922476639e+01	3.017208513403481973e+01	1.972051920240328116e+01	1.972804545059210923e+01	1.998595705877004036e+01	2.020839566289573241e+01	1.989194739253733601e+01	2.015472263126475028e+01	1.997916543579900761e+01	2.008206780140220005e+01	2.014604673347584907e+01	2.007110651908990562e+01	2.051491967861279875e+01	2.022730967559753168e+01	2.041822148802084413e+01	1.985800098449433904e+01	1.960974681363455474e+01	1.994348602615755439e+01	1.964935556590004140e+01	2.018706776562972394e+01	2.030084798822338854e+01	2.034573480401748213e+01	1.954206869231023092e+01	2.066900184762032922e+01	2.056100863244610721e+01	2.028567027515001797e+01	1.962424334721880825e+01	1.982893801299915637e+01	2.043202451933903419e+01	2.034556397488929136e+01	1.965331928603572464e+01	2.001385699717019051e+01	2.061300246272504566e+01	2.032454141610823584e+01	2.011300366769262382e+01	2.029697143913187318e+01	2.008161257376460895e+01	2.021060895229299348e+01	2.024593764400049167e+01	1.963855734621074589e+01	1.952122344784288899e+01	2.030568807781354224e+01	2.009595232334088877e+01	2.038037767902518738e+01	1.955735292703016626e+01	1.996461778050272073e+01	1.994531597764849806e+01
1.972734502376099286e+01	1.942267053478729366e+01	1.926092875332673415e+01	1.932717582879351426e+01	1.972051920240328116e+01	2.907152269635427189e+01	1.917180631209443931e+01	1.933990401501999656e+01	1.943036971198444007e+01	1.932617656444119802e+01	1.910299788073946203e+01	1.930519590302385424e+01	1.958040482199789167e+01	1.930931952000897311e+01	1.951909942615974458e+01	1.946814685269794865e+01	1.916147822169957493e+01	1.978444548126395119e+01	1.931788338147463335e+01	1.921130965719253680e+01	1.930190359089760932e+01	1.898371953733158790e+01	1.972494158170441025e+01	1.972416902104381009e+01	1.979648943329922872e+01	1.926786686445714736e+01	1.975516602645663511e+01	1.975184086128943051e+01	1.957875492933624173e+01	1.882777920071628941e+01	1.987581084681939103e+01	1.977289211522226253e+01	1.969645938685067676e+01	1.937987886195848830e+01	1.968830300837444014e+01	1.954092164983896396e+01	1.963726055923315172e+01	1.913188732171748896e+01	1.915246185090457942e+01	1.906729598350954191e+01	1.933446107826646454e+01	1.944889845279470464e+01	1.908806517389101742e+01	1.915300975357381574e+01	1.958159143896501320e+01	1.963979956808158889e+01	1.998063070395273044e+01	1.921486227205168262e+01	1.964932704188857926e+01	1.906447703596017362e+01
2.002500034637769133e+01	1.975992905489572138e+01	1.983080452427307350e+01	1.971728362739255047e+01	1.972804545059210923e+01	1.917180631209443931e+01	2.904895501322603479e+01	1.942210339505755812e+01	1.996041958565521668e+01	1.932946383056135176e+01	1.969638009714880766e+01	1.979229383884431925e+01	1.979269086790743515e+01	1.932592672253072408e+01	2.000335498370148812e+01	1.981274834393780182e+01	1.990018721932996115e+01	2.054861044728567521e+01	1.967409606711704129e+01	1.953243573866137339e+01	1.935791145727668194e+01	1.959805467614535601e+01	2.019975942312878914e+01	1.978418249838032139e+01	2.017169449599356668e+01	1.933526209017933795e+01	1.967611190271369637e+01	1.944605935558249143e+01	2.002077254094386660e+01	1.903106905629553225e+01	1.953659742511975494e+01	1.938941226926881356e+01	1.988925948109582365e+01	1.934660482007446802e+01	1.971087960411834672e+01	2.016378010330830151e+01	1.965680655658563225e+01	2.006180670147398715e+01	1.990114604489938444e+01	1.960024374039772255e+01	1.954052515457657080e+01	2.004503792678545437e+01	1.903267044115353102e+01	1.948268515121496236e+01	1.969673032023480630e+01	2.004268865956645840e+01	1.982022281119285267e+01	1.937301524969230471e+01	1.937547810081420252e+01	1.959326889891287493e+01
2.032156141149070194e+01	1.986685939796678113e+01	2.015490365422600760e+01	1.995689528067515184e+01	1.998595705877004036e+01	1.933990401501999656e+01	1.942210339505755812e+01	3.002376659482300170e+01	2.004304677019482028e+01	1.954615842432591322e+01	1.956603004468504992e+01	2.001751914607470795e+01	2.044567940358612290e+01	1.998776516282983806e+01	1.983096867434883137e+01	2.002724616313799189e+01	2.020137105333909133e+01	2.062754255827343641e+01	1.968433588714270499e+01	1.968877539820848455e+01	1.990140190015638666e+01	1.938755435057181131e+01	2.036237918891972143e+01	2.043270899453350253e+01	2.028590193964166133e+01	1.935199698371682686e+01	2.042145181697504697e+01	1.977118959112086927e+01	2.010583751049984969e+01	1.960020883452571638e+01	1.998616330044072598e+01	1.978676924532411974e+01	2.046518200916470676e+01	1.978270221418036456e+01	1.980075876335330776e+01	2.048602208342045827e+01	1.983187907005702755e+01	1.998466004113279126e+01	1.997575421829851194e+01	2.002337325911840082e+01	2.012554183760674675e+01	2.027835079087918402e+01	1.968167520477838650e+01	1.957212912406456695e+01	2.010614787468492182e+01	1.980657861963066324e+01	2.032311802388139554e+01	1.945154774665652653e+01	1.984513094968312430e+01	1.963099832376304832e+01
2.061059743837570224e+01	2.055562365589595331e+01	2.013728037589283559e+01	2.036333608306918563e+01	2.020839566289573241e+01	1.943036971198444007e+01	1.996041958565521668e+01	2.004304677019482028e+01	3.051459024593597391e+01	2.016854375466460780e+01	2.022531803395515126e+01	2.043884032782001725e+01	2.062145128220581469e+01	2.036111856113970831e+01	2.032889986891164824e+01	2.018636533358876051e+01	2.094091474502024752e+01	2.090225299550912652e+01	2.026792839529804979e+01	1.993092994239398763e+01	2.031985426232177971e+01	2.026543086194569199e+01	2.072593088867507305e+01	2.070401980982605750e+01	2.042457457064395143e+01	2.038016410137753809e+01	2.042507276948159856e+01	2.043055409121320665e+01	2.068219362100772329e+01	1.987462202630550934e+01	2.059888538088189236e+01	2.001870316755728751e+01	2.042713017501156259e+01	2.012059084454069691e+01	2.024340768480651676e+01	2.059164461224991882e+01	2.063515243112495412e+01	2.063527168551774338e+01	2.086129104749213070e+01	1.988493689424878852e+01	2.032157865311022960e+01	2.083540658453651773e+01	2.005569475908333033e+01	1.999922095758127583e+01	2.032071827586058888e+01	2.045547057386001200e+01	2.054455247710129839e+01	1.952858168877590472e+01	2.036464311423054596e+01	2.032527849988438717e+01
2.013139107094666613e+01	1.965313440366605846e+01	1.980049268406434848e+01	1.946441400946174838e+01	1.989194739253733601e+01	1.932617656444119802e+01	1.932946383056135176e+01	1.954615842432591322e+01	2.016854375466460780e+01	2.947072320476074125e+01	1.922873994934641217e+01	1.957907881799529193e+01	2.005972290258803525e+01	1.922718971052186632e+01	1.973471664254175550e+01	1.990988539734193452e+01	1.976335998869942046e+01	2.033148849518793355e+01	2.010099369924287771e+01	1.970791305103150037e+01	1.963522242237174353e+01	1.955312007286902443e+01	2.016728764342963132e+01	2.023894080803199813e+01	2.019950600480145297e+01	1.927889073930661468e+01	2.001098401269987548e+01	1.958393873134502172e+01	2.011490278996280523e+01	1.949484573396110676e+01	1.962824984130246975e+01	1.997437038531031916e+01	2.007845852402754616e+01	1.958876506055078082e+01	1.998910682798753413e+01	2.011368499952511968e+01	1.995667679269550021e+01	1.958961585382841974e+01	1.961646656715572945e+01	1.961771231012099648e+01	2.017278058595565327e+01	2.029820772240262983e+01	1.935905465374565892e+01	1.957203552131903024e+01	2.016700736522121673e+01	2.022677791069623865e+01	1.970285404092310699e+01	1.957578614919928128e+01	1.982268925755938938e+01	1.925875966803011252e+01
2.043639074852184123e+01	2.033945562836272813e+01	1.943011994110764817e+01	1.969643165052120182e+01	2.015472263126475028e+01	1.910299788073946203e+01	1.969638009714880766e+01	1.956603004468504992e+01	2.022531803395515126e+01	1.922873994934641217e+01	2.974499023598004044e+01	1.957994308188371591e+01	1.965923642091825485e+01	1.971689607839493874e+01	2.008726327082259289e+01	2.003799448372483738e+01	1.974032371581633072e+01	2.020134110460598720e+01	1.998315560975053273e+01	1.942323851705765136e+01	1.945206463320961277e+01	1.928220341732334120e+01	2.048291177330961332e+01	2.039751150837607341e+01	2.003457562580484819e+01	1.920432584068968751e+01	1.973048973913819992e+01	1.984563612282666867e+01	1.995077783882056011e+01	1.912892913278603402e+01	1.996400116341898112e+01	2.008161549141085089e+01	1.982977543976308965e+01	1.987271920356872457e+01	1.989096713555893459e+01	2.023817556807634688e+01	2.038146650114944691e+01	1.993140968052568596e+01	2.002337010530023065e+01	1.940915854244939354e+01	1.960564985452514364e+01	1.999456293474378299e+01	1.924592273277332310e+01	1.981034122273494802e+01	2.001464022467156312e+01	1.997797853122441580e+01	2.013692586084478719e+01	1.943428938462760414e+01	1.976986287052077529e+01	1.926191673973652385e+01
2.000143025058848067e+01	1.980141349988965516e+01	1.981804695425401874e+01	1.997662595178344702e+01	1.997916543579900761e+01	1.930519590302385424e+01	1.979229383884431925e+01	2.001751914607470795e+01	2.043884032782001725e+01	1.957907881799529193e+01	1.957994308188371591e+01	2.948734564011996540e+01	1.954974770729231537e+01	1.992986328549704922e+01	1.982124494336655118e+01	2.005840888776583597e+01	2.022500997154682878e+01	2.029876247448364168e+01	2.004091193263234416e+01	1.974890764270244148e+01	1.926267677462413985e+01	1.957274102905737934e+01	2.008826994017885426e+01	2.015115389476284591e+01	2.021220298141805216e+01	1.970830608927517247e+01	2.031274841424518129e+01	2.011787962193893264e+01	2.012039323031007854e+01	1.915717012514074113e+01	2.005890380836378739e+01	2.004589851782833776e+01	2.008427494857495077e+01	1.957329040733132786e+01	1.999992445250953210e+01	2.046428385761274527e+01	2.025524614769440035e+01	1.967282643977838319e+01	1.949338080605765811e+01	2.013292454502548168e+01	1.956052721073044509e+01	2.020728355836680734e+01	1.986309312244907233e+01	1.982630787271956763e+01	2.002593350151661156e+01	1.993846065973150772e+01	2.027566702261799847e+01	1.919524003010355884e+01	1.980092023427403447e+01	1.963401794886453544e+01
2.002182282027573379e+01	2.005392153737827599e+01	1.994303284186576519e+01	2.035974118843941127e+01	2.008206780140220005e+01	1.958040482199789167e+01	1.979269086790743515e+01	2.044567940358612290e+01	2.062145128220581469e+01	2.005972290258803525e+01	1.965923642091825485e+01	1.954974770729231537e+01	2.992739537206467304e+01	2.008714366112113225e+01	1.981423555173377338e+01	2.003197100009780485e+01	2.021434970930060970e+01	2.082340173442901943e+01	2.009247790672448630e+01	1.957424389304577161e+01	1.984886645028037577e+01	1.990649327652169376e+01	2.075753414527284235e+01	2.046861197055610759e+01	2.050870509678456699e+01	1.982267379600569868e+01	2.009927267631462300e+01	2.018000867905378470e+01	2.054614713753316479e+01	2.021299262271192276e+01	2.013771984495397405e+01	2.006273060046014578e+01	2.048784215599962621e+01	1.989930753402781249e+01	1.985189511225511794e+01	2.074355583019965010e+01	2.002509668008221055e+01	2.033197296471164961e+01	2.037927996723294299e+01	2.012785761848868660e+01	2.027188780993763828e+01	2.044148796133505286e+01	1.972004727282666536e+01	1.997442923457476027e+01	2.041215316114503509e+01	2.067767499817086119e+01	2.018081117283133352e+01	1.949707399855917700e+01	2.032386461671616118e+01	1.951042182561241844e+01
2.008405035959026108e+01	1.999492476213780634e+01	1.978576756964268313e+01	2.012971115245765574e+01	2.014604673347584907e+01	1.930931952000897311e+01	1.932592672253072408e+01	1.998776516282983806e+01	2.036111856113970831e+01	1.922718971052186632e+01	1.971689607839493874e+01	1.992986328549704922e+01	2.008714366112113225e+01	2.955836799803138959e+01	1.983510480364609307e+01	1.986443363644864135e+01	1.987688758403625044e+01	2.035274973084215588e+01	2.003932938134555286e+01	1.956546683549029808e+01	1.956194264399422522e+01	1.934989145994675752e+01	2.031827870005514569e+01	2.054971007719475651e+01	2.043584252495826092e+01	1.944340902811424598e+01	2.025142680340402634e+01	2.007954519505948809e+01	2.055324608652798446e+01	1.964220549236947022e+01	2.020160542582082286e+01	2.019329412829022630e+01	2.018624683131270459e+01	1.961521854841057788e+01	1.992784936615239388e+01	2.041626574727341747e+01	2.029611545308577902e+01	2.024948024822710124e+01	2.017382963743416369e+01	1.986157793649948289e+01	2.017872282950491680e+01	2.045257855535857416e+01	1.977317114123302133e+01	1.948709670660446136e+01	2.057205477380830416e+01	1.986589243169136765e+01	2.060731854515504935e+01	1.953825354141337201e+01	1.973357301439119027e+01	1.972479377080120599e+01
2.033360138239767423e+01	1.987621799473330242e+01	1.994530886909998557e+01	1.999329985850628688e+01	2.007110651908990562e+01	1.951909942615974458e+01	2.000335498370148812e+01	1.983096867434883137e+01	2.032889986891164824e+01	1.973471664254175550e+01	2.008726327082259289e+01	1.982124494336655118e+01	1.981423555173377338e+01	1.983510480364609307e+01	2.962178924391558610e+01	2.023778373537408015e+01	2.001404236904113887e+01	2.038556279224938805e+01	1.992953669371250669e+01	1.954315639782596037e+01	1.969887638551352538e+01	1.948073808376751259e+01	2.030425616964264890e+01	2.003323116824702410e+01	2.026476716018452251e+01	1.964190014786669636e+01	2.034391144931155893e+01	1.996539433362054794e+01	2.018713657600715905e+01	1.935870589756339299e+01	2.027096867389889923e+01	2.013516492074163011e+01	2.016585567487464203e+01	1.960994053454764341e+01	2.031303624548607800e+01	2.043677925306395693e+01	2.029373144689695607e+01	2.032076719637040796e+01	2.023171697440950467e+01	1.944243671979619847e+01	1.998162958086745888e+01	1.991602430694974757e+01	1.954680473037311472e+01	1.974557262111882494e+01	2.046993152938980032e+01	2.024687988281561601e+01	2.007151450132223047e+01	1.928712781299486423e+01	1.972949985391541716e+01	1.956485487612723517e+01
2.041741584270127774e+01	2.003939063650399177e+01	1.972597197200381913e+01	1.974575897372730893e+01	2.051491967861279875e+01	1.946814685269794865e+01	1.981274834393780182e+01	2.002724616313799189e+01	2.018636533358876051e+01	1.990988539734193452e+01	2.003799448372483738e+01	2.005840888776583597e+01	2.003197100009780485e+01	1.986443363644864135e+01	2.023778373537408015e+01	2.944418118263572381e+01	1.955729376333322378e+01	2.042526507626932997e+01	1.986657243752982893e+01	1.975290554173462709e+01	1.973615875291089239e+01	1.970994414206640499e+01	2.010402012648030734e+01	2.011325707234635729e+01	1.997218709543509974e+01	1.963064880631811704e+01	1.988870731156428917e+01	1.990755737764673583e+01	2.020426538053913745e+01	1.978876963607217832e+01	2.006933550880704686e+01	2.026024693396382048e+01	2.017276344938558452e+01	1.957322141333618148e+01	2.015050042352009640e+01	2.053283334954907957e+01	2.039590640400485810e+01	2.034986741856053882e+01	1.998857990685257491e+01	2.006270500842169113e+01	2.020794632413077707e+01	2.019419216925035698e+01	1.950964389100524343e+01	1.977609445467875560e+01	2.002741015450915540e+01	2.024066321638083110e+01	2.036267519662596115e+01	1.955891706906894001e+01	1.989879552391884943e+01	1.953207353154209258e+01
2.054906741758450650e+01	1.963252895704831857e+01	1.981698934215284780e+01	1.986093750132907587e+01	2.022730967559753168e+01	1.916147822169957493e+01	1.990018721932996115e+01	2.020137105333909133e+01	2.094091474502024752e+01	1.976335998869942046e+01	1.974032371581633072e+01	2.022500997154682878e+01	2.021434970930060970e+01	1.987688758403625044e+01	2.001404236904113887e+01	1.955729376333322378e+01	3.004256696485046874e+01	2.012747383463504036e+01	1.993722514373443389e+01	2.003210202228064674e+01	2.000967878494596874e+01	2.004901903115045059e+01	2.024122163267839625e+01	2.044821159018190571e+01	2.031354794422392374e+01	1.955463044655276050e+01	2.040705410425938382e+01	2.044244005123677965e+01	2.028412446655553225e+01	1.950338224401189891e+01	1.986146007047788942e+01	2.079888777851405379e+01	2.077508881735234425e+01	1.971660001715365951e+01	1.978269779635846604e+01	2.049264692554141831e+01	2.034348666895915869e+01	2.015144019009767717e+01	2.045776092905667554e+01	1.988099467106589557e+01	2.029459096442903032e+01	2.043494842781247556e+01	1.971335595858176504e+01	1.968824601517385631e+01	2.046394474636014493e+01	2.032971102070614577e+01	2.010108093036331312e+01	1.984215426736812660e+01	1.989672655002724255e+01	1.950592336832129092e+01
2.098415447488459762e+01	2.011106214036206552e+01	2.012860746894700625e+01	2.060168765020851112e+01	2.041822148802084413e+01	1.978444548126395119e+01	2.054861044728567521e+01	2.062754255827343641e+01	2.090225299550912652e+01	2.033148849518793355e+01	2.020134110460598720e+01	2.029876247448364168e+01	2.082340173442901943e+01	2.035274973084215588e+01	2.038556279224938805e+01	2.042526507626932997e+01	2.012747383463504036e+01	3.125641528085228060e+01	2.056729969701584793e+01	1.978150927179362384e+01	2.025256715728541934e+01	2.020340323127712168e+01	2.059383405075179141e+01	2.059494275220777126e+01	2.087411204055603164e+01	2.023505582336932207e+01	2.076809505437491055e+01	2.035361815685923048e+01	2.067144730972143307e+01	2.020101532320726889e+01	2.051155609261927637e+01	2.062418161734474609e+01	2.059062651248234133e+01	2.018672111434318239e+01	2.044765556547891094e+01	2.066539041676599808e+01	2.083819434433387485e+01	2.042925820503581846e+01	2.057164348604308302e+01	2.027765646831211654e+01	2.044781716658058102e+01	2.039149885518764194e+01	2.019682595427615723e+01	2.004080298659465598e+01	2.055036799512951973e+01	2.033972640148510891e+01	2.087953707315810092e+01	2.017725351591465000e+01	2.035589518554703048e+01	2.020289780228705467e+01
2.020140486809436098e+01	1.987726962350340187e+01	1.976868833004251158e+01	1.981192461919029668e+01	1.985800098449433904e+01	1.931788338147463335e+01	1.967409606711704129e+01	1.968433588714270499e+01	2.026792839529804979e+01	2.010099369924287771e+01	1.998315560975053273e+01	2.004091193263234416e+01	2.009247790672448630e+01	2.003932938134555286e+01	1.992953669371250669e+01	1.986657243752982893e+01	1.993722514373443389e+01	2.056729969701584793e+01	3.053920309699905289e+01	1.992541271184025931e+01	1.965900594394729950e+01	1.994331121211540037e+01	2.043508419458041558e+01	2.015391630095053443e+01	2.049824093731742991e+01	1.977141424026341809e+01	2.029258417371209688e+01	1.997646817081718851e+01	2.021609246891481249e+01	1.968589200521455496e+01	1.989011961337989121e+01	2.043569855435809401e+01	2.047624417287527976e+01	2.018064046830222935e+01	1.989237841648589011e+01	2.061430920544027501e+01	2.015920515155721660e+01	2.015884672535442945e+01	2.000802791753907073e+01	1.960055167326423131e+01	1.978546328286003231e+01	2.037585002515618626e+01	2.001852388577750474e+01	1.972859513682372778e+01	2.015180154376184518e+01	2.051602750087320359e+01	2.032819330307983918e+01	1.957600577607927050e+01	1.997664470859218611e+01	1.995707416300237469e+01
1.984067853785171565e+01	1.961146940141309258e+01	1.932138277361690015e+01	1.963634994900039743e+01	1.960974681363455474e+01	1.921130965719253680e+01	1.953243573866137339e+01	1.968877539820848455e+01	1.993092994239398763e+01	1.970791305103150037e+01	1.942323851705765136e+01	1.974890764270244148e+01	1.957424389304577161e+01	1.956546683549029808e+01	1.954315639782596037e+01	1.975290554173462709e+01	2.003210202228064674e+01	1.978150927179362384e+01	1.992541271184025931e+01	2.894858107318890106e+01	1.940707625428386152e+01	1.942815167763905393e+01	1.981791075191238605e+01	1.966733301316971350e+01	2.011083923226913583e+01	1.918125998970237234e+01	1.976919910148875559e+01	2.001571151321056519e+01	2.001578004881729456e+01	1.923895105390255367e+01	1.981233549602438870e+01	1.982897246534172453e+01	1.991753975582451375e+01	1.949823087685270195e+01	1.977078127733060953e+01	2.034906464477025523e+01	1.979157723216116338e+01	1.947586734061991010e+01	1.992292740779586779e+01	1.971436243777773001e+01	2.010169850856429008e+01	1.994678570859977995e+01	1.925721118734704262e+01	1.947821096456447876e+01	1.974845685254882710e+01	1.999898550363308303e+01	2.019222995154064293e+01	1.944703092208887441e+01	1.988795922798812299e+01	1.909034277658709300e+01
2.015294561785268357e+01	1.956732165678443991e+01	1.936007250740371788e+01	1.993005372840970679e+01	1.994348602615755439e+01	1.930190359089760932e+01	1.935791145727668194e+01	1.990140190015638666e+01	2.031985426232177971e+01	1.963522242237174353e+01	1.945206463320961277e+01	1.926267677462413985e+01	1.984886645028037577e+01	1.956194264399422522e+01	1.969887638551352538e+01	1.973615875291089239e+01	2.000967878494596874e+01	2.025256715728541934e+01	1.965900594394729950e+01	1.940707625428386152e+01	2.946390566829565572e+01	1.942080678097035928e+01	1.989308841284002227e+01	2.003976975947687933e+01	2.043027245895137867e+01	1.942635482850802831e+01	2.011552771203990631e+01	1.980076199173389639e+01	1.982359615213850645e+01	1.926613395169141540e+01	1.968003104524210656e+01	2.027444063608309222e+01	1.993761648077667559e+01	1.956879106171438210e+01	1.996048343067270281e+01	2.018740072163063104e+01	1.974243072738028104e+01	2.002367361282187730e+01	1.996872059368980956e+01	1.975941046509167265e+01	1.975425994711764943e+01	2.029808260766728267e+01	1.939510913777935741e+01	1.962195250245530787e+01	2.026210088627109229e+01	1.977673333254154286e+01	2.024589497057777976e+01	1.948783695729104792e+01	2.000578634587220606e+01	1.938583545761974136e+01
2.010968324111469485e+01	1.959418907719748049e+01	1.905649895901569479e+01	1.921549751912736781e+01	1.964935556590004140e+01	1.898371953733158790e+01	1.959805467614535601e+01	1.938755435057181131e+01	2.026543086194569199e+01	1.955312007286902443e+01	1.928220341732334120e+01	1.957274102905737934e+01	1.990649327652169376e+01	1.934989145994675752e+01	1.948073808376751259e+01	1.970994414206640499e+01	2.004901903115045059e+01	2.020340323127712168e+01	1.994331121211540037e+01	1.942815167763905393e+01	1.942080678097035928e+01	2.899165531942176344e+01	1.970682228743134345e+01	1.954277474400326398e+01	1.991789020757988027e+01	1.920818181315844697e+01	1.981056231465641915e+01	2.011404964281310370e+01	1.982921389508154064e+01	1.901338307618904722e+01	1.987000850207333258e+01	1.984530486101743563e+01	1.962252351049321675e+01	1.915263337351461104e+01	1.953178997571046338e+01	2.008857012862655012e+01	1.926297213112455964e+01	1.967741493910389394e+01	1.964342127740242461e+01	1.956340015091149098e+01	1.994449566811011110e+01	2.005707970088249681e+01	1.913574726419996708e+01	1.926548183527795288e+01	2.007606318959644653e+01	1.962495211617804003e+01	1.984628657137712793e+01	1.914925230746993989e+01	1.955405892248078814e+01	1.952203485123109417e+01
2.089982608157679778e+01	2.053275357376282884e+01	1.982155474281396579e+01	2.027631645477554301e+01	2.018706776562972394e+01	1.972494158170441025e+01	2.019975942312878914e+01	2.036237918891972143e+01	2.072593088867507305e+01	2.016728764342963132e+01	2.048291177330961332e+01	2.008826994017885426e+01	2.075753414527284235e+01	2.031827870005514569e+01	2.030425616964264890e+01	2.010402012648030734e+01	2.024122163267839625e+01	2.059383405075179141e+01	2.043508419458041558e+01	1.981791075191238605e+01	1.989308841284002227e+01	1.970682228743134345e+01	3.031860728010811457e+01	2.076960332369618101e+01	2.096363207883213775e+01	1.996493117942493711e+01	2.077389704401170079e+01	2.054286861954541976e+01	2.068866346030187842e+01	1.955321652628100892e+01	2.005850949226016056e+01	2.051371373661211095e+01	2.065893101142866328e+01	1.996048306945016648e+01	2.043293194780864397e+01	2.040546278620825404e+01	2.008597304412132800e+01	2.059595477217728998e+01	2.050546793845526494e+01	1.986191539454232924e+01	2.056167557503986032e+01	2.047162871737168643e+01	2.016061791454707475e+01	1.999305276870579817e+01	2.049717501892666149e+01	2.076006680336047339e+01	2.054066881567686309e+01	1.969087141842077671e+01	2.038456432455453893e+01	1.960721287230591514e+01
2.038630749660201857e+01	2.021558156270474527e+01	1.997425207567674832e+01	2.017717879219517485e+01	2.030084798822338854e+01	1.972416902104381009e+01	1.978418249838032139e+01	2.043270899453350253e+01	2.070401980982605750e+01	2.023894080803199813e+01	2.039751150837607341e+01	2.015115389476284591e+01	2.046861197055610759e+01	2.054971007719475651e+01	2.003323116824702410e+01	2.011325707234635729e+01	2.044821159018190571e+01	2.059494275220777126e+01	2.015391630095053443e+01	1.966733301316971350e+01	2.003976975947687933e+01	1.954277474400326398e+01	2.076960332369618101e+01	3.021251792212659026e+01	2.055616569657485115e+01	1.949222118718347829e+01	2.062749718584473158e+01	2.044871561396711002e+01	2.044273107124577393e+01	2.028811873195503424e+01	2.023898515695359634e+01	2.042310423357596250e+01	2.032414806640175087e+01	1.973334056244272006e+01	2.041796874697664421e+01	2.102168324813463229e+01	2.055595817070961573e+01	2.065604329147545926e+01	2.040366486813446301e+01	2.006584080090457434e+01	2.008757106036242490e+01	2.063545385577467428e+01	2.017939318646134339e+01	2.010253714518201562e+01	2.072909657548166606e+01	2.062825180334250064e+01	2.053321970947243358e+01	1.959317551317763773e+01	2.023968893316106588e+01	1.973202733584543367e+01
2.045867779263248920e+01	2.001787774086750105e+01	2.008314951110499180e+01	2.030253702054472953e+01	2.034573480401748213e+01	1.979648943329922872e+01	2.017169449599356668e+01	2.028590193964166133e+01	2.042457457064395143e+01	2.019950600480145297e+01	2.003457562580484819e+01	2.021220298141805216e+01	2.050870509678456699e+01	2.043584252495826092e+01	2.026476716018452251e+01	1.997218709543509974e+01	2.031354794422392374e+01	2.087411204055603164e+01	2.049824093731742991e+01	2.011083923226913583e+01	2.043027245895137867e+01	1.991789020757988027e+01	2.096363207883213775e+01	2.055616569657485115e+01	3.072830215588065172e+01	2.028881607874108894e+01	2.074995565365137651e+01	2.069208334964401885e+01	2.082994590972088744e+01	1.956226680426223652e+01	2.016048086078770396e+01	2.040859296462214090e+01	2.037014655092000837e+01	2.012972561946282823e+01	2.054585988882881509e+01	2.065392746326885387e+01	2.049601459136425774e+01	2.041291830066270663e+01	2.061314395186020221e+01	2.030479267231926954e+01	2.036778423232417978e+01	2.106333511339283504e+01	2.012408668654679644e+01	2.027484343555328650e+01	2.073929302640445371e+01	2.019583323247205797e+01	2.039450081795715164e+01	1.972302581501856622e+01	2.021616062710690898e+01	1.977293800845695770e+01
2.020713419991210458e+01	1.967813062953680614e+01	1.919142433328757491e+01	1.957995934627612300e+01	1.954206869231023092e+01	1.926786686445714736e+01	1.933526209017933795e+01	1.935199698371682686e+01	2.038016410137753809e+01	1.927889073930661468e+01	1.920432584068968751e+01	1.970830608927517247e+01	1.982267379600569868e+01	1.944340902811424598e+01	1.964190014786669636e+01	1.963064880631811704e+01	1.955463044655276050e+01	2.023505582336932207e+01	1.977141424026341809e+01	1.918125998970237234e+01	1.942635482850802831e+01	1.920818181315844697e+01	1.996493117942493711e+01	1.949222118718347829e+01	2.028881607874108894e+01	2.862031035896572817e+01	1.998278519601837644e+01	1.973654277881425756e+01	1.991258828740954812e+01	1.945241414829794024e+01	1.979211663287918199e+01	1.966546041519485044e+01	1.974428620178342086e+01	1.956665447129523372e+01	1.957938774381630154e+01	2.003095393115959055e+01	1.945169791562425843e+01	1.957395796757539230e+01	1.969779882904239088e+01	1.953133178005896653e+01	1.946572275188845325e+01	2.003391917062322847e+01	1.926975109735181491e+01	1.960041119397790865e+01	1.969079841432751010e+01	1.954874276698893354e+01	2.022533301300471820e+01	1.938534097275020329e+01	1.942924841418156845e+01	1.916376594902260777e+01
2.039815226205186960e+01	2.041609175744306626e+01	2.012607101838285928e+01	2.026534549733466761e+01	2.066900184762032922e+01	1.975516602645663511e+01	1.967611190271369637e+01	2.042145181697504697e+01	2.042507276948159856e+01	2.001098401269987548e+01	1.973048973913819992e+01	2.031274841424518129e+01	2.009927267631462300e+01	2.025142680340402634e+01	2.034391144931155893e+01	1.988870731156428917e+01	2.040705410425938382e+01	2.076809505437491055e+01	2.029258417371209688e+01	1.976919910148875559e+01	2.011552771203990631e+01	1.981056231465641915e+01	2.077389704401170079e+01	2.062749718584473158e+01	2.074995565365137651e+01	1.998278519601837644e+01	3.029280400595243350e+01	2.069741240536513871e+01	2.046410223643909276e+01	1.980687264969303030e+01	2.005836824486554804e+01	2.005239454802023147e+01	2.057962049070179233e+01	1.981391909248795002e+01	1.981260281003096679e+01	2.033148360097944263e+01	2.046228224413924579e+01	2.030809859138376083e+01	2.039304233413453105e+01	2.007303923507506838e+01	1.996588135536870823e+01	2.061174725102721439e+01	1.961485538607206891e+01	2.001284195830633550e+01	2.041629759167654612e+01	2.026373326409119002e+01	2.044290087153314417e+01	2.001567884750640758e+01	2.034053586559235427e+01	2.002105094072592451e+01
2.033902408742212486e+01	1.976473147924917484e+01	1.988584926799534003e+01	1.989411557650522511e+01	2.056100863244610721e+01	1.975184086128943051e+01	1.944605935558249143e+01	1.977118959112086927e+01	2.043055409121320665e+01	1.958393873134502172e+01	1.984563612282666867e+01	2.011787962193893264e+01	2.018000867905378470e+01	2.007954519505948809e+01	1.996539433362054794e+01	1.990755737764673583e+01	2.044244005123677965e+01	2.035361815685923048e+01	1.997646817081718851e+01	2.001571151321056519e+01	1.980076199173389639e+01	2.011404964281310370e+01	2.054286861954541976e+01	2.044871561396711002e+01	2.069208334964401885e+01	1.973654277881425756e+01	2.069741240536513871e+01	2.985480444507473763e+01	2.039419469562295362e+01	1.992932199419561456e+01	2.022512147346410316e+01	2.027158163874365826e+01	2.043668720899680480e+01	1.951733638785216840e+01	2.007167732475327426e+01	2.047784589694020596e+01	1.996898295037631144e+01	2.021617441188708852e+01	2.008037228654267992e+01	1.988230977600906968e+01	2.026064913029701131e+01	2.035848265184922923e+01	2.002952050420523022e+01	1.961956393949422406e+01	2.018665838294835169e+01	2.036690490530905251e+01	2.037291928176438205e+01	1.990092483625024400e+01	2.004547677181749776e+01	1.976392251601340888e+01
2.079773840250622285e+01	2.044924014639440202e+01	1.973695764262694397e+01	2.037810628410586133e+01	2.028567027515001797e+01	1.957875492933624173e+01	2.002077254094386660e+01	2.010583751049984969e+01	2.068219362100772329e+01	2.011490278996280523e+01	1.995077783882056011e+01	2.012039323031007854e+01	2.054614713753316479e+01	2.055324608652798446e+01	2.018713657600715905e+01	2.020426538053913745e+01	2.028412446655553225e+01	2.067144730972143307e+01	2.021609246891481249e+01	2.001578004881729456e+01	1.982359615213850645e+01	1.982921389508154064e+01	2.068866346030187842e+01	2.044273107124577393e+01	2.082994590972088744e+01	1.991258828740954812e+01	2.046410223643909276e+01	2.039419469562295362e+01	3.025789996815453264e+01	1.990131208742359448e+01	2.008195575018273260e+01	2.045407802690448662e+01	2.040284741075529951e+01	2.024077660042428661e+01	1.994657414315845045e+01	2.083209290045008899e+01	2.048179362284276550e+01	2.028795996581953531e+01	2.035903450975829543e+01	2.020743700861604353e+01	2.025513770372210232e+01	2.045106339446466137e+01	2.048484027969552557e+01	1.997900370065445586e+01	2.040744898627418280e+01	2.016862882240369714e+01	2.032867967326646053e+01	1.964904274910491111e+01	2.011339807661523693e+01	1.981939758128097751e+01
1.987625400712358115e+01	1.956974275519661077e+01	1.942253076537683398e+01	1.947208507603071226e+01	1.962424334721880825e+01	1.882777920071628941e+01	1.903106905629553225e+01	1.960020883452571638e+01	1.987462202630550934e+01	1.949484573396110676e+01	1.912892913278603402e+01	1.915717012514074113e+01	2.021299262271192276e+01	1.964220549236947022e+01	1.935870589756339299e+01	1.978876963607217832e+01	1.950338224401189891e+01	2.020101532320726889e+01	1.968589200521455496e+01	1.923895105390255367e+01	1.926613395169141540e+01	1.901338307618904722e+01	1.955321652628100892e+01	2.028811873195503424e+01	1.956226680426223652e+01	1.945241414829794024e+01	1.980687264969303030e+01	1.992932199419561456e+01	1.990131208742359448e+01	2.914628027894514517e+01	1.961895645997061877e+01	1.958382256239974240e+01	1.924624338245119759e+01	1.905602376030341105e+01	1.958993780550451547e+01	2.009111597171967745e+01	1.963681190354098405e+01	1.946425111211530279e+01	1.972289018556185880e+01	1.917330923706523294e+01	1.975372216804058567e+01	1.963911206911004825e+01	1.890421888729790467e+01	1.916251608290101416e+01	1.955919275075643782e+01	1.951288681157246430e+01	1.985948772950743901e+01	1.883435030912658803e+01	1.944641469836757253e+01	1.869419876286759674e+01
1.998553546817772641e+01	2.026521354708332368e+01	2.038166954090914018e+01	1.971502824255498965e+01	1.982893801299915637e+01	1.987581084681939103e+01	1.953659742511975494e+01	1.998616330044072598e+01	2.059888538088189236e+01	1.962824984130246975e+01	1.996400116341898112e+01	2.005890380836378739e+01	2.013771984495397405e+01	2.020160542582082286e+01	2.027096867389889923e+01	2.006933550880704686e+01	1.986146007047788942e+01	2.051155609261927637e+01	1.989011961337989121e+01	1.981233549602438870e+01	1.968003104524210656e+01	1.987000850207333258e+01	2.005850949226016056e+01	2.023898515695359634e+01	2.016048086078770396e+01	1.979211663287918199e+01	2.005836824486554804e+01	2.022512147346410316e+01	2.008195575018273260e+01	1.961895645997061877e+01	2.932324397030905416e+01	2.030159414133263240e+01	2.026460127786882381e+01	1.968751374159785072e+01	2.009560374342675360e+01	2.068936413243218553e+01	2.029804068561777086e+01	2.037939143894544713e+01	2.029145979491847385e+01	1.991236271765479415e+01	2.038871397270992247e+01	2.029506339893694999e+01	1.968804959883932071e+01	1.982024889104391008e+01	2.046073541760715031e+01	1.995420046507716805e+01	2.053174032382834469e+01	1.955491478932389526e+01	2.009075224006624438e+01	1.969095488698726726e+01
2.020715806598781938e+01	1.987060066760667709e+01	1.978658358109410642e+01	1.996850304244046725e+01	2.043202451933903419e+01	1.977289211522226253e+01	1.938941226926881356e+01	1.978676924532411974e+01	2.001870316755728751e+01	1.997437038531031916e+01	2.008161549141085089e+01	2.004589851782833776e+01	2.006273060046014578e+01	2.019329412829022630e+01	2.013516492074163011e+01	2.026024693396382048e+01	2.079888777851405379e+01	2.062418161734474609e+01	2.043569855435809401e+01	1.982897246534172453e+01	2.027444063608309222e+01	1.984530486101743563e+01	2.051371373661211095e+01	2.042310423357596250e+01	2.040859296462214090e+01	1.966546041519485044e+01	2.005239454802023147e+01	2.027158163874365826e+01	2.045407802690448662e+01	1.958382256239974240e+01	2.030159414133263240e+01	3.024319564873846744e+01	2.036379046157528094e+01	1.956194105305843678e+01	2.020652036540774787e+01	2.082719746881190659e+01	2.048549249436241837e+01	2.055736751068322832e+01	2.048870728534763330e+01	2.004330518832538033e+01	2.042844903721785954e+01	2.100155968202371426e+01	1.984055397886396932e+01	2.013420407217694574e+01	2.060682253401904873e+01	2.019366759354246099e+01	2.056293303106380677e+01	1.968501260741207659e+01	2.002205105721897027e+01	1.958362263502552025e+01
