3.062810065253450986e+01	2.053349171016335362e+01	2.001980917599276566e+01	2.004002698423024498e+01	2.047782067209005419e+01	2.035635211310616555e+01	1.987367514826980397e+01	2.063760753813110327e+01	2.053451619560863861e+01	1.962738127563322621e+01	2.005894225570954603e+01	2.016200028197009786e+01	2.000779784558556429e+01	2.034297155557106862e+01	2.015634636125802714e+01	1.995072493011912229e+01	2.052397473948649065e+01	2.023128909366428729e+01	2.013191601347391568e+01	2.005497320737476841e+01	2.036933048507334476e+01	2.023627563315319833e+01	2.052203542060379959e+01	2.030538888482029236e+01	2.057337273459456384e+01	2.034953038729145547e+01	1.952126548134390660e+01	1.988723313225925793e+01	1.968699717499708157e+01	1.996777481640229723e+01	1.989864250460718509e+01	2.024963751001305212e+01	2.042961985622108756e+01	2.039924245131581060e+01	2.037828541366496893e+01	2.015080998277725399e+01	2.025415650733083339e+01	2.110642177298104016e+01	1.998496926851504440e+01	2.028411886361198668e+01	2.073676281186865467e+01	2.034470583107852448e+01	2.046712988660216226e+01	2.028087615909506169e+01	2.012491352236951414e+01	2.040283905507958195e+01	2.000307925399477327e+01	2.013330683703508583e+01	2.036069875985687361e+01	1.958073903902541346e+01
2.053349171016335362e+01	3.013493572505052853e+01	2.024183124413379531e+01	2.044661292636366312e+01	2.015775051801544748e+01	2.023392696901522925e+01	2.062866134050017308e+01	2.044478476984852833e+01	2.048869083796884283e+01	1.951218982856774531e+01	2.039099564697843547e+01	2.004415838093293445e+01	1.953741203032667784e+01	2.041934816612850412e+01	2.059559628357835237e+01	2.006198953571320232e+01	2.050736731382187372e+01	2.046073221219837990e+01	2.030119680905351842e+01	2.030650589972272257e+01	2.043377972798443309e+01	2.008289424398367373e+01	2.041859353846605174e+01	2.036901416341577331e+01	2.029771099053458272e+01	2.064812444307845851e+01	1.993141920879223150e+01	1.992732125955204836e+01	2.026244707158652858e+01	2.023086534801296921e+01	2.032277965333983261e+01	2.039011064186180633e+01	2.030300253073606243e+01	2.021599779927799645e+01	2.035005533915495946e+01	2.032641988138665923e+01	2.054728799794726868e+01	2.092711990887099205e+01	2.000605353483674520e+01	2.049760435599463548e+01	2.074499517088617040e+01	1.987671648779132738e+01	2.042539168998430199e+01	2.024885129859449151e+01	2.028321266853939520e+01	2.009487558819654396e+01	2.043590173836761181e+01	1.973932647507480809e+01	2.049414751529245748e+01	1.989235111655443333e+01
2.001980917599276566e+01	2.024183124413379531e+01	2.896779575511513727e+01	1.988870716051079768e+01	1.949415810841707852e+01	2.025263556172938806e+01	1.979342588206746711e+01	1.978483388487737216e+01	2.000802258689883928e+01	1.959751341144855274e+01	2.016552401133372641e+01	1.968880545725397724e+01	1.977246665023940508e+01	1.986118447538898479e+01	1.988232908911798447e+01	1.947681104549215902e+01	1.992887663506136064e+01	1.998135280424011029e+01	1.980787237381352739e+01	1.953219073443436571e+01	1.986126859339750794e+01	1.979435128054459980e+01	1.996798438698425926e+01	2.003306709297694610e+01	1.953449368891025983e+01	1.999468725302714489e+01	1.940614309479373389e+01	1.969083779184072114e+01	1.970460998309841827e+01	1.959859154986502361e+01	1.956580410495088174e+01	1.980939391903993751e+01	1.992254039402864052e+01	1.973010926105658314e+01	1.920615728753534768e+01	1.972044514383388858e+01	1.978609810514192446e+01	2.046235468364372423e+01	1.991777839940423434e+01	1.988259613171299023e+01	2.006885432483950638e+01	1.984473927119327286e+01	1.982028460283143545e+01	1.933119154785993388e+01	1.973263402011655288e+01	1.970294567167250221e+01	1.959166384933777039e+01	1.947065877117616495e+01	1.996707519743034709e+01	1.955138021836227580e+01
2.004002698423024498e+01	2.044661292636366312e+01	1.988870716051079768e+01	2.992087651950444283e+01	2.031195359262232358e+01	2.040275797205875818e+01	2.042182251786199032e+01	2.011625205670521765e+01	2.066311914582642117e+01	2.015234245398005442e+01	2.049715778729352422e+01	2.011448108129506807e+01	2.015675935955123066e+01	2.044091192447794469e+01	2.046628300777342346e+01	2.020159065217805150e+01	2.028280819458869288e+01	2.014794676932071482e+01	2.018570345436717162e+01	2.034633847395204498e+01	2.041186874701725884e+01	1.999759405622712904e+01	2.033625538269629374e+01	2.024484917779143345e+01	1.999280728578349198e+01	2.034251915845138825e+01	1.966654540859425282e+01	1.996243499194392257e+01	2.008548525900636861e+01	2.007580910165700416e+01	2.008743020228041942e+01	2.008448650342782926e+01	2.038540257535565559e+01	2.030426408844795105e+01	2.019186255354629012e+01	2.037737027294862102e+01	2.066489796452808392e+01	2.090226434196707928e+01	2.007470782991600444e+01	2.015822566607742061e+01	2.062988398668287005e+01	1.997229153312909489e+01	2.014330797769555303e+01	2.003152059787566941e+01	2.059504393557115520e+01	1.993039341629790329e+01	2.010513015976781404e+01	2.012548183487477971e+01	2.042683962909705642e+01	1.970656013132798989e+01
2.047782067209005419e+01	2.015775051801544748e+01	1.949415810841707852e+01	2.031195359262232358e+01	2.989589072823206095e+01	2.013580352646705762e+01	1.994052097835756143e+01	2.022378433022154098e+01	2.042257717096603997e+01	1.959944957209531680e+01	2.047053531467734544e+01	1.953276211123160522e+01	2.011667105219355633e+01	2.030738441054142385e+01	1.992339241250884641e+01	1.961779321336326376e+01	1.970497560361670963e+01	2.034795596769007275e+01	1.999946127411974217e+01	2.034649241199353398e+01	2.060293782216719194e+01	2.037431891856742183e+01	2.056050261644006127e+01	2.014909388036551618e+01	1.993551271945304748e+01	2.057791510509315103e+01	1.942333463483982570e+01	1.984672652161384221e+01	2.009256821879407440e+01	1.992021594412275931e+01	2.008676993517211784e+01	2.007446055927453443e+01	2.021316482361097755e+01	2.007802217538698741e+01	1.978354831689763316e+01	2.015042937446410320e+01	2.052828454253310042e+01	2.083360844700314018e+01	1.976924719515453788e+01	2.095953364882566206e+01	2.017334076920340280e+01	2.004417575635160631e+01	2.009067805147185837e+01	2.003036721805828080e+01	1.988027091569871629e+01	2.015818287513441831e+01	2.012113839933966375e+01	2.016018971304039553e+01	2.038478149039827159e+01	1.988113412634637456e+01
2.035635211310616555e+01	2.023392696901522925e+01	2.025263556172938806e+01	2.040275797205875818e+01	2.013580352646705762e+01	3.036817607294698718e+01	1.988687257718736490e+01	2.043544422914159853e+01	2.021710988296266365e+01	1.944322289766744305e+01	1.991125608028053051e+01	1.988477226677573739e+01	1.964824386916497545e+01	2.004522713637225451e+01	2.011733552753455712e+01	1.962315561081840798e+01	2.026042986578995908e+01	2.016793026522215726e+01	1.977699285521524786e+01	1.975749134097370785e+01	2.028645545613027323e+01	2.003664635977613173e+01	1.992516301618889329e+01	1.979092360863597833e+01	1.988119643629247690e+01	2.052303022183941295e+01	1.958988372444178694e+01	2.024380267470144545e+01	1.999609838296336406e+01	2.011206294265993577e+01	1.992581321958022045e+01	2.005761735344543339e+01	2.036298006552483031e+01	2.033119678481748238e+01	1.985329884046150184e+01	2.009342492380531908e+01	2.024397180162176824e+01	2.061779291057155916e+01	1.993229931742867933e+01	2.051874820163423863e+01	2.067898597979889175e+01	1.990352711875721070e+01	1.979949512249615395e+01	2.007995304279560855e+01	1.994129243252684347e+01	1.983714105974075181e+01	1.998352176653209966e+01	1.984398724607527242e+01	2.039443092533241142e+01	1.947283519647257322e+01
1.987367514826980397e+01	2.062866134050017308e+01	1.979342588206746711e+01	2.042182251786199032e+01	1.994052097835756143e+01	1.988687257718736490e+01	2.936120619301034296e+01	2.028897411265832318e+01	1.982204348920933867e+01	1.953960960685094506e+01	1.989273632819358184e+01	1.989038358988178601e+01	1.967071743795070660e+01	2.028925569338518997e+01	1.988359118535589687e+01	1.966475308606599981e+01	1.978668412921578579e+01	1.977586317462233367e+01	2.001764493286480828e+01	1.987299520095113792e+01	1.991803819193193803e+01	1.966185150447585883e+01	2.026763185996004069e+01	1.992919366108431944e+01	1.988623985640971270e+01	2.026205272210166086e+01	1.973910828837915687e+01	1.989056427006252648e+01	2.001410647116563268e+01	1.969606353290956591e+01	1.953593917105013844e+01	1.975189611037177784e+01	2.017416204365656895e+01	2.011807710480898947e+01	1.972838202425336718e+01	2.007069442816033700e+01	2.000175632402561732e+01	2.062668368609682545e+01	1.986462760394122640e+01	2.041215268610015343e+01	2.039039572433638625e+01	1.969636644982478302e+01	1.998623826502243617e+01	2.009047412747652217e+01	2.030707486980139009e+01	1.973053575982415708e+01	1.951854220364701220e+01	1.995126746558518960e+01	2.004654566337073263e+01	1.952930018908575960e+01
2.063760753813110327e+01	2.044478476984852833e+01	1.978483388487737216e+01	2.011625205670521765e+01	2.022378433022154098e+01	2.043544422914159853e+01	2.028897411265832318e+01	3.061925142395458366e+01	1.976298694919904975e+01	2.008826985158447798e+01	2.027066313818860621e+01	1.982178541465828658e+01	1.990208884692816227e+01	2.021775854041433362e+01	2.055928172450402158e+01	1.987935282257266323e+01	2.030830730177072496e+01	1.996273119288461118e+01	2.025560718508734226e+01	2.012054194142962160e+01	2.045801369702612504e+01	2.009146219218136409e+01	2.035707239409542879e+01	1.982299738954164070e+01	2.039688474599589796e+01	2.077883612432931315e+01	1.999890692519485214e+01	2.017992524751923611e+01	2.009729894835594521e+01	1.991983133720635024e+01	2.002614745439976929e+01	2.030386442735257191e+01	2.046094485514583283e+01	2.005598691461533889e+01	2.003164293201983526e+01	1.992253847443590686e+01	2.018718179386788592e+01	2.094533931629919721e+01	2.004214183410208605e+01	2.048060105857172530e+01	2.033610132389940262e+01	2.002858655456786607e+01	2.003439252954236593e+01	2.013714814891079286e+01	2.038885963733044093e+01	2.001442303289668700e+01	2.010771276972574739e+01	2.027370984255509256e+01	2.038768407169427022e+01	1.980662963722421566e+01
2.053451619560863861e+01	2.048869083796884283e+01	2.000802258689883928e+01	2.066311914582642117e+01	2.042257717096603997e+01	2.021710988296266365e+01	1.982204348920933867e+01	1.976298694919904975e+01	3.019333610621087516e+01	1.997706720347997944e+01	2.036519044983410254e+01	1.991082998965845263e+01	1.968071505271736044e+01	1.972189072384401598e+01	1.991755829444054982e+01	2.000357843947127279e+01	2.028178835947007741e+01	2.009031598200678914e+01	2.034652816240657103e+01	2.013919384132572787e+01	2.040214242045091808e+01	1.989985104732739174e+01	2.021794811301603545e+01	1.959853942748039302e+01	2.014158407236319448e+01	1.991069780419058688e+01	1.910731024380654475e+01	2.003915116714888711e+01	2.001048136407085209e+01	1.969714346977885100e+01	1.940155233754212816e+01	1.994892293721857968e+01	2.045012109185255156e+01	2.020681560314807967e+01	1.974327301390034606e+01	2.015836906029867848e+01	2.049657613991688621e+01	2.085723280090205023e+01	1.985076778135681863e+01	2.050188501076044645e+01	2.031531266237318789e+01	1.995614018843020787e+01	1.999366244516985347e+01	2.005942972421151893e+01	1.976934757632237805e+01	2.008352734198084732e+01	2.047761518497075173e+01	1.971168306362018896e+01	2.056859167953436085e+01	1.922165585163646639e+01
1.962738127563322621e+01	1.951218982856774531e+01	1.959751341144855274e+01	2.015234245398005442e+01	1.959944957209531680e+01	1.944322289766744305e+01	1.953960960685094506e+01	2.008826985158447798e+01	1.997706720347997944e+01	2.925117369458623173e+01	1.986451267642253171e+01	1.944755419315830736e+01	1.971099481424572630e+01	1.988668536431209333e+01	1.985382348958656351e+01	1.969133871246123491e+01	1.967069429582208073e+01	1.964449280543745147e+01	1.974432743217350605e+01	1.967655869967342142e+01	1.955723106042884751e+01	1.974097102501107059e+01	2.014372720832106367e+01	1.930927407587649824e+01	1.943021780032428936e+01	2.021494392213044478e+01	1.924712587107284989e+01	1.946273633271028913e+01	1.996330640927583033e+01	1.937301673979161620e+01	1.919055976269856956e+01	1.976453427723528122e+01	1.999440983387554382e+01	1.952122585939482136e+01	1.960810095180628210e+01	1.942371795633594544e+01	1.990323165602845279e+01	2.053843214843062981e+01	1.972672504091406864e+01	1.993324867067105188e+01	1.949686057918827231e+01	2.001515124902452314e+01	1.980194661405984036e+01	1.990189376999394710e+01	1.941847837803609522e+01	1.985290264910460678e+01	1.960815523782743597e+01	1.963533771979656350e+01	1.970952556463132765e+01	1.939737615715552366e+01
2.005894225570954603e+01	2.039099564697843547e+01	2.016552401133372641e+01	2.049715778729352422e+01	2.047053531467734544e+01	1.991125608028053051e+01	1.989273632819358184e+01	2.027066313818860621e+01	2.036519044983410254e+01	1.986451267642253171e+01	3.011097942937196947e+01	1.980539905117941757e+01	1.979467893158465230e+01	2.005547095110060596e+01	1.990779092655436244e+01	1.996277637123361615e+01	2.043540078456647890e+01	1.979799379892508782e+01	1.985026637587426990e+01	1.966482045652642086e+01	2.005170293227783063e+01	2.006785320672288719e+01	2.027624754132079588e+01	1.981485450146940508e+01	2.023125026634912871e+01	1.991502470234359379e+01	1.946251158065718201e+01	2.008453138899107060e+01	1.977571307499884412e+01	1.980068831819537323e+01	1.960347302856864715e+01	2.004966527095982443e+01	2.027777701965746360e+01	1.989952638175346067e+01	1.994444428819372206e+01	1.999292945822426049e+01	2.037659063812006011e+01	2.098068220041596987e+01	1.945381087155424282e+01	2.059054589358110476e+01	2.023733256903246414e+01	2.039975688160096823e+01	1.993272134377165017e+01	1.967448745569204505e+01	2.054554145856459968e+01	1.979729061816842872e+01	1.957695011379367145e+01	1.976293367089713371e+01	2.029769473484212128e+01	1.966314418428506983e+01
2.016200028197009786e+01	2.004415838093293445e+01	1.968880545725397724e+01	2.011448108129506807e+01	1.953276211123160522e+01	1.988477226677573739e+01	1.989038358988178601e+01	1.982178541465828658e+01	1.991082998965845263e+01	1.944755419315830736e+01	1.980539905117941757e+01	2.957520843023011636e+01	1.958690536955287342e+01	1.966925533023948702e+01	1.980024462619369530e+01	1.972739862236306152e+01	1.972339649245651216e+01	1.984278264482781040e+01	1.996107062782253649e+01	1.995021399972532450e+01	1.994184505074123237e+01	1.989037976546402575e+01	1.990583743950044138e+01	1.971008844104282076e+01	1.973074041679114998e+01	1.996519487555481120e+01	1.938016080462072921e+01	1.916229299947962161e+01	2.006792419770050273e+01	1.964473161627385167e+01	1.972728048042814564e+01	2.005778352793716834e+01	1.996323015824163605e+01	1.989019303834476560e+01	1.968693315745030503e+01	2.000776286742037868e+01	2.013024291445525193e+01	2.041124019998722261e+01	1.994046831878215897e+01	2.007376982901659446e+01	2.008909136332635015e+01	1.959645602801994002e+01	1.982947283262758731e+01	1.996241561967783795e+01	2.017759279634071490e+01	1.981454905428579849e+01	1.955841452652516921e+01	1.983254442755832869e+01	1.982612995144569368e+01	1.924121664399945786e+01
2.000779784558556429e+01	1.953741203032667784e+01	1.977246665023940508e+01	2.015675935955123066e+01	2.011667105219355633e+01	1.964824386916497545e+01	1.967071743795070660e+01	1.990208884692816227e+01	1.968071505271736044e+01	1.971099481424572630e+01	1.979467893158465230e+01	1.958690536955287342e+01	2.970397231520396630e+01	2.022382041500138428e+01	1.980078068015686199e+01	1.943447623503335109e+01	1.976473430103652618e+01	1.986311025305865030e+01	1.968130484650989587e+01	1.971505740073232360e+01	2.005873613461901428e+01	1.980767341690044248e+01	1.983930589177029802e+01	1.954775590601946078e+01	1.950176984150632009e+01	2.006367389173884419e+01	1.937287034850899659e+01	1.970188370252714805e+01	1.982952974460566509e+01	1.962161926557423541e+01	1.987607168570275817e+01	1.983259604429651546e+01	1.938785811729340480e+01	1.986809562559597708e+01	2.019131521171057386e+01	1.982945527537439645e+01	1.990940418526477984e+01	2.060506433017655681e+01	1.968878959808620621e+01	2.019569960444105305e+01	1.988908562017029880e+01	1.969787118996676512e+01	1.985140229443491222e+01	1.956914595603316442e+01	1.966063808228685517e+01	1.980171832573813973e+01	1.892127449972086595e+01	1.948683688646121936e+01	2.037320941215963188e+01	1.971362903582213377e+01
2.034297155557106862e+01	2.041934816612850412e+01	1.986118447538898479e+01	2.044091192447794469e+01	2.030738441054142385e+01	2.004522713637225451e+01	2.028925569338518997e+01	2.021775854041433362e+01	1.972189072384401598e+01	1.988668536431209333e+01	2.005547095110060596e+01	1.966925533023948702e+01	2.022382041500138428e+01	2.999208221780179429e+01	1.997410723662180487e+01	2.000138751560642092e+01	2.019542914523738020e+01	2.003820279187119624e+01	2.018269551014158836e+01	2.000412765008076477e+01	2.019046966863852788e+01	2.028539157169094054e+01	2.063761457541064814e+01	2.005770265056293056e+01	2.017939749913141512e+01	2.023351320232120898e+01	1.982618912032821967e+01	2.010293016712773451e+01	2.002045227277066886e+01	1.997614873923571466e+01	2.015840115099992147e+01	2.041888998008283451e+01	2.022504773662954491e+01	2.018343854664938419e+01	1.985152819874282670e+01	2.016500919667474179e+01	2.064111310867236426e+01	2.097631032775059268e+01	2.018661510487865840e+01	2.065807861201227880e+01	2.056303645862643847e+01	2.005774609138208220e+01	1.996498800755629688e+01	2.004422234449528872e+01	1.991071531012830675e+01	2.019178422829705610e+01	2.014659607901977623e+01	1.990565351599638433e+01	2.047903081454923324e+01	1.977116428224632827e+01
2.015634636125802714e+01	2.059559628357835237e+01	1.988232908911798447e+01	2.046628300777342346e+01	1.992339241250884641e+01	2.011733552753455712e+01	1.988359118535589687e+01	2.055928172450402158e+01	1.991755829444054982e+01	1.985382348958656351e+01	1.990779092655436244e+01	1.980024462619369530e+01	1.980078068015686199e+01	1.997410723662180487e+01	2.959706315648114128e+01	1.988919814909791128e+01	2.003798254456624761e+01	2.008927813803628126e+01	1.972979964578840040e+01	1.981595041706713545e+01	2.020613909717454248e+01	2.003171554985422986e+01	2.028782647331720668e+01	1.980549680867426687e+01	2.019062770100349624e+01	2.020294945399901820e+01	1.957618815879794383e+01	1.963371554768916738e+01	2.024858223579170513e+01	1.966199595045233295e+01	1.986022177547766177e+01	1.989733938043286798e+01	2.014510334123641400e+01	1.981144108064840381e+01	1.984697162474272858e+01	2.012080266900382597e+01	2.013498404970638589e+01	2.105681222282648335e+01	2.022834559539282751e+01	2.023003080239546492e+01	2.039510345969723915e+01	1.995831120526442248e+01	2.026443550049030407e+01	1.972835966313145306e+01	2.001245352675043776e+01	1.974633365784380956e+01	2.015727576923102049e+01	1.949556646111411951e+01	2.038379587433232842e+01	1.934232692724745917e+01
1.995072493011912229e+01	2.006198953571320232e+01	1.947681104549215902e+01	2.020159065217805150e+01	1.961779321336326376e+01	1.962315561081840798e+01	1.966475308606599981e+01	1.987935282257266323e+01	2.000357843947127279e+01	1.969133871246123491e+01	1.996277637123361615e+01	1.972739862236306152e+01	1.943447623503335109e+01	2.000138751560642092e+01	1.988919814909791128e+01	2.943831003247291278e+01	2.019548181171895962e+01	1.936355061980465919e+01	1.952987450453898788e+01	1.984988044426323484e+01	2.034062624611895842e+01	1.979037121258820875e+01	2.030264471216313282e+01	1.960387388326861569e+01	1.955072551881882603e+01	2.030147314289184024e+01	1.942209658649520065e+01	1.942508713992046054e+01	1.977581788435116650e+01	1.966086408633241689e+01	1.959718796623338477e+01	1.999433365683271902e+01	1.965982506623342019e+01	1.977556887935440599e+01	2.004220210964072280e+01	1.988376690529036850e+01	2.000599887575743097e+01	2.048247529142851775e+01	1.920854182567066459e+01	2.034793326878632413e+01	1.969362967491699834e+01	1.970967173231517222e+01	1.984623313147218227e+01	1.959137999050030743e+01	1.969366350050261616e+01	1.966726885029217797e+01	1.993478971741283701e+01	1.953878664133765497e+01	2.004404645165617183e+01	1.965197099069198217e+01
2.052397473948649065e+01	2.050736731382187372e+01	1.992887663506136064e+01	2.028280819458869288e+01	1.970497560361670963e+01	2.026042986578995908e+01	1.978668412921578579e+01	2.030830730177072496e+01	2.028178835947007741e+01	1.967069429582208073e+01	2.043540078456647890e+01	1.972339649245651216e+01	1.976473430103652618e+01	2.019542914523738020e+01	2.003798254456624761e+01	2.019548181171895962e+01	3.017006934228763981e+01	2.008668247311790722e+01	1.992569793531385258e+01	1.997478965687085406e+01	2.025022259413683656e+01	2.028023297747093778e+01	2.042435450311841194e+01	1.947287717297632170e+01	2.017072104890479523e+01	2.039590505637937667e+01	1.957374791178413886e+01	1.998505741414156134e+01	1.972438814361346004e+01	1.995715523686061132e+01	1.978904353883565292e+01	2.040405397064026616e+01	2.022730557359463788e+01	2.015281572363194940e+01	2.012168509703397490e+01	2.002894473141457254e+01	2.036240232225036095e+01	2.084512218147979112e+01	2.013307956301815693e+01	2.071258149592717146e+01	2.025412775040764402e+01	1.997608646068215066e+01	2.036277652224974943e+01	1.976393467164161777e+01	2.028057080623502273e+01	2.039822286424114495e+01	2.014002626610707480e+01	1.970245830003332088e+01	2.026623342966544072e+01	1.970858474649579506e+01
2.023128909366428729e+01	2.046073221219837990e+01	1.998135280424011029e+01	2.014794676932071482e+01	2.034795596769007275e+01	2.016793026522215726e+01	1.977586317462233367e+01	1.996273119288461118e+01	2.009031598200678914e+01	1.964449280543745147e+01	1.979799379892508782e+01	1.984278264482781040e+01	1.986311025305865030e+01	2.003820279187119624e+01	2.008927813803628126e+01	1.936355061980465919e+01	2.008668247311790722e+01	2.987965367991775523e+01	2.040759552373790342e+01	1.970912174619335033e+01	2.003733085952841719e+01	2.026765395247307922e+01	2.051695353971492963e+01	1.979535656988040060e+01	1.999969509311126004e+01	2.045094702429593525e+01	1.958485005400172696e+01	1.972724865143578299e+01	1.983096905486546646e+01	1.978484979561400792e+01	1.961777690665967455e+01	1.998326560355114623e+01	2.022570626959187123e+01	2.030147333489139427e+01	2.002681205001343656e+01	2.036008680731650955e+01	2.029853501282746109e+01	2.065785986177705880e+01	1.963841622681078292e+01	2.037416783358155570e+01	2.025683688984942066e+01	1.994264403027506205e+01	2.040555308126051060e+01	1.976748351671395199e+01	2.011162411410606055e+01	1.968737142552339137e+01	2.002881566572248673e+01	1.980060504040847391e+01	2.011820467199237683e+01	1.971416251708058098e+01
2.013191601347391568e+01	2.030119680905351842e+01	1.980787237381352739e+01	2.018570345436717162e+01	1.999946127411974217e+01	1.977699285521524786e+01	2.001764493286480828e+01	2.025560718508734226e+01	2.034652816240657103e+01	1.974432743217350605e+01	1.985026637587426990e+01	1.996107062782253649e+01	1.968130484650989587e+01	2.018269551014158836e+01	1.972979964578840040e+01	1.952987450453898788e+01	1.992569793531385258e+01	2.040759552373790342e+01	3.006939727724145328e+01	1.986383307231574236e+01	2.006355586247961753e+01	2.000257497609963409e+01	2.048360286136402308e+01	1.994512819320112484e+01	1.974244688175867779e+01	2.034338498550523866e+01	1.962730389250404528e+01	1.981607599997645863e+01	1.992217261018412700e+01	1.950835746974725282e+01	1.997924443661603888e+01	1.998642991740767272e+01	2.049072203993834407e+01	1.957452925512902553e+01	1.991471124766191991e+01	1.987534233358308455e+01	1.994700463211727026e+01	2.093980171099225984e+01	2.005892910819154196e+01	2.010645244701427714e+01	2.063691279438693726e+01	2.008855583096380926e+01	2.011765603579535622e+01	1.994641986538171707e+01	1.983712673410522243e+01	2.013990681931333171e+01	1.993200652771367842e+01	1.995098556144944979e+01	1.993732625241346312e+01	1.964297383295389210e+01
2.005497320737476841e+01	2.030650589972272257e+01	1.953219073443436571e+01	2.034633847395204498e+01	2.034649241199353398e+01	1.975749134097370785e+01	1.987299520095113792e+01	2.012054194142962160e+01	2.013919384132572787e+01	1.967655869967342142e+01	1.966482045652642086e+01	1.995021399972532450e+01	1.971505740073232360e+01	2.000412765008076477e+01	1.981595041706713545e+01	1.984988044426323484e+01	1.997478965687085406e+01	1.970912174619335033e+01	1.986383307231574236e+01	2.976069283358464190e+01	1.990922445489962200e+01	1.985255970487488142e+01	2.032282185293049892e+01	1.983419519108951334e+01	1.956131706895792632e+01	2.034058010700346841e+01	1.942724922751920147e+01	1.977179118972492233e+01	2.008435698993201157e+01	1.962521398261360872e+01	1.990192355997739426e+01	2.008969030409641121e+01	1.988689094007106561e+01	2.009547782733480759e+01	1.999424164198147835e+01	2.008953529579262209e+01	2.036398158539416769e+01	2.056184858470800592e+01	1.952408304137379957e+01	2.044534803506317644e+01	2.016540548112156017e+01	1.989017466432038006e+01	1.991944645098690359e+01	1.994964227430081394e+01	1.985114238977681111e+01	1.974021784325083573e+01	1.993857932309515135e+01	1.959118297698590894e+01	2.032411263587091810e+01	1.950399424372201906e+01
2.036933048507334476e+01	2.043377972798443309e+01	1.986126859339750794e+01	2.041186874701725884e+01	2.060293782216719194e+01	2.028645545613027323e+01	1.991803819193193803e+01	2.045801369702612504e+01	2.040214242045091808e+01	1.955723106042884751e+01	2.005170293227783063e+01	1.994184505074123237e+01	2.005873613461901428e+01	2.019046966863852788e+01	2.020613909717454248e+01	2.034062624611895842e+01	2.025022259413683656e+01	2.003733085952841719e+01	2.006355586247961753e+01	1.990922445489962200e+01	2.956708493483225197e+01	2.035488012504789168e+01	1.988910013405215338e+01	2.002480473415514339e+01	2.026186848381838956e+01	2.060869393380745151e+01	1.953860114471365961e+01	2.008866853321493551e+01	2.018832929313614599e+01	2.004158244230251640e+01	2.009671818533900023e+01	2.012195746727642387e+01	2.028036911186961078e+01	1.997640253987757930e+01	2.012698955915779919e+01	1.997213097554436345e+01	2.052714751816108318e+01	2.092613551289717932e+01	2.002121731948900774e+01	2.039901458215115682e+01	2.022316712644762404e+01	2.006368875025115273e+01	1.985966832681772587e+01	1.976494711556403772e+01	2.003083189581010615e+01	1.978356356387853054e+01	2.009110614439725850e+01	1.997965909432667075e+01	2.056557195738792743e+01	2.015636336564559983e+01
2.023627563315319833e+01	2.008289424398367373e+01	1.979435128054459980e+01	1.999759405622712904e+01	2.037431891856742183e+01	2.003664635977613173e+01	1.966185150447585883e+01	2.009146219218136409e+01	1.989985104732739174e+01	1.974097102501107059e+01	2.006785320672288719e+01	1.989037976546402575e+01	1.980767341690044248e+01	2.028539157169094054e+01	2.003171554985422986e+01	1.979037121258820875e+01	2.028023297747093778e+01	2.026765395247307922e+01	2.000257497609963409e+01	1.985255970487488142e+01	2.035488012504789168e+01	2.985313861485312614e+01	2.023295030007889750e+01	1.964237746165005305e+01	2.003951454916675701e+01	2.067745580925688742e+01	1.955505666159763223e+01	1.966885616497971512e+01	1.997020179361512859e+01	1.967323466302403645e+01	2.008843494975842958e+01	1.996867439399811062e+01	1.997030639675197605e+01	2.007325516433309787e+01	2.014583886172544069e+01	2.010106223206075526e+01	2.010686804308835107e+01	2.038470422947660410e+01	1.965416530348151980e+01	2.014117016482606815e+01	1.991473112185266814e+01	1.979621043939313907e+01	1.989198086270277699e+01	1.966608288670988358e+01	1.958574082301287689e+01	1.993226518704672756e+01	2.007781655297381462e+01	1.954774235706297603e+01	2.038692014741307901e+01	1.976294684741046481e+01
2.052203542060379959e+01	2.041859353846605174e+01	1.996798438698425926e+01	2.033625538269629374e+01	2.056050261644006127e+01	1.992516301618889329e+01	2.026763185996004069e+01	2.035707239409542879e+01	2.021794811301603545e+01	2.014372720832106367e+01	2.027624754132079588e+01	1.990583743950044138e+01	1.983930589177029802e+01	2.063761457541064814e+01	2.028782647331720668e+01	2.030264471216313282e+01	2.042435450311841194e+01	2.051695353971492963e+01	2.048360286136402308e+01	2.032282185293049892e+01	1.988910013405215338e+01	2.023295030007889750e+01	3.077143993135700484e+01	2.026343257113303764e+01	1.999816321763996996e+01	2.052105425826715290e+01	1.935092137880010554e+01	2.013942019822589913e+01	2.047168860779972377e+01	2.035944447941901103e+01	1.983277201007084045e+01	2.031214415093043968e+01	2.052441476881953974e+01	2.017022345707574971e+01	2.008834083848807239e+01	2.044666253861843686e+01	2.073005851331560478e+01	2.090992060117858387e+01	2.031243066647010309e+01	2.116467301843642446e+01	2.035092935598171593e+01	1.990015738309810089e+01	2.030154216367406761e+01	2.030753064529946528e+01	2.034221711257239917e+01	2.023497644275943230e+01	1.984818800535451189e+01	1.999123573841848511e+01	2.062875949494439354e+01	1.998295995902489608e+01
2.030538888482029236e+01	2.036901416341577331e+01	2.003306709297694610e+01	2.024484917779143345e+01	2.014909388036551618e+01	1.979092360863597833e+01	1.992919366108431944e+01	1.982299738954164070e+01	1.959853942748039302e+01	1.930927407587649824e+01	1.981485450146940508e+01	1.971008844104282076e+01	1.954775590601946078e+01	2.005770265056293056e+01	1.980549680867426687e+01	1.960387388326861569e+01	1.947287717297632170e+01	1.979535656988040060e+01	1.994512819320112484e+01	1.983419519108951334e+01	2.002480473415514339e+01	1.964237746165005305e+01	2.026343257113303764e+01	2.986434845668569338e+01	1.992215721427056963e+01	2.007862897815106251e+01	1.960372699168399890e+01	1.952588774005546313e+01	1.990360628403559318e+01	1.946483091292873979e+01	1.981399344376199778e+01	1.995879012429382016e+01	2.001460851729535051e+01	1.985020989716112538e+01	1.982398627517331136e+01	1.971950469351546076e+01	2.025529317540490126e+01	2.017773963213964805e+01	1.989977721723827742e+01	2.000819883533815613e+01	2.018062424910069552e+01	1.955158078984069547e+01	1.991138872668967963e+01	1.975584835796755101e+01	1.977680556852085303e+01	1.969874874096542428e+01	1.971155063805901975e+01	1.949369017287218853e+01	1.987663889690423602e+01	1.944133214530587850e+01
2.057337273459456384e+01	2.029771099053458272e+01	1.953449368891025983e+01	1.999280728578349198e+01	1.993551271945304748e+01	1.988119643629247690e+01	1.988623985640971270e+01	2.039688474599589796e+01	2.014158407236319448e+01	1.943021780032428936e+01	2.023125026634912871e+01	1.973074041679114998e+01	1.950176984150632009e+01	2.017939749913141512e+01	2.019062770100349624e+01	1.955072551881882603e+01	2.017072104890479523e+01	1.999969509311126004e+01	1.974244688175867779e+01	1.956131706895792632e+01	2.026186848381838956e+01	2.003951454916675701e+01	1.999816321763996996e+01	1.992215721427056963e+01	3.003391377112107108e+01	2.004418731990408276e+01	1.931884669091007112e+01	1.980432704320467252e+01	1.989508731901842609e+01	1.991896849254722923e+01	1.976658608115697646e+01	2.020845634783910327e+01	2.000852330197945861e+01	1.997901372272919218e+01	1.991978033835668782e+01	1.996651770964414752e+01	2.015059108396280863e+01	2.096130528557674211e+01	1.987837568761179696e+01	1.996396433147369720e+01	2.025611413867588695e+01	1.992499750164085270e+01	1.996223868670565693e+01	1.985851892042372668e+01	1.966495398909411207e+01	2.010062459547177482e+01	1.983267182457500866e+01	1.959244786233702484e+01	1.995764622524955811e+01	1.949279730609056571e+01
2.034953038729145547e+01	2.064812444307845851e+01	1.999468725302714489e+01	2.034251915845138825e+01	2.057791510509315103e+01	2.052303022183941295e+01	2.026205272210166086e+01	2.077883612432931315e+01	1.991069780419058688e+01	2.021494392213044478e+01	1.991502470234359379e+01	1.996519487555481120e+01	2.006367389173884419e+01	2.023351320232120898e+01	2.020294945399901820e+01	2.030147314289184024e+01	2.039590505637937667e+01	2.045094702429593525e+01	2.034338498550523866e+01	2.034058010700346841e+01	2.060869393380745151e+01	2.067745580925688742e+01	2.052105425826715290e+01	2.007862897815106251e+01	2.004418731990408276e+01	3.097469711290701255e+01	2.012290871128739056e+01	2.038579274955070986e+01	2.027236561572395246e+01	2.040813877287544642e+01	1.998341318667787903e+01	2.044549496535932676e+01	2.080930594327740124e+01	2.022464958132617241e+01	2.027227484511064404e+01	2.020119535866385618e+01	2.053101825969242000e+01	2.127727587813427590e+01	2.024465394345107327e+01	2.073291600944667934e+01	2.060490487115371749e+01	2.057264850665366751e+01	2.030271684242062591e+01	2.040906565419102492e+01	2.012478769710407178e+01	2.041940860927871526e+01	1.994109799352934687e+01	2.074200197929594225e+01	2.056848888656875474e+01	1.966149755601279736e+01
1.952126548134390660e+01	1.993141920879223150e+01	1.940614309479373389e+01	1.966654540859425282e+01	1.942333463483982570e+01	1.958988372444178694e+01	1.973910828837915687e+01	1.999890692519485214e+01	1.910731024380654475e+01	1.924712587107284989e+01	1.946251158065718201e+01	1.938016080462072921e+01	1.937287034850899659e+01	1.982618912032821967e+01	1.957618815879794383e+01	1.942209658649520065e+01	1.957374791178413886e+01	1.958485005400172696e+01	1.962730389250404528e+01	1.942724922751920147e+01	1.953860114471365961e+01	1.955505666159763223e+01	1.935092137880010554e+01	1.960372699168399890e+01	1.931884669091007112e+01	2.012290871128739056e+01	2.860298099035565045e+01	1.929271532202920980e+01	1.949586065798064638e+01	1.939451815452452976e+01	1.941203616286470535e+01	1.941789745202025230e+01	1.996612520604265484e+01	1.946004196951986387e+01	1.945042620524538179e+01	1.936838082074035583e+01	1.964889875129816232e+01	2.024994764164015493e+01	1.957739838735276550e+01	1.957844590715845356e+01	1.958676955488292037e+01	1.930565504325144488e+01	1.951461873725979146e+01	1.936967929830155555e+01	1.979312879021886573e+01	1.987068121423498823e+01	1.942129562258896414e+01	1.957039412492573760e+01	2.008714350639373336e+01	1.902656910790416944e+01
1.988723313225925793e+01	1.992732125955204836e+01	1.969083779184072114e+01	1.996243499194392257e+01	1.984672652161384221e+01	2.024380267470144545e+01	1.989056427006252648e+01	2.017992524751923611e+01	2.003915116714888711e+01	1.946273633271028913e+01	2.008453138899107060e+01	1.916229299947962161e+01	1.970188370252714805e+01	2.010293016712773451e+01	1.963371554768916738e+01	1.942508713992046054e+01	1.998505741414156134e+01	1.972724865143578299e+01	1.981607599997645863e+01	1.977179118972492233e+01	2.008866853321493551e+01	1.966885616497971512e+01	2.013942019822589913e+01	1.952588774005546313e+01	1.980432704320467252e+01	2.038579274955070986e+01	1.929271532202920980e+01	2.951644880645234892e+01	1.981211329550803413e+01	1.971887958312265710e+01	1.978373153273111384e+01	1.976995911528236505e+01	1.997010889494564267e+01	1.983159320020067184e+01	1.992520578992153801e+01	1.988337603107544638e+01	1.999598035719738931e+01	2.040800433057716035e+01	1.970420333751062714e+01	2.011270549969615828e+01	1.992314983876986290e+01	1.963359740623440786e+01	1.981840702864922577e+01	1.974676829247095711e+01	1.973140087948060284e+01	2.010529794268306603e+01	1.988412245585768900e+01	1.964613670721625738e+01	2.006540024663977562e+01	1.956760982963759687e+01
1.968699717499708157e+01	2.026244707158652858e+01	1.970460998309841827e+01	2.008548525900636861e+01	2.009256821879407440e+01	1.999609838296336406e+01	2.001410647116563268e+01	2.009729894835594521e+01	2.001048136407085209e+01	1.996330640927583033e+01	1.977571307499884412e+01	2.006792419770050273e+01	1.982952974460566509e+01	2.002045227277066886e+01	2.024858223579170513e+01	1.977581788435116650e+01	1.972438814361346004e+01	1.983096905486546646e+01	1.992217261018412700e+01	2.008435698993201157e+01	2.018832929313614599e+01	1.997020179361512859e+01	2.047168860779972377e+01	1.990360628403559318e+01	1.989508731901842609e+01	2.027236561572395246e+01	1.949586065798064638e+01	1.981211329550803413e+01	2.965888905937377018e+01	2.013165366462585482e+01	1.957093169999421534e+01	2.001265124417247065e+01	2.018869824650398570e+01	2.021893336034214173e+01	1.980821204048796602e+01	1.972709805683467010e+01	2.015851578436387115e+01	2.059654430886119769e+01	1.941190413022819428e+01	2.042033010088561085e+01	1.999633797124900525e+01	1.990700325758770717e+01	2.013640059771690360e+01	1.985979638203889763e+01	2.016319050415653180e+01	1.971362152524474709e+01	1.980217505591978622e+01	1.961363534535211883e+01	2.042624962453617599e+01	1.943408114953808052e+01
1.996777481640229723e+01	2.023086534801296921e+01	1.959859154986502361e+01	2.007580910165700416e+01	1.992021594412275931e+01	2.011206294265993577e+01	1.969606353290956591e+01	1.991983133720635024e+01	1.969714346977885100e+01	1.937301673979161620e+01	1.980068831819537323e+01	1.964473161627385167e+01	1.962161926557423541e+01	1.997614873923571466e+01	1.966199595045233295e+01	1.966086408633241689e+01	1.995715523686061132e+01	1.978484979561400792e+01	1.950835746974725282e+01	1.962521398261360872e+01	2.004158244230251640e+01	1.967323466302403645e+01	2.035944447941901103e+01	1.946483091292873979e+01	1.991896849254722923e+01	2.040813877287544642e+01	1.939451815452452976e+01	1.971887958312265710e+01	2.013165366462585482e+01	2.953107242507078567e+01	1.999945365025071808e+01	1.962738074639509378e+01	1.985877625983324180e+01	1.992968129694714108e+01	1.953956350838817357e+01	1.994714859288584918e+01	2.016670903627419875e+01	2.018749633647043140e+01	1.952590876504963191e+01	2.026778513385269420e+01	2.024324244174723830e+01	1.978719227990819718e+01	1.942505381069517867e+01	1.976758996254054424e+01	1.986021640143223266e+01	2.018854951482265392e+01	1.942290988513654426e+01	1.981776504098047198e+01	2.014739426220225482e+01	1.917806717039125175e+01
1.989864250460718509e+01	2.032277965333983261e+01	1.956580410495088174e+01	2.008743020228041942e+01	2.008676993517211784e+01	1.992581321958022045e+01	1.953593917105013844e+01	2.002614745439976929e+01	1.940155233754212816e+01	1.919055976269856956e+01	1.960347302856864715e+01	1.972728048042814564e+01	1.987607168570275817e+01	2.015840115099992147e+01	1.986022177547766177e+01	1.959718796623338477e+01	1.978904353883565292e+01	1.961777690665967455e+01	1.997924443661603888e+01	1.990192355997739426e+01	2.009671818533900023e+01	2.008843494975842958e+01	1.983277201007084045e+01	1.981399344376199778e+01	1.976658608115697646e+01	1.998341318667787903e+01	1.941203616286470535e+01	1.978373153273111384e+01	1.957093169999421534e+01	1.999945365025071808e+01	2.976281519804059172e+01	1.975149467191976882e+01	1.965104635395633181e+01	1.977286586674874158e+01	1.948133152590625627e+01	1.957414841078553280e+01	2.040268748579098101e+01	2.062590134004706144e+01	1.986035942638176977e+01	2.037363079300094171e+01	1.976922183408176537e+01	2.004621884869869319e+01	1.965803678560461520e+01	1.978682257352976848e+01	1.975903350672444958e+01	1.981668923384666314e+01	1.978377597529582133e+01	1.971308998190707484e+01	2.030631054567707849e+01	1.930442716017443772e+01
2.024963751001305212e+01	2.039011064186180633e+01	1.980939391903993751e+01	2.008448650342782926e+01	2.007446055927453443e+01	2.005761735344543339e+01	1.975189611037177784e+01	2.030386442735257191e+01	1.994892293721857968e+01	1.976453427723528122e+01	2.004966527095982443e+01	2.005778352793716834e+01	1.983259604429651546e+01	2.041888998008283451e+01	1.989733938043286798e+01	1.999433365683271902e+01	2.040405397064026616e+01	1.998326560355114623e+01	1.998642991740767272e+01	2.008969030409641121e+01	2.012195746727642387e+01	1.996867439399811062e+01	2.031214415093043968e+01	1.995879012429382016e+01	2.020845634783910327e+01	2.044549496535932676e+01	1.941789745202025230e+01	1.976995911528236505e+01	2.001265124417247065e+01	1.962738074639509378e+01	1.975149467191976882e+01	3.007943465555272056e+01	2.039171970556230562e+01	2.026786487367166600e+01	2.015275577525312656e+01	2.016805269838002701e+01	2.051060033957594086e+01	2.058251543205836853e+01	1.965719668956662147e+01	2.099895972134115141e+01	2.059718004469961272e+01	1.991403786603703452e+01	2.005080558800420221e+01	1.997246102818372648e+01	2.009447240539918056e+01	2.045096410657550123e+01	1.960487416393676696e+01	2.013722573613879874e+01	2.015197921290282324e+01	1.943002268004474331e+01
