2.898384486572503604e+01	2.011335948006965069e+01	1.934006108546003588e+01	1.926064775278012320e+01	2.004505665405873671e+01	1.938254009881005402e+01	1.896689574350560648e+01	1.970430553649637062e+01	1.973231659575348829e+01	2.000725597787728560e+01	1.936044305797502574e+01	1.983151974173599186e+01	1.991761730772269345e+01	1.982153166434817848e+01	1.959719399910427384e+01	1.994871353048182172e+01	1.944353897394750064e+01	1.960297317396272732e+01	1.948875969546014630e+01	1.947346770777004110e+01	1.968609033470375991e+01	1.949847606197533523e+01	1.999720944164110747e+01	1.968391733468731886e+01	1.983238719680268503e+01	1.955472588198169603e+01	1.988096132746507294e+01	2.011196347597448053e+01	1.969947582124977714e+01	1.924872918173477743e+01	1.922351053755803818e+01	1.966206934260844008e+01	2.000151559292126535e+01	1.997775727764314624e+01	1.975317805030883989e+01	2.039699501045961938e+01	1.929311657502100275e+01	1.983564576811068392e+01	1.959843905722499002e+01	1.961006262167452263e+01	1.978889103173083797e+01	1.983644265115306027e+01	1.893182504031902980e+01	2.003163760641580993e+01	2.001918332805335510e+01	1.995990852359318524e+01	1.974409249075582906e+01	1.950024099961198587e+01	1.975142211453152186e+01	1.959746770219099332e+01
2.011335948006965069e+01	3.030561752559151856e+01	1.986577356896965796e+01	2.048092540220795144e+01	2.062180798961605532e+01	2.051593956068534297e+01	1.999844931529393222e+01	2.082894456928200100e+01	2.035919691250514063e+01	2.019451413265544559e+01	1.999481565367568692e+01	2.079588006587410476e+01	2.059399259673012139e+01	2.028502152761447164e+01	2.035806172807946979e+01	2.009212691064137957e+01	2.049650886801186900e+01	2.026193819840388244e+01	1.996973443585789099e+01	2.011354438257343702e+01	2.037320682756911339e+01	2.043937769441998853e+01	2.071256995922005117e+01	1.958053730510086154e+01	2.057674738169916751e+01	2.008025500596405521e+01	2.078422626431751752e+01	2.066990729157424767e+01	2.035906960597318260e+01	2.035553456455757981e+01	1.986070295271301589e+01	2.050082337777120500e+01	2.085746533437777472e+01	2.048434989970402142e+01	2.060888035326927437e+01	2.102592416486498905e+01	2.007434077429917707e+01	2.072996112729721929e+01	2.041236263928503192e+01	2.015148252313153066e+01	2.076303586921806144e+01	2.057554456088199402e+01	2.012380398987720653e+01	2.054217023486600269e+01	2.059892473892693943e+01	2.060688084962549027e+01	2.044077504401215606e+01	1.987735610623488824e+01	2.043010540851434342e+01	2.027406138219974707e+01
1.934006108546003588e+01	1.986577356896965796e+01	3.003928740499454619e+01	1.969695956960291028e+01	2.029265716800509267e+01	1.969305714651885708e+01	1.934531866234464914e+01	2.039488177000800206e+01	1.962646137959750092e+01	1.995759308939054577e+01	1.941516863865408382e+01	2.044094404668455311e+01	2.046661882511811115e+01	2.033943937584993833e+01	1.991901998366163795e+01	2.028724572209904764e+01	1.998478849313491779e+01	1.980832265790077429e+01	1.945798247048131557e+01	1.980779221004237556e+01	1.963211919605164013e+01	1.956628128140032175e+01	1.997605406030388409e+01	1.972249132028041885e+01	2.000781063180858155e+01	1.987537233597770481e+01	2.001588820018764991e+01	2.002777656598339817e+01	1.976672923420366246e+01	1.936253054536097196e+01	1.991166957756550104e+01	1.988185895170111905e+01	2.034394962526308248e+01	2.006411811246913501e+01	1.987025758422019450e+01	2.021465347586389072e+01	1.983592507948792161e+01	1.979495149796730402e+01	1.992222300564324655e+01	1.987186684130045577e+01	2.023117579614565997e+01	2.041291976032211508e+01	1.962704158106215502e+01	1.968085366774141676e+01	1.995795432658902513e+01	2.011073900112272739e+01	2.010608950708522968e+01	1.911737363887913688e+01	2.008857597091129676e+01	1.971785647251274654e+01
1.926064775278012320e+01	2.048092540220795144e+01	1.969695956960291028e+01	2.936106154669457879e+01	1.987695426308686919e+01	1.966733098626300347e+01	1.964535444554303467e+01	2.030739864614533374e+01	1.988803522453613581e+01	1.993599238066556367e+01	1.962731121540237567e+01	2.051228374269256705e+01	2.056674397329533122e+01	2.040968240664031796e+01	2.039148562930449771e+01	1.994342955102895587e+01	2.017074339706352148e+01	1.963072864789254623e+01	1.962104009039102337e+01	2.008139119033234721e+01	1.954399148293538957e+01	1.965250231548590065e+01	2.058592560832952145e+01	1.992477624450240370e+01	2.046447973992690095e+01	1.956747939428491634e+01	1.974728787055298440e+01	2.001900602890107805e+01	1.999997393950546609e+01	1.952786777298356924e+01	1.962476768624442514e+01	2.026183834321417621e+01	2.051225165882291179e+01	1.978309192074165779e+01	1.988656559064042284e+01	2.046010670457327763e+01	1.998513458631169470e+01	2.011604052546506693e+01	1.988538850992570417e+01	1.993922369455405885e+01	2.019875089675398883e+01	1.997880767471480823e+01	1.957750275432321274e+01	2.016700283581514341e+01	2.022884263033524022e+01	2.011038608495356783e+01	2.008701059140245704e+01	1.983099212964130942e+01	1.991806390974374708e+01	1.932180593075678487e+01
2.004505665405873671e+01	2.062180798961605532e+01	2.029265716800509267e+01	1.987695426308686919e+01	3.047715885392859292e+01	1.990482702999516107e+01	1.976492442571439412e+01	2.044990553930549027e+01	2.001978301039796548e+01	2.035905755851767296e+01	1.986680030174004941e+01	2.076009516481455819e+01	2.058676603718378928e+01	2.025717070611878157e+01	2.027624383125180074e+01	2.003111330038877469e+01	2.024844446112640739e+01	1.994483436823253797e+01	2.011363112968083655e+01	2.012037560999226571e+01	2.028463415320154439e+01	2.008779581508191114e+01	2.039203466022332378e+01	1.969990339408844449e+01	2.008983691697712359e+01	1.985779604993756919e+01	2.031760461043446853e+01	2.035487122151845796e+01	2.041216798450622250e+01	1.975316257038663181e+01	2.028054853517405576e+01	2.028416479774254810e+01	2.075560498947298527e+01	2.025371319000480241e+01	2.001454815344929017e+01	2.093957204441762698e+01	2.006033578636668935e+01	2.003392793878902367e+01	1.999829339446946008e+01	1.942787397576207198e+01	2.019823730137308360e+01	2.044796259506707514e+01	1.969030073283301974e+01	2.028601434544691884e+01	2.067532444151464688e+01	2.056303435836344562e+01	2.029248628377008856e+01	1.955960847522555568e+01	1.977440131687028213e+01	2.002097096946292609e+01
1.938254009881005402e+01	2.051593956068534297e+01	1.969305714651885708e+01	1.966733098626300347e+01	1.990482702999516107e+01	2.981755889482694499e+01	1.950145583231989832e+01	1.994686185457178951e+01	1.958674499776536493e+01	2.011551449728777996e+01	1.953068364408547453e+01	2.025200837581782309e+01	2.022527300268571082e+01	2.008704701786753688e+01	1.997116826643382481e+01	1.982755724281999932e+01	1.945561759673672597e+01	2.006952621372493439e+01	1.960226833296524518e+01	1.940524181585441355e+01	2.002292254006456673e+01	1.971145397558294121e+01	2.034181809087921167e+01	1.998907785241335233e+01	2.028197617249698226e+01	1.952855966413855171e+01	2.001327993369609359e+01	2.015276809914264078e+01	1.989672715041339401e+01	1.987513580533057933e+01	1.953183481503962682e+01	2.018361135366205517e+01	1.992950734664460555e+01	2.001557385757657670e+01	1.968074865772929272e+01	2.012593412867193621e+01	1.945759941321046682e+01	2.023211738615011157e+01	1.969192648672507318e+01	1.965221667768209457e+01	1.993717628520493435e+01	2.012271744025790454e+01	1.971909351845162917e+01	1.989961708033431265e+01	2.007611090142360766e+01	1.986762301867840463e+01	1.987330110567834396e+01	1.925665850908398724e+01	1.948648326591984059e+01	1.958148112460780155e+01
1.896689574350560648e+01	1.999844931529393222e+01	1.934531866234464914e+01	1.964535444554303467e+01	1.976492442571439412e+01	1.950145583231989832e+01	2.904987177660569486e+01	1.985915200816262427e+01	1.964552751336713854e+01	1.979597677392228761e+01	1.966732140661481409e+01	2.054544849616342717e+01	2.023838362213496112e+01	1.967937855853877949e+01	2.007556390227504650e+01	1.986003221661419360e+01	1.985607836265554482e+01	1.990944595293786179e+01	1.987322316457184357e+01	1.969299917350151929e+01	1.972548057560302937e+01	1.992076155991607322e+01	1.980800569278154555e+01	1.979616151499260113e+01	2.004660855004369679e+01	2.004200806923546452e+01	2.000407206284023687e+01	1.945670509109839941e+01	2.023314557192154339e+01	1.923553366983966839e+01	1.949980013275671453e+01	1.986809922410877149e+01	2.027313320570440069e+01	1.952106644522312706e+01	1.944352010321124524e+01	2.025309663589648679e+01	1.992720390554222121e+01	1.978315770932483986e+01	1.973504109994292932e+01	1.962513976100210300e+01	2.012835387967866296e+01	2.020900752326098626e+01	1.961296694336716939e+01	1.985802996216805383e+01	2.029046008972121129e+01	1.961397578768071526e+01	2.022101807144085939e+01	1.987562923176278318e+01	1.981630255537895735e+01	1.962692113428872531e+01
1.970430553649637062e+01	2.082894456928200100e+01	2.039488177000800206e+01	2.030739864614533374e+01	2.044990553930549027e+01	1.994686185457178951e+01	1.985915200816262427e+01	3.029037526312941253e+01	2.043972208772089871e+01	2.054027155379371194e+01	2.017158426822753015e+01	2.048245042544100869e+01	2.066097225624719513e+01	2.054212155981025845e+01	2.057264317991603164e+01	2.041175307848468989e+01	2.034409135428397875e+01	2.004983814534366715e+01	2.042953231600289854e+01	2.025247621880574300e+01	2.012174565564162876e+01	2.007749520121215170e+01	2.057552734946924033e+01	2.013274728662353041e+01	2.056849345492809533e+01	2.036768722634282014e+01	2.064468430450039449e+01	2.065529948730241472e+01	2.095592998258344153e+01	1.969500701722476776e+01	1.993319208434377643e+01	2.068267034956075889e+01	2.070615573695512523e+01	2.044687392428170725e+01	1.999211775901363097e+01	2.091058604346046934e+01	2.021497839154644183e+01	2.031103433410693171e+01	2.041969389484230391e+01	2.047240146926190363e+01	2.073503038468484405e+01	2.071680826527946451e+01	2.006675288982960126e+01	2.077061174104399655e+01	2.087672677805939614e+01	2.041055837483358104e+01	2.042937574038457882e+01	1.977757743533425838e+01	2.049149865324048037e+01	2.010091116067317074e+01
1.973231659575348829e+01	2.035919691250514063e+01	1.962646137959750092e+01	1.988803522453613581e+01	2.001978301039796548e+01	1.958674499776536493e+01	1.964552751336713854e+01	2.043972208772089871e+01	2.991986257072554878e+01	1.992452625303791081e+01	1.937667596923659374e+01	1.991080907141418166e+01	2.048913149377423082e+01	2.005104521788808114e+01	1.993942826096760257e+01	1.991371348658964280e+01	2.019639395619670807e+01	1.976684202491115272e+01	1.939106040635008910e+01	1.952514859222968369e+01	1.994169929309165212e+01	1.995460295882760349e+01	1.993478488817378746e+01	1.972011063014671706e+01	2.002461441338828152e+01	1.972819381918846560e+01	2.011131697704359667e+01	2.009214273238396942e+01	2.027772076903593401e+01	1.960087729501948672e+01	1.959979490308702665e+01	1.992073846590719910e+01	2.073991898694005442e+01	1.993186921077139928e+01	1.995244528490131586e+01	2.041771470229529228e+01	1.983944032261129209e+01	1.981227873989453059e+01	1.991427313561419510e+01	1.967631884665588160e+01	2.046875417157011157e+01	2.005272719395785685e+01	1.941249764079301343e+01	2.019581324625517738e+01	2.022340031266292470e+01	2.005086042356626663e+01	1.987120792092115096e+01	1.938644142395144598e+01	1.959487559454324668e+01	1.997346986666568824e+01
2.000725597787728560e+01	2.019451413265544559e+01	1.995759308939054577e+01	1.993599238066556367e+01	2.035905755851767296e+01	2.011551449728777996e+01	1.979597677392228761e+01	2.054027155379371194e+01	1.992452625303791081e+01	2.985087167630277349e+01	1.998024876113245796e+01	2.031118619145229331e+01	2.051708418411518409e+01	2.012517071057875739e+01	2.039886320901966599e+01	2.021198917443410537e+01	2.025523561332506972e+01	2.000835297642522193e+01	1.954178730532841612e+01	1.971144154151793515e+01	1.965286968894703890e+01	2.016605211575744150e+01	2.043204337390055159e+01	2.013977478632044438e+01	2.055242734996816623e+01	1.974168641701483651e+01	2.026628113987471380e+01	2.047443256729653172e+01	2.019480252361427119e+01	1.965415846160794544e+01	1.981749004075539844e+01	2.008055457881141237e+01	2.074419630905170564e+01	2.055918037177039892e+01	2.002327718121680888e+01	2.074142215685423807e+01	1.978801925870175182e+01	2.017893567861112558e+01	1.998912478600706777e+01	1.995124448042951570e+01	2.031565717742215682e+01	2.054347502849908480e+01	1.955454967599448324e+01	2.027782803437551706e+01	2.068906778980474925e+01	1.968740386510123486e+01	2.019912546467454462e+01	1.972247075716941822e+01	2.040407188814520012e+01	1.972113358931041205e+01
1.936044305797502574e+01	1.999481565367568692e+01	1.941516863865408382e+01	1.962731121540237567e+01	1.986680030174004941e+01	1.953068364408547453e+01	1.966732140661481409e+01	2.017158426822753015e+01	1.937667596923659374e+01	1.998024876113245796e+01	2.873152529886762352e+01	1.986242584853617288e+01	1.996610033194762579e+01	1.987404102494017621e+01	1.973909932361003428e+01	1.930713833023942883e+01	1.956905787474563496e+01	1.939469952931187890e+01	1.939123751918737071e+01	1.980032148327904551e+01	1.912314168883422738e+01	1.982188133118417994e+01	1.982929651619062028e+01	1.958423437916249554e+01	1.982398289907011346e+01	1.987446219407292958e+01	1.977928577505468510e+01	1.961074200801372669e+01	1.941906716603167027e+01	1.926043773775683832e+01	1.915609319671428779e+01	1.970417270585704017e+01	1.992661185140606150e+01	1.979438423526702096e+01	1.968371245353022658e+01	2.034049380416972852e+01	1.952492865197968896e+01	1.987588990907067554e+01	1.972308601345591228e+01	1.922200800345544991e+01	2.026416098679876399e+01	1.999101128832657182e+01	1.919381698045424400e+01	1.906800578418018333e+01	1.994625366504075714e+01	1.999600993295634055e+01	1.957475832653047476e+01	1.934413888226702127e+01	1.956697815234543825e+01	1.948707735011741704e+01
1.983151974173599186e+01	2.079588006587410476e+01	2.044094404668455311e+01	2.051228374269256705e+01	2.076009516481455819e+01	2.025200837581782309e+01	2.054544849616342717e+01	2.048245042544100869e+01	1.991080907141418166e+01	2.031118619145229331e+01	1.986242584853617288e+01	3.027812020280981287e+01	2.084451271775018455e+01	2.034835776311473410e+01	2.055576391313817197e+01	2.053099744423839823e+01	2.010125745966326960e+01	2.012221439599008832e+01	1.969628696180626193e+01	2.023456125298984887e+01	1.988796863893933420e+01	2.037804922086567672e+01	2.095284918539484664e+01	2.010326291093206308e+01	2.087268168328810702e+01	1.997636994601763405e+01	2.033360656640352815e+01	2.064556184832393981e+01	2.059104676329085493e+01	2.021785394902618194e+01	2.013187144355862657e+01	2.041275631116837630e+01	2.058979967980832981e+01	2.024815964400135471e+01	2.020813440690734097e+01	2.068948762734676805e+01	1.993273705268556384e+01	2.035544337437320905e+01	2.066603790081573422e+01	1.987293681233559539e+01	2.049051253237162484e+01	2.045260768902177162e+01	2.009783578351690281e+01	2.027593170827530500e+01	2.080698682859011228e+01	2.042675874620051957e+01	2.057596093040881513e+01	2.023149286680792969e+01	2.018804121531454854e+01	1.999639558159993058e+01
1.991761730772269345e+01	2.059399259673012139e+01	2.046661882511811115e+01	2.056674397329533122e+01	2.058676603718378928e+01	2.022527300268571082e+01	2.023838362213496112e+01	2.066097225624719513e+01	2.048913149377423082e+01	2.051708418411518409e+01	1.996610033194762579e+01	2.084451271775018455e+01	3.072111274948868243e+01	2.056728957294554760e+01	2.074804103954145518e+01	2.033965322983583590e+01	2.047769634126233029e+01	2.042935044791638433e+01	2.007125837069814267e+01	2.041718620769098891e+01	2.009087261727363583e+01	2.064425630100474507e+01	2.064108673832438967e+01	2.003452243680622047e+01	2.075141249499718299e+01	2.047381294236642191e+01	2.095522800092243543e+01	2.060282228517987591e+01	2.060430449818522902e+01	2.002234673724746372e+01	2.029528122714983240e+01	2.032604019302539200e+01	2.109056654047514812e+01	2.025090335316230039e+01	2.037156101287409982e+01	2.118485237732510029e+01	2.077147657084818633e+01	2.041716520207531360e+01	2.060501807038690458e+01	2.028742221864350981e+01	2.088330532297183950e+01	2.085492267701066638e+01	1.997878006781023075e+01	2.041998646422729280e+01	2.091555131103331888e+01	2.036871602580671237e+01	2.030602503163052575e+01	2.025175119525241030e+01	2.023221133357913715e+01	2.030360252681634847e+01
1.982153166434817848e+01	2.028502152761447164e+01	2.033943937584993833e+01	2.040968240664031796e+01	2.025717070611878157e+01	2.008704701786753688e+01	1.967937855853877949e+01	2.054212155981025845e+01	2.005104521788808114e+01	2.012517071057875739e+01	1.987404102494017621e+01	2.034835776311473410e+01	2.056728957294554760e+01	2.996255368733674374e+01	2.071686951264084797e+01	2.014386910742818415e+01	2.000172865004668310e+01	2.023821306803769460e+01	2.022716084302814821e+01	1.967788418823809948e+01	2.014610008766112870e+01	1.975818107307020810e+01	2.048421038351465029e+01	1.987163824962357950e+01	2.054522681661945072e+01	2.035883042697594192e+01	2.073331652693861926e+01	2.011694622169147095e+01	2.030697415498636005e+01	2.009323395094083153e+01	1.986994388190538174e+01	2.006367052107773219e+01	2.053829411405239469e+01	2.054746606997441205e+01	2.013136095184182039e+01	2.047193049595061964e+01	2.025839371782162956e+01	2.019851210842498546e+01	1.986406789920415505e+01	2.020832407999496638e+01	2.054315131916639814e+01	2.044165929658040071e+01	1.952080740030698536e+01	2.049566496927046089e+01	2.054487976591044784e+01	1.999637846654786344e+01	2.035694648994173761e+01	1.922992723630119372e+01	1.975976379574147401e+01	1.991497733076356624e+01
1.959719399910427384e+01	2.035806172807946979e+01	1.991901998366163795e+01	2.039148562930449771e+01	2.027624383125180074e+01	1.997116826643382481e+01	2.007556390227504650e+01	2.057264317991603164e+01	1.993942826096760257e+01	2.039886320901966599e+01	1.973909932361003428e+01	2.055576391313817197e+01	2.074804103954145518e+01	2.071686951264084797e+01	3.006999227965924959e+01	2.020953119904280726e+01	2.053803468973300284e+01	1.992810592789198765e+01	2.010259033686117647e+01	1.991037741417229867e+01	2.018617094037852056e+01	2.026914933980484790e+01	2.062375569599703340e+01	2.006177053064271831e+01	2.062109107514777406e+01	2.009501685895962808e+01	2.070361325463804647e+01	2.020925679411553588e+01	2.063611065003701128e+01	1.987685672255849312e+01	2.020881172423683481e+01	2.029991890231996976e+01	2.099396413163253428e+01	2.024878383294005957e+01	2.046567047164486297e+01	2.061198678138699947e+01	2.010421123265932408e+01	2.041546575301819288e+01	2.017851979763610615e+01	2.011125300176088615e+01	2.040431418040065381e+01	2.067563345663588947e+01	2.006940674621275278e+01	2.072150899550413428e+01	2.070839279683460177e+01	2.076917504689149752e+01	2.046905880096067420e+01	2.019598615216062498e+01	2.025074462074667281e+01	2.013044270335070962e+01
1.994871353048182172e+01	2.009212691064137957e+01	2.028724572209904764e+01	1.994342955102895587e+01	2.003111330038877469e+01	1.982755724281999932e+01	1.986003221661419360e+01	2.041175307848468989e+01	1.991371348658964280e+01	2.021198917443410537e+01	1.930713833023942883e+01	2.053099744423839823e+01	2.033965322983583590e+01	2.014386910742818415e+01	2.020953119904280726e+01	2.987666951808386884e+01	2.014923926242499164e+01	1.994473292692184074e+01	1.992679391803384803e+01	2.022983742498701432e+01	1.976032454840263952e+01	2.041077958189069719e+01	2.039301549251878143e+01	1.970447758538956151e+01	2.049595213190099585e+01	1.984640324350275975e+01	2.028383965785483767e+01	2.043944401303632574e+01	2.028526608407770837e+01	1.950729345517066093e+01	1.953929711422205173e+01	2.020876589598630702e+01	2.025485020836525152e+01	2.034675802036353787e+01	2.012047480037352898e+01	2.038889538487240216e+01	1.989933094823052429e+01	2.024777538099009888e+01	2.008960680261990106e+01	1.951857769543143561e+01	2.063377135691808562e+01	2.054212994465919806e+01	1.986711654829714391e+01	2.019062020098361643e+01	2.018875333238758429e+01	2.027890607335125139e+01	2.013784247592673182e+01	1.975754481456916523e+01	2.022212980443097052e+01	2.004290101150545667e+01
1.944353897394750064e+01	2.049650886801186900e+01	1.998478849313491779e+01	2.017074339706352148e+01	2.024844446112640739e+01	1.945561759673672597e+01	1.985607836265554482e+01	2.034409135428397875e+01	2.019639395619670807e+01	2.025523561332506972e+01	1.956905787474563496e+01	2.010125745966326960e+01	2.047769634126233029e+01	2.000172865004668310e+01	2.053803468973300284e+01	2.014923926242499164e+01	2.963056603617522100e+01	1.998966072337266553e+01	1.974617942449983232e+01	1.992120180418681841e+01	2.008326884428615955e+01	1.989413659901431330e+01	2.018142453270959535e+01	1.990819301630370575e+01	2.032278771872526946e+01	1.971371420471026426e+01	2.079591064873364914e+01	2.041277185576946707e+01	2.003581962349839785e+01	1.976642776192473860e+01	1.991050776582536841e+01	2.002243932231875689e+01	2.040494254439956734e+01	2.025761087816290740e+01	2.009132184519730657e+01	2.049964624496616494e+01	1.998487908427757986e+01	2.005380949000969082e+01	2.020725854789148812e+01	1.975407608324991671e+01	2.067320041223389282e+01	1.992715110135745249e+01	1.978154666496836711e+01	2.044437515399907568e+01	2.055092379048423368e+01	2.009131017933081154e+01	1.992375982522099065e+01	1.975788467636431278e+01	1.967710691617565999e+01	1.983736850208212132e+01
1.960297317396272732e+01	2.026193819840388244e+01	1.980832265790077429e+01	1.963072864789254623e+01	1.994483436823253797e+01	2.006952621372493439e+01	1.990944595293786179e+01	2.004983814534366715e+01	1.976684202491115272e+01	2.000835297642522193e+01	1.939469952931187890e+01	2.012221439599008832e+01	2.042935044791638433e+01	2.023821306803769460e+01	1.992810592789198765e+01	1.994473292692184074e+01	1.998966072337266553e+01	2.915710486365696497e+01	1.968861945329411967e+01	1.968595968124042273e+01	1.957699656522630605e+01	1.991434048247966970e+01	2.020864685999385557e+01	1.968837218037937831e+01	2.016707189110376319e+01	1.984336106519668164e+01	2.011902933685924566e+01	2.023774303354986159e+01	2.023685258289772548e+01	1.957432237222169391e+01	1.952713701469608054e+01	1.961302430761135440e+01	2.045785390049018204e+01	2.027975755276884939e+01	1.986249895109030916e+01	2.027092349444006558e+01	1.968772432478164092e+01	1.993270968486166339e+01	1.987111670259014673e+01	1.954237564253515558e+01	2.004025450702381050e+01	2.003391694256706401e+01	1.958229193470782192e+01	2.028673006174228632e+01	2.036001059196748031e+01	2.025307514605655967e+01	2.017103747693813176e+01	1.980776010136588638e+01	1.985835096216569085e+01	1.988038609469443330e+01
1.948875969546014630e+01	1.996973443585789099e+01	1.945798247048131557e+01	1.962104009039102337e+01	2.011363112968083655e+01	1.960226833296524518e+01	1.987322316457184357e+01	2.042953231600289854e+01	1.939106040635008910e+01	1.954178730532841612e+01	1.939123751918737071e+01	1.969628696180626193e+01	2.007125837069814267e+01	2.022716084302814821e+01	2.010259033686117647e+01	1.992679391803384803e+01	1.974617942449983232e+01	1.968861945329411967e+01	2.931757646114618865e+01	1.964631212897337775e+01	1.946054930115674608e+01	1.945538979439619354e+01	2.019509904809378043e+01	1.976875517057642639e+01	2.049940660050867436e+01	1.937089262235362597e+01	2.052933752956711544e+01	2.002539552554477353e+01	1.986800633237253777e+01	1.955817326381026433e+01	1.926007204897247505e+01	1.969005476867533488e+01	2.030438286381679802e+01	1.950250094987245930e+01	2.017399112526553751e+01	2.052366775728401649e+01	1.965283709324235417e+01	2.022053236471090187e+01	1.989492445982174473e+01	1.975299781005416833e+01	2.072901318364579737e+01	2.043893677068453840e+01	1.934554723183924452e+01	2.032188406054499907e+01	2.045581390285373047e+01	1.978871514564471923e+01	1.985298325605131353e+01	1.970498095758652823e+01	2.014755351386185822e+01	1.992454338179611284e+01
1.947346770777004110e+01	2.011354438257343702e+01	1.980779221004237556e+01	2.008139119033234721e+01	2.012037560999226571e+01	1.940524181585441355e+01	1.969299917350151929e+01	2.025247621880574300e+01	1.952514859222968369e+01	1.971144154151793515e+01	1.980032148327904551e+01	2.023456125298984887e+01	2.041718620769098891e+01	1.967788418823809948e+01	1.991037741417229867e+01	2.022983742498701432e+01	1.992120180418681841e+01	1.968595968124042273e+01	1.964631212897337775e+01	2.956276019716331405e+01	1.969602755176967079e+01	1.983421011978126458e+01	2.005512656983237818e+01	1.945723464173204675e+01	1.976933587430186989e+01	2.003974941355136608e+01	2.046543771922082300e+01	2.013627380411243806e+01	1.981153387961531109e+01	1.956477671783724759e+01	1.955346416168706369e+01	2.018442454616156922e+01	2.021232173858932768e+01	2.026031550873161180e+01	1.990212882689221630e+01	2.010142263700170417e+01	1.996433339491981940e+01	2.006633508434518021e+01	1.989909616568250783e+01	1.937169598369057155e+01	2.015508804996051495e+01	2.013589638050913777e+01	1.958216809543372605e+01	1.987392042522869318e+01	2.015138702417761252e+01	2.007623913098413837e+01	2.009827440059434167e+01	1.944708190823012472e+01	1.978934707840592466e+01	1.964783578145906873e+01
1.968609033470375991e+01	2.037320682756911339e+01	1.963211919605164013e+01	1.954399148293538957e+01	2.028463415320154439e+01	2.002292254006456673e+01	1.972548057560302937e+01	2.012174565564162876e+01	1.994169929309165212e+01	1.965286968894703890e+01	1.912314168883422738e+01	1.988796863893933420e+01	2.009087261727363583e+01	2.014610008766112870e+01	2.018617094037852056e+01	1.976032454840263952e+01	2.008326884428615955e+01	1.957699656522630605e+01	1.946054930115674608e+01	1.969602755176967079e+01	2.953605870710014258e+01	1.979882542579240123e+01	1.987571772359193645e+01	1.952691358987720349e+01	2.014921877649088700e+01	1.970307833973204126e+01	1.992984124618274322e+01	1.983892437574980860e+01	1.992313027275682202e+01	1.928908649313991575e+01	1.939770250922390460e+01	1.988803954290103349e+01	2.044967231665368246e+01	2.024128083977082326e+01	2.014073976944045086e+01	2.044123619663398017e+01	1.942482664582434637e+01	1.974480320963686353e+01	1.977447587280976649e+01	1.949886043856207962e+01	1.989658313760712360e+01	2.016269404930535103e+01	1.968496166360862176e+01	1.952173087116932848e+01	2.040128425947655444e+01	1.974419657660754623e+01	1.990002271479800555e+01	1.923806519407268212e+01	1.970989258062170535e+01	1.983819876040674401e+01
1.949847606197533523e+01	2.043937769441998853e+01	1.956628128140032175e+01	1.965250231548590065e+01	2.008779581508191114e+01	1.971145397558294121e+01	1.992076155991607322e+01	2.007749520121215170e+01	1.995460295882760349e+01	2.016605211575744150e+01	1.982188133118417994e+01	2.037804922086567672e+01	2.064425630100474507e+01	1.975818107307020810e+01	2.026914933980484790e+01	2.041077958189069719e+01	1.989413659901431330e+01	1.991434048247966970e+01	1.945538979439619354e+01	1.983421011978126458e+01	1.979882542579240123e+01	2.929963457744858246e+01	2.014160844070983458e+01	1.982901195492233271e+01	2.003685132521286150e+01	2.008887761082020873e+01	1.994180923618491619e+01	1.999775940839484178e+01	1.990958570025295771e+01	1.971817717264618253e+01	1.967523077575636137e+01	1.991664380891583619e+01	1.999833138390786758e+01	2.036986896688724258e+01	1.984756799080159695e+01	2.034984265441820384e+01	1.970438329097308738e+01	2.012471093996680338e+01	2.025058734451192777e+01	1.958802990317272119e+01	2.027984359736701947e+01	2.019790497344146019e+01	1.987021774544769670e+01	2.043562413315936155e+01	2.068327663431480801e+01	1.994292262322622022e+01	1.980996752717392795e+01	1.964994074468219054e+01	1.991475679054126502e+01	1.967386894926345420e+01
1.999720944164110747e+01	2.071256995922005117e+01	1.997605406030388409e+01	2.058592560832952145e+01	2.039203466022332378e+01	2.034181809087921167e+01	1.980800569278154555e+01	2.057552734946924033e+01	1.993478488817378746e+01	2.043204337390055159e+01	1.982929651619062028e+01	2.095284918539484664e+01	2.064108673832438967e+01	2.048421038351465029e+01	2.062375569599703340e+01	2.039301549251878143e+01	2.018142453270959535e+01	2.020864685999385557e+01	2.019509904809378043e+01	2.005512656983237818e+01	1.987571772359193645e+01	2.014160844070983458e+01	3.010081909001290512e+01	1.975719773111780952e+01	2.104872014685371084e+01	2.004040958833564900e+01	2.071809627986749547e+01	2.026985377760647822e+01	2.035784962950925703e+01	1.992387222155286608e+01	1.986508784156480800e+01	2.044259987042576654e+01	2.055223109802627235e+01	2.041007438188032097e+01	2.032527103617178810e+01	2.075218095219415559e+01	2.017598655770157734e+01	2.055812725196957658e+01	2.028732025704024977e+01	1.991732435383557842e+01	2.074219840192601083e+01	2.050415994554945698e+01	2.020351795416741325e+01	2.027071078594408959e+01	2.084819687876471761e+01	2.022241665564226309e+01	2.063712453113792122e+01	2.002254249433529054e+01	1.999833708875217653e+01	2.010831256878379136e+01
1.968391733468731886e+01	1.958053730510086154e+01	1.972249132028041885e+01	1.992477624450240370e+01	1.969990339408844449e+01	1.998907785241335233e+01	1.979616151499260113e+01	2.013274728662353041e+01	1.972011063014671706e+01	2.013977478632044438e+01	1.958423437916249554e+01	2.010326291093206308e+01	2.003452243680622047e+01	1.987163824962357950e+01	2.006177053064271831e+01	1.970447758538956151e+01	1.990819301630370575e+01	1.968837218037937831e+01	1.976875517057642639e+01	1.945723464173204675e+01	1.952691358987720349e+01	1.982901195492233271e+01	1.975719773111780952e+01	2.926064115571866608e+01	1.998006905128146826e+01	1.990124505043602099e+01	1.984507001777258139e+01	2.012307973959880414e+01	2.008497449020387293e+01	1.938160640977826787e+01	1.967341964165274959e+01	2.002374359381614966e+01	2.003504466705711806e+01	1.983309198495258485e+01	1.957788651499478405e+01	2.023011668826888609e+01	1.949163054113263627e+01	1.970334934849650921e+01	2.004597085495696263e+01	1.961959608500650631e+01	1.995838312305935602e+01	2.003377697086897413e+01	1.957925536787643139e+01	2.000826798378493265e+01	2.032199793677857969e+01	2.011990662317102618e+01	2.006966558783474497e+01	1.935015153428622980e+01	1.994525354352938251e+01	1.981524272076556770e+01
1.983238719680268503e+01	2.057674738169916751e+01	2.000781063180858155e+01	2.046447973992690095e+01	2.008983691697712359e+01	2.028197617249698226e+01	2.004660855004369679e+01	2.056849345492809533e+01	2.002461441338828152e+01	2.055242734996816623e+01	1.982398289907011346e+01	2.087268168328810702e+01	2.075141249499718299e+01	2.054522681661945072e+01	2.062109107514777406e+01	2.049595213190099585e+01	2.032278771872526946e+01	2.016707189110376319e+01	2.049940660050867436e+01	1.976933587430186989e+01	2.014921877649088700e+01	2.003685132521286150e+01	2.104872014685371084e+01	1.998006905128146826e+01	3.016149239892681067e+01	2.019494546831674242e+01	2.053819394431222278e+01	2.066283189475910120e+01	2.047322079906903269e+01	1.990602029037164300e+01	1.991956168767715241e+01	2.017823388247168026e+01	2.061883839552046283e+01	2.030246869926646625e+01	2.054587120388016430e+01	2.111130195265639387e+01	2.049530342277821404e+01	2.035727570811059195e+01	2.017574294441088867e+01	1.999977356348524182e+01	2.040840349870848414e+01	2.123770433673447400e+01	1.974837889111273270e+01	2.049147905791371826e+01	2.091311942588025374e+01	2.055447761306961141e+01	2.050608731826794795e+01	2.005617895799527872e+01	2.019791319802622098e+01	2.036328284842646497e+01
1.955472588198169603e+01	2.008025500596405521e+01	1.987537233597770481e+01	1.956747939428491634e+01	1.985779604993756919e+01	1.952855966413855171e+01	2.004200806923546452e+01	2.036768722634282014e+01	1.972819381918846560e+01	1.974168641701483651e+01	1.987446219407292958e+01	1.997636994601763405e+01	2.047381294236642191e+01	2.035883042697594192e+01	2.009501685895962808e+01	1.984640324350275975e+01	1.971371420471026426e+01	1.984336106519668164e+01	1.937089262235362597e+01	2.003974941355136608e+01	1.970307833973204126e+01	2.008887761082020873e+01	2.004040958833564900e+01	1.990124505043602099e+01	2.019494546831674242e+01	2.947572449599865152e+01	2.001611470848757435e+01	1.997970062501114796e+01	1.985542739389719102e+01	1.955985797364029466e+01	1.942771597275609707e+01	1.993811818526621238e+01	2.042436526370689975e+01	2.027534337921726149e+01	2.003437152246052833e+01	2.073759923931806171e+01	1.972944257000887447e+01	1.997060467639925463e+01	1.998455309551065895e+01	1.953506353738044865e+01	2.010578331540228447e+01	2.026309505073548678e+01	1.961872405718294843e+01	2.024002361353116441e+01	1.986317614312305224e+01	1.996353310309261886e+01	1.958432836799359222e+01	1.976877311251142899e+01	1.948348796036912134e+01	1.973453690175322706e+01
1.988096132746507294e+01	2.078422626431751752e+01	2.001588820018764991e+01	1.974728787055298440e+01	2.031760461043446853e+01	2.001327993369609359e+01	2.000407206284023687e+01	2.064468430450039449e+01	2.011131697704359667e+01	2.026628113987471380e+01	1.977928577505468510e+01	2.033360656640352815e+01	2.095522800092243543e+01	2.073331652693861926e+01	2.070361325463804647e+01	2.028383965785483767e+01	2.079591064873364914e+01	2.011902933685924566e+01	2.052933752956711544e+01	2.046543771922082300e+01	1.992984124618274322e+01	1.994180923618491619e+01	2.071809627986749547e+01	1.984507001777258139e+01	2.053819394431222278e+01	2.001611470848757435e+01	3.009932967516632729e+01	2.039297063755902428e+01	2.067548352417751900e+01	2.007991357516453590e+01	1.983145238142982336e+01	2.030976870733880446e+01	2.086273068450375945e+01	1.990854735057188662e+01	2.022604593693122510e+01	2.082398799992571270e+01	2.032274928561229288e+01	2.071980766717960520e+01	2.045327008286588111e+01	2.028900118414306419e+01	2.039464326596272414e+01	2.058078493911555995e+01	1.999049702373793735e+01	2.031976344218948327e+01	2.091337280704684431e+01	2.035287532669094546e+01	2.031934814135585299e+01	1.990083603971072534e+01	2.063500772829016228e+01	2.028267405571996562e+01
2.011196347597448053e+01	2.066990729157424767e+01	2.002777656598339817e+01	2.001900602890107805e+01	2.035487122151845796e+01	2.015276809914264078e+01	1.945670509109839941e+01	2.065529948730241472e+01	2.009214273238396942e+01	2.047443256729653172e+01	1.961074200801372669e+01	2.064556184832393981e+01	2.060282228517987591e+01	2.011694622169147095e+01	2.020925679411553588e+01	2.043944401303632574e+01	2.041277185576946707e+01	2.023774303354986159e+01	2.002539552554477353e+01	2.013627380411243806e+01	1.983892437574980860e+01	1.999775940839484178e+01	2.026985377760647822e+01	2.012307973959880414e+01	2.066283189475910120e+01	1.997970062501114796e+01	2.039297063755902428e+01	3.076534692841040197e+01	2.061781861609217614e+01	1.978154775663928788e+01	2.001044732507233093e+01	2.012006521295231209e+01	2.083629435275606312e+01	2.056130221955871917e+01	2.020857767338432964e+01	2.066886041424527320e+01	2.005861786031134031e+01	2.012738107928815978e+01	2.044426081372618498e+01	2.014076227844069322e+01	2.071325098526784458e+01	2.101163695103362627e+01	1.989346955877700296e+01	2.059042098267489251e+01	2.041772286592214058e+01	2.073267352044076617e+01	2.022717135176054626e+01	1.990998711377952191e+01	2.011376032675881476e+01	1.967552406878623827e+01
1.969947582124977714e+01	2.035906960597318260e+01	1.976672923420366246e+01	1.999997393950546609e+01	2.041216798450622250e+01	1.989672715041339401e+01	2.023314557192154339e+01	2.095592998258344153e+01	2.027772076903593401e+01	2.019480252361427119e+01	1.941906716603167027e+01	2.059104676329085493e+01	2.060430449818522902e+01	2.030697415498636005e+01	2.063611065003701128e+01	2.028526608407770837e+01	2.003581962349839785e+01	2.023685258289772548e+01	1.986800633237253777e+01	1.981153387961531109e+01	1.992313027275682202e+01	1.990958570025295771e+01	2.035784962950925703e+01	2.008497449020387293e+01	2.047322079906903269e+01	1.985542739389719102e+01	2.067548352417751900e+01	2.061781861609217614e+01	3.048242027119571773e+01	1.998694168835202234e+01	1.958561320220005086e+01	2.031284175995537566e+01	2.100028019011251246e+01	2.020309057399598629e+01	2.004814134958615668e+01	2.076950311465061461e+01	2.013721277700285128e+01	2.050544363984700524e+01	2.028022314534005588e+01	1.960040498885675220e+01	2.032205764003821713e+01	2.049654197454994176e+01	2.005784327596301253e+01	2.076876099872274750e+01	2.059439377566119234e+01	2.040374655940718895e+01	2.008407109417973047e+01	2.004329867731109260e+01	2.021957781714446512e+01	2.011532080351398477e+01
1.924872918173477743e+01	2.035553456455757981e+01	1.936253054536097196e+01	1.952786777298356924e+01	1.975316257038663181e+01	1.987513580533057933e+01	1.923553366983966839e+01	1.969500701722476776e+01	1.960087729501948672e+01	1.965415846160794544e+01	1.926043773775683832e+01	2.021785394902618194e+01	2.002234673724746372e+01	2.009323395094083153e+01	1.987685672255849312e+01	1.950729345517066093e+01	1.976642776192473860e+01	1.957432237222169391e+01	1.955817326381026433e+01	1.956477671783724759e+01	1.928908649313991575e+01	1.971817717264618253e+01	1.992387222155286608e+01	1.938160640977826787e+01	1.990602029037164300e+01	1.955985797364029466e+01	2.007991357516453590e+01	1.978154775663928788e+01	1.998694168835202234e+01	2.909446386583683974e+01	1.953578667655915879e+01	1.943353408432751195e+01	2.013172174007186399e+01	1.937584970638705784e+01	1.973738497802014891e+01	2.001686821588242537e+01	1.947734523107473592e+01	1.973733786374738486e+01	1.987230351779545146e+01	1.940585850063460427e+01	1.977188083139787267e+01	2.019933172598932813e+01	1.978763384914345025e+01	2.008857293186840920e+01	2.023628130558777016e+01	1.967474914925028529e+01	1.952105012258429184e+01	1.941549263773865164e+01	1.946301582901663352e+01	1.951071652904175480e+01
1.922351053755803818e+01	1.986070295271301589e+01	1.991166957756550104e+01	1.962476768624442514e+01	2.028054853517405576e+01	1.953183481503962682e+01	1.949980013275671453e+01	1.993319208434377643e+01	1.959979490308702665e+01	1.981749004075539844e+01	1.915609319671428779e+01	2.013187144355862657e+01	2.029528122714983240e+01	1.986994388190538174e+01	2.020881172423683481e+01	1.953929711422205173e+01	1.991050776582536841e+01	1.952713701469608054e+01	1.926007204897247505e+01	1.955346416168706369e+01	1.939770250922390460e+01	1.967523077575636137e+01	1.986508784156480800e+01	1.967341964165274959e+01	1.991956168767715241e+01	1.942771597275609707e+01	1.983145238142982336e+01	2.001044732507233093e+01	1.958561320220005086e+01	1.953578667655915879e+01	2.916402387177974731e+01	1.971514189453709065e+01	1.981464040367229273e+01	2.006274402003791124e+01	1.958476892885384402e+01	2.061857160548657220e+01	1.965302316789549053e+01	1.958196142791534911e+01	1.999085668789277648e+01	1.967160251170670904e+01	2.014939355632116502e+01	2.001790079401438405e+01	1.961949661351531304e+01	1.973206781257692910e+01	2.013921464858778876e+01	1.999073381829120066e+01	2.010348990055681995e+01	1.941759524582141694e+01	1.937862509656588017e+01	1.960337173071138395e+01
1.966206934260844008e+01	2.050082337777120500e+01	1.988185895170111905e+01	2.026183834321417621e+01	2.028416479774254810e+01	2.018361135366205517e+01	1.986809922410877149e+01	2.068267034956075889e+01	1.992073846590719910e+01	2.008055457881141237e+01	1.970417270585704017e+01	2.041275631116837630e+01	2.032604019302539200e+01	2.006367052107773219e+01	2.029991890231996976e+01	2.020876589598630702e+01	2.002243932231875689e+01	1.961302430761135440e+01	1.969005476867533488e+01	2.018442454616156922e+01	1.988803954290103349e+01	1.991664380891583619e+01	2.044259987042576654e+01	2.002374359381614966e+01	2.017823388247168026e+01	1.993811818526621238e+01	2.030976870733880446e+01	2.012006521295231209e+01	2.031284175995537566e+01	1.943353408432751195e+01	1.971514189453709065e+01	3.012561019687534980e+01	2.045751151442061300e+01	2.051441565961389202e+01	2.011941211368965909e+01	2.056196867175331988e+01	1.992751080685688336e+01	2.051506382484991065e+01	2.015548451203331481e+01	1.982262339640745452e+01	2.009187202070456379e+01	2.063778726594612323e+01	1.970997116406637417e+01	2.032021667007661136e+01	2.041098998658815233e+01	2.022050161440154881e+01	2.016555114739310639e+01	1.974184812313822590e+01	2.015714836264035625e+01	1.990954382739581163e+01
