3.020067058089241385e+01	2.012208547319749030e+01	2.018085493339745540e+01	2.028597093737720058e+01	2.014261971690971365e+01	2.064821245319863152e+01	2.016848575756223028e+01	2.019521620813098650e+01	1.992755505229906277e+01	2.008916146222921384e+01	2.019146242376547917e+01	2.080290697232591413e+01	2.020635182349116477e+01	2.041246966717029920e+01	1.998085386133388397e+01	2.000398539116055119e+01	2.040333275464554319e+01	1.999824754425788953e+01	1.979171495148343851e+01	2.031780593696619164e+01	2.001545680100088376e+01	2.040956439906358710e+01	2.059902834893565071e+01	1.987496233260872458e+01	2.049920659510737053e+01	2.047046898864399012e+01	2.046994818976409647e+01	2.016773383949184151e+01	2.025366593176625685e+01	2.004419427868282000e+01	2.015739507746494752e+01	2.055239810911820442e+01	2.028807594558447747e+01	1.995177289649926067e+01	2.017647914856050306e+01	2.087697626594242095e+01	2.089196107232081800e+01	2.054774080614567922e+01	1.992195960940333777e+01	2.061778387137233537e+01	1.985824979802109880e+01	2.044113361644693683e+01	2.034955934608799666e+01	2.033829672609622463e+01	1.991780750790391963e+01	2.041265028877199583e+01	2.018843626969294291e+01	2.073429984480928212e+01	2.071424131185475659e+01	2.012900833929375111e+01
2.012208547319749030e+01	2.973557168020759534e+01	2.029120662309861700e+01	1.990062769059804992e+01	2.005936280537710203e+01	2.010510668113012755e+01	2.014258276315724316e+01	1.972790371527999653e+01	1.995912229870569377e+01	1.994110176939104306e+01	2.003681519787832954e+01	2.051783635076085233e+01	1.990922159091408616e+01	2.021786190336965561e+01	2.019024653540439118e+01	1.950289923204502784e+01	1.962346882841001516e+01	2.009345880805031115e+01	1.985238867156141396e+01	2.000082509142717058e+01	1.996887382818303536e+01	2.020543959454552763e+01	2.018484423262881577e+01	1.995861952995041477e+01	2.029669379577851274e+01	2.011298752116571720e+01	2.082175295928443504e+01	2.003763160474440852e+01	2.003168769921533965e+01	1.988051531429491803e+01	2.024225852513722401e+01	2.004289018739582673e+01	1.989791153516051025e+01	2.028912344009889424e+01	2.021291069151890696e+01	2.046475403700178219e+01	2.037420924356649365e+01	2.056554228127073003e+01	2.009981671413651938e+01	2.026586145038679021e+01	1.947096914819438851e+01	2.032762756837426465e+01	2.045940688618436454e+01	2.050817945472206816e+01	2.001437042950178125e+01	2.028849166686311634e+01	1.955038186382699195e+01	2.007111015712431978e+01	2.077592347212342716e+01	2.032133917830262604e+01
2.018085493339745540e+01	2.029120662309861700e+01	2.981453674414788679e+01	2.051869036742077768e+01	2.018860638645663741e+01	2.030806944382327117e+01	2.003221698272021811e+01	1.992079327655435961e+01	1.972209375190792713e+01	2.015374257197116492e+01	1.988389172028874441e+01	2.089835595519270228e+01	1.993208693743688897e+01	2.068116206482384101e+01	2.055634848055059649e+01	1.966331096295970227e+01	1.970817524355183536e+01	2.030669774932208327e+01	2.031770181921703156e+01	2.000213478091696118e+01	2.012291506016368103e+01	2.046010996992565367e+01	2.022129515438788161e+01	2.028164304387238914e+01	2.043175603714396971e+01	2.016283410962662970e+01	2.056404707965467082e+01	2.022525796539788345e+01	2.031145433787630594e+01	2.032915359468786320e+01	2.025129157296484550e+01	2.054087697155345182e+01	2.061441594988812653e+01	2.055660907594738873e+01	2.059910752124755007e+01	2.068255667611422766e+01	2.077770820248831640e+01	2.045581884221268254e+01	2.024001757521721245e+01	2.027622418649809788e+01	1.959898547428011994e+01	2.044637628404944252e+01	2.082268644904363697e+01	2.013866101873001924e+01	1.998426770587763102e+01	2.021991562905194684e+01	1.953577894027006678e+01	2.031418874348413794e+01	2.066314048904476053e+01	2.027167288507638787e+01
2.028597093737720058e+01	1.990062769059804992e+01	2.051869036742077768e+01	3.009520970655610128e+01	2.001349995096962786e+01	2.046126829126877666e+01	1.980242475780634592e+01	1.978573414734514202e+01	1.992740875009984691e+01	2.065704947118497614e+01	2.018064981919021861e+01	2.096316189005467479e+01	2.006644560920644338e+01	2.040110558983765188e+01	2.030100675599139848e+01	1.976396386139842321e+01	1.994228763950752281e+01	2.045280750042362428e+01	2.004608339121554295e+01	2.022379027493587600e+01	1.992941309763953939e+01	2.025144380033660951e+01	2.027056307410493119e+01	1.998861337794910042e+01	2.050468804043806870e+01	2.045042320863921148e+01	2.022978185173674959e+01	1.948599664658259201e+01	2.017469725075736520e+01	2.044629851025187151e+01	2.027228916293847050e+01	2.011037307227546478e+01	1.978384956404905637e+01	2.030230615524367721e+01	2.003352508511762409e+01	2.039358853010952188e+01	2.086648161126455747e+01	2.029152427510622658e+01	1.976830193973250971e+01	2.058313606698510867e+01	1.969777121082668003e+01	2.009808263879017787e+01	2.065651894800389599e+01	2.004496444398585453e+01	1.999604028267187772e+01	2.043004894935896232e+01	2.024387211419949040e+01	2.063008370935684965e+01	2.062665365436897247e+01	2.028935905949189689e+01
2.014261971690971365e+01	2.005936280537710203e+01	2.018860638645663741e+01	2.001349995096962786e+01	3.012721269011682779e+01	2.079672362800860697e+01	2.019327600762152741e+01	1.998551376697918514e+01	1.943453360217477055e+01	2.027157946234900621e+01	2.014181242065505018e+01	2.043328814435848528e+01	1.985806517633784196e+01	2.001185689859308425e+01	2.012682972800532255e+01	1.974837140670048186e+01	1.989314432454594694e+01	1.958702635147891513e+01	1.955271494960943812e+01	1.997818286238660690e+01	1.953716575999978033e+01	2.019757511617217460e+01	1.986307262026546283e+01	1.982178835507641779e+01	2.020914433640527008e+01	2.028413540867340714e+01	2.046116103476115811e+01	1.985013619956880149e+01	2.016284623883074545e+01	2.032410672112841610e+01	1.974499269356561726e+01	2.045461868625874402e+01	1.989882239305696388e+01	2.014859627172149104e+01	1.964150691579477837e+01	2.056409324798330829e+01	2.087748380057273678e+01	2.056434903257689939e+01	1.980829422738886336e+01	1.989959234272821931e+01	1.962551687625882479e+01	2.041582473992366786e+01	2.041210442650135803e+01	1.968065322049739052e+01	1.984531843597018863e+01	2.016120357115446282e+01	1.978984725415240220e+01	2.003566819754586703e+01	2.052515903927993790e+01	2.000286946795834808e+01
2.064821245319863152e+01	2.010510668113012755e+01	2.030806944382327117e+01	2.046126829126877666e+01	2.079672362800860697e+01	3.058269793213454690e+01	2.012225000783773510e+01	1.976298381095968537e+01	1.996565425299352725e+01	2.055604656041150236e+01	2.000054509348913001e+01	2.085065513460059705e+01	2.030073033367708035e+01	2.078470728214603369e+01	2.071681509160269030e+01	2.010123247408333214e+01	2.039677658732890109e+01	1.998114049583854168e+01	2.027630647649133522e+01	2.058882571747436074e+01	2.002905808320311465e+01	2.042107347594079059e+01	2.071486948928730598e+01	2.035575975210634070e+01	2.066050464830069799e+01	2.004542167203934611e+01	2.103572673904860935e+01	2.013976631623885183e+01	2.048417540825681371e+01	2.033353129613432841e+01	2.024439215514214752e+01	2.081500519687414652e+01	2.030473995478935834e+01	2.066704836774667342e+01	2.023164705173641664e+01	2.057637236177769324e+01	2.106461119319952502e+01	2.084425730609923377e+01	2.004262349511622432e+01	2.041666413107592604e+01	2.011918059216649013e+01	2.023014648730436704e+01	2.095562621957535399e+01	2.000475532416169244e+01	2.000700503047941226e+01	2.037978724353252957e+01	2.039092649128663481e+01	2.064004132446401840e+01	2.073835944630166139e+01	2.106177134433655951e+01
2.016848575756223028e+01	2.014258276315724316e+01	2.003221698272021811e+01	1.980242475780634592e+01	2.019327600762152741e+01	2.012225000783773510e+01	2.968461377557919434e+01	1.997305391068904257e+01	1.995861956874846044e+01	2.004339864644625280e+01	1.985500034952484683e+01	2.071430172840759099e+01	1.984702441279915774e+01	2.033328278204756856e+01	1.981913890351106389e+01	1.986461697918712943e+01	1.983570633331137856e+01	1.977154459320501445e+01	1.949803721103748799e+01	1.982477073296473336e+01	1.934590897919596131e+01	1.979900750360087969e+01	1.991988129806718888e+01	1.986513774041065972e+01	2.007754157616196977e+01	2.004769761166843267e+01	2.031360785958520054e+01	1.967933542216962195e+01	2.018891297429681941e+01	1.958823075664088265e+01	1.956706361774855552e+01	2.006050645592226189e+01	1.939563771288895211e+01	2.018271839022124681e+01	2.019962007091732303e+01	2.052825030986764787e+01	2.059939298532010099e+01	1.980897891019731816e+01	1.984328609311383929e+01	2.002944918273280805e+01	1.962070390325326130e+01	2.000886562497129972e+01	2.047746431495647457e+01	2.002677761957312441e+01	1.983800434219760689e+01	1.996783121499996483e+01	1.974925817364921699e+01	2.041963706555436886e+01	2.034986250678859676e+01	1.977308373825427879e+01
2.019521620813098650e+01	1.972790371527999653e+01	1.992079327655435961e+01	1.978573414734514202e+01	1.998551376697918514e+01	1.976298381095968537e+01	1.997305391068904257e+01	2.915944007617520484e+01	1.929557207455937018e+01	1.986257108843367547e+01	1.955427138549741883e+01	2.025324455033969429e+01	1.947396075824716988e+01	2.004663920194821358e+01	1.969167004076793503e+01	1.910375956321395208e+01	1.954478962436418854e+01	1.958080837829502130e+01	1.953952120634822620e+01	1.995607957839661850e+01	1.934456772032136485e+01	2.009977251220084682e+01	1.973318648082763715e+01	1.973450600651783304e+01	2.011342162580068660e+01	2.002529744238012555e+01	2.064134097910717358e+01	1.985923609850998517e+01	1.968183959764676771e+01	1.978417002555376669e+01	1.979801766143370401e+01	1.973329542850365570e+01	1.971225897047408182e+01	1.961278068371905547e+01	2.021987875715172933e+01	2.043568626785350872e+01	2.071311377020442634e+01	2.011359808692330020e+01	1.951118122189755155e+01	2.005465718868907388e+01	1.954390924533502627e+01	1.973705204167188754e+01	2.045342801348856909e+01	1.995173768644346879e+01	1.950454691770716664e+01	1.930516871653083300e+01	1.944550330438917385e+01	1.970491296952368643e+01	2.034560673145173482e+01	1.987282506092405399e+01
1.992755505229906277e+01	1.995912229870569377e+01	1.972209375190792713e+01	1.992740875009984691e+01	1.943453360217477055e+01	1.996565425299352725e+01	1.995861956874846044e+01	1.929557207455937018e+01	2.905847037645350994e+01	1.992115748216972904e+01	1.983598276579612829e+01	1.958601116399439590e+01	1.960135607346143516e+01	2.009261448783737336e+01	1.980242299536627115e+01	1.945054603959447448e+01	1.959949800128904940e+01	1.974735509053152072e+01	1.977125771876649907e+01	1.932168724033595808e+01	1.943450070781083738e+01	1.986097849552087169e+01	1.984607840117995181e+01	1.930805212052300490e+01	1.990975239179874379e+01	1.952717851416584693e+01	1.996147950573305252e+01	1.915062112851867582e+01	1.960308502670233111e+01	1.952471730080431200e+01	1.993330636503243980e+01	1.998221053511009515e+01	1.980879172387941267e+01	1.970111444121371846e+01	2.015447985569049649e+01	1.997947051656603534e+01	2.026178710323608811e+01	1.992961170790623626e+01	1.915218856060452879e+01	1.970665525481647151e+01	1.914639030657746233e+01	1.989429010850660262e+01	2.037737884782148257e+01	1.950026833431096662e+01	1.957673259750383465e+01	2.005575811631216965e+01	1.959698190327686973e+01	1.949869079862708787e+01	2.022938102729665388e+01	1.955912048004547188e+01
2.008916146222921384e+01	1.994110176939104306e+01	2.015374257197116492e+01	2.065704947118497614e+01	2.027157946234900621e+01	2.055604656041150236e+01	2.004339864644625280e+01	1.986257108843367547e+01	1.992115748216972904e+01	3.024477915462570721e+01	2.004968351265177873e+01	2.075251015226893259e+01	1.965126492521359225e+01	1.996391298018859572e+01	2.061441967087210969e+01	2.019399153690794790e+01	2.019312870746948008e+01	2.020852432703691193e+01	2.001945311951377704e+01	2.018926157290678702e+01	1.997198574493690870e+01	2.000512508892001051e+01	1.987897113830445406e+01	2.035929848194561131e+01	2.024072186982297694e+01	2.041403898771170944e+01	2.064910907998359590e+01	2.013515255786261449e+01	2.015878976904394548e+01	2.034131161230115836e+01	1.996003258946373649e+01	2.035280344578201195e+01	1.997457187233677445e+01	2.048616202923198770e+01	2.024862977830462896e+01	2.040446269357639864e+01	2.066198998389781138e+01	2.054677330074835595e+01	2.057259335271768208e+01	2.020169608045998544e+01	1.949704127911375906e+01	2.012494488044529461e+01	2.040949045837890097e+01	2.024999039253861000e+01	1.960993040309473656e+01	2.015250851835656221e+01	1.969922586728805669e+01	2.041743687383037908e+01	2.081506000337800799e+01	2.028064474018374952e+01
2.019146242376547917e+01	2.003681519787832954e+01	1.988389172028874441e+01	2.018064981919021861e+01	2.014181242065505018e+01	2.000054509348913001e+01	1.985500034952484683e+01	1.955427138549741883e+01	1.983598276579612829e+01	2.004968351265177873e+01	2.930191810722869761e+01	2.057749613638803510e+01	1.957074434113336991e+01	2.023569652758243365e+01	1.986485706139490404e+01	1.969519815652617467e+01	1.984007856834864825e+01	1.984821723730950538e+01	1.950668221669128855e+01	1.969724122064098282e+01	1.924418785223116402e+01	2.009044181420062358e+01	1.963585990952906002e+01	1.985175473918615197e+01	2.006461619660285223e+01	2.011456073531754640e+01	2.034652291832691873e+01	1.982553461766732994e+01	2.009679883210959872e+01	1.955809133555770885e+01	1.960964830336327580e+01	2.010549166936785781e+01	1.976586411557212486e+01	2.003342162498289625e+01	2.022048692616354870e+01	1.997582864290944116e+01	2.061885792672042328e+01	2.011948313782192344e+01	1.987210507156512662e+01	2.026520739006112848e+01	1.982421912306512013e+01	1.990407252964984153e+01	2.010228016704488851e+01	1.985796322067577080e+01	1.942632046599303663e+01	1.994026331516451833e+01	1.971885217073464247e+01	1.996389074700633159e+01	2.040991990473712292e+01	1.999364839335325073e+01
2.080290697232591413e+01	2.051783635076085233e+01	2.089835595519270228e+01	2.096316189005467479e+01	2.043328814435848528e+01	2.085065513460059705e+01	2.071430172840759099e+01	2.025324455033969429e+01	1.958601116399439590e+01	2.075251015226893259e+01	2.057749613638803510e+01	3.085102422409055833e+01	2.017208079634504614e+01	2.085309256169972869e+01	2.057315748177203929e+01	2.042475212523464023e+01	2.065219419593775996e+01	2.064919961846121410e+01	2.069599430521701677e+01	2.045523433938363667e+01	2.037646701814290751e+01	2.065370262238753796e+01	2.061683897577011493e+01	2.059804919788042810e+01	2.091278620432771262e+01	2.032284964854266462e+01	2.080261054690453548e+01	2.028118415600300395e+01	2.048654362934295392e+01	2.023744084413810995e+01	2.011759378431225187e+01	2.030170030232868683e+01	2.018991740568608506e+01	2.046161903115861946e+01	2.073919750162789910e+01	2.086072444439445661e+01	2.104040214966203592e+01	2.059692897352253382e+01	2.053377638787468484e+01	2.074012234600620985e+01	2.018369865584501710e+01	2.076257579964111954e+01	2.120637672507988825e+01	2.060870861272633192e+01	2.020398090179423889e+01	2.042356683111955462e+01	2.040602871331712365e+01	2.044608478796103768e+01	2.098010552867500778e+01	2.047786610444084943e+01
2.020635182349116477e+01	1.990922159091408616e+01	1.993208693743688897e+01	2.006644560920644338e+01	1.985806517633784196e+01	2.030073033367708035e+01	1.984702441279915774e+01	1.947396075824716988e+01	1.960135607346143516e+01	1.965126492521359225e+01	1.957074434113336991e+01	2.017208079634504614e+01	2.926192425172045830e+01	2.015123231036402274e+01	1.958879434699062472e+01	1.959079154548829749e+01	1.955383346436062197e+01	2.028867768539469552e+01	1.980012182227541828e+01	2.003440176746435952e+01	1.932395737999972596e+01	1.978467139728493862e+01	2.005442031498964894e+01	2.005751861168108974e+01	1.993983613739973393e+01	1.984984971112236707e+01	2.031152905563595112e+01	1.944941039132312000e+01	1.967490959845910936e+01	1.972600205672492635e+01	1.958790241597295179e+01	1.988100530074228089e+01	1.933377280724031522e+01	1.982832149024145352e+01	1.943333421456681265e+01	1.997762164317776623e+01	2.047428265349370591e+01	1.991425147907410675e+01	1.985473927326255605e+01	2.008977556421090682e+01	1.904304121129995764e+01	2.007357220082357685e+01	2.005125550694614844e+01	2.003926153381592101e+01	1.961127547034277541e+01	1.971871055478293044e+01	1.978752503017192765e+01	1.978919858361751594e+01	2.004154624502616855e+01	1.986196979250913941e+01
2.041246966717029920e+01	2.021786190336965561e+01	2.068116206482384101e+01	2.040110558983765188e+01	2.001185689859308425e+01	2.078470728214603369e+01	2.033328278204756856e+01	2.004663920194821358e+01	2.009261448783737336e+01	1.996391298018859572e+01	2.023569652758243365e+01	2.085309256169972869e+01	2.015123231036402274e+01	2.982671120259393760e+01	2.019788728077609363e+01	1.987858248776405290e+01	2.022969210701327469e+01	2.032311134479641623e+01	1.977994918193358842e+01	2.030819598700070117e+01	1.948571056103465082e+01	2.039626390642917286e+01	2.065391431905756647e+01	2.025574328676301405e+01	2.019530547672884424e+01	2.018515702173083071e+01	2.045793651618633646e+01	1.988603307447131741e+01	2.057734458865506255e+01	2.001937765977855577e+01	2.019012948885935543e+01	2.041782059573948516e+01	1.971898870099849432e+01	2.018256761649454134e+01	2.018161086247780744e+01	2.071781290632661410e+01	2.090531921973132512e+01	2.015445666852923523e+01	1.985384238644386556e+01	2.050514234532885283e+01	1.957897139682930288e+01	2.010801105041881698e+01	2.038978261836373207e+01	2.032363928526774188e+01	2.002830538412073835e+01	2.019641146103357698e+01	2.007048439604286116e+01	2.028993104059325248e+01	2.068882959581156200e+01	2.030530624415323615e+01
1.998085386133388397e+01	2.019024653540439118e+01	2.055634848055059649e+01	2.030100675599139848e+01	2.012682972800532255e+01	2.071681509160269030e+01	1.981913890351106389e+01	1.969167004076793503e+01	1.980242299536627115e+01	2.061441967087210969e+01	1.986485706139490404e+01	2.057315748177203929e+01	1.958879434699062472e+01	2.019788728077609363e+01	2.988944466788555587e+01	1.950146715776483575e+01	1.956843574325901614e+01	2.036768569044355814e+01	1.958029792133952895e+01	1.998576959154320321e+01	1.996756543788781002e+01	2.033481164664749485e+01	2.011808652515863471e+01	1.983397896639606373e+01	2.039833819707057927e+01	1.991746043720542758e+01	2.044414970849462421e+01	1.975306869798371778e+01	2.032270587340644141e+01	2.006647111627715319e+01	2.001197522975117948e+01	2.028508664539253914e+01	1.958995905538739635e+01	2.033239178372725320e+01	2.006927178671286427e+01	2.036366107881271503e+01	2.050831152948378744e+01	2.009173305645299834e+01	1.963637424787523145e+01	2.024116430679844214e+01	1.971723761159271859e+01	2.037696334263997855e+01	2.007237978533288469e+01	2.004303886483284103e+01	1.993321945659602434e+01	1.996073811623537608e+01	1.977227707049485161e+01	1.980930349116760780e+01	2.043634373792503212e+01	2.005180836238503517e+01
2.000398539116055119e+01	1.950289923204502784e+01	1.966331096295970227e+01	1.976396386139842321e+01	1.974837140670048186e+01	2.010123247408333214e+01	1.986461697918712943e+01	1.910375956321395208e+01	1.945054603959447448e+01	2.019399153690794790e+01	1.969519815652617467e+01	2.042475212523464023e+01	1.959079154548829749e+01	1.987858248776405290e+01	1.950146715776483575e+01	2.926677204230115237e+01	1.936173609929202044e+01	1.952567538402145431e+01	1.948548621087179811e+01	1.971790528945915000e+01	1.964275115812741745e+01	2.014681992484660000e+01	1.952444315549823983e+01	1.980279655273152173e+01	1.990133151051568561e+01	1.941847909316466314e+01	2.012151902466454700e+01	1.942788663723835185e+01	1.944177197836339133e+01	1.960056325742764471e+01	1.993949723390236528e+01	2.006528626688545813e+01	1.943246827758926187e+01	1.989530950124557407e+01	1.941026275833590020e+01	1.989044995484368172e+01	2.035116315941328935e+01	2.014528839905288393e+01	1.968240064421814850e+01	2.024640681643698770e+01	1.925118522183471015e+01	1.985228117990897800e+01	1.986124796583963814e+01	1.978973852010049228e+01	1.966689622561678163e+01	1.964431091901383297e+01	1.943951248434067480e+01	2.016952938321908206e+01	2.023199507757944460e+01	1.987086291644972036e+01
2.040333275464554319e+01	1.962346882841001516e+01	1.970817524355183536e+01	1.994228763950752281e+01	1.989314432454594694e+01	2.039677658732890109e+01	1.983570633331137856e+01	1.954478962436418854e+01	1.959949800128904940e+01	2.019312870746948008e+01	1.984007856834864825e+01	2.065219419593775996e+01	1.955383346436062197e+01	2.022969210701327469e+01	1.956843574325901614e+01	1.936173609929202044e+01	2.994854140695527178e+01	1.989124629739066563e+01	1.963466636590400327e+01	1.985146756255704759e+01	1.945383903059056863e+01	2.000221607803413448e+01	2.045341869010934488e+01	1.973675274639314736e+01	2.034364381085755369e+01	2.008103437037471650e+01	2.052887906946219232e+01	1.941079613803566772e+01	2.036329287383509978e+01	1.968579607875737736e+01	1.985905675371477486e+01	2.055536536843836615e+01	1.965348437441424778e+01	1.993185136731988294e+01	2.013035085144388603e+01	2.018213907549454333e+01	2.073337216919271953e+01	2.040039507503565730e+01	1.942228643621772122e+01	2.020863037864149803e+01	1.931971946039033483e+01	1.992668887673884370e+01	2.027413489343565445e+01	1.988057062736562841e+01	1.982548663750656814e+01	2.013052710000806655e+01	1.994951772520776601e+01	2.023550850825468217e+01	2.008261356414459442e+01	2.013739381569959264e+01
1.999824754425788953e+01	2.009345880805031115e+01	2.030669774932208327e+01	2.045280750042362428e+01	1.958702635147891513e+01	1.998114049583854168e+01	1.977154459320501445e+01	1.958080837829502130e+01	1.974735509053152072e+01	2.020852432703691193e+01	1.984821723730950538e+01	2.064919961846121410e+01	2.028867768539469552e+01	2.032311134479641623e+01	2.036768569044355814e+01	1.952567538402145431e+01	1.989124629739066563e+01	2.935151072530560512e+01	1.963251829081774602e+01	2.004015780129712354e+01	2.009268281069289941e+01	1.999414984157558806e+01	2.009940160757204808e+01	1.980596891167106932e+01	1.996935696374424296e+01	1.963767497874691159e+01	2.047940169060797189e+01	1.967968619124444984e+01	2.043423212621542362e+01	1.984174919946617166e+01	1.998111858120070039e+01	2.020937853187869138e+01	1.962038410196720406e+01	2.044253888102282346e+01	1.991053420503768834e+01	2.076456304018470789e+01	2.080265669872085255e+01	2.014215967668970464e+01	1.966399334396638210e+01	2.006788348106953634e+01	1.919673411810723707e+01	2.009274757820188384e+01	2.068392731035537579e+01	2.021941008331744882e+01	1.973601777688916314e+01	1.972150133861046584e+01	1.994550323125481839e+01	1.986565593897309867e+01	2.028814148690706887e+01	2.039463066160639215e+01
1.979171495148343851e+01	1.985238867156141396e+01	2.031770181921703156e+01	2.004608339121554295e+01	1.955271494960943812e+01	2.027630647649133522e+01	1.949803721103748799e+01	1.953952120634822620e+01	1.977125771876649907e+01	2.001945311951377704e+01	1.950668221669128855e+01	2.069599430521701677e+01	1.980012182227541828e+01	1.977994918193358842e+01	1.958029792133952895e+01	1.948548621087179811e+01	1.963466636590400327e+01	1.963251829081774602e+01	2.912733607051735163e+01	1.964557752786332401e+01	1.992494989269828309e+01	2.031296983168961390e+01	1.994493089928712948e+01	2.003944452978813828e+01	1.964543789689875197e+01	1.998538764605583040e+01	2.008512818377705855e+01	1.940510630269607617e+01	1.981848267728586421e+01	1.959257267251444290e+01	1.947059279191910264e+01	2.017366082070533295e+01	1.937933616554026273e+01	2.031456590817295194e+01	2.004429334530161810e+01	2.031107338811190743e+01	2.022345898874846171e+01	2.038275378927784942e+01	1.995392341240173906e+01	2.023507260013181153e+01	1.907660186322812379e+01	1.977462609709227692e+01	1.990725957239629551e+01	2.022666775593856414e+01	1.949677890075813735e+01	1.974348364444312764e+01	1.971435053708600549e+01	2.005629350163475522e+01	2.036125394874198236e+01	1.997036973068703958e+01
2.031780593696619164e+01	2.000082509142717058e+01	2.000213478091696118e+01	2.022379027493587600e+01	1.997818286238660690e+01	2.058882571747436074e+01	1.982477073296473336e+01	1.995607957839661850e+01	1.932168724033595808e+01	2.018926157290678702e+01	1.969724122064098282e+01	2.045523433938363667e+01	2.003440176746435952e+01	2.030819598700070117e+01	1.998576959154320321e+01	1.971790528945915000e+01	1.985146756255704759e+01	2.004015780129712354e+01	1.964557752786332401e+01	2.936976197431172508e+01	2.009894226043125443e+01	2.018482751584165413e+01	2.018696680113085762e+01	1.962039646782116975e+01	1.981453316842111789e+01	1.955645924552914039e+01	2.036792054693539455e+01	1.939381628619381104e+01	2.026411335098345035e+01	2.037268649262471243e+01	2.009249008035520490e+01	2.051862159447593470e+01	2.012914904398788352e+01	2.016588763047086985e+01	1.969228143451131885e+01	2.025251342897776752e+01	2.056346629886067134e+01	2.034944479276804685e+01	2.019859968337466682e+01	2.018518957826191951e+01	1.988702771809894543e+01	2.021975756629697329e+01	2.039771776251404845e+01	2.004783585373475319e+01	1.967443807788668408e+01	1.997125356273062735e+01	2.024443690536655538e+01	1.972320068769649737e+01	2.013874688844088112e+01	1.987710808544550645e+01
2.001545680100088376e+01	1.996887382818303536e+01	2.012291506016368103e+01	1.992941309763953939e+01	1.953716575999978033e+01	2.002905808320311465e+01	1.934590897919596131e+01	1.934456772032136485e+01	1.943450070781083738e+01	1.997198574493690870e+01	1.924418785223116402e+01	2.037646701814290751e+01	1.932395737999972596e+01	1.948571056103465082e+01	1.996756543788781002e+01	1.964275115812741745e+01	1.945383903059056863e+01	2.009268281069289941e+01	1.992494989269828309e+01	2.009894226043125443e+01	2.947208117123314253e+01	2.003695526143620498e+01	1.980533061830213271e+01	2.013167233745122786e+01	1.981549714283511676e+01	1.976920975568880579e+01	1.991167210577174984e+01	1.917206314903149078e+01	2.013856922571145702e+01	2.001958903092774378e+01	1.991688428314269643e+01	2.015376649432906575e+01	1.975572562492371631e+01	1.984700411867762426e+01	1.929309625626099844e+01	2.015503461230397875e+01	2.045256161730460676e+01	2.010543403232739479e+01	1.973937490800888028e+01	2.010740344137201774e+01	1.921115949876088536e+01	2.009806918556531841e+01	2.016693605208768858e+01	2.016749235644220306e+01	1.964122519566934599e+01	1.973304179538352443e+01	1.943330863678393072e+01	1.990608928572480352e+01	2.015387046688606532e+01	1.996476616474644672e+01
2.040956439906358710e+01	2.020543959454552763e+01	2.046010996992565367e+01	2.025144380033660951e+01	2.019757511617217460e+01	2.042107347594079059e+01	1.979900750360087969e+01	2.009977251220084682e+01	1.986097849552087169e+01	2.000512508892001051e+01	2.009044181420062358e+01	2.065370262238753796e+01	1.978467139728493862e+01	2.039626390642917286e+01	2.033481164664749485e+01	2.014681992484660000e+01	2.000221607803413448e+01	1.999414984157558806e+01	2.031296983168961390e+01	2.018482751584165413e+01	2.003695526143620498e+01	3.002836601267755512e+01	2.026148677411346100e+01	2.026600175857716479e+01	2.036008556471961839e+01	2.023050271402859224e+01	2.080692510278059615e+01	1.952541578660047250e+01	2.004320589973667666e+01	1.991342101643806473e+01	2.006619418578232583e+01	2.055164857641346643e+01	2.014638811014127384e+01	2.057863594016019704e+01	2.074950872546622094e+01	2.051001506668451668e+01	2.085203316173457821e+01	2.020399352678042248e+01	1.999532247970839194e+01	2.051749884569213833e+01	1.979318821783261484e+01	2.016913936765343962e+01	2.091439870782706834e+01	2.012938291324168105e+01	2.018302872728938269e+01	2.044363403863695794e+01	1.988297576072508832e+01	2.031665125320277454e+01	2.090373987923446464e+01	2.055753029998210835e+01
2.059902834893565071e+01	2.018484423262881577e+01	2.022129515438788161e+01	2.027056307410493119e+01	1.986307262026546283e+01	2.071486948928730598e+01	1.991988129806718888e+01	1.973318648082763715e+01	1.984607840117995181e+01	1.987897113830445406e+01	1.963585990952906002e+01	2.061683897577011493e+01	2.005442031498964894e+01	2.065391431905756647e+01	2.011808652515863471e+01	1.952444315549823983e+01	2.045341869010934488e+01	2.009940160757204808e+01	1.994493089928712948e+01	2.018696680113085762e+01	1.980533061830213271e+01	2.026148677411346100e+01	2.996105453129806406e+01	2.031582161900130146e+01	2.025972047875895043e+01	2.016833877830674382e+01	2.082972424445158310e+01	1.987543833884924638e+01	2.033051820810569055e+01	2.018670095950149346e+01	1.988162563747056311e+01	2.033510529579489656e+01	2.010313506910783588e+01	2.030722692296683363e+01	2.020141563116069960e+01	2.055926736217202944e+01	2.052714382850881947e+01	2.054588255435500344e+01	1.967984798462097018e+01	2.044332992221427148e+01	1.956892022192044323e+01	2.051465282073942120e+01	2.057788477544406902e+01	2.027599738242050620e+01	1.984385277316708240e+01	2.017462617830526739e+01	1.980542672103964463e+01	2.037062805251343178e+01	2.069921688991532349e+01	2.051536340053266727e+01
1.987496233260872458e+01	1.995861952995041477e+01	2.028164304387238914e+01	1.998861337794910042e+01	1.982178835507641779e+01	2.035575975210634070e+01	1.986513774041065972e+01	1.973450600651783304e+01	1.930805212052300490e+01	2.035929848194561131e+01	1.985175473918615197e+01	2.059804919788042810e+01	2.005751861168108974e+01	2.025574328676301405e+01	1.983397896639606373e+01	1.980279655273152173e+01	1.973675274639314736e+01	1.980596891167106932e+01	2.003944452978813828e+01	1.962039646782116975e+01	2.013167233745122786e+01	2.026600175857716479e+01	2.031582161900130146e+01	2.979056035916863010e+01	1.990313817207174552e+01	1.986017096935477610e+01	1.997405468095594117e+01	1.999468743080766231e+01	2.004331742809997507e+01	1.996843586352560962e+01	2.018499771008692534e+01	2.044394838455437124e+01	2.001181741270900361e+01	1.994647893283042706e+01	1.984796064557877315e+01	2.044704645494778816e+01	2.037477951380503782e+01	2.028380222731603055e+01	1.957367102513814672e+01	2.022854120304643288e+01	1.932677396346121057e+01	2.024569875048447187e+01	2.044659471556893138e+01	2.016103945583488510e+01	1.945298027684748732e+01	2.018935989563653877e+01	1.967827215816882713e+01	2.036867389926656458e+01	2.072434286461516706e+01	2.029233965586796629e+01
2.049920659510737053e+01	2.029669379577851274e+01	2.043175603714396971e+01	2.050468804043806870e+01	2.020914433640527008e+01	2.066050464830069799e+01	2.007754157616196977e+01	2.011342162580068660e+01	1.990975239179874379e+01	2.024072186982297694e+01	2.006461619660285223e+01	2.091278620432771262e+01	1.993983613739973393e+01	2.019530547672884424e+01	2.039833819707057927e+01	1.990133151051568561e+01	2.034364381085755369e+01	1.996935696374424296e+01	1.964543789689875197e+01	1.981453316842111789e+01	1.981549714283511676e+01	2.036008556471961839e+01	2.025972047875895043e+01	1.990313817207174552e+01	2.947298656053526855e+01	2.039025700771172822e+01	2.042784227773557859e+01	1.957307806312784138e+01	2.008467042263782787e+01	2.004045382269970688e+01	2.012778158521672012e+01	1.989369219845675829e+01	1.985259792305238591e+01	2.012205842039310966e+01	2.048471351376013772e+01	2.079143693929191627e+01	2.038922499700825242e+01	1.990960320995724331e+01	2.001273238988387604e+01	2.054992538948972580e+01	1.951742380268183297e+01	2.044314970306538015e+01	2.063288099580941903e+01	2.017627212970385386e+01	2.017261873838566899e+01	2.033039177132074116e+01	2.001347916865137222e+01	2.017401422400771338e+01	2.044612241911749706e+01	2.032155547783265703e+01
2.047046898864399012e+01	2.011298752116571720e+01	2.016283410962662970e+01	2.045042320863921148e+01	2.028413540867340714e+01	2.004542167203934611e+01	2.004769761166843267e+01	2.002529744238012555e+01	1.952717851416584693e+01	2.041403898771170944e+01	2.011456073531754640e+01	2.032284964854266462e+01	1.984984971112236707e+01	2.018515702173083071e+01	1.991746043720542758e+01	1.941847909316466314e+01	2.008103437037471650e+01	1.963767497874691159e+01	1.998538764605583040e+01	1.955645924552914039e+01	1.976920975568880579e+01	2.023050271402859224e+01	2.016833877830674382e+01	1.986017096935477610e+01	2.039025700771172822e+01	2.933736290346510955e+01	2.048705285219154248e+01	1.972545419487609308e+01	1.983760380531067824e+01	1.985079953630188854e+01	1.992908179357701215e+01	2.015353270761315940e+01	1.992360601810850440e+01	2.011672320452513318e+01	2.012713590218463366e+01	2.068076509422191833e+01	2.077343638261939418e+01	2.026989626612093076e+01	1.976226270615979885e+01	2.019959640050367256e+01	1.937150942626988837e+01	1.998731787531699311e+01	2.027871331034993929e+01	1.996239151292492409e+01	1.988955579140909080e+01	2.016877737419360983e+01	1.993945867533385297e+01	2.014815528018411328e+01	2.055380559037267574e+01	2.000133247764425093e+01
2.046994818976409647e+01	2.082175295928443504e+01	2.056404707965467082e+01	2.022978185173674959e+01	2.046116103476115811e+01	2.103572673904860935e+01	2.031360785958520054e+01	2.064134097910717358e+01	1.996147950573305252e+01	2.064910907998359590e+01	2.034652291832691873e+01	2.080261054690453548e+01	2.031152905563595112e+01	2.045793651618633646e+01	2.044414970849462421e+01	2.012151902466454700e+01	2.052887906946219232e+01	2.047940169060797189e+01	2.008512818377705855e+01	2.036792054693539455e+01	1.991167210577174984e+01	2.080692510278059615e+01	2.082972424445158310e+01	1.997405468095594117e+01	2.042784227773557859e+01	2.048705285219154248e+01	3.099382725778121994e+01	2.015940000820989297e+01	2.035207961326749881e+01	1.997669515241181415e+01	2.029117004504659150e+01	2.063637917174587244e+01	2.007078029794175578e+01	2.022211353655720956e+01	2.088375683713090325e+01	2.110730995295131862e+01	2.111695378714754412e+01	2.088191607876222022e+01	2.059732298239541137e+01	2.083327155474089665e+01	2.010706944886746328e+01	2.089081198443863485e+01	2.079084978584168653e+01	2.039296948599946191e+01	2.053821512038757646e+01	2.032663846025238641e+01	2.006050817259004759e+01	2.061818074803631617e+01	2.127583759517788664e+01	2.052657570209801108e+01
2.016773383949184151e+01	2.003763160474440852e+01	2.022525796539788345e+01	1.948599664658259201e+01	1.985013619956880149e+01	2.013976631623885183e+01	1.967933542216962195e+01	1.985923609850998517e+01	1.915062112851867582e+01	2.013515255786261449e+01	1.982553461766732994e+01	2.028118415600300395e+01	1.944941039132312000e+01	1.988603307447131741e+01	1.975306869798371778e+01	1.942788663723835185e+01	1.941079613803566772e+01	1.967968619124444984e+01	1.940510630269607617e+01	1.939381628619381104e+01	1.917206314903149078e+01	1.952541578660047250e+01	1.987543833884924638e+01	1.999468743080766231e+01	1.957307806312784138e+01	1.972545419487609308e+01	2.015940000820989297e+01	2.900012522115192581e+01	1.966542160777011361e+01	1.918644390602157657e+01	1.950620313872341427e+01	1.987269737061754427e+01	1.923054980926544744e+01	1.983916842862406327e+01	1.977488646842179065e+01	2.023608397426877659e+01	2.028918105995415644e+01	1.989253926448466103e+01	1.936259646143304636e+01	2.004408320484054329e+01	1.915315721694001994e+01	1.979275847134525179e+01	2.018594133678935876e+01	1.972236569395735728e+01	1.918450157233423781e+01	1.996705777917663838e+01	1.956131651682965611e+01	1.916491786512905549e+01	2.028168434002514076e+01	2.001732266844236818e+01
2.025366593176625685e+01	2.003168769921533965e+01	2.031145433787630594e+01	2.017469725075736520e+01	2.016284623883074545e+01	2.048417540825681371e+01	2.018891297429681941e+01	1.968183959764676771e+01	1.960308502670233111e+01	2.015878976904394548e+01	2.009679883210959872e+01	2.048654362934295392e+01	1.967490959845910936e+01	2.057734458865506255e+01	2.032270587340644141e+01	1.944177197836339133e+01	2.036329287383509978e+01	2.043423212621542362e+01	1.981848267728586421e+01	2.026411335098345035e+01	2.013856922571145702e+01	2.004320589973667666e+01	2.033051820810569055e+01	2.004331742809997507e+01	2.008467042263782787e+01	1.983760380531067824e+01	2.035207961326749881e+01	1.966542160777011361e+01	3.001457676537388153e+01	2.005901617326967923e+01	2.011905839707923960e+01	2.032808870741239460e+01	1.986256042736613026e+01	2.036098137105124195e+01	2.020598261888527958e+01	2.068960753043998579e+01	2.075047750540829838e+01	2.044827860671923503e+01	1.977898520445736352e+01	2.051086091387282906e+01	1.913875749644645552e+01	2.024234072775197646e+01	2.067309825230280751e+01	2.036666495095098028e+01	1.983400398507265194e+01	2.047526724351790506e+01	1.994763500215339747e+01	2.024213879045877462e+01	2.069554573258916008e+01	2.023917054328944332e+01
2.004419427868282000e+01	1.988051531429491803e+01	2.032915359468786320e+01	2.044629851025187151e+01	2.032410672112841610e+01	2.033353129613432841e+01	1.958823075664088265e+01	1.978417002555376669e+01	1.952471730080431200e+01	2.034131161230115836e+01	1.955809133555770885e+01	2.023744084413810995e+01	1.972600205672492635e+01	2.001937765977855577e+01	2.006647111627715319e+01	1.960056325742764471e+01	1.968579607875737736e+01	1.984174919946617166e+01	1.959257267251444290e+01	2.037268649262471243e+01	2.001958903092774378e+01	1.991342101643806473e+01	2.018670095950149346e+01	1.996843586352560962e+01	2.004045382269970688e+01	1.985079953630188854e+01	1.997669515241181415e+01	1.918644390602157657e+01	2.005901617326967923e+01	2.950684346698398741e+01	1.998239369905767049e+01	1.991211860795942101e+01	2.010490747787232024e+01	2.029709570951035857e+01	2.012204104305146757e+01	2.043734299524365383e+01	2.049446909290582042e+01	2.010959828538578975e+01	1.955622760858490494e+01	2.002428960125040192e+01	1.935776921228449510e+01	2.019541342267224593e+01	2.072445472558159452e+01	2.004542546938568748e+01	1.957946356950013467e+01	1.987214813935840851e+01	1.976866749645131094e+01	2.022628344886782514e+01	2.057676942825523270e+01	1.976227838200861697e+01
2.015739507746494752e+01	2.024225852513722401e+01	2.025129157296484550e+01	2.027228916293847050e+01	1.974499269356561726e+01	2.024439215514214752e+01	1.956706361774855552e+01	1.979801766143370401e+01	1.993330636503243980e+01	1.996003258946373649e+01	1.960964830336327580e+01	2.011759378431225187e+01	1.958790241597295179e+01	2.019012948885935543e+01	2.001197522975117948e+01	1.993949723390236528e+01	1.985905675371477486e+01	1.998111858120070039e+01	1.947059279191910264e+01	2.009249008035520490e+01	1.991688428314269643e+01	2.006619418578232583e+01	1.988162563747056311e+01	2.018499771008692534e+01	2.012778158521672012e+01	1.992908179357701215e+01	2.029117004504659150e+01	1.950620313872341427e+01	2.011905839707923960e+01	1.998239369905767049e+01	2.934945737244494168e+01	2.010070894661299690e+01	1.992977126612915484e+01	1.981694874902137826e+01	2.026554270225787846e+01	2.013604570806496596e+01	2.073287074032336719e+01	1.984021291450891766e+01	1.979641874527873568e+01	2.007856173375123987e+01	1.932829153106454356e+01	2.009584098573985500e+01	2.043244510029444783e+01	2.003128042494905969e+01	1.978372278543160689e+01	1.984192109452827069e+01	1.969763141487216274e+01	1.996116242128909946e+01	2.026036124994476850e+01	2.038956680601807392e+01
2.055239810911820442e+01	2.004289018739582673e+01	2.054087697155345182e+01	2.011037307227546478e+01	2.045461868625874402e+01	2.081500519687414652e+01	2.006050645592226189e+01	1.973329542850365570e+01	1.998221053511009515e+01	2.035280344578201195e+01	2.010549166936785781e+01	2.030170030232868683e+01	1.988100530074228089e+01	2.041782059573948516e+01	2.028508664539253914e+01	2.006528626688545813e+01	2.055536536843836615e+01	2.020937853187869138e+01	2.017366082070533295e+01	2.051862159447593470e+01	2.015376649432906575e+01	2.055164857641346643e+01	2.033510529579489656e+01	2.044394838455437124e+01	1.989369219845675829e+01	2.015353270761315940e+01	2.063637917174587244e+01	1.987269737061754427e+01	2.032808870741239460e+01	1.991211860795942101e+01	2.010070894661299690e+01	3.028587905554796933e+01	2.011348879701498404e+01	2.032543932301202716e+01	2.002698506229134878e+01	2.088594509296362034e+01	2.091199462214268934e+01	2.025551323994014297e+01	1.961504213391702223e+01	2.054899491518765586e+01	1.967725096716981525e+01	2.036835157284470199e+01	2.073869916657129053e+01	2.041568603418725303e+01	1.981091124239628343e+01	2.054797022785514571e+01	1.981692462447657732e+01	2.022103710497548690e+01	2.067969751545313883e+01	2.049910879235319783e+01
