2.915159297500656876e+01	1.963879493732732939e+01	1.965696613522473868e+01	2.009893720219290358e+01	1.965820114826855658e+01	1.976609670868948498e+01	1.970791865323633374e+01	2.004307533544721309e+01	1.966221769051199075e+01	1.946474133492632319e+01	1.974397231917152240e+01	1.970994102227307465e+01	1.938882484817922958e+01	1.968896524354765631e+01	2.007337724929787015e+01	2.034217971344077824e+01	2.026927153552397343e+01	2.001946215487768299e+01	1.977740556748608469e+01	1.984189151081690028e+01	2.015034768081805083e+01	2.002396081445806431e+01	1.952919726137050560e+01	2.004653229541216675e+01	1.968131685063250558e+01	1.963248258218188980e+01	2.007476843094339358e+01	1.904825676679915247e+01	1.996644142301836666e+01	1.983102824672720388e+01	2.024115966599880423e+01	1.992214751647785675e+01	2.001245679448398462e+01	1.979186618456126467e+01	1.948253273273884645e+01	1.971789915234496604e+01	2.043928053528303224e+01	1.945474078335994506e+01	1.960675985444412817e+01	1.989914905855881244e+01	1.917172561491726412e+01	1.883032810072108987e+01	2.003845301705229076e+01	1.993244574160016214e+01	1.979585535989802025e+01	2.026203874949312578e+01	1.996548656952495904e+01	1.947241033345127903e+01	1.987933810755876252e+01	1.982077607237591366e+01
1.963879493732732939e+01	2.930438224715162931e+01	1.969180075115196971e+01	2.002329830644293551e+01	2.007270387891952268e+01	1.972016858848416021e+01	1.975991866443710876e+01	2.041998237860552479e+01	1.968829702672094939e+01	1.985654943252794169e+01	1.966065537429146204e+01	1.928092035879883070e+01	1.928863547661424249e+01	1.965469042732059890e+01	1.995751703509523978e+01	2.006086519863539053e+01	2.003164234294906265e+01	2.035041657045193020e+01	1.991898988545948157e+01	1.992910469675442542e+01	2.058223377647269103e+01	1.971648696359088859e+01	1.949184298397801030e+01	1.985077426160843928e+01	1.988979548630723926e+01	1.959734633725470232e+01	1.993699405281581960e+01	1.941560960821788484e+01	2.009718809736171252e+01	1.971018096487859594e+01	2.053757826496481798e+01	2.037074632980194622e+01	2.030444760635316115e+01	1.957163524128185728e+01	1.932471567677785274e+01	1.975410959877304151e+01	2.027411884753127680e+01	1.997804394925818627e+01	2.000036108459421769e+01	1.971118917210961996e+01	1.925978073638424704e+01	1.927836622261152044e+01	2.007319182407036706e+01	2.031239850959970994e+01	2.010366895701875123e+01	2.040008606588641626e+01	1.973283039933924243e+01	1.961092554287482415e+01	1.994993075366475566e+01	1.978429826253399071e+01
1.965696613522473868e+01	1.969180075115196971e+01	2.950161623053469739e+01	1.991025510149798805e+01	1.971962931609823144e+01	1.990919286853355175e+01	2.013204867731586845e+01	2.075205383859665176e+01	1.970718490719659854e+01	2.039090001476138170e+01	1.966676703237228097e+01	1.966933207025410368e+01	1.942723775773577799e+01	1.978231303628205495e+01	1.985189301186364474e+01	2.009457160518196517e+01	2.009671323305673241e+01	1.965508176388100736e+01	2.000179689808595640e+01	1.993967699296940665e+01	2.011702994622350360e+01	2.022479345546897278e+01	1.930764581633146193e+01	1.972488425105751375e+01	1.972005626303772630e+01	1.951020541603854852e+01	2.023506240624759656e+01	1.901024877413956915e+01	2.029266957949202776e+01	1.996174431341580657e+01	2.025974844791248941e+01	2.015487450269223757e+01	2.030806576540727093e+01	1.952697392900902074e+01	1.936200535069896134e+01	1.995199566814849135e+01	2.006783598866781659e+01	2.003844670370689229e+01	1.983493230087251646e+01	2.013672061009281222e+01	1.945748402879547001e+01	1.917308290944497884e+01	2.013243138767657570e+01	1.998629219804262647e+01	1.994756654604740476e+01	2.021766422228625970e+01	2.013766400305459214e+01	1.947603490566751461e+01	2.039364889580643947e+01	2.004592091386906105e+01
2.009893720219290358e+01	2.002329830644293551e+01	1.991025510149798805e+01	2.995888999311741330e+01	1.996285093561567692e+01	1.999719438547526806e+01	2.008998031839534448e+01	2.035174250567450471e+01	1.993868364911799063e+01	1.998407834328302712e+01	1.986555769310409758e+01	1.994830710677909380e+01	1.986133087470037140e+01	1.960635235967687606e+01	2.043107929908479292e+01	2.016813740788878206e+01	2.049112605460063818e+01	2.006678883628228505e+01	1.978572639305772896e+01	2.010352268832540545e+01	2.024230594558004981e+01	2.039237016919932799e+01	1.998209900046229137e+01	2.016454155851676688e+01	1.998836765458113973e+01	1.970361083401094504e+01	2.019743209499841186e+01	1.933177026058998038e+01	2.027237987887440696e+01	2.034393952346601964e+01	2.051564462584497761e+01	2.017194258138387397e+01	2.061684885009755419e+01	2.004508398358958132e+01	1.951536873929987337e+01	2.017817629692830295e+01	1.991917919326738939e+01	2.024461899311899771e+01	2.016322530602316476e+01	2.005735548608610586e+01	1.942277751715393208e+01	1.967592158385171075e+01	2.015939319143646102e+01	2.033678878608820284e+01	2.043498394381608563e+01	2.028841034418363165e+01	2.036308944525448794e+01	1.989268596316907889e+01	2.040707636345306142e+01	2.056680762001693807e+01
1.965820114826855658e+01	2.007270387891952268e+01	1.971962931609823144e+01	1.996285093561567692e+01	3.001983807192488740e+01	1.956152524203545795e+01	1.966927260091750895e+01	2.047030938645639964e+01	2.036927354831233927e+01	2.005958403364151366e+01	1.976241197955407358e+01	2.009564962716165581e+01	1.962970035490647902e+01	1.980853253559260807e+01	2.031130502509970981e+01	1.991308643219274188e+01	2.003212163311008354e+01	1.980011643039487979e+01	2.005116165186422350e+01	1.984012486834594924e+01	2.039295071536585624e+01	1.988325087159508797e+01	2.000856276875925488e+01	1.983300881967023344e+01	1.965673775565417358e+01	1.975119442753757326e+01	2.004477817231268943e+01	1.943243364808177986e+01	2.016295917843267915e+01	2.000186036072242146e+01	2.058901556997353310e+01	2.023509342074758877e+01	2.056581258269893198e+01	1.976089147881580033e+01	1.948818869292488998e+01	1.996414631657930983e+01	2.063526683574763254e+01	1.996312117340918846e+01	1.975878301564667794e+01	1.937663763533008066e+01	1.908593603349079260e+01	1.972467450231401997e+01	2.035483683012107292e+01	2.061451984168808949e+01	1.993025500249752824e+01	2.009846844710610370e+01	2.027632506378469301e+01	1.957454857415352834e+01	2.019195023157775637e+01	1.977891208337111451e+01
1.976609670868948498e+01	1.972016858848416021e+01	1.990919286853355175e+01	1.999719438547526806e+01	1.956152524203545795e+01	2.955652416155028561e+01	2.003653036262343079e+01	1.994681838410943442e+01	1.984150174915402687e+01	1.980153449288273393e+01	2.014042040157308477e+01	2.002633735843806306e+01	1.938341776930596438e+01	1.966450815593821844e+01	1.975162374592490266e+01	2.018607515220418946e+01	1.982700291238229440e+01	1.985708308159866320e+01	1.993724042378872596e+01	2.041649732710710552e+01	2.042457595769751322e+01	2.009767801465491743e+01	1.955917930019015927e+01	1.979339291151354274e+01	1.964491873983155301e+01	1.978874781480970313e+01	2.035302349422455492e+01	1.922545762583365203e+01	1.991473136655733001e+01	1.963830295597484721e+01	2.050372696999362176e+01	2.043265982848302897e+01	2.045652879720836026e+01	2.004333054351310039e+01	1.961478949379032954e+01	1.973571903371749769e+01	1.965952372192948872e+01	2.011354880838704773e+01	2.032664359217162087e+01	1.952078200123576579e+01	1.948244176604105604e+01	1.935806467609556591e+01	2.027916183007991080e+01	2.010261178645151858e+01	2.023505530244253947e+01	1.994206388022368159e+01	1.962426756754944890e+01	1.978736220988052708e+01	2.023890741115038239e+01	1.993274695409522579e+01
1.970791865323633374e+01	1.975991866443710876e+01	2.013204867731586845e+01	2.008998031839534448e+01	1.966927260091750895e+01	2.003653036262343079e+01	2.990281234845939551e+01	2.021286762022326045e+01	2.009093352708293878e+01	2.027075838186019041e+01	1.959917228369233655e+01	2.017039353188291528e+01	1.954827353561423209e+01	1.997363763895985755e+01	2.028748754822960620e+01	1.998526275576476863e+01	2.015864358053927674e+01	2.009772070265095678e+01	1.995278265518187766e+01	2.005842408761990114e+01	1.997519418203558672e+01	2.026992610549894636e+01	1.916459288915218551e+01	1.992107785798811648e+01	2.001172132267023684e+01	1.998015808639452828e+01	2.045877770619209812e+01	1.972935108726698061e+01	1.977588986366109935e+01	1.992400242342976568e+01	2.036084861448784267e+01	2.063339085251529781e+01	1.991129383642201844e+01	2.019088626923740293e+01	1.950384667745661460e+01	1.999245590406356499e+01	2.004435864221791874e+01	2.007850452210579917e+01	2.016549945064300076e+01	2.001152903836638686e+01	1.954777048983635623e+01	1.950348312589934707e+01	2.026467156526783242e+01	2.021717831287733347e+01	2.022682930347200880e+01	2.011827470603550339e+01	2.011577570959015304e+01	1.988987397020376591e+01	2.038561601693142578e+01	2.013689139527280147e+01
2.004307533544721309e+01	2.041998237860552479e+01	2.075205383859665176e+01	2.035174250567450471e+01	2.047030938645639964e+01	1.994681838410943442e+01	2.021286762022326045e+01	3.087416286063805870e+01	2.027681567352286507e+01	2.050385688562477071e+01	1.986991930936227035e+01	2.037173205478759996e+01	1.985995829955600556e+01	2.011495047869514607e+01	2.068817677065795380e+01	2.026978695964749377e+01	2.053966273907865414e+01	2.052520533851213713e+01	2.021199525767233141e+01	2.060836796856168718e+01	2.065508318313481340e+01	2.078986224644825853e+01	1.996436189804701655e+01	2.032448219680516743e+01	1.996595006031868991e+01	2.022757567445005833e+01	2.054105872073283123e+01	1.969520423310154911e+01	2.030424452210005271e+01	2.009875374852923002e+01	2.073352619705065436e+01	2.045365170459744775e+01	2.065177042690607223e+01	2.043650148877113537e+01	1.958753047418100479e+01	2.038894612434315334e+01	2.049125416632218588e+01	2.029750327807743915e+01	2.025260306206596184e+01	2.072566426534947226e+01	1.956653060843193970e+01	1.987354392319452145e+01	2.046763835321101865e+01	2.050365681699343412e+01	2.037526732007996344e+01	2.065614656771577629e+01	2.047727434659536883e+01	1.973483938956301387e+01	2.022526262329903801e+01	2.066914010159886672e+01
1.966221769051199075e+01	1.968829702672094939e+01	1.970718490719659854e+01	1.993868364911799063e+01	2.036927354831233927e+01	1.984150174915402687e+01	2.009093352708293878e+01	2.027681567352286507e+01	2.990947665974603353e+01	2.043153737414003857e+01	1.962356326534355588e+01	2.028604112127800008e+01	1.947533009550325644e+01	1.964134294182854390e+01	1.996288687209147383e+01	1.993834148585722943e+01	2.019452918555198195e+01	2.003482542000086397e+01	1.970338183776296503e+01	2.015205054996273049e+01	2.028310061119196561e+01	1.982483778943168673e+01	1.982044508169269292e+01	1.960567930517137469e+01	1.988434390585297962e+01	1.984242898265948085e+01	1.972935999663222262e+01	1.938321728381427533e+01	1.975147717273307535e+01	1.992294181506053619e+01	2.069142005794914141e+01	2.007784123563690670e+01	1.994382471807515600e+01	1.998883737765112301e+01	1.919276597874623036e+01	1.991020114949761677e+01	2.001336157062918986e+01	1.983603237430968846e+01	2.011876107449764817e+01	2.008181443035109126e+01	1.939603388324669453e+01	1.961877160811942744e+01	2.004248714205267490e+01	2.019793166007598018e+01	1.983135225591361461e+01	2.020390296667269325e+01	1.957561590795195627e+01	1.942125539261432365e+01	2.035315192925215655e+01	2.007760138815797646e+01
1.946474133492632319e+01	1.985654943252794169e+01	2.039090001476138170e+01	1.998407834328302712e+01	2.005958403364151366e+01	1.980153449288273393e+01	2.027075838186019041e+01	2.050385688562477071e+01	2.043153737414003857e+01	3.044031899355661963e+01	1.968106806063084235e+01	1.967997601320266199e+01	1.975435360698474696e+01	1.986829175084351107e+01	2.040138196271512072e+01	2.011915690021803726e+01	2.012866649632870519e+01	2.025095577542705527e+01	2.015564978986760991e+01	2.016888878435636911e+01	2.037579147076221631e+01	1.980618085594734268e+01	1.987040260220318544e+01	2.028445635537923408e+01	1.991787456307437054e+01	2.006762403768056657e+01	2.038043500239092864e+01	1.975514654315317387e+01	2.037549874311996589e+01	1.979699726116277603e+01	2.039707227054720207e+01	2.015083856618802471e+01	2.027162874662660386e+01	2.034625671883619091e+01	1.956808357503747686e+01	2.008028050685335586e+01	2.034425821442535920e+01	1.998248828886474726e+01	2.010980357314821632e+01	2.040374171114881108e+01	1.933516348058423162e+01	1.966699554571960817e+01	2.033824300499556159e+01	2.023157725382263195e+01	2.003634170413406679e+01	2.044881193686656573e+01	2.047711984581516376e+01	1.964743777612028808e+01	2.034545699893450887e+01	2.007961861560859873e+01
1.974397231917152240e+01	1.966065537429146204e+01	1.966676703237228097e+01	1.986555769310409758e+01	1.976241197955407358e+01	2.014042040157308477e+01	1.959917228369233655e+01	1.986991930936227035e+01	1.962356326534355588e+01	1.968106806063084235e+01	2.936639429047353289e+01	1.963030975782709220e+01	1.923528120292611021e+01	1.975956941732570371e+01	1.987901168825739262e+01	1.975892604842846723e+01	1.978078782722449702e+01	1.958719036565480920e+01	1.932418733958230206e+01	1.962332172599209912e+01	1.995102420591153347e+01	2.019679617704426633e+01	1.948532531099326448e+01	1.943846899970086284e+01	1.976824193166122612e+01	1.989717895171400031e+01	1.979443593601097007e+01	1.982067061666745289e+01	1.977769902108242306e+01	1.986217924193774209e+01	2.017807802112257676e+01	2.016822640301526093e+01	2.027302578096731978e+01	1.967365423138478775e+01	1.955180296363978698e+01	1.975128611308763027e+01	1.990120330554278283e+01	2.001151502500966828e+01	1.977950445765473475e+01	1.984453269692603072e+01	1.908294218623987604e+01	1.931860915929200928e+01	1.984293793140776074e+01	2.030098055392444323e+01	2.008354163370089651e+01	2.004965957970371804e+01	2.001272546583706458e+01	1.914646995295948528e+01	1.998693299294448877e+01	2.002832563274759181e+01
1.970994102227307465e+01	1.928092035879883070e+01	1.966933207025410368e+01	1.994830710677909380e+01	2.009564962716165581e+01	2.002633735843806306e+01	2.017039353188291528e+01	2.037173205478759996e+01	2.028604112127800008e+01	1.967997601320266199e+01	1.963030975782709220e+01	2.970655635358397006e+01	2.001230432747032850e+01	1.969112315643764077e+01	2.012365845861282665e+01	2.015199725628267657e+01	2.012033060108488058e+01	2.018530596954792955e+01	1.997997038388542279e+01	2.026811520029864866e+01	2.028864246313389685e+01	2.011966043803906246e+01	1.954988036643485572e+01	1.998116189535429399e+01	1.967208444256282718e+01	1.983000318424038255e+01	2.038866099336909343e+01	1.927788479519420051e+01	2.025367743079971916e+01	1.977027602269930995e+01	2.032432365860837464e+01	2.036543054241699124e+01	2.010425260941847725e+01	1.963599766750888520e+01	1.946816092926035324e+01	1.973737803987062378e+01	2.011111748113273379e+01	1.998810732341001284e+01	2.019534605851213271e+01	2.034089167149482691e+01	1.958082695691111752e+01	1.963262950439290933e+01	2.009908492183764039e+01	2.023102415689466937e+01	2.002712029691081597e+01	2.005464321438358510e+01	2.035006486286023275e+01	1.958199111872488274e+01	2.015110734777642776e+01	2.009400717089655686e+01
1.938882484817922958e+01	1.928863547661424249e+01	1.942723775773577799e+01	1.986133087470037140e+01	1.962970035490647902e+01	1.938341776930596438e+01	1.954827353561423209e+01	1.985995829955600556e+01	1.947533009550325644e+01	1.975435360698474696e+01	1.923528120292611021e+01	2.001230432747032850e+01	2.890840969179533460e+01	1.949568941825273072e+01	1.953120722366838180e+01	1.999578709637659202e+01	1.960241303879531216e+01	1.964166316160357439e+01	2.004487995862195859e+01	1.942105564373901316e+01	1.996458297169833784e+01	1.928634932786650680e+01	1.911916705755349355e+01	1.972923762484590426e+01	1.950736066235282351e+01	1.936016312754371782e+01	1.978424725460056521e+01	1.890373550250853185e+01	1.948176604615181162e+01	1.908215619238176686e+01	1.990129260685788637e+01	1.994031084182883617e+01	2.037128091459813817e+01	1.957557750982294920e+01	1.915046846943848990e+01	1.932529375267727900e+01	1.986554677372102518e+01	1.970685518145842607e+01	1.990051834093054239e+01	1.952741747476703793e+01	1.882591083137480936e+01	1.933846597320954075e+01	1.977221360734870004e+01	1.974707550116043109e+01	1.962817425913068092e+01	1.981779267241481080e+01	2.008112178982586826e+01	1.907102600036072104e+01	1.988903381606110088e+01	1.988775576701206305e+01
1.968896524354765631e+01	1.965469042732059890e+01	1.978231303628205495e+01	1.960635235967687606e+01	1.980853253559260807e+01	1.966450815593821844e+01	1.997363763895985755e+01	2.011495047869514607e+01	1.964134294182854390e+01	1.986829175084351107e+01	1.975956941732570371e+01	1.969112315643764077e+01	1.949568941825273072e+01	2.867506562741712273e+01	2.005623275422978935e+01	1.984645924189853616e+01	2.003881739448807764e+01	1.979770535742691706e+01	1.946935874641181385e+01	1.933465585894919414e+01	1.981555455449661096e+01	1.984180599935264411e+01	1.936890068974323498e+01	1.981256885024293979e+01	1.983508401678290767e+01	1.975287770914085783e+01	1.978537854554280528e+01	1.954703495028294213e+01	1.999403636186166366e+01	1.970821561220975227e+01	2.021122515414704068e+01	2.038301719515089871e+01	2.035421578512566043e+01	1.999005929285577920e+01	1.936538197999254862e+01	1.983232656741131805e+01	1.974470320370671317e+01	1.964801955100567454e+01	1.983459404272607429e+01	1.956829798272754672e+01	1.877025693043669818e+01	1.906217645207761535e+01	1.983938117023861025e+01	1.962628430944203117e+01	1.987336787120620585e+01	2.025919959937017012e+01	1.982518295210706682e+01	1.938902620754445394e+01	1.994787934758302939e+01	1.955012550615162681e+01
2.007337724929787015e+01	1.995751703509523978e+01	1.985189301186364474e+01	2.043107929908479292e+01	2.031130502509970981e+01	1.975162374592490266e+01	2.028748754822960620e+01	2.068817677065795380e+01	1.996288687209147383e+01	2.040138196271512072e+01	1.987901168825739262e+01	2.012365845861282665e+01	1.953120722366838180e+01	2.005623275422978935e+01	3.035262636698356786e+01	2.064354784958023004e+01	2.067398767169009943e+01	2.028381375686262444e+01	2.028182626209192208e+01	2.035970717568306299e+01	2.066051402397652836e+01	2.028693508950345148e+01	2.013669024649268380e+01	2.029235510555829336e+01	2.000041510324140859e+01	2.027383134088827532e+01	2.070108656158469884e+01	1.954371100306674691e+01	2.009501896276710653e+01	2.026046947134188869e+01	2.071513055845303342e+01	2.056067113277602232e+01	2.052641264514371855e+01	2.018627388658070743e+01	1.969024221307171985e+01	2.028781346771470950e+01	2.011561187196883793e+01	2.025597543084974106e+01	2.037499482356670200e+01	2.028247399090312086e+01	1.955609301239068643e+01	2.000961345239450750e+01	2.007792873615279561e+01	1.975397390060697234e+01	2.015374525783134274e+01	2.047813930138986649e+01	2.043992478533131063e+01	1.984392769350994712e+01	2.043312168098015036e+01	2.044350487994412191e+01
2.034217971344077824e+01	2.006086519863539053e+01	2.009457160518196517e+01	2.016813740788878206e+01	1.991308643219274188e+01	2.018607515220418946e+01	1.998526275576476863e+01	2.026978695964749377e+01	1.993834148585722943e+01	2.011915690021803726e+01	1.975892604842846723e+01	2.015199725628267657e+01	1.999578709637659202e+01	1.984645924189853616e+01	2.064354784958023004e+01	3.008988048061035414e+01	2.044105469582274637e+01	2.027009728434331137e+01	2.015624996459401785e+01	2.031289140050346731e+01	2.051859529586176478e+01	2.056108368031815559e+01	1.992500013331488873e+01	1.993291824181119054e+01	2.027294847512942155e+01	1.995076385964922849e+01	2.030793466215728671e+01	2.000466702835368338e+01	2.033820057360869171e+01	1.980085224670759914e+01	2.068294623853394398e+01	2.027756775116141696e+01	2.053794538430021177e+01	2.019395294056949197e+01	1.970887655946531325e+01	2.004696193526989134e+01	1.990271502240388202e+01	2.033649157752957493e+01	2.024805342854032375e+01	2.002754372098546298e+01	1.950020354334294836e+01	1.964492336437701425e+01	2.054519509971268221e+01	2.059379522964401943e+01	2.035683822745626514e+01	2.027525999470672602e+01	2.054842451302019057e+01	2.003189557419822719e+01	2.055668316026758546e+01	2.031574933497842750e+01
2.026927153552397343e+01	2.003164234294906265e+01	2.009671323305673241e+01	2.049112605460063818e+01	2.003212163311008354e+01	1.982700291238229440e+01	2.015864358053927674e+01	2.053966273907865414e+01	2.019452918555198195e+01	2.012866649632870519e+01	1.978078782722449702e+01	2.012033060108488058e+01	1.960241303879531216e+01	2.003881739448807764e+01	2.067398767169009943e+01	2.044105469582274637e+01	3.025808681522547516e+01	2.024797781008660635e+01	2.045714148566041146e+01	1.988065799406799172e+01	2.028035486410229282e+01	2.024088716867166582e+01	2.005862943514246410e+01	2.017944627231435462e+01	2.000037343751326091e+01	1.979502840144600739e+01	2.057884841987056390e+01	1.946526066064308935e+01	2.035394511370536108e+01	2.003609964281294253e+01	2.049083383744958198e+01	2.023842330290755598e+01	2.063813831554216449e+01	2.005023879633608175e+01	1.963472227300333728e+01	1.991799488609694890e+01	2.015322163117794929e+01	1.993550925737089230e+01	2.003612981648062075e+01	1.978377702756013079e+01	1.981248373500163495e+01	1.970634735494315848e+01	2.053503079456012870e+01	2.031520101561081759e+01	2.020434401373101352e+01	2.015397054302463786e+01	2.020571924747654791e+01	1.934264026619853283e+01	2.075391443425196059e+01	2.035282441900671202e+01
2.001946215487768299e+01	2.035041657045193020e+01	1.965508176388100736e+01	2.006678883628228505e+01	1.980011643039487979e+01	1.985708308159866320e+01	2.009772070265095678e+01	2.052520533851213713e+01	2.003482542000086397e+01	2.025095577542705527e+01	1.958719036565480920e+01	2.018530596954792955e+01	1.964166316160357439e+01	1.979770535742691706e+01	2.028381375686262444e+01	2.027009728434331137e+01	2.024797781008660635e+01	3.006713974198303063e+01	1.999804708462939473e+01	2.003321813773013105e+01	2.014088566580375428e+01	2.039600224047567778e+01	1.973042203887850476e+01	2.003971124386892910e+01	2.006452474583920420e+01	2.011144169552824224e+01	2.031360590553417822e+01	1.972210250549838051e+01	2.014025079301507759e+01	1.982735727906804613e+01	2.034790610672713740e+01	2.005357017865585334e+01	2.010726119128364431e+01	2.026914298575988482e+01	1.938784498854560212e+01	1.986948231375633966e+01	2.021812646992777829e+01	1.995845380324922758e+01	1.996368699072277053e+01	2.006032325857532683e+01	1.949264874909084710e+01	1.946269804308091977e+01	2.035217713224701797e+01	2.056100213640326402e+01	2.028936181431080854e+01	2.026450052106018163e+01	2.007189235553591189e+01	1.967477749618313965e+01	2.032336908287433275e+01	1.990311480757340590e+01
1.977740556748608469e+01	1.991898988545948157e+01	2.000179689808595640e+01	1.978572639305772896e+01	2.005116165186422350e+01	1.993724042378872596e+01	1.995278265518187766e+01	2.021199525767233141e+01	1.970338183776296503e+01	2.015564978986760991e+01	1.932418733958230206e+01	1.997997038388542279e+01	2.004487995862195859e+01	1.946935874641181385e+01	2.028182626209192208e+01	2.015624996459401785e+01	2.045714148566041146e+01	1.999804708462939473e+01	2.953105961306455285e+01	1.966230001855506515e+01	1.995233858889374545e+01	1.991946277992310144e+01	1.956289623315320014e+01	2.003862969804222516e+01	2.008994871389632308e+01	1.953764032987615451e+01	1.997079981736257182e+01	1.933666429056261649e+01	1.990713134206192336e+01	1.996474144330072065e+01	2.043577118489893252e+01	1.997639792835734340e+01	2.009748511583777386e+01	2.007864689298281746e+01	1.944701255584789834e+01	2.004486601915502320e+01	2.006342444311710338e+01	2.006235251689719590e+01	2.003987670558018408e+01	1.993279765465550923e+01	1.911638950247679958e+01	1.958622093048878554e+01	2.006673857019046991e+01	2.034524982419317141e+01	2.019086020275403826e+01	2.016206207716172116e+01	2.023366983123340646e+01	1.939948676020260265e+01	2.042922972149847283e+01	2.021178096678835345e+01
1.984189151081690028e+01	1.992910469675442542e+01	1.993967699296940665e+01	2.010352268832540545e+01	1.984012486834594924e+01	2.041649732710710552e+01	2.005842408761990114e+01	2.060836796856168718e+01	2.015205054996273049e+01	2.016888878435636911e+01	1.962332172599209912e+01	2.026811520029864866e+01	1.942105564373901316e+01	1.933465585894919414e+01	2.035970717568306299e+01	2.031289140050346731e+01	1.988065799406799172e+01	2.003321813773013105e+01	1.966230001855506515e+01	2.933369040784054960e+01	2.033169631209805672e+01	2.017052427737804976e+01	1.967912140519135988e+01	1.982756797513132341e+01	1.998595798301956350e+01	1.970568597425056723e+01	2.003339584161103915e+01	1.958574789587179055e+01	2.002652237369703769e+01	2.005675838798454436e+01	2.026436503759048691e+01	2.025350329192851007e+01	2.031094246231891987e+01	1.981432624803462161e+01	1.974055846295984296e+01	1.988925222242804480e+01	1.998351323373361765e+01	2.019812978132849324e+01	2.017597678132058192e+01	1.979435854741649692e+01	1.964450897069458080e+01	1.943803153821600915e+01	2.061552680182809638e+01	2.026221352720187241e+01	1.983701178053471637e+01	2.038117115702201687e+01	2.035231827503858071e+01	1.977374535899755514e+01	1.999354721898060205e+01	2.037026578050372194e+01
2.015034768081805083e+01	2.058223377647269103e+01	2.011702994622350360e+01	2.024230594558004981e+01	2.039295071536585624e+01	2.042457595769751322e+01	1.997519418203558672e+01	2.065508318313481340e+01	2.028310061119196561e+01	2.037579147076221631e+01	1.995102420591153347e+01	2.028864246313389685e+01	1.996458297169833784e+01	1.981555455449661096e+01	2.066051402397652836e+01	2.051859529586176478e+01	2.028035486410229282e+01	2.014088566580375428e+01	1.995233858889374545e+01	2.033169631209805672e+01	3.020352431560027640e+01	1.999798132502385428e+01	2.011712321107892620e+01	2.011451213372345137e+01	1.998258568380691713e+01	1.996466660284269778e+01	2.023564902884450589e+01	1.985872390311788038e+01	2.009928213343747316e+01	2.012860089227617522e+01	2.088240279418193168e+01	2.038385823520913220e+01	2.038865409410118446e+01	2.025183972371789309e+01	1.988906755731319009e+01	2.017206392099899048e+01	1.997379286859519354e+01	2.042129521478977239e+01	2.032735104519971614e+01	2.058802609762997093e+01	1.963238053463832244e+01	2.002586856857843856e+01	2.049536044519125255e+01	2.049658748048065959e+01	2.046668163123441175e+01	2.028654113145123716e+01	2.040234381988342705e+01	1.994811242788479078e+01	2.024047617119250475e+01	2.032467139996374428e+01
2.002396081445806431e+01	1.971648696359088859e+01	2.022479345546897278e+01	2.039237016919932799e+01	1.988325087159508797e+01	2.009767801465491743e+01	2.026992610549894636e+01	2.078986224644825853e+01	1.982483778943168673e+01	1.980618085594734268e+01	2.019679617704426633e+01	2.011966043803906246e+01	1.928634932786650680e+01	1.984180599935264411e+01	2.028693508950345148e+01	2.056108368031815559e+01	2.024088716867166582e+01	2.039600224047567778e+01	1.991946277992310144e+01	2.017052427737804976e+01	1.999798132502385428e+01	3.007257662133590159e+01	1.986266498298830641e+01	2.001388299038617546e+01	2.020117454050835093e+01	1.992471404292645687e+01	2.008442318032534502e+01	1.993722353179827422e+01	2.029887910502535675e+01	1.981629633346756592e+01	2.032673960811108316e+01	2.026213148111814277e+01	2.057540519483336539e+01	2.044771412190767279e+01	1.972650482208693390e+01	2.048829034284870332e+01	1.991886849191188347e+01	2.015703230970494531e+01	1.980337140668111573e+01	2.017934480564557376e+01	1.927459001727731902e+01	1.944256111505986695e+01	2.016953104958542298e+01	2.078304391288711983e+01	2.043822241667835016e+01	2.022598847439440206e+01	2.015673417081172047e+01	1.969397379666035164e+01	2.042300400655543058e+01	2.030758293195489372e+01
1.952919726137050560e+01	1.949184298397801030e+01	1.930764581633146193e+01	1.998209900046229137e+01	2.000856276875925488e+01	1.955917930019015927e+01	1.916459288915218551e+01	1.996436189804701655e+01	1.982044508169269292e+01	1.987040260220318544e+01	1.948532531099326448e+01	1.954988036643485572e+01	1.911916705755349355e+01	1.936890068974323498e+01	2.013669024649268380e+01	1.992500013331488873e+01	2.005862943514246410e+01	1.973042203887850476e+01	1.956289623315320014e+01	1.967912140519135988e+01	2.011712321107892620e+01	1.986266498298830641e+01	2.946454807253488184e+01	1.993521957545715040e+01	1.973383711288757780e+01	1.968334811920730232e+01	2.004535605215888339e+01	1.908678130653769500e+01	1.956530246912883797e+01	1.959399092372128592e+01	2.037638997017429077e+01	2.005975824394207407e+01	2.017608624429232833e+01	1.965800107258463214e+01	1.914723518716136041e+01	1.993607178217142106e+01	1.961371673285704631e+01	2.004131361320033378e+01	1.931175737920973035e+01	1.995830993539089349e+01	1.901179676083806669e+01	1.937531246798103979e+01	1.965800289466926287e+01	1.971556035495123638e+01	1.967504430443835162e+01	2.014265962076971306e+01	1.992885377331586483e+01	1.902839130321163807e+01	1.922518545716597060e+01	2.015777600856801755e+01
2.004653229541216675e+01	1.985077426160843928e+01	1.972488425105751375e+01	2.016454155851676688e+01	1.983300881967023344e+01	1.979339291151354274e+01	1.992107785798811648e+01	2.032448219680516743e+01	1.960567930517137469e+01	2.028445635537923408e+01	1.943846899970086284e+01	1.998116189535429399e+01	1.972923762484590426e+01	1.981256885024293979e+01	2.029235510555829336e+01	1.993291824181119054e+01	2.017944627231435462e+01	2.003971124386892910e+01	2.003862969804222516e+01	1.982756797513132341e+01	2.011451213372345137e+01	2.001388299038617546e+01	1.993521957545715040e+01	2.965789337425958649e+01	1.981418299099714631e+01	1.963995193896675673e+01	2.050985940672824626e+01	1.930823639238716183e+01	2.007502293267472027e+01	1.966398232492886322e+01	2.061891746386409352e+01	2.035506930316417851e+01	2.055278791391645754e+01	1.973185382460429338e+01	1.942288090768184006e+01	1.971167550627365017e+01	1.970006177411850601e+01	2.014960369153297037e+01	2.034955215265991058e+01	2.014002331966495163e+01	1.935871687774821837e+01	1.963384832663111013e+01	2.036681996660587046e+01	2.048970492549583255e+01	2.031228831249944378e+01	2.003087722612608346e+01	2.019694114262814466e+01	1.969469783633666538e+01	1.978394087270635282e+01	2.010967099291860904e+01
1.968131685063250558e+01	1.988979548630723926e+01	1.972005626303772630e+01	1.998836765458113973e+01	1.965673775565417358e+01	1.964491873983155301e+01	2.001172132267023684e+01	1.996595006031868991e+01	1.988434390585297962e+01	1.991787456307437054e+01	1.976824193166122612e+01	1.967208444256282718e+01	1.950736066235282351e+01	1.983508401678290767e+01	2.000041510324140859e+01	2.027294847512942155e+01	2.000037343751326091e+01	2.006452474583920420e+01	2.008994871389632308e+01	1.998595798301956350e+01	1.998258568380691713e+01	2.020117454050835093e+01	1.973383711288757780e+01	1.981418299099714631e+01	2.975419870840327619e+01	1.942235984085358780e+01	1.996651985958762054e+01	1.961109060265999560e+01	2.008163351820420672e+01	1.998664552170880526e+01	2.043622898361670792e+01	2.012746314021354621e+01	2.040376003801507210e+01	1.990301322871416190e+01	1.951885688860891932e+01	1.992545661988674865e+01	2.008415352715477908e+01	1.998858453548983150e+01	2.014467703014647171e+01	1.962934584450529485e+01	1.924663073134408720e+01	1.939204207469248331e+01	2.008896351296478855e+01	2.014509423615109895e+01	1.999316398086423163e+01	2.000080473068125997e+01	1.981050692214940057e+01	1.927627147179247302e+01	2.018693913593396871e+01	2.014888796781972857e+01
1.963248258218188980e+01	1.959734633725470232e+01	1.951020541603854852e+01	1.970361083401094504e+01	1.975119442753757326e+01	1.978874781480970313e+01	1.998015808639452828e+01	2.022757567445005833e+01	1.984242898265948085e+01	2.006762403768056657e+01	1.989717895171400031e+01	1.983000318424038255e+01	1.936016312754371782e+01	1.975287770914085783e+01	2.027383134088827532e+01	1.995076385964922849e+01	1.979502840144600739e+01	2.011144169552824224e+01	1.953764032987615451e+01	1.970568597425056723e+01	1.996466660284269778e+01	1.992471404292645687e+01	1.968334811920730232e+01	1.963995193896675673e+01	1.942235984085358780e+01	2.922655821892649186e+01	2.039899444931341677e+01	1.968015270231697755e+01	1.996199630622574261e+01	1.950789845382631782e+01	2.050368344236303741e+01	2.017148529732677886e+01	2.019606336682294057e+01	1.977769696396405408e+01	1.981672331386855035e+01	1.949518642334562202e+01	2.027472124749074922e+01	1.974654239295357883e+01	1.991078453221499700e+01	1.986763235144973194e+01	1.932774157881074117e+01	1.923703738451984080e+01	2.003934540653123975e+01	2.004862828127158636e+01	1.998583291115804883e+01	1.995554937930766570e+01	1.994882237689625981e+01	1.957708404713920913e+01	2.018820456076508307e+01	1.979184535930185262e+01
2.007476843094339358e+01	1.993699405281581960e+01	2.023506240624759656e+01	2.019743209499841186e+01	2.004477817231268943e+01	2.035302349422455492e+01	2.045877770619209812e+01	2.054105872073283123e+01	1.972935999663222262e+01	2.038043500239092864e+01	1.979443593601097007e+01	2.038866099336909343e+01	1.978424725460056521e+01	1.978537854554280528e+01	2.070108656158469884e+01	2.030793466215728671e+01	2.057884841987056390e+01	2.031360590553417822e+01	1.997079981736257182e+01	2.003339584161103915e+01	2.023564902884450589e+01	2.008442318032534502e+01	2.004535605215888339e+01	2.050985940672824626e+01	1.996651985958762054e+01	2.039899444931341677e+01	3.021416068369189034e+01	1.996420335176282279e+01	2.043761698259611848e+01	2.001956973901316417e+01	2.100780666596567059e+01	2.082389038127042014e+01	2.070864790295113522e+01	1.996303646311466196e+01	2.020237871800356189e+01	2.026115445692976280e+01	2.011172596106913701e+01	2.046924014476196163e+01	2.031099436174237027e+01	2.031357511715501829e+01	1.994800061279516612e+01	1.988502461909085284e+01	2.031021037876261204e+01	2.043622115659152527e+01	2.056259624684042464e+01	2.043407687167313114e+01	2.032131622426830120e+01	1.997731816336478161e+01	2.066172121334962597e+01	2.042902722091973544e+01
1.904825676679915247e+01	1.941560960821788484e+01	1.901024877413956915e+01	1.933177026058998038e+01	1.943243364808177986e+01	1.922545762583365203e+01	1.972935108726698061e+01	1.969520423310154911e+01	1.938321728381427533e+01	1.975514654315317387e+01	1.982067061666745289e+01	1.927788479519420051e+01	1.890373550250853185e+01	1.954703495028294213e+01	1.954371100306674691e+01	2.000466702835368338e+01	1.946526066064308935e+01	1.972210250549838051e+01	1.933666429056261649e+01	1.958574789587179055e+01	1.985872390311788038e+01	1.993722353179827422e+01	1.908678130653769500e+01	1.930823639238716183e+01	1.961109060265999560e+01	1.968015270231697755e+01	1.996420335176282279e+01	2.863954817278706955e+01	1.977124778364541058e+01	1.933232604593002790e+01	1.952700186047579933e+01	1.961640300406160620e+01	1.978576739649039240e+01	1.938026950418459293e+01	1.936417074661266113e+01	1.952263807016996822e+01	1.936678476032716389e+01	1.976491549696792305e+01	1.943614593639846788e+01	1.928361725741025268e+01	1.896407740580001189e+01	1.918566196406891677e+01	1.973199774136166695e+01	2.000915189834790908e+01	1.982000888937054484e+01	1.994129269979330488e+01	1.969645867401428774e+01	1.878232305213905562e+01	1.988728437539559479e+01	1.976912321209344725e+01
1.996644142301836666e+01	2.009718809736171252e+01	2.029266957949202776e+01	2.027237987887440696e+01	2.016295917843267915e+01	1.991473136655733001e+01	1.977588986366109935e+01	2.030424452210005271e+01	1.975147717273307535e+01	2.037549874311996589e+01	1.977769902108242306e+01	2.025367743079971916e+01	1.948176604615181162e+01	1.999403636186166366e+01	2.009501896276710653e+01	2.033820057360869171e+01	2.035394511370536108e+01	2.014025079301507759e+01	1.990713134206192336e+01	2.002652237369703769e+01	2.009928213343747316e+01	2.029887910502535675e+01	1.956530246912883797e+01	2.007502293267472027e+01	2.008163351820420672e+01	1.996199630622574261e+01	2.043761698259611848e+01	1.977124778364541058e+01	3.007733484338404040e+01	1.986491132855276120e+01	2.042234576539582136e+01	2.030769402141913105e+01	2.020753070422556874e+01	2.033226263301325432e+01	1.954263074970937453e+01	2.011263094079695435e+01	2.008934862077149219e+01	2.004930014876426725e+01	1.983591817551935321e+01	2.007772487726333566e+01	1.968895519582377318e+01	1.929772822849041702e+01	2.042843846623563309e+01	2.054220195371100743e+01	2.005154343097616021e+01	2.039682120266556709e+01	2.053046213161205102e+01	1.966084880459163742e+01	2.034977865914198247e+01	2.061168160669062743e+01
1.983102824672720388e+01	1.971018096487859594e+01	1.996174431341580657e+01	2.034393952346601964e+01	2.000186036072242146e+01	1.963830295597484721e+01	1.992400242342976568e+01	2.009875374852923002e+01	1.992294181506053619e+01	1.979699726116277603e+01	1.986217924193774209e+01	1.977027602269930995e+01	1.908215619238176686e+01	1.970821561220975227e+01	2.026046947134188869e+01	1.980085224670759914e+01	2.003609964281294253e+01	1.982735727906804613e+01	1.996474144330072065e+01	2.005675838798454436e+01	2.012860089227617522e+01	1.981629633346756592e+01	1.959399092372128592e+01	1.966398232492886322e+01	1.998664552170880526e+01	1.950789845382631782e+01	2.001956973901316417e+01	1.933232604593002790e+01	1.986491132855276120e+01	2.935519779071377044e+01	2.009296820981347409e+01	2.031635008133889286e+01	1.960850586748306412e+01	1.969834427092185081e+01	1.951659992519003239e+01	1.972380689263619402e+01	1.984513422957775930e+01	2.005550736328305206e+01	1.982193588272500406e+01	1.988674377315474473e+01	1.942161729119411362e+01	1.955665134078763501e+01	2.001444652435865379e+01	2.038591930411366704e+01	1.998775293505058670e+01	2.058494593237572090e+01	2.013760796864460190e+01	1.966212490047967165e+01	1.973237113871215342e+01	2.019117949146902902e+01
2.024115966599880423e+01	2.053757826496481798e+01	2.025974844791248941e+01	2.051564462584497761e+01	2.058901556997353310e+01	2.050372696999362176e+01	2.036084861448784267e+01	2.073352619705065436e+01	2.069142005794914141e+01	2.039707227054720207e+01	2.017807802112257676e+01	2.032432365860837464e+01	1.990129260685788637e+01	2.021122515414704068e+01	2.071513055845303342e+01	2.068294623853394398e+01	2.049083383744958198e+01	2.034790610672713740e+01	2.043577118489893252e+01	2.026436503759048691e+01	2.088240279418193168e+01	2.032673960811108316e+01	2.037638997017429077e+01	2.061891746386409352e+01	2.043622898361670792e+01	2.050368344236303741e+01	2.100780666596567059e+01	1.952700186047579933e+01	2.042234576539582136e+01	2.009296820981347409e+01	3.089348045676575794e+01	2.013469564056439154e+01	2.081277984273745574e+01	1.998181657956865820e+01	2.015653711043363572e+01	2.013964834990877151e+01	2.043956211913238974e+01	2.029138411294337629e+01	2.042393200611831716e+01	2.033363949732098419e+01	1.972406233930776409e+01	2.000073923206491244e+01	2.079671822855029006e+01	2.108280610168682045e+01	2.082758450207836276e+01	2.079172654265471465e+01	2.055316470263047535e+01	2.044362346230346716e+01	2.048202396025955707e+01	2.058692854249443727e+01
1.992214751647785675e+01	2.037074632980194622e+01	2.015487450269223757e+01	2.017194258138387397e+01	2.023509342074758877e+01	2.043265982848302897e+01	2.063339085251529781e+01	2.045365170459744775e+01	2.007784123563690670e+01	2.015083856618802471e+01	2.016822640301526093e+01	2.036543054241699124e+01	1.994031084182883617e+01	2.038301719515089871e+01	2.056067113277602232e+01	2.027756775116141696e+01	2.023842330290755598e+01	2.005357017865585334e+01	1.997639792835734340e+01	2.025350329192851007e+01	2.038385823520913220e+01	2.026213148111814277e+01	2.005975824394207407e+01	2.035506930316417851e+01	2.012746314021354621e+01	2.017148529732677886e+01	2.082389038127042014e+01	1.961640300406160620e+01	2.030769402141913105e+01	2.031635008133889286e+01	2.013469564056439154e+01	3.014712996569306469e+01	2.069849567254239986e+01	2.015586180632930535e+01	1.942337105095350935e+01	1.961260498076684300e+01	2.036802328373928361e+01	2.026305834494205982e+01	2.064012082398948422e+01	2.017211840037376192e+01	1.943678042952089413e+01	1.984492010962066644e+01	2.038095775335193949e+01	2.044787511029111826e+01	2.034580271325963352e+01	2.047511327838920181e+01	2.024866932089343408e+01	1.977703900519317060e+01	2.037415958652546166e+01	2.081549948516798665e+01
