3.013712546312436658e+01	1.976742931216052312e+01	2.004417693384308663e+01	2.020520997147876585e+01	2.062545549515818166e+01	1.994481680079683628e+01	2.035437812504779842e+01	2.053279136822571260e+01	2.039199194295224160e+01	2.003655096739172237e+01	2.063087205839106986e+01	2.072686108075139799e+01	2.053153603811705707e+01	1.985403155187445634e+01	1.944277306814320738e+01	2.038061949191844491e+01	1.997037033422099483e+01	1.946532126747852587e+01	2.007797098483301923e+01	2.023452679714959146e+01	2.069028723187588881e+01	2.076380177146050343e+01	2.004587171566654646e+01	2.004835062131924417e+01	1.976859232745471573e+01	2.044316429192586071e+01	2.005214810565492201e+01	1.962836635462595680e+01	1.967132131794388528e+01	1.971257193054442780e+01	1.969561323133829589e+01	1.955929787155232447e+01	1.977089487500136755e+01	2.003165645939388284e+01	1.974419620003304487e+01	1.964736544768850024e+01	1.935802465599227418e+01	1.988165306186122905e+01	2.008386220627936680e+01	2.060837580198451491e+01	2.000780364857317650e+01	2.029308352639569790e+01	2.003251186627504765e+01	1.988832914990596734e+01	1.947521700619803298e+01	2.038263629825345902e+01	2.027987032619998331e+01	2.011111552420687332e+01	2.001649880244702118e+01	1.926505788415747489e+01
1.976742931216052312e+01	2.975619948005606830e+01	1.990830903776029004e+01	2.018649682433741432e+01	2.013415855798056242e+01	1.956415406860704564e+01	2.010047073820406993e+01	2.039523624815142711e+01	2.039245814014251579e+01	1.946919408496069437e+01	2.035200851981362291e+01	2.033391238102036169e+01	1.999594375604536012e+01	1.987105907534132498e+01	2.021485875602839144e+01	1.997208864477886792e+01	2.015174381920197177e+01	1.978725681365740385e+01	1.979694098685860482e+01	1.964922853234962830e+01	2.065769729784108932e+01	2.041226086510555859e+01	2.040874906598011762e+01	2.048808697244243859e+01	1.990760792270410562e+01	2.076400194300691382e+01	2.010510710543253765e+01	1.979003014194058707e+01	1.954482603800499163e+01	2.005982791910876273e+01	1.958607069292562386e+01	1.980958458868931160e+01	1.987266493223298269e+01	2.027582650887119442e+01	1.963015710937117930e+01	1.967494953140184677e+01	1.954835939483739793e+01	1.995293345537234941e+01	2.029620136319654478e+01	2.041846309829629291e+01	2.008205015861344123e+01	2.009139970134555142e+01	1.986698253630444100e+01	1.983353075310419555e+01	1.996119440124665090e+01	2.030435694677201397e+01	1.995865183983628555e+01	1.964662528602584857e+01	1.980591593711743670e+01	1.948891097123395966e+01
2.004417693384308663e+01	1.990830903776029004e+01	2.970597666833900874e+01	2.051842497656364728e+01	2.015923697072943099e+01	1.987642152497757309e+01	2.052793596519814301e+01	2.020376696558908591e+01	2.012133515853250998e+01	1.984088348255199108e+01	2.074576096607014719e+01	2.078609254060457801e+01	2.051013554350903334e+01	2.030081900800611550e+01	1.961735876578176985e+01	2.038309512242713950e+01	2.000457107356777442e+01	1.932731841219894875e+01	1.988506600134127567e+01	1.991208298716846770e+01	2.054927928097609779e+01	2.049832277714723716e+01	1.974886228144785250e+01	2.055240270856270968e+01	1.980312717557822921e+01	2.082576608236030680e+01	1.950230677728472628e+01	2.039638544592466474e+01	1.976310458652694280e+01	1.991069531382722246e+01	1.961802819499107642e+01	1.963795785762652102e+01	1.973312738265182276e+01	2.023503032389960055e+01	1.995244504895669380e+01	2.023399052757740790e+01	1.981529876319894257e+01	1.992149221923592961e+01	2.040260964333269911e+01	2.084490158346558175e+01	1.994117427287876154e+01	2.000029532413983802e+01	2.010157581627845502e+01	2.008209133449418005e+01	1.982410213068162363e+01	2.073682926903139645e+01	1.999886450024602880e+01	1.934449015779880554e+01	1.984230721295869415e+01	1.927324889856603463e+01
2.020520997147876585e+01	2.018649682433741432e+01	2.051842497656364728e+01	3.069850594491547113e+01	2.068446405488649020e+01	2.028995225061870045e+01	2.084566116141723668e+01	2.073321455700718019e+01	2.056040835752643758e+01	1.968258150713804966e+01	2.097978675828965578e+01	2.065954094891692705e+01	2.052118797052384380e+01	2.010591954329288455e+01	2.054842250391946124e+01	2.055450021374209868e+01	2.072322845074126718e+01	2.029191478985316266e+01	2.001830161412407350e+01	2.010489803850544277e+01	2.083826410548105557e+01	2.066669903284350340e+01	2.052504119372209246e+01	2.086106993347572569e+01	2.007673639029420798e+01	2.095083872582986118e+01	2.027859819111642636e+01	1.973962814689298639e+01	2.006108260474445260e+01	2.082074876437777888e+01	1.967802401488353681e+01	1.985040032662135090e+01	1.966909720567188558e+01	2.055514811603355696e+01	2.019838986910308165e+01	2.014358052082788930e+01	1.979602417927927860e+01	2.017374546047008010e+01	2.076369477699711297e+01	2.070413029142818218e+01	2.022317238973330689e+01	2.046853358329430606e+01	2.046664257270785825e+01	2.018036339150427239e+01	2.012693988209260354e+01	2.102152592626283578e+01	2.084705761240174127e+01	2.002223204808073831e+01	2.010272789701010865e+01	1.957345777185039992e+01
2.062545549515818166e+01	2.013415855798056242e+01	2.015923697072943099e+01	2.068446405488649020e+01	2.967206865162003737e+01	2.011951245373954933e+01	2.032219436219033071e+01	2.060025235325100113e+01	2.022339745066398109e+01	1.966495860733654766e+01	2.039840630673682398e+01	2.074532143815511986e+01	2.040203986826683291e+01	2.024280799452402846e+01	1.969095197818024801e+01	2.012610457584930757e+01	2.052574006295659004e+01	1.971050843436127309e+01	2.008659014007302446e+01	1.998722659210287844e+01	2.041783001515543461e+01	2.064739236134597888e+01	1.994573968736419189e+01	2.037939555916049983e+01	1.977663692637127113e+01	2.115000435713721316e+01	1.976399847166241486e+01	1.984357961651582869e+01	1.990718509718516316e+01	1.976931758082331214e+01	1.984461251214626998e+01	1.973481455202538726e+01	1.991796524942676072e+01	2.023488313342823375e+01	1.999386893233787887e+01	2.029398321220104151e+01	1.988459080308582116e+01	2.004500112718931959e+01	2.039426742975089013e+01	2.057923581260077128e+01	2.007242537176626840e+01	2.056651733832985229e+01	1.989297638965987503e+01	1.985615493070035242e+01	1.962653586475482470e+01	2.052046061090631923e+01	2.039297861996615424e+01	2.028382166366717243e+01	1.985875188110135170e+01	1.956041817210839895e+01
1.994481680079683628e+01	1.956415406860704564e+01	1.987642152497757309e+01	2.028995225061870045e+01	2.011951245373954933e+01	2.912899848021153915e+01	2.006736539443942391e+01	2.014796375290208275e+01	2.020310176676663616e+01	1.953986084446413685e+01	2.020331706310894404e+01	2.026385993187149026e+01	1.997594236766849818e+01	1.985574372448958869e+01	1.949182428004659684e+01	1.989146258717740068e+01	1.999750221277697193e+01	1.930658809623817262e+01	1.967646639676321385e+01	1.983536438012324865e+01	2.042443986831524683e+01	1.958015909000176080e+01	2.033447973006406073e+01	2.044787189701852625e+01	1.963411911759348882e+01	2.043114682014049777e+01	1.963831333228520037e+01	1.917935628699413542e+01	1.973960516862959835e+01	1.976656142514140413e+01	1.957024928557268240e+01	1.936772873436263964e+01	1.942781785410182849e+01	1.986166391669119591e+01	1.976089802452406019e+01	1.961562087751384809e+01	1.962009542796719685e+01	1.981820027793397543e+01	1.985919991811840646e+01	2.085016222227848104e+01	2.000924201640155786e+01	1.997802531288121841e+01	2.002185495266005333e+01	1.965430993719408193e+01	1.944902320939194240e+01	2.038017192768344188e+01	1.997358165508078187e+01	1.936282711435089610e+01	1.944832602655769804e+01	1.923989006710740668e+01
2.035437812504779842e+01	2.010047073820406993e+01	2.052793596519814301e+01	2.084566116141723668e+01	2.032219436219033071e+01	2.006736539443942391e+01	3.073557429932454710e+01	2.050529483878581871e+01	2.041600631071271366e+01	1.960068716815758094e+01	2.063324215851552879e+01	2.099714890144961998e+01	2.057709123127104434e+01	2.046975193340725241e+01	1.958318742429370118e+01	2.032855631344865444e+01	2.070103928827573370e+01	2.002344031294055071e+01	1.966067524190357219e+01	2.025458563923064759e+01	2.073193881782630399e+01	2.070166371254567750e+01	2.021729551046183815e+01	2.086806268229856087e+01	1.999815915711320713e+01	2.066887826729075783e+01	2.026443687713095798e+01	2.040405601451903905e+01	1.980777224329419184e+01	2.002012765419076246e+01	2.015708615955787764e+01	1.977323821072831223e+01	1.998948912997209959e+01	2.049105325539212075e+01	2.024719627738085848e+01	1.998714063003687613e+01	1.969065481190914113e+01	2.001800808025286216e+01	2.004921671190718158e+01	2.084572891288433993e+01	2.040846702289871928e+01	2.082178547556829429e+01	2.026734203909019527e+01	2.016270407580725532e+01	1.977892353165361783e+01	2.074842911345045238e+01	2.043325996544367484e+01	2.035427721256744604e+01	2.007227654558558427e+01	1.980122125206069583e+01
2.053279136822571260e+01	2.039523624815142711e+01	2.020376696558908591e+01	2.073321455700718019e+01	2.060025235325100113e+01	2.014796375290208275e+01	2.050529483878581871e+01	3.066992482879811988e+01	2.066911170383740526e+01	1.973558947421135201e+01	2.048598184444291803e+01	2.088787843616423601e+01	2.034386234292161788e+01	2.007835601684946880e+01	2.011985520277788808e+01	2.073096438256502339e+01	2.085203963111166914e+01	1.993617219823199349e+01	2.012817676919026866e+01	2.029936546487783389e+01	2.072655115909983081e+01	2.090804774891411455e+01	2.029506106636257456e+01	2.107083406196001718e+01	2.015465714869583636e+01	2.115194445439664150e+01	2.027594841601112208e+01	2.026556001799692908e+01	2.005011644860550390e+01	2.019302574156530738e+01	2.021162048541752299e+01	2.002832867511295944e+01	2.035106151609213399e+01	2.029976897059642482e+01	2.049297718823842374e+01	2.013649207381076778e+01	2.046261942903198872e+01	2.049505639632116782e+01	2.098692923982931902e+01	2.061815368834867002e+01	1.969211422110283749e+01	2.037510815240435136e+01	2.011473018642558230e+01	2.000973905693921040e+01	2.014215235811601801e+01	2.119279246074925283e+01	2.076642730043029417e+01	2.047042402546154349e+01	2.000444823379067216e+01	1.945643157473422136e+01
2.039199194295224160e+01	2.039245814014251579e+01	2.012133515853250998e+01	2.056040835752643758e+01	2.022339745066398109e+01	2.020310176676663616e+01	2.041600631071271366e+01	2.066911170383740526e+01	3.044338647498438277e+01	1.997896394980867285e+01	2.044527885027736502e+01	2.057458456788332768e+01	2.121417519426312381e+01	1.995446541922612482e+01	2.020008818935248840e+01	1.998056406381165573e+01	2.053368451684065121e+01	1.984492635169591779e+01	2.021501440706965980e+01	2.019895058166964574e+01	2.106939282427395099e+01	2.081418052069254898e+01	2.003131778580296185e+01	2.086621279461389733e+01	2.023347071009026266e+01	2.071623835799862334e+01	2.025139460106868583e+01	2.000129913241103097e+01	1.978840045295888217e+01	2.004971175820698548e+01	1.989152147267719073e+01	1.985396784163240014e+01	2.005875965974121655e+01	2.020295111653426190e+01	2.038634374871920940e+01	1.997384017674056977e+01	1.991747155669905212e+01	2.071076296335271749e+01	2.028747850444187151e+01	2.060246205440644118e+01	2.026959430836342335e+01	2.068314606231227515e+01	2.015545802743810455e+01	1.968708243280870818e+01	1.997975647039961089e+01	2.072728181272408676e+01	2.069046745130244247e+01	2.032552926243406333e+01	2.002923915867519611e+01	1.977166690153734763e+01
2.003655096739172237e+01	1.946919408496069437e+01	1.984088348255199108e+01	1.968258150713804966e+01	1.966495860733654766e+01	1.953986084446413685e+01	1.960068716815758094e+01	1.973558947421135201e+01	1.997896394980867285e+01	2.868086069963646878e+01	1.975170551121073714e+01	2.033910855352484859e+01	1.977979313776489079e+01	1.997017567225315204e+01	1.890393368324773604e+01	1.956162993305715503e+01	1.973343969354744587e+01	1.901769177043848558e+01	1.947664636142621575e+01	1.958333116531212781e+01	1.989441974055023366e+01	1.996016019613713155e+01	1.960221151493204061e+01	1.998112855589162251e+01	1.957591489302562593e+01	2.002249411615208174e+01	1.913044192765116946e+01	1.919127851357158576e+01	1.959750745707006558e+01	1.951335843886976562e+01	1.929598523839553792e+01	1.903070557730335111e+01	1.949668967318747903e+01	1.982205730794641241e+01	1.938490881866128390e+01	1.970361371834310660e+01	1.999370574881979223e+01	1.973064190562185871e+01	1.963312217709477991e+01	2.031471987519440248e+01	1.921589625185709949e+01	1.984055493168250450e+01	1.945415114605465234e+01	1.950916363208519044e+01	1.944207717747184461e+01	2.020400663628100801e+01	1.984217183588711109e+01	1.910063303985747751e+01	1.953778993912073858e+01	1.913538197396658092e+01
2.063087205839106986e+01	2.035200851981362291e+01	2.074576096607014719e+01	2.097978675828965578e+01	2.039840630673682398e+01	2.020331706310894404e+01	2.063324215851552879e+01	2.048598184444291803e+01	2.044527885027736502e+01	1.975170551121073714e+01	3.061758560307387356e+01	2.067364093466098396e+01	2.057246302386807812e+01	2.076545153475700545e+01	2.021321706518660832e+01	2.047727396979796310e+01	2.044132986734894786e+01	2.004887059821056994e+01	2.031037374295071629e+01	2.066205470023021107e+01	2.097960631848133417e+01	2.049006743675534992e+01	2.070690210233780348e+01	2.092766689010741388e+01	2.069405858046285829e+01	2.128889805499727927e+01	2.029915667670248780e+01	2.026857158672123305e+01	2.030869019320748947e+01	2.039802958801076471e+01	1.994129357566701799e+01	1.958822783386384714e+01	2.014423571875467900e+01	2.075006902138844112e+01	2.040292089989366175e+01	2.011569507237252097e+01	2.018346482671509889e+01	2.072812882541835933e+01	2.044817951930538413e+01	2.070397123959803665e+01	2.043697092341913901e+01	2.086726671142945477e+01	2.055949508938055814e+01	2.063131103822985679e+01	2.032971153925453578e+01	2.064998361346203026e+01	2.058285458453707761e+01	2.054013330296591988e+01	1.986927174477289526e+01	2.001673310828311614e+01
2.072686108075139799e+01	2.033391238102036169e+01	2.078609254060457801e+01	2.065954094891692705e+01	2.074532143815511986e+01	2.026385993187149026e+01	2.099714890144961998e+01	2.088787843616423601e+01	2.057458456788332768e+01	2.033910855352484859e+01	2.067364093466098396e+01	3.093268855678580209e+01	2.072941451177528904e+01	2.023607197265522117e+01	2.043639545963018023e+01	2.053056935849059528e+01	2.063822036832839046e+01	2.018050284443667053e+01	2.029443619748687055e+01	2.036186827201759542e+01	2.074927328633986079e+01	2.104093537456148155e+01	2.033446974341875801e+01	2.085633998504221509e+01	2.034945129559882204e+01	2.103114957363006710e+01	2.012029060821889459e+01	2.014001629014343209e+01	1.997412967963077790e+01	2.031035282141439069e+01	2.038507628736968869e+01	1.971730022437292718e+01	1.995831047421580706e+01	2.035759421304029715e+01	2.036080648604067989e+01	2.022922675099490419e+01	2.009759034246614817e+01	2.048175681575014551e+01	2.070881625526615721e+01	2.120479862875037824e+01	2.020707883060349985e+01	2.081155756864665918e+01	2.082613064570774597e+01	2.026716147111126176e+01	2.007687141385997620e+01	2.089441366028827929e+01	2.067380192560299434e+01	2.030138467516251666e+01	2.008948896307338217e+01	1.986729529910806136e+01
2.053153603811705707e+01	1.999594375604536012e+01	2.051013554350903334e+01	2.052118797052384380e+01	2.040203986826683291e+01	1.997594236766849818e+01	2.057709123127104434e+01	2.034386234292161788e+01	2.121417519426312381e+01	1.977979313776489079e+01	2.057246302386807812e+01	2.072941451177528904e+01	3.036532307779354767e+01	2.038347887342111520e+01	2.021805166057658809e+01	2.037759599531023014e+01	2.099359402469968927e+01	2.001769213682922910e+01	2.027318282434693586e+01	2.034685267727969915e+01	2.109634223110413487e+01	2.075044141856253077e+01	2.033495932398814077e+01	2.063648419874773410e+01	2.014480487931598418e+01	2.101362800445455292e+01	2.031799747162170533e+01	1.989278576336505466e+01	2.042541893632629879e+01	2.007416501127361386e+01	2.042958624302390191e+01	1.989230259246799548e+01	2.055933028281113195e+01	2.024881825336424157e+01	2.034883904009123157e+01	1.988397970191208941e+01	1.995831131742648878e+01	2.077828961280962261e+01	2.014468906996361142e+01	2.105400102880219393e+01	2.004713501510770257e+01	2.068776083636024055e+01	2.012582060429050301e+01	1.999884806580569574e+01	2.032331660641962046e+01	2.081966343108640061e+01	2.021812377038187947e+01	2.029985004795166503e+01	1.985682989171315782e+01	1.958013195659175665e+01
1.985403155187445634e+01	1.987105907534132498e+01	2.030081900800611550e+01	2.010591954329288455e+01	2.024280799452402846e+01	1.985574372448958869e+01	2.046975193340725241e+01	2.007835601684946880e+01	1.995446541922612482e+01	1.997017567225315204e+01	2.076545153475700545e+01	2.023607197265522117e+01	2.038347887342111520e+01	3.023997791907675037e+01	1.960712426176012357e+01	1.991933639018227353e+01	2.027300562204052170e+01	1.978605894571521873e+01	1.976819365055017741e+01	1.998065899859207661e+01	2.046376687597859600e+01	2.050732237065257024e+01	2.017201546553195612e+01	2.074990633015649877e+01	1.975000716688030167e+01	2.078947098539307348e+01	1.967288646121730977e+01	2.023190518114152425e+01	2.005690899725197340e+01	2.015293553892426459e+01	2.010933839663377043e+01	2.012078545112912664e+01	1.965122043519311390e+01	2.011539802773958030e+01	2.033435644454984725e+01	1.975233117224344781e+01	1.973066370451032014e+01	2.019246084400930741e+01	2.031573016093713235e+01	2.088226267048391449e+01	1.990102869915831008e+01	2.037663072783215057e+01	2.004828819764097503e+01	2.003236072810689450e+01	1.953662721072047148e+01	2.073633525285735857e+01	2.012554457973326194e+01	2.008141425162222049e+01	1.954180754492360350e+01	1.933804675471149892e+01
1.944277306814320738e+01	2.021485875602839144e+01	1.961735876578176985e+01	2.054842250391946124e+01	1.969095197818024801e+01	1.949182428004659684e+01	1.958318742429370118e+01	2.011985520277788808e+01	2.020008818935248840e+01	1.890393368324773604e+01	2.021321706518660832e+01	2.043639545963018023e+01	2.021805166057658809e+01	1.960712426176012357e+01	2.927061762877993445e+01	1.968772682011662667e+01	1.977171551632827473e+01	1.932827328154780133e+01	1.949634177160703175e+01	1.965675087166632551e+01	2.016453567349238085e+01	2.018089474844448716e+01	2.016098232923766531e+01	2.000800323715863982e+01	1.933850611638505157e+01	2.025426498743297543e+01	1.941537564805756944e+01	1.932944937659742024e+01	1.949305069457487605e+01	1.949256215556215466e+01	1.946468677507341383e+01	1.920749302844830808e+01	1.925896715990806385e+01	2.007270899199312453e+01	1.949882171465409186e+01	1.971820556876883046e+01	1.924583359073564282e+01	1.936205263141672717e+01	1.955633611810470285e+01	2.012550239613981162e+01	1.963053364853481497e+01	1.955396297362679547e+01	1.960805762647423123e+01	1.944064645958955140e+01	2.000836316151616856e+01	2.018299821803424976e+01	1.963837221585070125e+01	1.983614646210222787e+01	1.959662239150652852e+01	1.896586096274305433e+01
2.038061949191844491e+01	1.997208864477886792e+01	2.038309512242713950e+01	2.055450021374209868e+01	2.012610457584930757e+01	1.989146258717740068e+01	2.032855631344865444e+01	2.073096438256502339e+01	1.998056406381165573e+01	1.956162993305715503e+01	2.047727396979796310e+01	2.053056935849059528e+01	2.037759599531023014e+01	1.991933639018227353e+01	1.968772682011662667e+01	3.025297523861815208e+01	2.057520648847329880e+01	1.987827517747151873e+01	1.964566205714401903e+01	1.992812044540500693e+01	2.039273411950370729e+01	2.061095288212722565e+01	2.012264766547900052e+01	2.055380373080385326e+01	2.015817057163001280e+01	2.082754474151294488e+01	1.985893099108868043e+01	1.970357509112968586e+01	1.980309390666798208e+01	2.006074865095147786e+01	2.017567122190257578e+01	1.957656768593978569e+01	1.987763011091632137e+01	2.036791637173895708e+01	2.000477037644994027e+01	2.004394932591574729e+01	1.968145858471860521e+01	2.007585526691027766e+01	2.057640416408701256e+01	2.067788336607436506e+01	2.021558252349469242e+01	2.023773275131931371e+01	1.991761941553754056e+01	1.974927948498838859e+01	1.989178210177578876e+01	2.069276761832218980e+01	2.031127947031419012e+01	1.987171093161068214e+01	1.972500365925649390e+01	1.928494008603825804e+01
1.997037033422099483e+01	2.015174381920197177e+01	2.000457107356777442e+01	2.072322845074126718e+01	2.052574006295659004e+01	1.999750221277697193e+01	2.070103928827573370e+01	2.085203963111166914e+01	2.053368451684065121e+01	1.973343969354744587e+01	2.044132986734894786e+01	2.063822036832839046e+01	2.099359402469968927e+01	2.027300562204052170e+01	1.977171551632827473e+01	2.057520648847329880e+01	3.001622392569256448e+01	1.983925744683827830e+01	1.999019926788555424e+01	2.005239608793560180e+01	2.041844952518732370e+01	2.052673102878148370e+01	2.010882171143932950e+01	2.033466476690707836e+01	2.011158199792009071e+01	2.083013419182339021e+01	2.031707078450866533e+01	1.983230773668808311e+01	1.967576338058894692e+01	2.028158119165881956e+01	1.985656007075728269e+01	1.964368530619720588e+01	2.013911234999110533e+01	2.026661672041047169e+01	1.964133698808107553e+01	1.969213912788400123e+01	2.002939869154030461e+01	1.981919150391936668e+01	2.015021510477498623e+01	2.028067427959624780e+01	1.959031317670563155e+01	2.064694245876146539e+01	1.998773331556497368e+01	2.000191523232262014e+01	1.954806944095797405e+01	2.054643981589916280e+01	2.037691606093251551e+01	2.007186334311810327e+01	1.968153066318140176e+01	1.966225744810153842e+01
1.946532126747852587e+01	1.978725681365740385e+01	1.932731841219894875e+01	2.029191478985316266e+01	1.971050843436127309e+01	1.930658809623817262e+01	2.002344031294055071e+01	1.993617219823199349e+01	1.984492635169591779e+01	1.901769177043848558e+01	2.004887059821056994e+01	2.018050284443667053e+01	2.001769213682922910e+01	1.978605894571521873e+01	1.932827328154780133e+01	1.987827517747151873e+01	1.983925744683827830e+01	2.918236034997236672e+01	1.923870095060003393e+01	1.923122037347669888e+01	2.034967789935067017e+01	1.976855083550873005e+01	1.993951012773284148e+01	1.976114248693376041e+01	1.941646569465406102e+01	2.062458817300850455e+01	1.936795050343753033e+01	1.924200359705629637e+01	1.961269622909721022e+01	1.966074191334135080e+01	1.937492082345597311e+01	1.888348407606425639e+01	1.979973225902651990e+01	1.987634603559298796e+01	1.944089587082488890e+01	1.951767133096420181e+01	1.938195782960436730e+01	1.982783976044320440e+01	1.988013988086338557e+01	1.972145643301167439e+01	1.945653081735677503e+01	1.970714318325033432e+01	1.963257331482176227e+01	1.974743530442278328e+01	1.927791059639410776e+01	2.010453570975357351e+01	1.987318003148479661e+01	1.939971760119201960e+01	1.893995218607935627e+01	1.899019827040912389e+01
2.007797098483301923e+01	1.979694098685860482e+01	1.988506600134127567e+01	2.001830161412407350e+01	2.008659014007302446e+01	1.967646639676321385e+01	1.966067524190357219e+01	2.012817676919026866e+01	2.021501440706965980e+01	1.947664636142621575e+01	2.031037374295071629e+01	2.029443619748687055e+01	2.027318282434693586e+01	1.976819365055017741e+01	1.949634177160703175e+01	1.964566205714401903e+01	1.999019926788555424e+01	1.923870095060003393e+01	2.934461924056368076e+01	1.969863508082603332e+01	2.047248487634795922e+01	2.033742724150860326e+01	1.976207202648998518e+01	1.992876788563469503e+01	1.906739601626312464e+01	2.063404852414922175e+01	1.946805369711641376e+01	1.935973508542013732e+01	1.922313634927247961e+01	1.941860806267704120e+01	1.976526339716583180e+01	1.954807466410427352e+01	1.963904849371614603e+01	1.978046567937527556e+01	1.964139929706944443e+01	1.961285967535471997e+01	1.931967184511254132e+01	1.982694846153157542e+01	1.953400013215781783e+01	2.073918273785643507e+01	1.945895806848908549e+01	2.017391397386662177e+01	1.952883908613417674e+01	1.975090457642560082e+01	1.950347208264754784e+01	2.069926933190194163e+01	1.998010594416744823e+01	1.941050971164742123e+01	1.979726230186011549e+01	1.904348007440640700e+01
2.023452679714959146e+01	1.964922853234962830e+01	1.991208298716846770e+01	2.010489803850544277e+01	1.998722659210287844e+01	1.983536438012324865e+01	2.025458563923064759e+01	2.029936546487783389e+01	2.019895058166964574e+01	1.958333116531212781e+01	2.066205470023021107e+01	2.036186827201759542e+01	2.034685267727969915e+01	1.998065899859207661e+01	1.965675087166632551e+01	1.992812044540500693e+01	2.005239608793560180e+01	1.923122037347669888e+01	1.969863508082603332e+01	2.924801532001733406e+01	2.030713408028415401e+01	2.026978876455368450e+01	1.985995207950238139e+01	2.024540872275685999e+01	2.001493503314742028e+01	2.021130520473918679e+01	1.962157344168804940e+01	1.978416101430624963e+01	1.953917919819680549e+01	1.972553181915046849e+01	2.018415880562384146e+01	1.906743704932256378e+01	1.961725096924381972e+01	1.963529264297561738e+01	1.961430419844046469e+01	1.979088342051744931e+01	1.936035121653917557e+01	1.961055888801051950e+01	1.999101424917954617e+01	2.020385981899183747e+01	1.963125816747822228e+01	2.034467420387932535e+01	1.982631323565070147e+01	1.988892884775784609e+01	1.953056285810631110e+01	2.059677029727300379e+01	1.970082888077708461e+01	1.967371974228379727e+01	1.972381587137276426e+01	1.917807381622843721e+01
2.069028723187588881e+01	2.065769729784108932e+01	2.054927928097609779e+01	2.083826410548105557e+01	2.041783001515543461e+01	2.042443986831524683e+01	2.073193881782630399e+01	2.072655115909983081e+01	2.106939282427395099e+01	1.989441974055023366e+01	2.097960631848133417e+01	2.074927328633986079e+01	2.109634223110413487e+01	2.046376687597859600e+01	2.016453567349238085e+01	2.039273411950370729e+01	2.041844952518732370e+01	2.034967789935067017e+01	2.047248487634795922e+01	2.030713408028415401e+01	3.066459699237065450e+01	2.058593631079630626e+01	2.044915373762315980e+01	2.110380480253543922e+01	2.039065662745266394e+01	2.129853759490208631e+01	1.995511375918399821e+01	2.043134547514199539e+01	2.028021327013141928e+01	2.042072572100444106e+01	2.006805435445066621e+01	2.020496064073405407e+01	2.000977920390516118e+01	2.082412186238882157e+01	2.016798868680410095e+01	2.035657197180875144e+01	2.023886854126735457e+01	2.042357498532485849e+01	2.049379935481914927e+01	2.106295363849449487e+01	2.063368318699085791e+01	2.090416885823466231e+01	2.043531792060807817e+01	2.007982965537089726e+01	2.005579498185380416e+01	2.072416791333455066e+01	2.052679446609324998e+01	2.046547933062895197e+01	2.015982023421270597e+01	1.943116291329832634e+01
2.076380177146050343e+01	2.041226086510555859e+01	2.049832277714723716e+01	2.066669903284350340e+01	2.064739236134597888e+01	1.958015909000176080e+01	2.070166371254567750e+01	2.090804774891411455e+01	2.081418052069254898e+01	1.996016019613713155e+01	2.049006743675534992e+01	2.104093537456148155e+01	2.075044141856253077e+01	2.050732237065257024e+01	2.018089474844448716e+01	2.061095288212722565e+01	2.052673102878148370e+01	1.976855083550873005e+01	2.033742724150860326e+01	2.026978876455368450e+01	2.058593631079630626e+01	3.058436024341010295e+01	2.025544165303393740e+01	2.040173447921207384e+01	1.988987216643090861e+01	2.119511955189427965e+01	2.021357554261716061e+01	2.005314684678645776e+01	1.985018645620313293e+01	2.024875194607539086e+01	2.001453474939019017e+01	1.991880594569678209e+01	2.045631093952870927e+01	2.062334013413059708e+01	2.025194084414814810e+01	2.003607580991268122e+01	1.999698783852577222e+01	2.067897278212245382e+01	2.086995049105265210e+01	2.089528665257008200e+01	2.011863520608075362e+01	2.060098334073945026e+01	2.042223910006064713e+01	2.065769193668412385e+01	1.993159590177662110e+01	2.066067955724513538e+01	2.051842312186446193e+01	2.015742719391984750e+01	1.962543679809093433e+01	1.944311219721069506e+01
2.004587171566654646e+01	2.040874906598011762e+01	1.974886228144785250e+01	2.052504119372209246e+01	1.994573968736419189e+01	2.033447973006406073e+01	2.021729551046183815e+01	2.029506106636257456e+01	2.003131778580296185e+01	1.960221151493204061e+01	2.070690210233780348e+01	2.033446974341875801e+01	2.033495932398814077e+01	2.017201546553195612e+01	2.016098232923766531e+01	2.012264766547900052e+01	2.010882171143932950e+01	1.993951012773284148e+01	1.976207202648998518e+01	1.985995207950238139e+01	2.044915373762315980e+01	2.025544165303393740e+01	2.998815665364192284e+01	2.083185024629330684e+01	1.995548035440656420e+01	2.058702705707468894e+01	1.973781938646157030e+01	1.964767453222518157e+01	2.011886816912644349e+01	1.993004797264353911e+01	1.969453377141632444e+01	1.946978912558659403e+01	2.003640620270541461e+01	2.037472920989100444e+01	1.992500050790177113e+01	1.966441553143999599e+01	1.967106626132494540e+01	2.039232317741556244e+01	2.008104256851718716e+01	2.091094543243673343e+01	2.004842622800932617e+01	2.022631274363545728e+01	1.995133874865351942e+01	1.969227026034527839e+01	1.996042027423795062e+01	2.057876240925663325e+01	2.024882864179863873e+01	1.983400408745762178e+01	1.975331709064692731e+01	1.943876435039429751e+01
2.004835062131924417e+01	2.048808697244243859e+01	2.055240270856270968e+01	2.086106993347572569e+01	2.037939555916049983e+01	2.044787189701852625e+01	2.086806268229856087e+01	2.107083406196001718e+01	2.086621279461389733e+01	1.998112855589162251e+01	2.092766689010741388e+01	2.085633998504221509e+01	2.063648419874773410e+01	2.074990633015649877e+01	2.000800323715863982e+01	2.055380373080385326e+01	2.033466476690707836e+01	1.976114248693376041e+01	1.992876788563469503e+01	2.024540872275685999e+01	2.110380480253543922e+01	2.040173447921207384e+01	2.083185024629330684e+01	3.075270932578883176e+01	2.042183198297000146e+01	2.128794225919479288e+01	2.034240378845455055e+01	2.034189928181336882e+01	2.038338861551766357e+01	2.033760719720750032e+01	1.986246724320686852e+01	1.999804524883115775e+01	2.008273603633077187e+01	2.043096064320493355e+01	2.031782070901063975e+01	2.018798038913224246e+01	2.003412389659726855e+01	2.039318079259853178e+01	2.062396833261691143e+01	2.118564432102549233e+01	2.060340628854152811e+01	2.093956517521223759e+01	2.015681949434259224e+01	2.035576985614764212e+01	1.982636854314814201e+01	2.097067675315507884e+01	2.059417104115020791e+01	2.026640494466927578e+01	2.004384648911967659e+01	1.977700004613436136e+01
1.976859232745471573e+01	1.990760792270410562e+01	1.980312717557822921e+01	2.007673639029420798e+01	1.977663692637127113e+01	1.963411911759348882e+01	1.999815915711320713e+01	2.015465714869583636e+01	2.023347071009026266e+01	1.957591489302562593e+01	2.069405858046285829e+01	2.034945129559882204e+01	2.014480487931598418e+01	1.975000716688030167e+01	1.933850611638505157e+01	2.015817057163001280e+01	2.011158199792009071e+01	1.941646569465406102e+01	1.906739601626312464e+01	2.001493503314742028e+01	2.039065662745266394e+01	1.988987216643090861e+01	1.995548035440656420e+01	2.042183198297000146e+01	2.974102023575283482e+01	2.039816113794034891e+01	1.971590090325831213e+01	1.947249290936914434e+01	1.955224692365896644e+01	1.904273878305725276e+01	1.937872520335094251e+01	1.915257435474819303e+01	1.948571121397367989e+01	1.992417470116058809e+01	1.977549264442914989e+01	1.933077098851174824e+01	1.960039546393671017e+01	2.026032453661161981e+01	1.968835405389944526e+01	2.051814098678796938e+01	1.958699219386625145e+01	2.037010346357685009e+01	1.987214228977551755e+01	1.982326940289674511e+01	1.935574851698169851e+01	2.046611139756013742e+01	2.003025583170348156e+01	1.972248172296955460e+01	1.953325822860084315e+01	1.927936087428490808e+01
2.044316429192586071e+01	2.076400194300691382e+01	2.082576608236030680e+01	2.095083872582986118e+01	2.115000435713721316e+01	2.043114682014049777e+01	2.066887826729075783e+01	2.115194445439664150e+01	2.071623835799862334e+01	2.002249411615208174e+01	2.128889805499727927e+01	2.103114957363006710e+01	2.101362800445455292e+01	2.078947098539307348e+01	2.025426498743297543e+01	2.082754474151294488e+01	2.083013419182339021e+01	2.062458817300850455e+01	2.063404852414922175e+01	2.021130520473918679e+01	2.129853759490208631e+01	2.119511955189427965e+01	2.058702705707468894e+01	2.128794225919479288e+01	2.039816113794034891e+01	3.086677554706486859e+01	2.057948410852452881e+01	2.030670493351039241e+01	1.999289780389895910e+01	2.088208112105851910e+01	2.050759674945877364e+01	2.048918758736890311e+01	2.048083242298421069e+01	2.099360047254493367e+01	2.054499906807663123e+01	2.051964720213185700e+01	2.039374335934126492e+01	2.079180889444688773e+01	2.104357462448850313e+01	2.112632186870121487e+01	2.049670884039158736e+01	2.067582035411846419e+01	2.073342108196712630e+01	2.071960365908586255e+01	2.035252125374194776e+01	2.127070804435611961e+01	2.100076761755093102e+01	2.063287984494840543e+01	2.002427143427827971e+01	2.021885652504349196e+01
2.005214810565492201e+01	2.010510710543253765e+01	1.950230677728472628e+01	2.027859819111642636e+01	1.976399847166241486e+01	1.963831333228520037e+01	2.026443687713095798e+01	2.027594841601112208e+01	2.025139460106868583e+01	1.913044192765116946e+01	2.029915667670248780e+01	2.012029060821889459e+01	2.031799747162170533e+01	1.967288646121730977e+01	1.941537564805756944e+01	1.985893099108868043e+01	2.031707078450866533e+01	1.936795050343753033e+01	1.946805369711641376e+01	1.962157344168804940e+01	1.995511375918399821e+01	2.021357554261716061e+01	1.973781938646157030e+01	2.034240378845455055e+01	1.971590090325831213e+01	2.057948410852452881e+01	2.948082030522639485e+01	1.951685613237450312e+01	1.967484166919217259e+01	1.964054853415028035e+01	1.961325986915139907e+01	1.952511329875540014e+01	1.979432413254647116e+01	2.013828851024654298e+01	1.989775454082446515e+01	1.978536817953500559e+01	1.946957269518631861e+01	1.992943390490540878e+01	1.977852495741325001e+01	2.042084991134459671e+01	1.973023800325993804e+01	2.030331041467431419e+01	1.973040489016043608e+01	1.973563045263226456e+01	1.955011343083412712e+01	2.025161955084437793e+01	2.020686608754991553e+01	1.960910424770617411e+01	1.982516308964499885e+01	1.962110185116898009e+01
1.962836635462595680e+01	1.979003014194058707e+01	2.039638544592466474e+01	1.973962814689298639e+01	1.984357961651582869e+01	1.917935628699413542e+01	2.040405601451903905e+01	2.026556001799692908e+01	2.000129913241103097e+01	1.919127851357158576e+01	2.026857158672123305e+01	2.014001629014343209e+01	1.989278576336505466e+01	2.023190518114152425e+01	1.932944937659742024e+01	1.970357509112968586e+01	1.983230773668808311e+01	1.924200359705629637e+01	1.935973508542013732e+01	1.978416101430624963e+01	2.043134547514199539e+01	2.005314684678645776e+01	1.964767453222518157e+01	2.034189928181336882e+01	1.947249290936914434e+01	2.030670493351039241e+01	1.951685613237450312e+01	2.949537663782161090e+01	1.891769770374937210e+01	1.999754045357590826e+01	1.965024364831635140e+01	1.912907597873707388e+01	1.942479732390893687e+01	1.959880284894703451e+01	1.991322428289418767e+01	1.971520616130144887e+01	1.973589792835545964e+01	1.982545226335626154e+01	1.975306181035209008e+01	2.031431993437049499e+01	2.000556595985815633e+01	1.993557192142400325e+01	1.948951901479082238e+01	1.959011939662193669e+01	1.941345978714533871e+01	2.022749613072164010e+01	1.956378639040929457e+01	1.995893850931735969e+01	1.955938538181451491e+01	1.891957741406758231e+01
1.967132131794388528e+01	1.954482603800499163e+01	1.976310458652694280e+01	2.006108260474445260e+01	1.990718509718516316e+01	1.973960516862959835e+01	1.980777224329419184e+01	2.005011644860550390e+01	1.978840045295888217e+01	1.959750745707006558e+01	2.030869019320748947e+01	1.997412967963077790e+01	2.042541893632629879e+01	2.005690899725197340e+01	1.949305069457487605e+01	1.980309390666798208e+01	1.967576338058894692e+01	1.961269622909721022e+01	1.922313634927247961e+01	1.953917919819680549e+01	2.028021327013141928e+01	1.985018645620313293e+01	2.011886816912644349e+01	2.038338861551766357e+01	1.955224692365896644e+01	1.999289780389895910e+01	1.967484166919217259e+01	1.891769770374937210e+01	2.963026620676587086e+01	1.925571690381762835e+01	1.959702102599346674e+01	1.945214621304274871e+01	1.955086982161100195e+01	2.030627889882310200e+01	1.990242130620172034e+01	1.945442416603247082e+01	1.969411591081406243e+01	1.961210039569577646e+01	2.003167805660826062e+01	2.030308808047908187e+01	1.962619340383239575e+01	2.009533364450070536e+01	1.991208057659506991e+01	1.942623961741480088e+01	1.960462726988545867e+01	2.055397090868793342e+01	2.009200841485295541e+01	1.965303918820489315e+01	1.957522744900980882e+01	1.899127637802734370e+01
1.971257193054442780e+01	2.005982791910876273e+01	1.991069531382722246e+01	2.082074876437777888e+01	1.976931758082331214e+01	1.976656142514140413e+01	2.002012765419076246e+01	2.019302574156530738e+01	2.004971175820698548e+01	1.951335843886976562e+01	2.039802958801076471e+01	2.031035282141439069e+01	2.007416501127361386e+01	2.015293553892426459e+01	1.949256215556215466e+01	2.006074865095147786e+01	2.028158119165881956e+01	1.966074191334135080e+01	1.941860806267704120e+01	1.972553181915046849e+01	2.042072572100444106e+01	2.024875194607539086e+01	1.993004797264353911e+01	2.033760719720750032e+01	1.904273878305725276e+01	2.088208112105851910e+01	1.964054853415028035e+01	1.999754045357590826e+01	1.925571690381762835e+01	2.968819389725262070e+01	1.956404602414727023e+01	1.945783903126979908e+01	1.991008313647986938e+01	2.001135427056935612e+01	1.996253814498707868e+01	2.017964299802500250e+01	1.945847683450942966e+01	1.996947168362505565e+01	2.023713470568306505e+01	2.042181110292793278e+01	1.954183197857268439e+01	1.980476649094876862e+01	1.962398586522086674e+01	2.011499697989836122e+01	1.916739849258074813e+01	2.034349610591624113e+01	2.027241430593135618e+01	1.980507924425211996e+01	1.961058327684444080e+01	1.939141385312474597e+01
1.969561323133829589e+01	1.958607069292562386e+01	1.961802819499107642e+01	1.967802401488353681e+01	1.984461251214626998e+01	1.957024928557268240e+01	2.015708615955787764e+01	2.021162048541752299e+01	1.989152147267719073e+01	1.929598523839553792e+01	1.994129357566701799e+01	2.038507628736968869e+01	2.042958624302390191e+01	2.010933839663377043e+01	1.946468677507341383e+01	2.017567122190257578e+01	1.985656007075728269e+01	1.937492082345597311e+01	1.976526339716583180e+01	2.018415880562384146e+01	2.006805435445066621e+01	2.001453474939019017e+01	1.969453377141632444e+01	1.986246724320686852e+01	1.937872520335094251e+01	2.050759674945877364e+01	1.961325986915139907e+01	1.965024364831635140e+01	1.959702102599346674e+01	1.956404602414727023e+01	2.910513842828515152e+01	1.917258629502132905e+01	1.980079321695799521e+01	1.988208781190859398e+01	1.983759724085782494e+01	1.903159370731492572e+01	1.938254220539320016e+01	1.991724193718705038e+01	1.986807825083110401e+01	2.035508040563168919e+01	1.937601061706104488e+01	2.023703493165455924e+01	1.977715974660923237e+01	1.968429906277992103e+01	1.949885461529753172e+01	2.035650337673480692e+01	1.948346263506900300e+01	1.950498884387075194e+01	1.970922560142065549e+01	1.904983916153689805e+01
1.955929787155232447e+01	1.980958458868931160e+01	1.963795785762652102e+01	1.985040032662135090e+01	1.973481455202538726e+01	1.936772873436263964e+01	1.977323821072831223e+01	2.002832867511295944e+01	1.985396784163240014e+01	1.903070557730335111e+01	1.958822783386384714e+01	1.971730022437292718e+01	1.989230259246799548e+01	2.012078545112912664e+01	1.920749302844830808e+01	1.957656768593978569e+01	1.964368530619720588e+01	1.888348407606425639e+01	1.954807466410427352e+01	1.906743704932256378e+01	2.020496064073405407e+01	1.991880594569678209e+01	1.946978912558659403e+01	1.999804524883115775e+01	1.915257435474819303e+01	2.048918758736890311e+01	1.952511329875540014e+01	1.912907597873707388e+01	1.945214621304274871e+01	1.945783903126979908e+01	1.917258629502132905e+01	2.908060717333780687e+01	1.966270532968627904e+01	1.964604115663091832e+01	1.967428077061640224e+01	1.933811198654197483e+01	1.914545654166109401e+01	1.967828040068218698e+01	1.982366252811150531e+01	2.048786503253229441e+01	1.968746660272479332e+01	2.012226970119336755e+01	1.933769534468130757e+01	1.971727932425019247e+01	1.933111169391860784e+01	1.981830389407106807e+01	1.976565325875173684e+01	2.020832070048480134e+01	1.935516423962439347e+01	1.887954303588954019e+01
