2.997644209411961569e+01	2.038047470904992764e+01	2.061798952722191913e+01	2.010994017499230679e+01	1.990765953235327856e+01	2.043432399724613546e+01	2.001259359994520182e+01	1.984727261486181149e+01	2.049010838123711409e+01	2.024041530023271918e+01	2.028575521961891681e+01	2.061169917308411925e+01	2.057393242276002354e+01	1.986878081702314702e+01	1.988043227435169058e+01	1.985953083093692939e+01	2.044015698526165536e+01	2.033166742081584388e+01	2.084182768065904412e+01	2.082202290871353867e+01	1.990099537671219565e+01	1.973957482745748848e+01	1.982802633270896919e+01	2.073751988979827843e+01	2.013900739482439306e+01	2.093783179455990151e+01	2.024221436729186152e+01	2.023835039971971739e+01	2.041688645905717081e+01	2.053829493259174299e+01	2.030906302483084858e+01	2.020427843371580323e+01	2.068492932125537109e+01	2.045209737312535836e+01	2.019392373728578605e+01	2.038037952321204926e+01	2.020305945016679416e+01	2.036227697187685948e+01	2.007151087217754437e+01	2.047494904386084613e+01	2.033912483296400708e+01	2.083351973732957774e+01	1.962682303253479787e+01	2.022765124157536576e+01	2.046141307841894630e+01	1.995925780501376323e+01	2.012147726402224635e+01	2.049445227041342221e+01	1.979722731954154114e+01	2.055633535283862301e+01
2.038047470904992764e+01	2.954628369593156734e+01	2.019707013488304170e+01	2.018723633907299941e+01	1.938366867004657124e+01	2.052605970583842065e+01	1.993530759192928414e+01	1.956059045686014741e+01	2.014399193135881561e+01	2.004269598824148702e+01	1.993810072086595042e+01	2.024886232963393695e+01	2.033714452216024426e+01	1.994356818896397243e+01	1.975580336327220721e+01	2.014586572303042189e+01	2.028851540532621200e+01	1.975803019159421225e+01	2.062908745472327254e+01	2.019575369630618766e+01	1.949551214446526970e+01	1.945519986916818667e+01	1.958720566370609362e+01	2.016340233046536667e+01	2.000462663501075156e+01	2.009565838887375833e+01	1.976451528009419079e+01	2.070154279763141858e+01	2.036160456542053865e+01	2.023478104476441075e+01	1.978781244191207023e+01	2.037993313394995099e+01	1.993967924888319843e+01	2.002840568260846155e+01	2.053145140254520484e+01	2.017659977101537905e+01	1.996899075735473517e+01	1.998805604050496498e+01	1.965368055140334036e+01	2.046307388267095106e+01	1.994578279768566631e+01	2.059975125888564662e+01	1.984673406513992688e+01	2.026932499587290692e+01	1.993324829210999383e+01	1.959535157656189241e+01	1.942604620426234874e+01	2.048739794842984452e+01	1.950402264745040526e+01	2.002711704433735918e+01
2.061798952722191913e+01	2.019707013488304170e+01	2.982785397977171726e+01	2.049628521694793548e+01	1.931837238700715531e+01	2.028431931162983304e+01	2.004825697906530735e+01	1.965495995037340649e+01	2.002399912561918072e+01	2.010642000853967559e+01	2.010191524222768678e+01	2.017698177226493428e+01	2.040837131203221233e+01	1.974671972775054840e+01	1.944114520742831331e+01	1.981069425318884925e+01	2.019573450102546275e+01	2.018133412829398310e+01	2.079444634278878112e+01	2.020658196303710241e+01	1.939533378570883215e+01	1.962537343773062304e+01	1.984092975208587006e+01	2.058226596160483624e+01	1.986759078421232516e+01	2.030539347064984312e+01	1.994506908651766253e+01	2.055092054213811181e+01	2.026029189964945232e+01	2.054432471247291048e+01	2.018362327440773996e+01	1.979043733755858270e+01	2.009676018167821709e+01	2.031261647396155823e+01	1.982177154865788893e+01	2.039676203836244639e+01	1.989276859420986554e+01	2.025366036631554678e+01	1.978778908143271664e+01	1.994039537837135612e+01	2.029596845349495027e+01	2.032090846791506067e+01	1.975826432929233079e+01	2.026155251794858358e+01	1.974817421350048363e+01	1.974469441752877685e+01	1.979385915431296894e+01	2.019515994418358673e+01	1.975560696758318002e+01	1.976907567683278089e+01
2.010994017499230679e+01	2.018723633907299941e+01	2.049628521694793548e+01	2.970947482040946142e+01	1.990508373309284806e+01	2.001856546419988092e+01	1.982948130459035241e+01	2.027485739542683874e+01	2.046110747408937058e+01	2.020139713719883900e+01	2.033655634835950110e+01	2.047368657078316900e+01	2.027986240628700543e+01	2.001906554957303186e+01	1.975985766868352300e+01	2.012923918630712450e+01	2.073287233517798001e+01	2.006426241974034141e+01	2.068339452680560342e+01	2.088894617411261834e+01	1.948576583716329935e+01	1.970413444885095799e+01	1.957054372204691006e+01	2.091384106713484314e+01	2.012696550262951689e+01	2.073492911436996167e+01	1.970236875633488793e+01	2.049835037490946732e+01	2.010746217455497131e+01	2.063100140726282561e+01	2.023455941665873326e+01	2.041723842336450190e+01	2.038895320795787569e+01	2.034194508804495527e+01	1.989829400655211344e+01	2.021837995388492715e+01	2.015369217707750238e+01	2.007246145815778249e+01	2.013931476950918054e+01	2.078175439065961072e+01	2.087073272460003892e+01	2.088672107656276111e+01	1.997310505276232817e+01	2.051433113383234641e+01	1.999059995865634320e+01	2.003677663163783862e+01	2.019420818065855627e+01	2.052351157703454376e+01	1.957086968755452361e+01	2.036463140649917136e+01
1.990765953235327856e+01	1.938366867004657124e+01	1.931837238700715531e+01	1.990508373309284806e+01	2.850115307125534159e+01	1.984998543087985112e+01	1.927496000934874942e+01	1.900361102535166680e+01	1.979054875158209725e+01	1.944229290054090242e+01	1.988689408912022927e+01	1.975651395625454398e+01	1.960167554119342981e+01	1.933620967388084111e+01	1.945532515483569114e+01	1.971191071717602838e+01	1.994022875366330894e+01	1.937808728627638644e+01	1.965904407408396537e+01	1.992794893273572399e+01	1.876758055817109749e+01	1.933964117447224851e+01	1.901218074141336700e+01	2.002998730461843024e+01	1.948504615023238173e+01	1.937235171936104194e+01	1.933563020775805441e+01	2.006007374621025718e+01	1.971614813768671226e+01	1.978727769405228187e+01	1.944071919171494756e+01	1.963579960353655096e+01	1.978679300999171531e+01	1.956624466078164559e+01	1.954573131525201291e+01	1.963117479568914803e+01	1.930330680879228566e+01	1.971176555882038883e+01	1.963553736577700448e+01	1.965595716486137334e+01	1.971416096051769529e+01	2.008961380550993070e+01	1.910471970058682700e+01	1.915446296140357774e+01	1.930821642139141403e+01	1.898770513574149277e+01	1.943637672770546487e+01	1.980251664398376832e+01	1.905270287285776831e+01	1.975854502662721757e+01
2.043432399724613546e+01	2.052605970583842065e+01	2.028431931162983304e+01	2.001856546419988092e+01	1.984998543087985112e+01	2.970153646458148700e+01	1.987523412092073016e+01	1.964740822126008624e+01	1.979677889706213989e+01	2.010227930405744345e+01	2.017517281877568180e+01	2.004673127962497503e+01	2.072490409005371248e+01	1.967253288020417301e+01	1.945175532026406984e+01	2.001164170552316790e+01	2.042696954374939367e+01	1.949051424618670225e+01	2.053536332986055157e+01	2.040279391050087909e+01	1.937299199790375681e+01	1.968177104528243859e+01	1.981706250396234736e+01	2.031180285421829979e+01	1.963471203338530557e+01	2.031254134053714466e+01	2.004247246331794230e+01	2.023338167326341264e+01	1.968143120216321051e+01	2.036358504443845518e+01	1.983381423140253830e+01	1.964405236138791366e+01	2.024904128074610554e+01	2.007476601689898743e+01	1.981647991693182576e+01	2.019800048729119268e+01	1.981528172083803696e+01	2.003828941217654247e+01	1.998594932521074341e+01	2.000131578722193382e+01	2.019907423716999872e+01	2.060935951825817725e+01	1.957207176973518159e+01	2.006169653027378175e+01	1.999377185618427433e+01	1.961155043503382700e+01	1.980321818793944288e+01	2.061456308342653543e+01	1.938551611863386270e+01	2.019483429771852556e+01
2.001259359994520182e+01	1.993530759192928414e+01	2.004825697906530735e+01	1.982948130459035241e+01	1.927496000934874942e+01	1.987523412092073016e+01	2.984759152282640571e+01	1.952792823359475705e+01	2.022377746631328321e+01	2.008723082743116350e+01	2.020483815238576142e+01	2.003737060532643710e+01	2.001905743136690674e+01	1.974700992239686315e+01	1.898473645058447445e+01	1.980215323718429232e+01	2.019366983790679981e+01	1.967158224637669761e+01	2.018928425876150001e+01	2.007267147790930295e+01	1.932392786175944366e+01	1.958650150327711970e+01	1.963169084054122138e+01	2.044478719123287647e+01	1.958485057318435452e+01	1.985079195578462929e+01	1.931069197183068198e+01	2.004197106797164807e+01	1.990736872897250009e+01	2.014091397532337879e+01	1.961685549407076579e+01	1.962212745563798677e+01	2.005669429726282615e+01	2.023857975617267968e+01	2.025764556794248961e+01	2.011890873270703750e+01	1.964709766805602342e+01	1.974138672887083246e+01	2.010951907066768030e+01	2.001750821669575231e+01	1.979245680876481472e+01	2.023228532573850202e+01	1.941750760487857619e+01	1.953164160247283121e+01	1.965272049833016865e+01	1.960610720119801087e+01	1.956478733893044719e+01	2.012507258568183488e+01	1.922979382190348474e+01	1.998916337126098242e+01
1.984727261486181149e+01	1.956059045686014741e+01	1.965495995037340649e+01	2.027485739542683874e+01	1.900361102535166680e+01	1.964740822126008624e+01	1.952792823359475705e+01	2.866401858891696719e+01	1.924465532379273824e+01	2.014123463752649101e+01	1.957962599448597985e+01	1.956233105020201535e+01	1.996974958399529498e+01	1.894396876094732463e+01	1.894559059774292820e+01	1.911902062136558200e+01	2.029179154408255314e+01	1.873074494072488605e+01	2.005355298794229313e+01	2.004234455460506581e+01	1.877101195717747828e+01	1.950087026632285969e+01	1.909776074224403786e+01	2.015301834785293522e+01	1.922952757461938944e+01	1.985174584638565420e+01	1.925334372094168245e+01	1.957114574085827385e+01	1.973702519739011407e+01	1.985851398120850675e+01	1.939141347422954453e+01	1.965849096949929731e+01	1.939733670040364188e+01	1.967923728817736873e+01	1.955129769229207426e+01	1.999189558224723484e+01	1.947267655399132025e+01	1.933136919235714757e+01	1.955306346975219256e+01	1.991203702026286493e+01	1.938227145545567609e+01	1.984244596770816216e+01	1.986778157289736768e+01	1.981761653815466317e+01	1.954008994625556639e+01	1.943646375026388640e+01	1.924136536795728603e+01	1.952951298674700098e+01	1.909774256262006276e+01	1.967935791530665313e+01
2.049010838123711409e+01	2.014399193135881561e+01	2.002399912561918072e+01	2.046110747408937058e+01	1.979054875158209725e+01	1.979677889706213989e+01	2.022377746631328321e+01	1.924465532379273824e+01	2.993752890029044522e+01	1.989040062272521681e+01	2.048458837567519097e+01	2.083999864123474666e+01	2.015557724325480393e+01	1.987409882147046858e+01	1.977301963317929534e+01	1.975848158698769907e+01	2.041499783473142315e+01	1.996558883848410559e+01	2.063847154711303844e+01	2.059048410324606593e+01	1.947538820892007649e+01	1.965715010962437503e+01	1.934078734441558822e+01	2.066248939869787549e+01	2.050236228550906858e+01	2.023268343250481038e+01	1.947851324139595874e+01	2.003166878833073739e+01	2.022796159339136679e+01	2.029137594358413210e+01	1.994454730440861567e+01	2.010141612505875486e+01	1.999032050199238952e+01	2.017282919972361910e+01	2.017390913880096548e+01	2.051985637889856307e+01	2.013871086977860259e+01	2.013938966175661349e+01	2.008686869262530905e+01	2.038560335541277624e+01	2.045156407856450542e+01	2.058981689710987339e+01	1.971714904699599913e+01	2.027101511190863903e+01	1.980768645942034567e+01	1.970337914114251276e+01	1.965593187698910072e+01	2.058584463205059834e+01	1.966457603783146268e+01	2.042378047848470146e+01
2.024041530023271918e+01	2.004269598824148702e+01	2.010642000853967559e+01	2.020139713719883900e+01	1.944229290054090242e+01	2.010227930405744345e+01	2.008723082743116350e+01	2.014123463752649101e+01	1.989040062272521681e+01	2.986296719918769682e+01	2.027564086708724034e+01	2.042691175396420178e+01	2.058058294003942379e+01	1.987081565984762932e+01	1.947948161629924613e+01	2.017476476757968129e+01	2.034145216429195102e+01	2.005657279234190682e+01	2.031410743654546636e+01	2.038764812598688181e+01	1.945944661624410443e+01	1.979739906731293786e+01	1.970040019595286651e+01	2.056047821468007442e+01	2.018320658159129266e+01	2.039752677469878606e+01	1.972832312193322224e+01	1.999687600220565642e+01	2.024817505198359768e+01	2.063689835470334089e+01	1.979602156755251485e+01	1.997955462591818332e+01	1.996859986281006627e+01	2.044700466315402210e+01	1.981343093416431245e+01	2.015653725748705938e+01	1.980072915614689677e+01	2.006607952423494723e+01	1.990598920109038161e+01	2.047192267229567975e+01	2.055065919753742065e+01	2.005503057995706939e+01	1.984441950245455999e+01	2.013742970818069011e+01	2.014682389629003012e+01	1.945585739794330138e+01	2.002414004433824957e+01	2.017496236460736370e+01	1.952660976595254638e+01	2.008783604872655104e+01
2.028575521961891681e+01	1.993810072086595042e+01	2.010191524222768678e+01	2.033655634835950110e+01	1.988689408912022927e+01	2.017517281877568180e+01	2.020483815238576142e+01	1.957962599448597985e+01	2.048458837567519097e+01	2.027564086708724034e+01	3.004700048759887210e+01	2.043040214736307902e+01	2.077978513334251787e+01	1.993347845908235172e+01	1.946899421853258616e+01	1.999758794822301056e+01	2.068754980114460906e+01	1.972048757538003017e+01	2.081950193293658913e+01	2.058377899961415380e+01	1.934334488095457161e+01	1.973419291725755187e+01	1.916044367224050049e+01	2.077226100088759608e+01	1.971765059906349293e+01	2.033071803068965622e+01	2.019141151739988160e+01	2.088010453978993297e+01	2.032348162463081920e+01	2.048497801426288589e+01	1.985505115815432120e+01	2.007047426460217565e+01	2.051766794602070831e+01	2.033969591462702198e+01	1.979239378408765049e+01	2.053140982517806989e+01	1.978912682117328004e+01	2.004152523195952895e+01	1.976072911698585699e+01	2.058905634594584200e+01	2.046228796620053458e+01	2.082790510010415019e+01	2.005213414912846659e+01	2.044654525146581037e+01	1.993211304026682740e+01	1.984217339177393669e+01	2.013271632404723377e+01	2.004551495469790723e+01	1.982677324125701546e+01	2.052822223241231470e+01
2.061169917308411925e+01	2.024886232963393695e+01	2.017698177226493428e+01	2.047368657078316900e+01	1.975651395625454398e+01	2.004673127962497503e+01	2.003737060532643710e+01	1.956233105020201535e+01	2.083999864123474666e+01	2.042691175396420178e+01	2.043040214736307902e+01	3.021324664159596551e+01	2.045089907852302957e+01	1.993161765781047379e+01	1.986071695158308970e+01	2.034540355295396097e+01	2.091138638330977173e+01	1.993209773875782531e+01	2.053030892351926795e+01	2.055494666595618014e+01	1.932100113491065585e+01	1.991009071045748868e+01	1.971376640797004498e+01	2.066541637831217670e+01	2.011707050097896499e+01	2.037009237783187388e+01	1.941375489168571278e+01	2.044805083027728543e+01	2.055340067810423932e+01	2.049412280197886460e+01	1.976013361261832557e+01	2.037102676569521620e+01	2.026231374220330039e+01	2.032403645203620002e+01	2.024832161046699852e+01	1.988625557423424794e+01	2.010068350469790488e+01	2.006407406338897914e+01	1.991567310427245019e+01	2.054816158964757378e+01	2.027412660585748583e+01	2.061483513616969176e+01	1.988098301339148577e+01	2.023472210203490107e+01	2.009168227757453451e+01	2.037418878029800950e+01	2.004038708092778975e+01	2.088174535855174696e+01	1.929262875804971955e+01	2.065269809200819395e+01
2.057393242276002354e+01	2.033714452216024426e+01	2.040837131203221233e+01	2.027986240628700543e+01	1.960167554119342981e+01	2.072490409005371248e+01	2.001905743136690674e+01	1.996974958399529498e+01	2.015557724325480393e+01	2.058058294003942379e+01	2.077978513334251787e+01	2.045089907852302957e+01	3.084062886447271623e+01	1.979616862294952639e+01	1.934186525349289454e+01	2.016115102650148572e+01	2.095756992536986374e+01	1.967391203623041918e+01	2.093945390573421506e+01	2.079694074464080700e+01	1.990744963753195051e+01	2.001449600703727327e+01	1.932347458846400201e+01	2.099174788859953011e+01	2.018792062511235130e+01	2.078927043975381039e+01	2.013390521611267658e+01	1.997450220476331495e+01	2.061090861597977764e+01	2.069254671707794913e+01	2.021971683122606933e+01	2.048768213504607871e+01	2.034259859308143703e+01	2.022999208945129723e+01	2.027556663947952842e+01	2.071371219928876428e+01	2.044273230894064497e+01	2.058584616083332364e+01	2.016876253189871804e+01	2.089617737484112325e+01	2.054250073898316842e+01	2.092160972566791344e+01	2.029619617495482942e+01	2.056132589456118964e+01	1.973042355393084080e+01	2.039208216895373127e+01	2.047107154652416838e+01	2.074141593238036307e+01	1.931155750991844045e+01	2.037203744952397244e+01
1.986878081702314702e+01	1.994356818896397243e+01	1.974671972775054840e+01	2.001906554957303186e+01	1.933620967388084111e+01	1.967253288020417301e+01	1.974700992239686315e+01	1.894396876094732463e+01	1.987409882147046858e+01	1.987081565984762932e+01	1.993347845908235172e+01	1.993161765781047379e+01	1.979616862294952639e+01	2.955168509736092020e+01	1.910626754341951994e+01	1.983526871028798411e+01	2.040349996556327739e+01	1.932218514191656311e+01	2.035888955197964734e+01	2.007155465698591001e+01	1.935475862877770936e+01	1.948374654134824269e+01	1.932807089470764339e+01	2.015146920373229378e+01	1.976744051743025921e+01	1.959847774306943791e+01	1.978512409832067576e+01	1.999926262054609793e+01	1.957791127687446675e+01	2.007673654765653382e+01	1.964545493506776097e+01	1.956650666814596562e+01	1.984074138069123094e+01	1.978773266140364484e+01	1.996750367155876305e+01	2.009858807079547915e+01	1.958918526369118140e+01	1.932002940108947087e+01	1.994372790564874265e+01	2.001419315152193334e+01	2.011603809617870908e+01	2.023690950340573025e+01	1.957584594348612228e+01	1.995476749918721282e+01	1.990564907591149435e+01	1.956810197341550861e+01	1.925306972450075094e+01	2.020704390390540084e+01	1.942823707511912446e+01	2.026732780499559894e+01
1.988043227435169058e+01	1.975580336327220721e+01	1.944114520742831331e+01	1.975985766868352300e+01	1.945532515483569114e+01	1.945175532026406984e+01	1.898473645058447445e+01	1.894559059774292820e+01	1.977301963317929534e+01	1.947948161629924613e+01	1.946899421853258616e+01	1.986071695158308970e+01	1.934186525349289454e+01	1.910626754341951994e+01	2.869883013972204466e+01	1.979995197303598786e+01	2.012018630507012773e+01	1.906904274935165233e+01	2.013333694867231571e+01	2.010036704804955932e+01	1.897815791265619012e+01	1.942658553852550796e+01	1.875205053167263003e+01	1.997388298070972112e+01	1.942568386142860248e+01	1.964779963629645465e+01	1.927514473584455601e+01	1.988809038130693807e+01	1.932414947693634133e+01	2.002939081794119147e+01	1.938111856354194273e+01	1.973709927186839863e+01	1.978474414509142321e+01	1.966324272277929452e+01	1.936963007299213757e+01	1.976798629937069762e+01	1.933636553810628200e+01	1.973625619416127108e+01	1.936242993608068019e+01	1.947238923602199989e+01	1.969252524182957842e+01	2.008896988900333724e+01	1.937508334990844716e+01	1.973314628739667853e+01	1.972719958680115226e+01	1.945900771294269305e+01	1.953146090467372886e+01	1.988613380917359308e+01	1.885336903308336076e+01	1.978972187807231364e+01
1.985953083093692939e+01	2.014586572303042189e+01	1.981069425318884925e+01	2.012923918630712450e+01	1.971191071717602838e+01	2.001164170552316790e+01	1.980215323718429232e+01	1.911902062136558200e+01	1.975848158698769907e+01	2.017476476757968129e+01	1.999758794822301056e+01	2.034540355295396097e+01	2.016115102650148572e+01	1.983526871028798411e+01	1.979995197303598786e+01	2.924355130517673018e+01	2.026393627132447151e+01	1.988878175491904798e+01	2.027857365245875343e+01	2.024047917798481322e+01	1.932706755257802200e+01	1.962040046226863410e+01	1.936025361792167132e+01	2.108804193777530145e+01	1.990251154133285993e+01	2.001181678406830500e+01	1.999610641891099760e+01	2.009640171152168264e+01	1.992100890034765470e+01	2.028102646506506801e+01	1.973398808388980186e+01	1.992541577906840899e+01	1.999622537897700880e+01	2.019810222006900702e+01	1.953123618304090670e+01	2.032867229366857842e+01	1.965556096495747340e+01	1.998486366351882637e+01	2.006141108398922412e+01	2.066577537658762154e+01	2.005287859995648603e+01	2.027217645431014503e+01	1.969838109395414705e+01	1.990306949531702685e+01	2.022285914576069032e+01	1.952794282510073032e+01	1.978445013108979822e+01	2.030526330640411103e+01	1.918296278521489384e+01	2.003766707504574285e+01
2.044015698526165536e+01	2.028851540532621200e+01	2.019573450102546275e+01	2.073287233517798001e+01	1.994022875366330894e+01	2.042696954374939367e+01	2.019366983790679981e+01	2.029179154408255314e+01	2.041499783473142315e+01	2.034145216429195102e+01	2.068754980114460906e+01	2.091138638330977173e+01	2.095756992536986374e+01	2.040349996556327739e+01	2.012018630507012773e+01	2.026393627132447151e+01	3.112301698622789559e+01	2.034146796245781630e+01	2.109596876074967753e+01	2.059723865433259249e+01	1.998041669874853810e+01	1.978571561870346684e+01	1.990419836040725698e+01	2.085362899580514906e+01	2.055328900284851912e+01	2.073583474847604791e+01	2.019835329021410075e+01	2.043041485364808807e+01	2.049521228051254340e+01	2.061929026266001941e+01	2.031267971838276409e+01	2.084846427017492942e+01	2.033361356848931578e+01	2.067690193001217125e+01	2.089182655307953951e+01	2.046771609905955458e+01	2.006636845206833897e+01	2.034365309155989721e+01	2.035573160359890466e+01	2.072883007551284607e+01	2.053282888067012735e+01	2.105236530491172431e+01	2.023665412130177188e+01	2.070300230374670392e+01	2.026130452099991075e+01	2.079615755351425577e+01	2.041169080196844021e+01	2.088232227670417984e+01	2.003484505271229565e+01	2.076485659883803692e+01
2.033166742081584388e+01	1.975803019159421225e+01	2.018133412829398310e+01	2.006426241974034141e+01	1.937808728627638644e+01	1.949051424618670225e+01	1.967158224637669761e+01	1.873074494072488605e+01	1.996558883848410559e+01	2.005657279234190682e+01	1.972048757538003017e+01	1.993209773875782531e+01	1.967391203623041918e+01	1.932218514191656311e+01	1.906904274935165233e+01	1.988878175491904798e+01	2.034146796245781630e+01	2.890248384793916259e+01	2.021820214314922737e+01	2.008691511800519436e+01	1.883781291108461176e+01	1.957944186924317620e+01	1.942759235967146836e+01	2.009456765383177057e+01	1.998576869992327332e+01	1.996877718706711136e+01	1.939691249503667692e+01	1.995034117376716409e+01	1.988710417434852218e+01	2.017685920647772946e+01	1.986557242328748885e+01	1.958304749266097033e+01	1.986962804175729147e+01	1.997050813203746600e+01	1.941515890130777322e+01	2.007492452199243971e+01	1.924736298055979944e+01	1.971069970290717777e+01	1.946395668777677557e+01	2.014934097746545305e+01	2.004823030759447278e+01	2.035537372833860914e+01	1.967159124956262062e+01	1.984470254052720506e+01	1.961675380416158632e+01	1.951935323968146463e+01	1.998676399762929634e+01	1.997849491607070860e+01	1.926115984183130081e+01	1.995599858507571867e+01
2.084182768065904412e+01	2.062908745472327254e+01	2.079444634278878112e+01	2.068339452680560342e+01	1.965904407408396537e+01	2.053536332986055157e+01	2.018928425876150001e+01	2.005355298794229313e+01	2.063847154711303844e+01	2.031410743654546636e+01	2.081950193293658913e+01	2.053030892351926795e+01	2.093945390573421506e+01	2.035888955197964734e+01	2.013333694867231571e+01	2.027857365245875343e+01	2.109596876074967753e+01	2.021820214314922737e+01	3.026418805335094575e+01	2.104257226149415771e+01	1.974368957700204064e+01	2.021565353242145235e+01	1.988764820931029220e+01	2.097510837271311246e+01	2.029560943555399177e+01	2.101612751523834888e+01	2.032595928573206123e+01	2.076912675578407530e+01	2.049315177571993019e+01	2.083114601824664547e+01	2.027413726648968861e+01	2.054948015229216196e+01	2.035165922104401304e+01	2.074477206823555164e+01	2.043512421518587630e+01	2.096423096261129260e+01	2.033596161870268304e+01	2.051135097072843649e+01	2.051490411910448941e+01	2.065765314716922774e+01	2.031236115725828739e+01	2.094705241273077689e+01	2.011455869506353267e+01	2.097115093750301185e+01	2.001834672879707355e+01	2.007000319831773538e+01	2.024697360067237994e+01	2.094916614205354577e+01	1.986532673124590431e+01	2.017084174521173168e+01
2.082202290871353867e+01	2.019575369630618766e+01	2.020658196303710241e+01	2.088894617411261834e+01	1.992794893273572399e+01	2.040279391050087909e+01	2.007267147790930295e+01	2.004234455460506581e+01	2.059048410324606593e+01	2.038764812598688181e+01	2.058377899961415380e+01	2.055494666595618014e+01	2.079694074464080700e+01	2.007155465698591001e+01	2.010036704804955932e+01	2.024047917798481322e+01	2.059723865433259249e+01	2.008691511800519436e+01	2.104257226149415771e+01	3.043173284666843159e+01	1.940679844247159380e+01	2.007947730739222436e+01	1.995618337301059597e+01	2.097524290643195144e+01	2.050863775838971037e+01	2.092478906291168173e+01	2.009390427307600646e+01	2.048968225335100257e+01	2.046764067862269698e+01	2.113670492231710796e+01	2.032803292035849196e+01	2.056082170443892920e+01	2.015408205381853790e+01	2.046397063796841920e+01	2.042354517804004388e+01	2.074280501717622727e+01	2.044406336256401957e+01	1.993443002872644954e+01	2.055047715702262678e+01	2.069536977451052095e+01	2.051416660815041482e+01	2.090209347785722471e+01	2.001705234914716058e+01	2.065004518386513865e+01	2.043484153786737068e+01	1.990018482295239011e+01	2.041296207430702481e+01	2.073141575819948557e+01	1.962152772706895476e+01	2.100242415572600052e+01
1.990099537671219565e+01	1.949551214446526970e+01	1.939533378570883215e+01	1.948576583716329935e+01	1.876758055817109749e+01	1.937299199790375681e+01	1.932392786175944366e+01	1.877101195717747828e+01	1.947538820892007649e+01	1.945944661624410443e+01	1.934334488095457161e+01	1.932100113491065585e+01	1.990744963753195051e+01	1.935475862877770936e+01	1.897815791265619012e+01	1.932706755257802200e+01	1.998041669874853810e+01	1.883781291108461176e+01	1.974368957700204064e+01	1.940679844247159380e+01	2.872159687424736063e+01	1.924811979726090172e+01	1.854513675889571545e+01	1.987110234395227337e+01	1.960361655724652863e+01	1.962001564145191779e+01	1.945713602102323492e+01	1.928108324676435359e+01	1.952495662329349457e+01	2.005739522089001525e+01	1.915260596872913013e+01	1.911771508613148640e+01	1.976747461875248035e+01	1.945295605058178978e+01	1.955864485185058754e+01	1.947233588999871401e+01	1.909504692387986324e+01	1.937565053193628728e+01	1.979616260148052476e+01	1.935620176559763195e+01	1.933558000367721519e+01	1.983475079105513217e+01	1.867245021490879253e+01	1.970069819006570455e+01	1.945332282667711610e+01	1.911508948037187494e+01	1.909725334097665339e+01	1.982808751340864006e+01	1.837375589184734537e+01	1.940047483406052820e+01
1.973957482745748848e+01	1.945519986916818667e+01	1.962537343773062304e+01	1.970413444885095799e+01	1.933964117447224851e+01	1.968177104528243859e+01	1.958650150327711970e+01	1.950087026632285969e+01	1.965715010962437503e+01	1.979739906731293786e+01	1.973419291725755187e+01	1.991009071045748868e+01	2.001449600703727327e+01	1.948374654134824269e+01	1.942658553852550796e+01	1.962040046226863410e+01	1.978571561870346684e+01	1.957944186924317620e+01	2.021565353242145235e+01	2.007947730739222436e+01	1.924811979726090172e+01	2.864427172123104981e+01	1.901145236054320975e+01	1.976510881125581776e+01	1.935610441430381812e+01	1.998502548483507013e+01	1.934724046859251345e+01	1.973739506810345290e+01	1.977785089473177749e+01	2.020434122890516448e+01	1.980070134848358876e+01	1.947301194074342945e+01	1.955949746155043911e+01	1.961507670675346660e+01	1.973039127856992891e+01	1.976490431288164018e+01	1.934276754618850802e+01	1.903993181390021761e+01	1.985263425606313703e+01	1.978223993678420101e+01	1.998276823305418048e+01	2.028218009288985968e+01	1.903417625307485750e+01	1.985529232406813094e+01	1.954544151234558669e+01	1.928042714143956360e+01	1.973689488840097539e+01	1.968944602033517199e+01	1.923889248165532706e+01	1.996688699745662277e+01
1.982802633270896919e+01	1.958720566370609362e+01	1.984092975208587006e+01	1.957054372204691006e+01	1.901218074141336700e+01	1.981706250396234736e+01	1.963169084054122138e+01	1.909776074224403786e+01	1.934078734441558822e+01	1.970040019595286651e+01	1.916044367224050049e+01	1.971376640797004498e+01	1.932347458846400201e+01	1.932807089470764339e+01	1.875205053167263003e+01	1.936025361792167132e+01	1.990419836040725698e+01	1.942759235967146836e+01	1.988764820931029220e+01	1.995618337301059597e+01	1.854513675889571545e+01	1.901145236054320975e+01	2.916493805137937656e+01	2.003792569077385011e+01	1.939885419117894116e+01	1.994210482759942593e+01	1.900422210962483405e+01	1.999279802444735310e+01	1.903584365116243049e+01	2.012923197338506753e+01	1.945498381732030424e+01	1.934142945274901848e+01	1.943492632625298100e+01	1.960049572316432176e+01	1.903378042169369877e+01	1.963491397216492729e+01	1.939193126324803984e+01	1.946441241067837424e+01	1.932368075092717419e+01	2.017407826303240270e+01	1.955407648786750485e+01	1.938654660523598494e+01	1.906579317230809067e+01	1.982585831522075281e+01	1.921750409037423424e+01	1.896530880546032449e+01	1.955838509766440581e+01	1.965643921949314077e+01	1.900865843591304838e+01	1.980478486405532124e+01
2.073751988979827843e+01	2.016340233046536667e+01	2.058226596160483624e+01	2.091384106713484314e+01	2.002998730461843024e+01	2.031180285421829979e+01	2.044478719123287647e+01	2.015301834785293522e+01	2.066248939869787549e+01	2.056047821468007442e+01	2.077226100088759608e+01	2.066541637831217670e+01	2.099174788859953011e+01	2.015146920373229378e+01	1.997388298070972112e+01	2.108804193777530145e+01	2.085362899580514906e+01	2.009456765383177057e+01	2.097510837271311246e+01	2.097524290643195144e+01	1.987110234395227337e+01	1.976510881125581776e+01	2.003792569077385011e+01	3.070215590081828338e+01	2.046007299373161459e+01	2.068404800516622899e+01	2.022062663295717044e+01	2.044848225511968209e+01	2.041527014927790518e+01	2.096025882134241058e+01	2.071778951139189928e+01	2.050407995545482720e+01	2.050616767251103667e+01	2.034131201463195637e+01	2.058747100822229825e+01	2.054760558998566111e+01	2.054213089716466811e+01	2.054177624302438687e+01	2.058658204221016774e+01	2.064683298127698663e+01	2.043246460229510220e+01	2.142924135061640456e+01	2.038699832884768526e+01	2.080926657839386706e+01	2.047974977530942908e+01	2.045416956402382169e+01	2.044809897927666498e+01	2.097442795659673820e+01	1.981511222120623472e+01	2.058531359376636516e+01
2.013900739482439306e+01	2.000462663501075156e+01	1.986759078421232516e+01	2.012696550262951689e+01	1.948504615023238173e+01	1.963471203338530557e+01	1.958485057318435452e+01	1.922952757461938944e+01	2.050236228550906858e+01	2.018320658159129266e+01	1.971765059906349293e+01	2.011707050097896499e+01	2.018792062511235130e+01	1.976744051743025921e+01	1.942568386142860248e+01	1.990251154133285993e+01	2.055328900284851912e+01	1.998576869992327332e+01	2.029560943555399177e+01	2.050863775838971037e+01	1.960361655724652863e+01	1.935610441430381812e+01	1.939885419117894116e+01	2.046007299373161459e+01	2.988067134548658998e+01	2.025300358710868665e+01	1.955965856063264141e+01	2.028380054934527976e+01	2.023351704462002587e+01	2.059615612508387272e+01	1.987114481944623279e+01	1.994619224549954595e+01	1.983924619292315938e+01	1.987174484429976573e+01	1.973152910494891543e+01	2.011056913413500880e+01	1.986464173746687578e+01	1.992292553014933887e+01	1.991862679510530754e+01	1.972554892908437196e+01	2.049260484607406951e+01	2.020209225236405715e+01	1.979021254821452303e+01	2.010111338823401894e+01	1.947308360940393612e+01	1.981967812678078644e+01	1.988778165183795110e+01	2.015670333135320647e+01	1.947190931816394510e+01	2.006120958224661166e+01
2.093783179455990151e+01	2.009565838887375833e+01	2.030539347064984312e+01	2.073492911436996167e+01	1.937235171936104194e+01	2.031254134053714466e+01	1.985079195578462929e+01	1.985174584638565420e+01	2.023268343250481038e+01	2.039752677469878606e+01	2.033071803068965622e+01	2.037009237783187388e+01	2.078927043975381039e+01	1.959847774306943791e+01	1.964779963629645465e+01	2.001181678406830500e+01	2.073583474847604791e+01	1.996877718706711136e+01	2.101612751523834888e+01	2.092478906291168173e+01	1.962001564145191779e+01	1.998502548483507013e+01	1.994210482759942593e+01	2.068404800516622899e+01	2.025300358710868665e+01	3.070592436272041681e+01	1.995407041417854543e+01	2.030952702153856393e+01	2.029191151102147828e+01	2.042364469784904202e+01	2.022630602366288954e+01	2.023000124701612279e+01	2.038618360070626778e+01	2.048515734460082527e+01	1.997242477541459138e+01	2.038635779170550677e+01	2.035335130409121263e+01	2.010726440944229054e+01	1.973982799121447940e+01	2.053742426612643968e+01	2.063918269301660402e+01	2.026949122351165755e+01	2.023470692419329708e+01	2.008920689436074980e+01	2.035900421697807872e+01	2.009196808054896977e+01	2.017459571962021414e+01	2.077807202681797705e+01	1.984306287157083659e+01	2.058640142559184483e+01
2.024221436729186152e+01	1.976451528009419079e+01	1.994506908651766253e+01	1.970236875633488793e+01	1.933563020775805441e+01	2.004247246331794230e+01	1.931069197183068198e+01	1.925334372094168245e+01	1.947851324139595874e+01	1.972832312193322224e+01	2.019141151739988160e+01	1.941375489168571278e+01	2.013390521611267658e+01	1.978512409832067576e+01	1.927514473584455601e+01	1.999610641891099760e+01	2.019835329021410075e+01	1.939691249503667692e+01	2.032595928573206123e+01	2.009390427307600646e+01	1.945713602102323492e+01	1.934724046859251345e+01	1.900422210962483405e+01	2.022062663295717044e+01	1.955965856063264141e+01	1.995407041417854543e+01	2.923210114554605354e+01	1.991436627254050151e+01	1.957636834693850503e+01	2.053824653961124014e+01	1.974740738071450608e+01	1.973566200090045086e+01	2.018535099724677906e+01	1.973370094180005552e+01	1.965461919230127208e+01	2.007905510289199569e+01	1.948163294190543127e+01	1.972800607274580642e+01	1.995563253242830726e+01	2.014743377380279199e+01	1.994622058316295465e+01	2.042092031227914362e+01	1.929246008525075595e+01	1.989441965997366069e+01	1.985699365018837526e+01	1.954818516420949592e+01	1.973841816788975478e+01	2.021737408583211248e+01	1.908440914438266844e+01	1.985940027284600973e+01
2.023835039971971739e+01	2.070154279763141858e+01	2.055092054213811181e+01	2.049835037490946732e+01	2.006007374621025718e+01	2.023338167326341264e+01	2.004197106797164807e+01	1.957114574085827385e+01	2.003166878833073739e+01	1.999687600220565642e+01	2.088010453978993297e+01	2.044805083027728543e+01	1.997450220476331495e+01	1.999926262054609793e+01	1.988809038130693807e+01	2.009640171152168264e+01	2.043041485364808807e+01	1.995034117376716409e+01	2.076912675578407530e+01	2.048968225335100257e+01	1.928108324676435359e+01	1.973739506810345290e+01	1.999279802444735310e+01	2.044848225511968209e+01	2.028380054934527976e+01	2.030952702153856393e+01	1.991436627254050151e+01	3.021285035485853143e+01	2.036130929494569486e+01	2.007308334645509973e+01	1.987457643407475771e+01	2.033604224539502781e+01	2.027557051187361381e+01	2.032792914719761157e+01	2.019334880087676609e+01	2.041265911924746135e+01	2.032790553913083542e+01	1.997077972035098625e+01	2.004921341788666567e+01	2.041090036207856073e+01	2.047470756006378778e+01	2.042680726959147819e+01	1.961748881067083872e+01	2.063308400914561602e+01	1.993033447163868033e+01	1.970322712450538205e+01	1.995922657613718343e+01	1.991909991683934322e+01	1.942554644531758257e+01	1.993691593587355015e+01
2.041688645905717081e+01	2.036160456542053865e+01	2.026029189964945232e+01	2.010746217455497131e+01	1.971614813768671226e+01	1.968143120216321051e+01	1.990736872897250009e+01	1.973702519739011407e+01	2.022796159339136679e+01	2.024817505198359768e+01	2.032348162463081920e+01	2.055340067810423932e+01	2.061090861597977764e+01	1.957791127687446675e+01	1.932414947693634133e+01	1.992100890034765470e+01	2.049521228051254340e+01	1.988710417434852218e+01	2.049315177571993019e+01	2.046764067862269698e+01	1.952495662329349457e+01	1.977785089473177749e+01	1.903584365116243049e+01	2.041527014927790518e+01	2.023351704462002587e+01	2.029191151102147828e+01	1.957636834693850503e+01	2.036130929494569486e+01	2.973657756211218128e+01	2.057447892896424690e+01	2.003840060495296882e+01	1.996123767300287355e+01	2.051157648299366087e+01	2.005229444845116049e+01	2.013357691796676008e+01	2.053021574586673026e+01	2.015388147755876602e+01	2.037611656622243572e+01	2.002508898254596659e+01	2.026217768478234049e+01	2.026849919406414102e+01	2.089910252284194314e+01	1.985581489396327015e+01	2.019683392603283778e+01	1.976502658851106631e+01	1.991431859589224729e+01	2.007039341695926282e+01	2.023853112047232372e+01	1.919431602945918058e+01	2.033201341548612362e+01
2.053829493259174299e+01	2.023478104476441075e+01	2.054432471247291048e+01	2.063100140726282561e+01	1.978727769405228187e+01	2.036358504443845518e+01	2.014091397532337879e+01	1.985851398120850675e+01	2.029137594358413210e+01	2.063689835470334089e+01	2.048497801426288589e+01	2.049412280197886460e+01	2.069254671707794913e+01	2.007673654765653382e+01	2.002939081794119147e+01	2.028102646506506801e+01	2.061929026266001941e+01	2.017685920647772946e+01	2.083114601824664547e+01	2.113670492231710796e+01	2.005739522089001525e+01	2.020434122890516448e+01	2.012923197338506753e+01	2.096025882134241058e+01	2.059615612508387272e+01	2.042364469784904202e+01	2.053824653961124014e+01	2.007308334645509973e+01	2.057447892896424690e+01	3.050939883643377470e+01	2.001825111877462149e+01	2.012588232523032161e+01	2.060480073653867095e+01	2.044116255922901004e+01	2.012318881683984273e+01	2.070614734897637632e+01	2.036014194526640608e+01	2.030299962735406183e+01	2.040165654551258356e+01	2.087218542955638512e+01	2.027730376260835854e+01	2.093239054355679940e+01	2.043197397299673312e+01	2.050289429615910564e+01	2.019970208629419872e+01	2.022033045777017790e+01	2.012291166377533003e+01	2.057278089670958110e+01	1.983462944750045764e+01	2.074978900404398630e+01
2.030906302483084858e+01	1.978781244191207023e+01	2.018362327440773996e+01	2.023455941665873326e+01	1.944071919171494756e+01	1.983381423140253830e+01	1.961685549407076579e+01	1.939141347422954453e+01	1.994454730440861567e+01	1.979602156755251485e+01	1.985505115815432120e+01	1.976013361261832557e+01	2.021971683122606933e+01	1.964545493506776097e+01	1.938111856354194273e+01	1.973398808388980186e+01	2.031267971838276409e+01	1.986557242328748885e+01	2.027413726648968861e+01	2.032803292035849196e+01	1.915260596872913013e+01	1.980070134848358876e+01	1.945498381732030424e+01	2.071778951139189928e+01	1.987114481944623279e+01	2.022630602366288954e+01	1.974740738071450608e+01	1.987457643407475771e+01	2.003840060495296882e+01	2.001825111877462149e+01	2.986850679308146184e+01	1.953981860940912085e+01	1.991318820423913749e+01	2.020715627072381082e+01	2.010317588788879917e+01	2.010965725979403373e+01	1.992057212370923480e+01	1.980698698731931273e+01	1.981076219237288072e+01	1.995987724249115658e+01	1.978586488475209393e+01	2.006909183513543127e+01	1.944832445214483485e+01	2.013953405304499000e+01	1.956982296744576644e+01	1.963937892288854314e+01	1.963815449873193231e+01	2.008981685264610562e+01	1.922630512371710410e+01	2.011433607517589905e+01
2.020427843371580323e+01	2.037993313394995099e+01	1.979043733755858270e+01	2.041723842336450190e+01	1.963579960353655096e+01	1.964405236138791366e+01	1.962212745563798677e+01	1.965849096949929731e+01	2.010141612505875486e+01	1.997955462591818332e+01	2.007047426460217565e+01	2.037102676569521620e+01	2.048768213504607871e+01	1.956650666814596562e+01	1.973709927186839863e+01	1.992541577906840899e+01	2.084846427017492942e+01	1.958304749266097033e+01	2.054948015229216196e+01	2.056082170443892920e+01	1.911771508613148640e+01	1.947301194074342945e+01	1.934142945274901848e+01	2.050407995545482720e+01	1.994619224549954595e+01	2.023000124701612279e+01	1.973566200090045086e+01	2.033604224539502781e+01	1.996123767300287355e+01	2.012588232523032161e+01	1.953981860940912085e+01	2.974740199240592275e+01	2.013003113532292687e+01	2.015802588164494580e+01	1.992968664442154036e+01	2.042967273227647595e+01	1.988826870701576510e+01	1.998612007453434813e+01	1.995805912150839845e+01	2.031602027679126365e+01	2.034168284859427800e+01	2.047573430993939425e+01	1.963753275123101005e+01	2.025323774655723952e+01	2.020781390520686216e+01	1.977420630068308682e+01	2.013985245244796118e+01	2.026749635223743340e+01	1.939817126723730567e+01	2.021102702756412484e+01
