2.918972896711892062e+01	1.982141965738815159e+01	1.904731748207566966e+01	2.007207967277111393e+01	2.029235373303737333e+01	1.937042547354353772e+01	1.931788614732100839e+01	1.939452028137330331e+01	2.018220095362446642e+01	1.924730538794473134e+01	2.009295870958506924e+01	2.016259248221575362e+01	2.015142271872958801e+01	1.966502013392469905e+01	1.950936574939315804e+01	1.967134651507673127e+01	2.043656262935804335e+01	1.945627227425683969e+01	1.942498306049057177e+01	1.965159690412825100e+01	2.026903252514116360e+01	1.945556317551857362e+01	1.985217907930030279e+01	1.968050045701819784e+01	2.026042229936600236e+01	1.976999321454897540e+01	2.003188403365890480e+01	1.959679228232228354e+01	1.996639043716666251e+01	2.071382018270120184e+01	1.979073963465851094e+01	2.039921917015283981e+01	1.944561771387199656e+01	1.983668175054158667e+01	1.958410317596022310e+01	1.949102320083708406e+01	2.006962548632044729e+01	2.004324978579636607e+01	2.022147694323628642e+01	2.023952763400086141e+01	2.088891941281071141e+01	1.975247248424707180e+01	1.981079937404900093e+01	2.004606199134216737e+01	2.009037904381317929e+01	1.958122539303355936e+01	1.947049271841904527e+01	2.002738830138454773e+01	1.915274072602499089e+01	1.944373047133399623e+01
1.982141965738815159e+01	3.003394191573772787e+01	1.977432884991410234e+01	2.032508779894226336e+01	2.022534700171227584e+01	1.976978325684421733e+01	1.940772021013624382e+01	1.942645910924642649e+01	2.013586188970621649e+01	1.979469522393656788e+01	2.020828521461825389e+01	1.998275025610530164e+01	2.001402376108996606e+01	1.967003926234152544e+01	1.952391154971159182e+01	1.948118977895806125e+01	2.056629020030637278e+01	1.964933871657313347e+01	1.969077812445644682e+01	2.002776055933354726e+01	2.045444222015898816e+01	1.965099882129010922e+01	2.009259292797301555e+01	2.008344114691069748e+01	2.048772318512522972e+01	1.982296139449668715e+01	2.058857922621250225e+01	2.004570233628574627e+01	2.047647234872467337e+01	2.048506940091223427e+01	1.978019542105578310e+01	2.078565083357061027e+01	1.947905523541151140e+01	2.001227790370216653e+01	1.963918535206142835e+01	1.990726067846295422e+01	2.052303592631197304e+01	2.042727287473309872e+01	2.067537061298312295e+01	2.015477443550303249e+01	2.009976511814905109e+01	1.983891142667721041e+01	1.994216219243835297e+01	1.996967576156500712e+01	1.976021068347563414e+01	1.965676347192873763e+01	1.964008013580564693e+01	1.966559089482085199e+01	1.923730512673423831e+01	1.969650874110663352e+01
1.904731748207566966e+01	1.977432884991410234e+01	2.864878344686145439e+01	2.009046246129971891e+01	1.967190617912365269e+01	1.949112724962410326e+01	1.934332211067835416e+01	1.934187282513803652e+01	1.979873710681639309e+01	1.965388857749962881e+01	2.017003465260717121e+01	1.979144197837709385e+01	1.948010215662017330e+01	1.960079318699844109e+01	1.932392462016131773e+01	1.943492926082442551e+01	2.036694888376676715e+01	1.939166438305765539e+01	1.942558582405100154e+01	1.984269363549617538e+01	2.061249071667895549e+01	1.899435445518713195e+01	1.969346274942985175e+01	1.969201776578104912e+01	2.009032949467496465e+01	1.930982225099230476e+01	1.952727329576534387e+01	1.963682146597114198e+01	1.957012292397922337e+01	1.971571791460529255e+01	1.970078897687600517e+01	2.025712121607775629e+01	1.940508349648078479e+01	2.002556917679153159e+01	1.961808171833569858e+01	1.939272374995256243e+01	1.980157005264735304e+01	2.009343077327750393e+01	2.021056299405114132e+01	2.022476657058151872e+01	2.020900849509249042e+01	1.926747251436208686e+01	1.962265244960932264e+01	1.958928652266791914e+01	1.945121860082188903e+01	1.910079167879879236e+01	1.953927504900067191e+01	1.974307059830148958e+01	1.910948536790560937e+01	1.956660996091552107e+01
2.007207967277111393e+01	2.032508779894226336e+01	2.009046246129971891e+01	3.050735573881665985e+01	2.045358745046035054e+01	2.059224871381287159e+01	1.977249264307206289e+01	2.002069655033231044e+01	2.039567423608549745e+01	2.043631230072460880e+01	2.088041230720124375e+01	2.076966673458899137e+01	2.045515214670983895e+01	2.042033745275887568e+01	2.027581365410578229e+01	2.023958239069370890e+01	2.095089366112069484e+01	2.018545971629948710e+01	2.005537449337036193e+01	2.034878426571182075e+01	2.093071042670199944e+01	2.032046472937980752e+01	2.057643632013398260e+01	2.052213068133196927e+01	2.038326925511398713e+01	2.021443869819358952e+01	2.053115058271123772e+01	2.064293130526957398e+01	2.062739714387345202e+01	2.066256540147534082e+01	2.039536802386460934e+01	2.119808770399168907e+01	1.987884499781240777e+01	2.049579929209706464e+01	2.039231798459329426e+01	1.993917758891732106e+01	2.073683336664491250e+01	2.068909753577608868e+01	2.109724538511722258e+01	2.085052793138736860e+01	2.054270414002787604e+01	2.015968863490711271e+01	2.079292470582964825e+01	2.055834498618139250e+01	1.993936105871049591e+01	2.026772403639969866e+01	1.982740083914588070e+01	2.037380814631994852e+01	2.000665881542783708e+01	2.037566800327785188e+01
2.029235373303737333e+01	2.022534700171227584e+01	1.967190617912365269e+01	2.045358745046035054e+01	2.990494135728579295e+01	1.976855062967331023e+01	1.951562345873498217e+01	1.963896188160625300e+01	1.975368949479676317e+01	1.949223918144204148e+01	2.037276142231522869e+01	2.028793942444820786e+01	2.015252169260050863e+01	1.993662264156834496e+01	1.974702909478273583e+01	1.993271193411163367e+01	2.098244178141838034e+01	1.985670493829202599e+01	1.998693475570235378e+01	1.998132085871052155e+01	2.060601540230201323e+01	1.964668987210874107e+01	2.042543548016669419e+01	1.987017156393435258e+01	2.050592618386520272e+01	1.974247770413534653e+01	2.067158063990851602e+01	2.029846484571661591e+01	2.041272633762793376e+01	2.042384522854386830e+01	1.987797771270458469e+01	2.081723260315620294e+01	2.001076777221143743e+01	2.037296743343429029e+01	2.003779429437147641e+01	2.010757162584103952e+01	2.029558011252627026e+01	2.036392767826097838e+01	2.038464107108471168e+01	2.036453550762115228e+01	2.044121527094775104e+01	1.990824273930597244e+01	2.023851493853919692e+01	1.995582320466065340e+01	1.983986565231288779e+01	1.997745146352243140e+01	2.042463832343320718e+01	1.998642018829226785e+01	1.934025666370087038e+01	1.977860297394325073e+01
1.937042547354353772e+01	1.976978325684421733e+01	1.949112724962410326e+01	2.059224871381287159e+01	1.976855062967331023e+01	2.959606483876714833e+01	1.912275959794523317e+01	1.950949230671884393e+01	1.999965288852115108e+01	1.999517118828784490e+01	2.006220405118427763e+01	2.053525998652909124e+01	2.012483548618411788e+01	1.950241512270415001e+01	1.990874664014295448e+01	1.963410528742615213e+01	2.074402378562412252e+01	1.954565872064116760e+01	1.959698079971310847e+01	2.006883402050649323e+01	2.036842716906260264e+01	1.952523932702938225e+01	2.007144453843278598e+01	2.002575959710008746e+01	1.964596440701296132e+01	1.944792321256204204e+01	2.023650262153981316e+01	1.985201665742066623e+01	1.997260493256056790e+01	2.027861331922040833e+01	1.971857780025419871e+01	2.034608437327649000e+01	1.959442305422924235e+01	1.993647242634616745e+01	1.993494725542320367e+01	1.969701981267289170e+01	2.022633463924946895e+01	2.012048591671796416e+01	2.076462375433700558e+01	2.070901280866828742e+01	2.008820515798147355e+01	1.969933654156134750e+01	2.013283188083883957e+01	1.960351285292790635e+01	1.934969028364758259e+01	1.946082958408814179e+01	1.977979145850271436e+01	1.973312419805915852e+01	1.953345183540823271e+01	1.972583420174017377e+01
1.931788614732100839e+01	1.940772021013624382e+01	1.934332211067835416e+01	1.977249264307206289e+01	1.951562345873498217e+01	1.912275959794523317e+01	2.800791655836745164e+01	1.873254676110982331e+01	1.940762782149040788e+01	1.903851825157564903e+01	1.952494186284945954e+01	1.924732751954013565e+01	1.924962078351433092e+01	1.924729886259863321e+01	1.882785094941256432e+01	1.902089853994290536e+01	2.011112284234339853e+01	1.874589749156682572e+01	1.886304706101093842e+01	1.916983286311809920e+01	2.011660671705737613e+01	1.908087667322257630e+01	1.954750336479827055e+01	1.951330832003401738e+01	1.936730222058769613e+01	1.881858789222997075e+01	1.947278187138187988e+01	1.953341599021617370e+01	1.908125336283260864e+01	1.956195239000700425e+01	1.935082220269566733e+01	1.950226822570577312e+01	1.904664131160486917e+01	1.954924775503229739e+01	1.895729120130849310e+01	1.881408618708860914e+01	1.949582083645120534e+01	1.969903196051699723e+01	1.993690458069411520e+01	1.949197700197455418e+01	1.971156813644190109e+01	1.901657588881979066e+01	1.936520237270728018e+01	1.935126486126290501e+01	1.915146033383100033e+01	1.902010259348839227e+01	1.930049400136405779e+01	1.932394325649159228e+01	1.871464721506803386e+01	1.945615073823529428e+01
1.939452028137330331e+01	1.942645910924642649e+01	1.934187282513803652e+01	2.002069655033231044e+01	1.963896188160625300e+01	1.950949230671884393e+01	1.873254676110982331e+01	2.977498622567759057e+01	1.972606513953949303e+01	1.968643720883907378e+01	2.020618706588687630e+01	1.968509724993650423e+01	1.989166327321619931e+01	1.952004516322254801e+01	1.961161350290080208e+01	1.921696734790397088e+01	2.044804871021691284e+01	1.915866601744289710e+01	1.928864805507454250e+01	1.969575038634455666e+01	2.010358296467178718e+01	1.944070488736879909e+01	1.997159573748353623e+01	1.985772327698509088e+01	2.010570374223793166e+01	1.916592699313586934e+01	2.008074413271608094e+01	1.988876443019702478e+01	1.962443255740166492e+01	2.042493451383557002e+01	1.955775110991160304e+01	2.066124818062272794e+01	1.929715899798192069e+01	1.995365535763151499e+01	1.940711506463990332e+01	1.915346782285639193e+01	2.004335020269556367e+01	1.999479139713338327e+01	2.026721525229347876e+01	2.016126087352608209e+01	2.019421795109997220e+01	1.982025191118543006e+01	1.993485417224199807e+01	1.956568583198717448e+01	1.931554749553117389e+01	1.962154186339667561e+01	1.921449366659863500e+01	1.947245279599724199e+01	1.903510734724057940e+01	1.947670925609249437e+01
2.018220095362446642e+01	2.013586188970621649e+01	1.979873710681639309e+01	2.039567423608549745e+01	1.975368949479676317e+01	1.999965288852115108e+01	1.940762782149040788e+01	1.972606513953949303e+01	3.036262680400797720e+01	1.986958802353430542e+01	2.047603436199600679e+01	2.048126651836103207e+01	2.025647919347702341e+01	1.985667189620524198e+01	2.015268887747819448e+01	2.002630575313246908e+01	2.084653521585272173e+01	1.965338913135631671e+01	1.983164328695140810e+01	1.996495650761201546e+01	2.065596771963200240e+01	2.027125972317323388e+01	2.024093684942278415e+01	2.013079920511947307e+01	2.046446791177798019e+01	1.981152674688624415e+01	2.037800501627436844e+01	2.055491380815367108e+01	2.006668375777122648e+01	2.083226906383464083e+01	2.045968865092028821e+01	2.070210165444482442e+01	1.990738627302592079e+01	2.058055535772480837e+01	2.005461690738489722e+01	1.980961320604210840e+01	2.068530697552921538e+01	2.055168254641195347e+01	2.051422408012374632e+01	2.035312271644926341e+01	2.041091987375435934e+01	1.991905610766612966e+01	2.052717557481869193e+01	2.008291032905637863e+01	1.995067255421096775e+01	1.994026814429196293e+01	1.941969017339317460e+01	2.003908703358809973e+01	1.928036289935617020e+01	1.997631434018371266e+01
1.924730538794473134e+01	1.979469522393656788e+01	1.965388857749962881e+01	2.043631230072460880e+01	1.949223918144204148e+01	1.999517118828784490e+01	1.903851825157564903e+01	1.968643720883907378e+01	1.986958802353430542e+01	2.936422201146262623e+01	2.027893423063181899e+01	2.002535348209373467e+01	2.027114891166196387e+01	1.957066231044186466e+01	1.962189341484441840e+01	1.973859037853091891e+01	2.011856496473138378e+01	1.957875468604937552e+01	1.991249402571868998e+01	1.998090821524428407e+01	2.028177474940770963e+01	1.977667211381384860e+01	1.972252925721696926e+01	1.998465894584785119e+01	2.024960778148351181e+01	1.907901113533255000e+01	2.024095623892425522e+01	1.985683562825500559e+01	1.987026919588847917e+01	2.047033102023796403e+01	1.983856392863517826e+01	2.050786763060401796e+01	1.974577631632348940e+01	2.008127258195738918e+01	1.960802442427824488e+01	1.979428477223889260e+01	2.020321388548352104e+01	2.055168326141169999e+01	2.056885616608377987e+01	2.033738055506655584e+01	2.044411994323651172e+01	1.986288044135628894e+01	1.988725602554145411e+01	1.978232385433001994e+01	1.949586910550029728e+01	1.960105355687020889e+01	1.937823836493279828e+01	1.977540676151707899e+01	1.935079809574431664e+01	1.987183624214892319e+01
2.009295870958506924e+01	2.020828521461825389e+01	2.017003465260717121e+01	2.088041230720124375e+01	2.037276142231522869e+01	2.006220405118427763e+01	1.952494186284945954e+01	2.020618706588687630e+01	2.047603436199600679e+01	2.027893423063181899e+01	3.069397494157914963e+01	2.052707308189075874e+01	2.033525078757472926e+01	1.994609510627334359e+01	2.010603679705355518e+01	2.017525873748390097e+01	2.050886954609571688e+01	2.016244758019631078e+01	2.013628438251238606e+01	2.005194575808414825e+01	2.080013552635937302e+01	1.996878476910229239e+01	2.051657093201664495e+01	2.036819017995316727e+01	2.061643344914505249e+01	1.996742572356420098e+01	2.043302913508395235e+01	2.025655156922287858e+01	2.056857600798669239e+01	2.078310279383450165e+01	1.993720700533723189e+01	2.055074955279372872e+01	1.983161930053756805e+01	2.061608092326192931e+01	2.028974690758290222e+01	1.954907748450013472e+01	2.052457792542373483e+01	2.087297092024302714e+01	2.098082989926020758e+01	2.052790470160586267e+01	2.045350143580849789e+01	1.997529159076172078e+01	2.036547125164191030e+01	2.006692688999013541e+01	1.992428711018197518e+01	1.996461137399409580e+01	1.990668722434928739e+01	2.001779157174117785e+01	1.952080373196290708e+01	2.048511716786850201e+01
2.016259248221575362e+01	1.998275025610530164e+01	1.979144197837709385e+01	2.076966673458899137e+01	2.028793942444820786e+01	2.053525998652909124e+01	1.924732751954013565e+01	1.968509724993650423e+01	2.048126651836103207e+01	2.002535348209373467e+01	2.052707308189075874e+01	3.009502034445955942e+01	2.045167215591252940e+01	1.981935767392150538e+01	1.994042441088889106e+01	1.995012686327862639e+01	2.074848558342347715e+01	1.997176851743022397e+01	2.020866163176598107e+01	2.017171443468803815e+01	2.076959215677662840e+01	1.980443317425224237e+01	2.045421620457605982e+01	2.050997575292346298e+01	2.088057754215604689e+01	1.941495187805661260e+01	2.069371534977066673e+01	2.022053230067621499e+01	2.038935409567236690e+01	2.078103216992578339e+01	2.042435788354609372e+01	2.093489099409619314e+01	2.020514397957643737e+01	2.052791444553024647e+01	2.009732417035165142e+01	2.013098915604197003e+01	2.060840823891592422e+01	2.050207966258453141e+01	2.085786251201896846e+01	2.112259714838047842e+01	2.120365142209571019e+01	1.997790609134815298e+01	2.059134656911822603e+01	1.994517817858434583e+01	1.986521164239746895e+01	1.981861625091065449e+01	2.025874362490123559e+01	2.019523755461639425e+01	1.972756856728312513e+01	2.047328081532289801e+01
2.015142271872958801e+01	2.001402376108996606e+01	1.948010215662017330e+01	2.045515214670983895e+01	2.015252169260050863e+01	2.012483548618411788e+01	1.924962078351433092e+01	1.989166327321619931e+01	2.025647919347702341e+01	2.027114891166196387e+01	2.033525078757472926e+01	2.045167215591252940e+01	3.005349135759973578e+01	1.985115554042919328e+01	1.998154467747210106e+01	2.002763426348682785e+01	2.110830169398641232e+01	1.981112301496321138e+01	1.988247728800024205e+01	2.019853325172788416e+01	2.077150906858236823e+01	1.990135474049405317e+01	2.038479157757597093e+01	2.011751538252305949e+01	2.050880838284631125e+01	1.964904598408175573e+01	2.044558556771310620e+01	2.017380135702413924e+01	2.041079207292597530e+01	2.035289751694063654e+01	2.019307756310801949e+01	2.025085966158220074e+01	1.986744468756246462e+01	2.017694030140904360e+01	2.012689829214251347e+01	2.008905223787257555e+01	2.035999711214726204e+01	2.034186486303481445e+01	2.045876666412069866e+01	2.051746497671480185e+01	2.069899969169467724e+01	2.012401550231878034e+01	2.040192823994264160e+01	1.980576579031049533e+01	1.987443065992649593e+01	1.997561126873169712e+01	1.982455546805634938e+01	2.008247345036587816e+01	1.962552537889030546e+01	1.976394136657696521e+01
1.966502013392469905e+01	1.967003926234152544e+01	1.960079318699844109e+01	2.042033745275887568e+01	1.993662264156834496e+01	1.950241512270415001e+01	1.924729886259863321e+01	1.952004516322254801e+01	1.985667189620524198e+01	1.957066231044186466e+01	1.994609510627334359e+01	1.981935767392150538e+01	1.985115554042919328e+01	2.908536326892061652e+01	1.934187871212709098e+01	1.974283523778021632e+01	2.029345215416952541e+01	1.961454091447998849e+01	1.951989498413978552e+01	1.970380760682507315e+01	2.045589335601582448e+01	1.954696101515847673e+01	1.983157528397101999e+01	1.940879856827383065e+01	1.993914790443662710e+01	1.942773724614546538e+01	2.009796871039729993e+01	2.000183670104172506e+01	1.972480949097425196e+01	2.047211075338732655e+01	1.981732712918050865e+01	2.017716033162140121e+01	1.949398601286705457e+01	2.011111945163854742e+01	1.982778530372134895e+01	1.952117009690606864e+01	1.985999893635784730e+01	1.960725243796029815e+01	2.013110121915103434e+01	2.001512371935004353e+01	1.985175288863410259e+01	1.966060600954636328e+01	1.987456665033750980e+01	1.983098146385825444e+01	1.940559424067729921e+01	1.957022835137588501e+01	1.947068843109694924e+01	1.945034589036542982e+01	1.954543236082919577e+01	1.938324779422218214e+01
1.950936574939315804e+01	1.952391154971159182e+01	1.932392462016131773e+01	2.027581365410578229e+01	1.974702909478273583e+01	1.990874664014295448e+01	1.882785094941256432e+01	1.961161350290080208e+01	2.015268887747819448e+01	1.962189341484441840e+01	2.010603679705355518e+01	1.994042441088889106e+01	1.998154467747210106e+01	1.934187871212709098e+01	2.950573851432803352e+01	1.978129066609749742e+01	2.056301086840932513e+01	1.926220365655207800e+01	1.954418254395460863e+01	1.982674129743312719e+01	2.038757604918428612e+01	1.970403160756275796e+01	1.975322596240487982e+01	1.983837864804657158e+01	1.967881994379581556e+01	1.944156769949203678e+01	1.991773229483837682e+01	2.004291591030693098e+01	1.965385592389202074e+01	2.013405506168446024e+01	1.944755063469499845e+01	2.048178763440478534e+01	1.967487271609999055e+01	1.993115027864397248e+01	1.955260322778660154e+01	1.937511926092739145e+01	2.021823956724026417e+01	2.023317320597398705e+01	2.069650204739348709e+01	2.048808164461097903e+01	2.065219633420639056e+01	1.946669992203613120e+01	1.990904853378191675e+01	1.962557488251385607e+01	1.930086565698653800e+01	1.949229469582827790e+01	1.925491147992604013e+01	1.958802156937965222e+01	1.904874907090081848e+01	1.953151542016741260e+01
1.967134651507673127e+01	1.948118977895806125e+01	1.943492926082442551e+01	2.023958239069370890e+01	1.993271193411163367e+01	1.963410528742615213e+01	1.902089853994290536e+01	1.921696734790397088e+01	2.002630575313246908e+01	1.973859037853091891e+01	2.017525873748390097e+01	1.995012686327862639e+01	2.002763426348682785e+01	1.974283523778021632e+01	1.978129066609749742e+01	3.002453162655275776e+01	2.020636914697701059e+01	1.952747066512635143e+01	1.966208541845160340e+01	2.025001667686483131e+01	2.093408030635445272e+01	1.943151049074060666e+01	1.963412173729485488e+01	1.990709198062041096e+01	2.026579470714923303e+01	1.950410423641240953e+01	1.994056503104354405e+01	2.016510690104268733e+01	2.005653466613489755e+01	1.961564407737772342e+01	1.986206439171248661e+01	2.039797670519996231e+01	2.004066000326893970e+01	1.998903480158190504e+01	1.983699661466337716e+01	1.968327403124390429e+01	2.013046291309036562e+01	2.001459049275880986e+01	2.056138156353294022e+01	2.025073483791885565e+01	1.993527627138862357e+01	1.963540027561288426e+01	1.998746284981000798e+01	1.963904126258300664e+01	1.943789514252337369e+01	1.963161328143938889e+01	1.966277607152926166e+01	1.938831188746182832e+01	1.910356079079093305e+01	1.961817668622296296e+01
2.043656262935804335e+01	2.056629020030637278e+01	2.036694888376676715e+01	2.095089366112069484e+01	2.098244178141838034e+01	2.074402378562412252e+01	2.011112284234339853e+01	2.044804871021691284e+01	2.084653521585272173e+01	2.011856496473138378e+01	2.050886954609571688e+01	2.074848558342347715e+01	2.110830169398641232e+01	2.029345215416952541e+01	2.056301086840932513e+01	2.020636914697701059e+01	3.106302887016734005e+01	2.048426169059102264e+01	2.052223563408821505e+01	2.057600379441598903e+01	2.164673766000092670e+01	2.062559436606086649e+01	2.067872970916399922e+01	2.071761245687613240e+01	2.120983184980984859e+01	2.017744505832759572e+01	2.108797154316546596e+01	2.088187398581770893e+01	2.074967881854843910e+01	2.130435592162140779e+01	2.086454452901446999e+01	2.114912858444796484e+01	2.043190359606288453e+01	2.054241879302232476e+01	2.037000944707972039e+01	2.021811965869336802e+01	2.082283952554781337e+01	2.107574120553542940e+01	2.108657370626837846e+01	2.103495051815639982e+01	2.118017124556595832e+01	2.058824315243442271e+01	2.097222690278064050e+01	2.030912993663074673e+01	2.075910071787621192e+01	2.023693620275491512e+01	2.029457266430231854e+01	2.047027188894426786e+01	1.989626158440975701e+01	2.036382207357847207e+01
1.945627227425683969e+01	1.964933871657313347e+01	1.939166438305765539e+01	2.018545971629948710e+01	1.985670493829202599e+01	1.954565872064116760e+01	1.874589749156682572e+01	1.915866601744289710e+01	1.965338913135631671e+01	1.957875468604937552e+01	2.016244758019631078e+01	1.997176851743022397e+01	1.981112301496321138e+01	1.961454091447998849e+01	1.926220365655207800e+01	1.952747066512635143e+01	2.048426169059102264e+01	2.926666075637215059e+01	1.915467814437126393e+01	1.963908833143717914e+01	2.032332454821179013e+01	1.946077592730568284e+01	1.962352044922313254e+01	1.943130232652758593e+01	2.000564666125972835e+01	1.967389134010980101e+01	2.010937057404357375e+01	1.979973593295389733e+01	1.991964095720289762e+01	2.043103175724318987e+01	1.978255697417923642e+01	1.995620880821560661e+01	1.930565189826923600e+01	1.968334249416421855e+01	1.961181222492959009e+01	1.956722855242657744e+01	1.987002906607534314e+01	2.013135401621269693e+01	2.007561545659920554e+01	2.005495436104691009e+01	2.007670984665600500e+01	1.980939904801584461e+01	2.029249636772977539e+01	1.932916216100887041e+01	1.925705028271778474e+01	1.960738423441245715e+01	1.938772485386561328e+01	1.955635834993496402e+01	1.905948306681505855e+01	1.940226126681687902e+01
1.942498306049057177e+01	1.969077812445644682e+01	1.942558582405100154e+01	2.005537449337036193e+01	1.998693475570235378e+01	1.959698079971310847e+01	1.886304706101093842e+01	1.928864805507454250e+01	1.983164328695140810e+01	1.991249402571868998e+01	2.013628438251238606e+01	2.020866163176598107e+01	1.988247728800024205e+01	1.951989498413978552e+01	1.954418254395460863e+01	1.966208541845160340e+01	2.052223563408821505e+01	1.915467814437126393e+01	2.924438602233260909e+01	1.979945153321271434e+01	2.044477433606269301e+01	1.941428919049712576e+01	1.939417862561159467e+01	1.962940908594855571e+01	1.982921998707405820e+01	1.927765475506991066e+01	2.011878048050040846e+01	1.947696722745669717e+01	1.977974883593220667e+01	2.021631187215470149e+01	1.938904448454585605e+01	2.042167165073425039e+01	1.968995796722822433e+01	2.015812107320606827e+01	1.989884984844752225e+01	1.977943823332434192e+01	2.022350787758131574e+01	2.009270736039237093e+01	2.007601990647767209e+01	1.977629601481357113e+01	1.996260573550728878e+01	1.950810070546415531e+01	1.987311017488864806e+01	1.958992485934066963e+01	1.938323611120829781e+01	1.934485551622392663e+01	1.958842858152804922e+01	2.008293914391415314e+01	1.876429834348589409e+01	1.960686125628063081e+01
1.965159690412825100e+01	2.002776055933354726e+01	1.984269363549617538e+01	2.034878426571182075e+01	1.998132085871052155e+01	2.006883402050649323e+01	1.916983286311809920e+01	1.969575038634455666e+01	1.996495650761201546e+01	1.998090821524428407e+01	2.005194575808414825e+01	2.017171443468803815e+01	2.019853325172788416e+01	1.970380760682507315e+01	1.982674129743312719e+01	2.025001667686483131e+01	2.057600379441598903e+01	1.963908833143717914e+01	1.979945153321271434e+01	2.954438092153926476e+01	2.049433457280057524e+01	1.965398722149003419e+01	2.020834500886913432e+01	1.966867162274136049e+01	2.034331543196570991e+01	1.965622405272964102e+01	2.054427607801050826e+01	1.965498841087824644e+01	1.995276992724666343e+01	2.026942939393231669e+01	1.991618987109348637e+01	2.068392673243747737e+01	2.007339813001817674e+01	2.058963448004780972e+01	1.974069924816338428e+01	1.954864119982122617e+01	2.039183605152370760e+01	2.044063375825352935e+01	2.056059840618679857e+01	2.046027654288191044e+01	2.072715650326955483e+01	2.010591861185123008e+01	2.041103707868529327e+01	2.019119549481893472e+01	1.972261299729400363e+01	1.960843078540810325e+01	1.992407825950433420e+01	1.966985629128813429e+01	1.897955480238733372e+01	1.989740796798348654e+01
2.026903252514116360e+01	2.045444222015898816e+01	2.061249071667895549e+01	2.093071042670199944e+01	2.060601540230201323e+01	2.036842716906260264e+01	2.011660671705737613e+01	2.010358296467178718e+01	2.065596771963200240e+01	2.028177474940770963e+01	2.080013552635937302e+01	2.076959215677662840e+01	2.077150906858236823e+01	2.045589335601582448e+01	2.038757604918428612e+01	2.093408030635445272e+01	2.164673766000092670e+01	2.032332454821179013e+01	2.044477433606269301e+01	2.049433457280057524e+01	3.101844993634210468e+01	2.023001516104470809e+01	2.045023431740769837e+01	2.074640419305102057e+01	2.099575801497340777e+01	2.011161884389790444e+01	2.095976519643142311e+01	2.082295355118407798e+01	2.046841194182886881e+01	2.102259092030422849e+01	2.049765963304295013e+01	2.074884168643479754e+01	2.045052270889087609e+01	2.073121283505211210e+01	2.062077679866165880e+01	2.007201623221532572e+01	2.106549056030211275e+01	2.111857771707957809e+01	2.097115311893841749e+01	2.091153715849422667e+01	2.121839115109641938e+01	2.042252490153998679e+01	2.107401637072314671e+01	2.034906434953355969e+01	2.014044631103225313e+01	2.020369800351741674e+01	2.015197454048244197e+01	2.086749083771896807e+01	1.994905440467721291e+01	2.047643251974815115e+01
1.945556317551857362e+01	1.965099882129010922e+01	1.899435445518713195e+01	2.032046472937980752e+01	1.964668987210874107e+01	1.952523932702938225e+01	1.908087667322257630e+01	1.944070488736879909e+01	2.027125972317323388e+01	1.977667211381384860e+01	1.996878476910229239e+01	1.980443317425224237e+01	1.990135474049405317e+01	1.954696101515847673e+01	1.970403160756275796e+01	1.943151049074060666e+01	2.062559436606086649e+01	1.946077592730568284e+01	1.941428919049712576e+01	1.965398722149003419e+01	2.023001516104470809e+01	2.916585692640638428e+01	1.962786034544834379e+01	1.977398346055541012e+01	1.996360173875223154e+01	1.953734751239736767e+01	1.975688180024579310e+01	2.005416393257853969e+01	1.994241607427747809e+01	2.056078094775357457e+01	1.941021102126317288e+01	2.017487213246186784e+01	1.956519601771618255e+01	2.012905599375429588e+01	1.953540846711123180e+01	1.930203726789706664e+01	2.037738398883027102e+01	2.003873053181416353e+01	2.030806711526739861e+01	2.017022481670694845e+01	2.023838377953579126e+01	1.957298962803317721e+01	2.003151751193218999e+01	1.961112714744416152e+01	1.973443649066376082e+01	1.922808283487773906e+01	1.943676519886362186e+01	1.978217510339291962e+01	1.876999309287761974e+01	1.936937696464140757e+01
1.985217907930030279e+01	2.009259292797301555e+01	1.969346274942985175e+01	2.057643632013398260e+01	2.042543548016669419e+01	2.007144453843278598e+01	1.954750336479827055e+01	1.997159573748353623e+01	2.024093684942278415e+01	1.972252925721696926e+01	2.051657093201664495e+01	2.045421620457605982e+01	2.038479157757597093e+01	1.983157528397101999e+01	1.975322596240487982e+01	1.963412173729485488e+01	2.067872970916399922e+01	1.962352044922313254e+01	1.939417862561159467e+01	2.020834500886913432e+01	2.045023431740769837e+01	1.962786034544834379e+01	3.052379167110041891e+01	2.000351675463448586e+01	2.052334479189071814e+01	2.001677942720199255e+01	2.034362760353285893e+01	1.993910807757794856e+01	2.000824913017920892e+01	2.033062496290733634e+01	1.976224522804031380e+01	2.066025474939956297e+01	2.000419231506570839e+01	2.037278118367998658e+01	1.990790585464312556e+01	1.967991572164010705e+01	2.040745480705163928e+01	2.050035819860933373e+01	2.059991679163028522e+01	2.013139131303343632e+01	2.057914631520489479e+01	1.993936648439665049e+01	2.037483821813330565e+01	1.962838057370316136e+01	1.980442933217559087e+01	1.977508668939096026e+01	2.001640580637748101e+01	2.004471034702692123e+01	1.955980852232569589e+01	1.992801659390598346e+01
1.968050045701819784e+01	2.008344114691069748e+01	1.969201776578104912e+01	2.052213068133196927e+01	1.987017156393435258e+01	2.002575959710008746e+01	1.951330832003401738e+01	1.985772327698509088e+01	2.013079920511947307e+01	1.998465894584785119e+01	2.036819017995316727e+01	2.050997575292346298e+01	2.011751538252305949e+01	1.940879856827383065e+01	1.983837864804657158e+01	1.990709198062041096e+01	2.071761245687613240e+01	1.943130232652758593e+01	1.962940908594855571e+01	1.966867162274136049e+01	2.074640419305102057e+01	1.977398346055541012e+01	2.000351675463448586e+01	2.979724635922638853e+01	2.030427262166401903e+01	1.900397439558825496e+01	2.013565722126953972e+01	1.994454310558526444e+01	1.982246034177111937e+01	2.034086440641103621e+01	2.002689380837639277e+01	2.037083853881719264e+01	2.000573402031981018e+01	2.024360504632740643e+01	2.004431943200950172e+01	1.955698845783644302e+01	2.042311740356237948e+01	2.013059658669142493e+01	2.053299867873472806e+01	2.044164529420545051e+01	2.034469438167155531e+01	1.979780290965235778e+01	1.975334645174254433e+01	1.983948852300340704e+01	1.944238782048012837e+01	1.958989600667160502e+01	1.989982723726384606e+01	2.004071930039774685e+01	1.934906709529911595e+01	1.986235917709460708e+01
2.026042229936600236e+01	2.048772318512522972e+01	2.009032949467496465e+01	2.038326925511398713e+01	2.050592618386520272e+01	1.964596440701296132e+01	1.936730222058769613e+01	2.010570374223793166e+01	2.046446791177798019e+01	2.024960778148351181e+01	2.061643344914505249e+01	2.088057754215604689e+01	2.050880838284631125e+01	1.993914790443662710e+01	1.967881994379581556e+01	2.026579470714923303e+01	2.120983184980984859e+01	2.000564666125972835e+01	1.982921998707405820e+01	2.034331543196570991e+01	2.099575801497340777e+01	1.996360173875223154e+01	2.052334479189071814e+01	2.030427262166401903e+01	3.080498154914942077e+01	2.004278973255457430e+01	2.054493100721596122e+01	2.006588793067852805e+01	2.045818783904040217e+01	2.066963223739805144e+01	2.056404373275757536e+01	2.101134423319397371e+01	2.023360331260198208e+01	2.029964842702845473e+01	1.992708787878041221e+01	2.024144964445769190e+01	2.076303597248522337e+01	2.034672417216797058e+01	2.071482201782789190e+01	2.077818866125741692e+01	2.116959497377361288e+01	2.029296192623395001e+01	2.037854535689929492e+01	2.048389778765823976e+01	2.009385049467372752e+01	2.017685777529598568e+01	2.002549844783449018e+01	2.007493043145302281e+01	1.965501555164930281e+01	2.037685727623034282e+01
1.976999321454897540e+01	1.982296139449668715e+01	1.930982225099230476e+01	2.021443869819358952e+01	1.974247770413534653e+01	1.944792321256204204e+01	1.881858789222997075e+01	1.916592699313586934e+01	1.981152674688624415e+01	1.907901113533255000e+01	1.996742572356420098e+01	1.941495187805661260e+01	1.964904598408175573e+01	1.942773724614546538e+01	1.944156769949203678e+01	1.950410423641240953e+01	2.017744505832759572e+01	1.967389134010980101e+01	1.927765475506991066e+01	1.965622405272964102e+01	2.011161884389790444e+01	1.953734751239736767e+01	2.001677942720199255e+01	1.900397439558825496e+01	2.004278973255457430e+01	2.939210662538335939e+01	1.992167687844199619e+01	1.962794629476550767e+01	1.965657530849714618e+01	2.024306158436186820e+01	1.925066248828677828e+01	1.970290414759451991e+01	1.935148607349073657e+01	1.983587937667154932e+01	1.990088221426059079e+01	1.915674951722530750e+01	2.028015696711111460e+01	1.981592244578466477e+01	2.004722633308040969e+01	2.010195740483798232e+01	1.965642777921769024e+01	1.957853693436212339e+01	1.965990702095030329e+01	1.961032168734330128e+01	2.007708978290142454e+01	1.908665659594294084e+01	1.919720726848953518e+01	1.952449235115086523e+01	1.849382199090324974e+01	1.924173207017175358e+01
2.003188403365890480e+01	2.058857922621250225e+01	1.952727329576534387e+01	2.053115058271123772e+01	2.067158063990851602e+01	2.023650262153981316e+01	1.947278187138187988e+01	2.008074413271608094e+01	2.037800501627436844e+01	2.024095623892425522e+01	2.043302913508395235e+01	2.069371534977066673e+01	2.044558556771310620e+01	2.009796871039729993e+01	1.991773229483837682e+01	1.994056503104354405e+01	2.108797154316546596e+01	2.010937057404357375e+01	2.011878048050040846e+01	2.054427607801050826e+01	2.095976519643142311e+01	1.975688180024579310e+01	2.034362760353285893e+01	2.013565722126953972e+01	2.054493100721596122e+01	1.992167687844199619e+01	3.072335769936223215e+01	2.051852853199127580e+01	2.041390027944260055e+01	2.042273740857617881e+01	2.020713704880608574e+01	2.091781427868359700e+01	2.003249576450757985e+01	2.032304106857455750e+01	2.043724906614069070e+01	1.962176407536617617e+01	2.079200964180387246e+01	2.027634092257657628e+01	2.104535203950997513e+01	2.055032685207549292e+01	2.074240130923397274e+01	1.982883225145139505e+01	2.086975702250985520e+01	2.016432928555243365e+01	2.018380200910336697e+01	1.994352165110063169e+01	2.018482535282196721e+01	2.001807240897483098e+01	1.940908017672138897e+01	1.990278761670197838e+01
1.959679228232228354e+01	2.004570233628574627e+01	1.963682146597114198e+01	2.064293130526957398e+01	2.029846484571661591e+01	1.985201665742066623e+01	1.953341599021617370e+01	1.988876443019702478e+01	2.055491380815367108e+01	1.985683562825500559e+01	2.025655156922287858e+01	2.022053230067621499e+01	2.017380135702413924e+01	2.000183670104172506e+01	2.004291591030693098e+01	2.016510690104268733e+01	2.088187398581770893e+01	1.979973593295389733e+01	1.947696722745669717e+01	1.965498841087824644e+01	2.082295355118407798e+01	2.005416393257853969e+01	1.993910807757794856e+01	1.994454310558526444e+01	2.006588793067852805e+01	1.962794629476550767e+01	2.051852853199127580e+01	3.009443922365636936e+01	2.004816215994957673e+01	2.047409691701522405e+01	1.978422322995194094e+01	2.037550582617700456e+01	1.958212336745449633e+01	2.018569810167040757e+01	1.988538015412084903e+01	1.997795467043133399e+01	2.016145175332747996e+01	2.060964739186700712e+01	2.043059828664281241e+01	2.070965696094062025e+01	2.059372740181348505e+01	1.987488029376853405e+01	1.995674127817004617e+01	1.996641577125263822e+01	1.971991139600870468e+01	1.940069423728040832e+01	2.009164003689432221e+01	2.018537030587377501e+01	1.931028568844898174e+01	1.944229967600609399e+01
1.996639043716666251e+01	2.047647234872467337e+01	1.957012292397922337e+01	2.062739714387345202e+01	2.041272633762793376e+01	1.997260493256056790e+01	1.908125336283260864e+01	1.962443255740166492e+01	2.006668375777122648e+01	1.987026919588847917e+01	2.056857600798669239e+01	2.038935409567236690e+01	2.041079207292597530e+01	1.972480949097425196e+01	1.965385592389202074e+01	2.005653466613489755e+01	2.074967881854843910e+01	1.991964095720289762e+01	1.977974883593220667e+01	1.995276992724666343e+01	2.046841194182886881e+01	1.994241607427747809e+01	2.000824913017920892e+01	1.982246034177111937e+01	2.045818783904040217e+01	1.965657530849714618e+01	2.041390027944260055e+01	2.004816215994957673e+01	2.921791022681897942e+01	2.053045391163707478e+01	2.016137020595463270e+01	2.071755043286576026e+01	1.974821307990767139e+01	2.026871253380883076e+01	1.992547238116834407e+01	1.977642772507196511e+01	2.018932543563531112e+01	2.021106390861503144e+01	2.034031705773153575e+01	2.064739288626545033e+01	2.036076532282052653e+01	1.999714319622260561e+01	2.019589530499317576e+01	2.009143311851545732e+01	2.006994000933475419e+01	1.991398989802142339e+01	1.974700430260954676e+01	1.975725197963625490e+01	1.929825620898320082e+01	1.984471519855660659e+01
2.071382018270120184e+01	2.048506940091223427e+01	1.971571791460529255e+01	2.066256540147534082e+01	2.042384522854386830e+01	2.027861331922040833e+01	1.956195239000700425e+01	2.042493451383557002e+01	2.083226906383464083e+01	2.047033102023796403e+01	2.078310279383450165e+01	2.078103216992578339e+01	2.035289751694063654e+01	2.047211075338732655e+01	2.013405506168446024e+01	1.961564407737772342e+01	2.130435592162140779e+01	2.043103175724318987e+01	2.021631187215470149e+01	2.026942939393231669e+01	2.102259092030422849e+01	2.056078094775357457e+01	2.033062496290733634e+01	2.034086440641103621e+01	2.066963223739805144e+01	2.024306158436186820e+01	2.042273740857617881e+01	2.047409691701522405e+01	2.053045391163707478e+01	3.039463604968648625e+01	2.031503064958948812e+01	2.123426496316023204e+01	2.034010276277143703e+01	2.096302804695471167e+01	2.037058243272505464e+01	2.028614357421534464e+01	2.072722281667265776e+01	2.087499480620585501e+01	2.080630942928534566e+01	2.055863260642077961e+01	2.099437454159405547e+01	2.009020329604890165e+01	2.078567441208104682e+01	2.010619886059432204e+01	1.999259709170605603e+01	2.042988817299526616e+01	2.022050513759851142e+01	2.027197912658376211e+01	1.977609628349648219e+01	2.038219585409000345e+01
1.979073963465851094e+01	1.978019542105578310e+01	1.970078897687600517e+01	2.039536802386460934e+01	1.987797771270458469e+01	1.971857780025419871e+01	1.935082220269566733e+01	1.955775110991160304e+01	2.045968865092028821e+01	1.983856392863517826e+01	1.993720700533723189e+01	2.042435788354609372e+01	2.019307756310801949e+01	1.981732712918050865e+01	1.944755063469499845e+01	1.986206439171248661e+01	2.086454452901446999e+01	1.978255697417923642e+01	1.938904448454585605e+01	1.991618987109348637e+01	2.049765963304295013e+01	1.941021102126317288e+01	1.976224522804031380e+01	2.002689380837639277e+01	2.056404373275757536e+01	1.925066248828677828e+01	2.020713704880608574e+01	1.978422322995194094e+01	2.016137020595463270e+01	2.031503064958948812e+01	2.945273303755898908e+01	2.068582453244281893e+01	1.981302461658170344e+01	2.023104645458111506e+01	1.985818990653143601e+01	1.965814491628445637e+01	2.018756132645801316e+01	1.997343929729986911e+01	2.044581305917252578e+01	2.036362994735450727e+01	2.044634706697446802e+01	1.998810112612502010e+01	2.000219558916662166e+01	1.967983453085981793e+01	1.956387827770541676e+01	1.944036346801037141e+01	1.958478096564375193e+01	1.985649984421504044e+01	1.944157028337389193e+01	1.949224367611630981e+01
2.039921917015283981e+01	2.078565083357061027e+01	2.025712121607775629e+01	2.119808770399168907e+01	2.081723260315620294e+01	2.034608437327649000e+01	1.950226822570577312e+01	2.066124818062272794e+01	2.070210165444482442e+01	2.050786763060401796e+01	2.055074955279372872e+01	2.093489099409619314e+01	2.025085966158220074e+01	2.017716033162140121e+01	2.048178763440478534e+01	2.039797670519996231e+01	2.114912858444796484e+01	1.995620880821560661e+01	2.042167165073425039e+01	2.068392673243747737e+01	2.074884168643479754e+01	2.017487213246186784e+01	2.066025474939956297e+01	2.037083853881719264e+01	2.101134423319397371e+01	1.970290414759451991e+01	2.091781427868359700e+01	2.037550582617700456e+01	2.071755043286576026e+01	2.123426496316023204e+01	2.068582453244281893e+01	3.100817154802500752e+01	2.052101554245998116e+01	2.072381138945455348e+01	2.056261822077715706e+01	2.031262089621818134e+01	2.129696125278819707e+01	2.112710770108472857e+01	2.082074686416790499e+01	2.136104140215696390e+01	2.116776756171301699e+01	2.056727790660501753e+01	2.101871154511753303e+01	2.048849717560487704e+01	2.036623051976831178e+01	1.989692538754063378e+01	2.027943623373640136e+01	2.017493208182198572e+01	1.993764992014935800e+01	2.015464993978705976e+01
