2.985089115263335202e+01	1.980310470334937278e+01	2.046077549069763890e+01	1.961625982595030848e+01	2.002261794699693453e+01	2.018757049389349589e+01	1.894456894390365775e+01	2.024287109596986767e+01	2.037397261857322661e+01	2.072128768571305812e+01	1.997341362342496751e+01	1.994974754278396034e+01	2.016380225594918940e+01	2.022818053367387492e+01	2.081290037351543987e+01	1.973525462732630587e+01	2.012623250962776567e+01	1.967977759623908440e+01	2.024276569516480251e+01	2.008595022414963793e+01	1.991812426877327624e+01	1.999773123852606460e+01	1.975292720677058966e+01	1.990381107399344529e+01	2.067414801211541686e+01	2.026517848943884914e+01	2.011840739435375269e+01	1.958958595155315052e+01	1.966064495384760136e+01	2.046806283386742820e+01	2.004548229870231424e+01	1.955947851878829269e+01	2.039481288032173367e+01	2.095424986499562792e+01	1.970257898260432938e+01	2.011069349497413938e+01	1.964979871037166248e+01	2.005859147902578599e+01	1.990914743872610160e+01	2.004769683837085736e+01	2.020069790572791035e+01	1.991825932498375096e+01	1.980785974392409443e+01	1.995738074228458458e+01	1.911571521789016970e+01	1.963691131517452249e+01	1.970043490167951106e+01	2.026216768048545447e+01	2.001900822609759700e+01	1.973988534474213452e+01
1.980310470334937278e+01	2.988381941065338410e+01	1.994888603181843223e+01	1.997918703608516111e+01	1.986144130865267954e+01	2.027518084698672851e+01	1.918898115231588619e+01	2.037392587815578082e+01	1.993548843508427382e+01	2.090592249723216156e+01	1.999792761550211040e+01	2.010087771814980684e+01	2.017033957458894733e+01	2.062835922000774502e+01	2.067957168448340965e+01	1.963312517142952629e+01	2.043841879382987514e+01	1.918593199741659916e+01	2.028111848578314280e+01	2.019684893684305749e+01	2.038744084258205902e+01	1.988470408100187470e+01	1.981373036191634540e+01	2.011889234956851880e+01	2.058805978134957115e+01	1.967029405455260971e+01	1.987205890864801816e+01	1.986625955596938908e+01	2.018866164078425030e+01	2.070843185117210083e+01	2.034790995955578197e+01	1.951506309689744256e+01	2.058803285253246429e+01	2.075697898921507090e+01	1.990167964979292847e+01	2.001794660256620872e+01	1.991636683787785245e+01	2.019018397020334277e+01	2.009303307089818347e+01	1.981034450239762634e+01	1.994832104009686446e+01	2.048768240018716114e+01	2.012683192046973701e+01	2.012592580667754305e+01	1.935104009582830642e+01	2.010871789976355473e+01	2.022608728279656631e+01	1.981904056846500950e+01	1.974649054256097713e+01	2.003832577199919385e+01
2.046077549069763890e+01	1.994888603181843223e+01	2.962998744552945496e+01	1.998850229103695142e+01	2.039515605764364992e+01	2.021657978130624755e+01	1.937594809009751629e+01	2.040156337122378716e+01	1.977972551726006500e+01	2.094390960628629017e+01	2.000213379289292348e+01	2.033163938063437115e+01	2.038682106923163317e+01	2.016256349974130657e+01	2.057797995142381353e+01	1.962435760001956453e+01	2.031666321525092656e+01	1.988329421805997299e+01	2.022727050138740168e+01	2.032858479291207487e+01	2.002274436254558765e+01	2.041042784537392052e+01	1.976482826475407961e+01	2.017339442145321016e+01	2.095438812120966787e+01	2.029005702384949927e+01	2.009097207719420553e+01	2.008327180606241669e+01	1.988195852029119948e+01	2.065508324673413654e+01	1.996211894741643178e+01	1.983272475663904544e+01	2.035444184224551734e+01	2.103821789491929550e+01	2.035541557816972258e+01	2.028980774582862523e+01	1.968671706609950078e+01	2.018294357487483381e+01	2.062409083464332937e+01	2.042985901617714006e+01	2.003609214324635346e+01	2.027004340051308517e+01	2.027469788925185057e+01	2.018742145390050169e+01	1.961636885155606791e+01	2.003620861350828974e+01	1.986178975285467274e+01	1.998099170265227897e+01	2.027704524710217981e+01	2.022042024920335379e+01
1.961625982595030848e+01	1.997918703608516111e+01	1.998850229103695142e+01	2.979647610905065491e+01	1.965596806210983871e+01	2.005574313145230292e+01	1.905891847823589913e+01	1.938543938986434512e+01	1.955171818478319423e+01	2.051819816892791692e+01	1.937435160388767486e+01	1.980747698335770579e+01	1.989191656733915181e+01	2.004957343989521590e+01	1.988797330715638978e+01	1.967726053160933120e+01	2.008472109617150991e+01	1.896915995728127768e+01	1.968675853854186286e+01	1.963804670785889783e+01	1.972624999826432557e+01	1.970986505827858792e+01	1.948591893784515605e+01	1.959634203727114965e+01	2.072722487269831149e+01	1.952413309249711304e+01	1.980563000450837308e+01	1.963305737395229755e+01	2.013451309253989052e+01	2.008667661845623797e+01	1.971211521319482074e+01	1.974088046266157548e+01	2.019426495232033147e+01	2.022843481343073080e+01	1.939871429741213049e+01	2.000015329888996618e+01	1.966380969171781601e+01	1.971720477155878370e+01	1.966750759774926038e+01	1.956915418060856382e+01	1.976228821086170129e+01	1.948648284880485804e+01	1.995144486219791702e+01	1.949022629000189966e+01	1.902209247551269655e+01	2.012191480994946957e+01	1.952287476527507692e+01	1.988154724740454427e+01	1.986937895186649783e+01	1.957900168054927548e+01
2.002261794699693453e+01	1.986144130865267954e+01	2.039515605764364992e+01	1.965596806210983871e+01	3.014053857707741813e+01	2.008970338781811193e+01	1.954727896210724580e+01	2.021917546431699719e+01	1.997928562848695933e+01	2.106432831357348334e+01	1.971866673707997464e+01	1.990145156435271900e+01	2.034455173035012976e+01	2.003082992427147957e+01	2.072720017906926415e+01	1.981237038271058992e+01	2.036722036363320143e+01	1.954060048120311777e+01	1.997018393069697950e+01	2.011997306875251113e+01	2.036946407885026389e+01	2.042649663193700249e+01	1.966552514971279209e+01	2.005832961602068565e+01	2.105304281155503077e+01	2.023880794758365553e+01	1.980377342719049594e+01	1.984598357479141129e+01	2.052755789322636559e+01	2.081736738202039305e+01	2.045253597670880907e+01	1.955958409598257219e+01	2.041784724361688319e+01	2.068771861532825440e+01	2.011388201391900310e+01	2.020729000356850591e+01	1.957103841156419222e+01	2.045063106768775896e+01	2.052927998758228867e+01	1.973173747952476376e+01	2.023862122963785382e+01	2.021856696617331650e+01	2.025704958654807086e+01	2.008818565277943335e+01	1.959801049653331972e+01	1.974331648731230260e+01	2.012251691796942410e+01	2.001465783110477048e+01	2.018956117683053009e+01	1.983791361448379575e+01
2.018757049389349589e+01	2.027518084698672851e+01	2.021657978130624755e+01	2.005574313145230292e+01	2.008970338781811193e+01	2.962623482506081274e+01	1.957698564018318166e+01	2.031463445882513952e+01	1.991617771534574288e+01	2.034456402782961248e+01	1.975814034829654275e+01	2.012938804541898818e+01	2.041628675009855343e+01	1.992877100140779589e+01	2.054012347280895767e+01	2.012785569024189058e+01	2.020850482117162983e+01	1.972044465194119311e+01	1.994194168854002314e+01	2.029276047907417180e+01	2.013915362255760755e+01	2.030563428059500097e+01	2.012937859773598603e+01	2.034302971168256846e+01	2.079986752778624748e+01	2.010167422436949636e+01	2.013726207502472576e+01	1.969053271250994186e+01	2.028062657585023487e+01	2.009767553433450971e+01	1.993075543904789626e+01	1.963777069839924394e+01	2.043568293314178419e+01	2.064753377330969286e+01	2.001788291304174194e+01	2.015140608625729257e+01	2.001598385004605873e+01	1.995441447359008791e+01	2.002504906371692428e+01	2.015584666303208294e+01	2.018354125751108796e+01	2.011565639796149441e+01	2.053139229061866189e+01	2.006473719068032580e+01	1.928486500892476130e+01	1.970481856350681937e+01	2.029446085897847141e+01	2.009655245327176232e+01	1.995580382752035220e+01	2.006703340315486983e+01
1.894456894390365775e+01	1.918898115231588619e+01	1.937594809009751629e+01	1.905891847823589913e+01	1.954727896210724580e+01	1.957698564018318166e+01	2.841226202446678073e+01	1.942055201342344617e+01	1.953337413827807367e+01	2.002512181570276795e+01	1.969760455559623935e+01	1.931604280939997054e+01	1.934212565112211735e+01	1.950273525051246182e+01	1.951216310650610453e+01	1.889287759932979327e+01	1.942584432482939150e+01	1.909807730023041827e+01	1.934352171288432132e+01	1.968021318164632660e+01	1.928030895244710052e+01	1.962077564477574398e+01	1.953297860139879205e+01	1.969911750274597040e+01	2.005623072140786789e+01	1.921728524112921477e+01	1.969278782627089797e+01	1.897870678874848238e+01	1.947865217680842065e+01	2.024782572959811944e+01	1.955798216901503750e+01	1.899436863224396177e+01	1.952895238244129317e+01	1.962761567096952575e+01	1.948056670133173185e+01	1.919055921267227660e+01	1.903703712169995654e+01	1.948818251699835358e+01	1.943892685303227452e+01	1.940053748551142832e+01	1.932030191787897522e+01	1.923210282528010495e+01	1.929962225463228265e+01	1.927462809320736170e+01	1.902241831603595656e+01	1.935174000418504292e+01	1.918673286854590998e+01	1.956127498447730417e+01	1.917105166660445192e+01	1.907475741311964157e+01
2.024287109596986767e+01	2.037392587815578082e+01	2.040156337122378716e+01	1.938543938986434512e+01	2.021917546431699719e+01	2.031463445882513952e+01	1.942055201342344617e+01	3.051613562365364274e+01	2.002741466757710498e+01	2.088608998579619680e+01	2.037706189178840432e+01	2.009419426410031662e+01	2.062930714634297757e+01	2.067928944340327391e+01	2.090417832765471928e+01	2.027546538894396733e+01	2.033316322728003911e+01	1.979016808837342722e+01	2.018553404938386819e+01	2.036692344520768216e+01	2.018995857519560388e+01	2.045364996080980902e+01	2.012398172479064939e+01	2.054979641799106105e+01	2.084331724928667740e+01	2.007999910302501689e+01	1.998082958611883342e+01	2.004145002517110186e+01	2.053485250622372860e+01	2.054860820283533229e+01	2.012524226551263595e+01	1.995321081610192593e+01	2.047829683330285278e+01	2.109809956815389498e+01	2.053390441251778498e+01	2.051533992267576778e+01	2.007123340517192034e+01	2.043313025986851628e+01	2.069569690303600140e+01	2.027333826931154448e+01	2.053377534671664151e+01	2.023073731065914060e+01	2.038086778739994642e+01	2.009476063708116911e+01	1.932920853348495527e+01	2.015289861901680979e+01	2.036771105564997342e+01	2.040886568987788863e+01	2.009499937311009887e+01	2.027468461022673196e+01
2.037397261857322661e+01	1.993548843508427382e+01	1.977972551726006500e+01	1.955171818478319423e+01	1.997928562848695933e+01	1.991617771534574288e+01	1.953337413827807367e+01	2.002741466757710498e+01	2.969501801307533029e+01	2.106313429224399414e+01	1.992636556025174244e+01	2.001602288505943861e+01	1.996600383851313865e+01	2.020262518974146815e+01	2.047861017512390447e+01	1.984530728305707470e+01	1.994513189640748152e+01	1.976887669812058235e+01	2.016317802417530913e+01	2.001419716776225499e+01	1.971641490555957787e+01	2.020974156491800144e+01	2.009102902896962561e+01	2.003331602043533621e+01	2.058795016975476244e+01	1.968940015005176392e+01	2.007427161168374141e+01	1.980471904027397301e+01	2.038984768550841764e+01	2.025360972108417457e+01	1.995173801202482977e+01	1.985484396402127771e+01	2.007803009890613666e+01	2.053314703899117433e+01	1.958877020389914136e+01	2.022318566271589546e+01	1.966338120505043108e+01	1.968619503164746476e+01	2.037332065995147090e+01	1.998706986901208538e+01	1.989539494750566107e+01	1.966473274951453831e+01	2.007246746430555362e+01	1.996854478810151790e+01	1.923965587146382816e+01	1.964525436560024474e+01	1.962331944307824116e+01	1.979676943942525469e+01	1.998429822554088631e+01	1.957030006253002341e+01
2.072128768571305812e+01	2.090592249723216156e+01	2.094390960628629017e+01	2.051819816892791692e+01	2.106432831357348334e+01	2.034456402782961248e+01	2.002512181570276795e+01	2.088608998579619680e+01	2.106313429224399414e+01	3.121353386442555689e+01	2.048687395639047182e+01	2.059688071992305325e+01	2.062030825840934867e+01	2.143086777567668477e+01	2.080372098567097083e+01	2.061542764512507375e+01	2.105298187040594726e+01	2.025610678795098707e+01	2.108169205536815838e+01	2.030682435785938367e+01	2.060566211818574089e+01	2.084097538619331047e+01	2.063976444937711463e+01	2.082534046251773319e+01	2.137492081879848271e+01	2.096570893591946927e+01	2.084977072383821550e+01	2.082293760639449687e+01	2.066261405047896105e+01	2.098357171984530112e+01	2.131276375095443498e+01	2.030069060726770047e+01	2.136503254588043532e+01	2.203552091249327560e+01	2.077202469753112624e+01	2.098178674029497870e+01	2.020026064844227065e+01	2.102540686882123921e+01	2.093554386496786179e+01	2.051807081037117797e+01	2.068122065632236684e+01	2.063082763258016783e+01	2.054748854885210818e+01	2.080881357326366654e+01	1.959666036188897564e+01	2.023629107664049087e+01	2.067442493853819130e+01	2.065716740381750327e+01	2.063123003474929718e+01	2.052978124380932101e+01
1.997341362342496751e+01	1.999792761550211040e+01	2.000213379289292348e+01	1.937435160388767486e+01	1.971866673707997464e+01	1.975814034829654275e+01	1.969760455559623935e+01	2.037706189178840432e+01	1.992636556025174244e+01	2.048687395639047182e+01	2.937614037234858699e+01	1.973295713532237627e+01	1.990577145376836654e+01	2.003664309761610340e+01	2.028863779198831097e+01	1.988577974271982640e+01	1.983211440099920964e+01	1.956895656844121945e+01	1.982293033314805442e+01	1.978351407144394614e+01	1.995863720311097467e+01	1.982581655219415495e+01	1.956003767486940603e+01	1.984086927203089701e+01	2.049217873647535981e+01	1.957746611224131073e+01	1.977510704681649401e+01	1.948355441260889265e+01	1.961476219081222538e+01	2.036974299591303605e+01	1.979191722423522037e+01	1.928170094442710081e+01	2.009148858695601092e+01	2.089774709246024642e+01	1.979510826980461502e+01	1.956688475468855870e+01	1.960211090471021933e+01	1.989886463673122918e+01	2.028922706474529036e+01	2.005233854457300779e+01	1.997977957162753881e+01	2.010249672639687546e+01	1.966472887683276483e+01	1.984276330757860052e+01	1.931014669342174273e+01	1.988883915033711602e+01	1.996358560906656265e+01	1.988840536077989185e+01	1.997584297642302431e+01	1.971721740310188054e+01
1.994974754278396034e+01	2.010087771814980684e+01	2.033163938063437115e+01	1.980747698335770579e+01	1.990145156435271900e+01	2.012938804541898818e+01	1.931604280939997054e+01	2.009419426410031662e+01	2.001602288505943861e+01	2.059688071992305325e+01	1.973295713532237627e+01	2.964652425961163118e+01	2.042817268391703678e+01	2.005498754966112784e+01	2.073120171657888022e+01	1.973749834700737793e+01	2.028054426212253958e+01	1.979536080069041759e+01	2.006047360691666270e+01	1.988669387384627285e+01	2.007544942443720259e+01	2.016936914465748032e+01	1.980285638925328584e+01	1.994829394035894410e+01	2.017411383046236395e+01	1.994056325813081543e+01	2.001300967004890197e+01	1.996157694050345555e+01	1.995905652630160532e+01	2.063921684772428833e+01	1.988744194433230561e+01	1.952270858535233344e+01	2.101325584011486214e+01	2.047190219395573862e+01	1.967190620535234302e+01	1.988779139584522682e+01	1.991443683291812405e+01	2.040688525671548703e+01	2.035944205652665673e+01	2.015680218981657035e+01	2.000537642988956222e+01	2.025068054287576302e+01	2.022497945044995049e+01	2.000679478815181866e+01	1.924097511806884953e+01	2.003688432634938721e+01	1.993010021485032368e+01	2.017460750127802172e+01	1.983420209727095695e+01	1.979533608012924262e+01
2.016380225594918940e+01	2.017033957458894733e+01	2.038682106923163317e+01	1.989191656733915181e+01	2.034455173035012976e+01	2.041628675009855343e+01	1.934212565112211735e+01	2.062930714634297757e+01	1.996600383851313865e+01	2.062030825840934867e+01	1.990577145376836654e+01	2.042817268391703678e+01	3.037203247144468676e+01	2.034727537029041500e+01	2.065588960749149550e+01	2.028725152583046665e+01	2.063787305272218475e+01	1.993035243622959385e+01	2.067093484151849481e+01	2.032800662784375945e+01	2.031211818374717026e+01	2.036314437011128220e+01	2.034771482934742082e+01	2.019636804964244448e+01	2.094096842398937142e+01	2.009585375974957344e+01	1.989491098863280172e+01	1.985022593037342631e+01	2.012278808885018222e+01	2.081653590344066629e+01	2.023477309810764879e+01	1.965965992863926104e+01	2.057430774372769378e+01	2.103456316676289006e+01	2.006616432103937342e+01	2.005850995601713649e+01	1.968271529651470075e+01	2.045738233407648465e+01	1.997456090203204937e+01	2.012551153155582284e+01	2.034540363327816337e+01	2.049263412823938779e+01	2.003242787905442768e+01	2.000994181271118322e+01	1.917558850044340701e+01	2.010752309655332937e+01	2.007208224073345804e+01	2.043970170450614177e+01	2.039469058337397911e+01	2.009427588656765451e+01
2.022818053367387492e+01	2.062835922000774502e+01	2.016256349974130657e+01	2.004957343989521590e+01	2.003082992427147957e+01	1.992877100140779589e+01	1.950273525051246182e+01	2.067928944340327391e+01	2.020262518974146815e+01	2.143086777567668477e+01	2.003664309761610340e+01	2.005498754966112784e+01	2.034727537029041500e+01	3.048366093630751905e+01	2.035162165633724385e+01	1.994761275699648806e+01	2.034521582500147119e+01	1.997893413259902218e+01	2.014381496725014387e+01	2.030971196593171157e+01	2.038462841669240078e+01	2.015550220606897014e+01	2.017204341501473763e+01	2.027423909775309596e+01	2.110856678753275872e+01	2.008859908040042441e+01	2.010946526022740599e+01	2.018589927385926686e+01	2.026914651763528852e+01	2.064770082111731142e+01	2.004370515889951676e+01	1.996969902734606706e+01	2.067545492976290333e+01	2.095966048009704608e+01	2.046478466810981445e+01	2.043272686559442519e+01	2.009131978641978122e+01	2.064805871092904255e+01	2.040936233383095555e+01	2.012451414711145503e+01	2.042913871560869055e+01	2.038124121265630606e+01	2.032598457445439166e+01	2.021149321335785842e+01	1.945878282024212780e+01	2.018448947132496230e+01	1.988430230168213342e+01	2.042234943758357346e+01	2.049837482466198324e+01	2.011255660483259788e+01
2.081290037351543987e+01	2.067957168448340965e+01	2.057797995142381353e+01	1.988797330715638978e+01	2.072720017906926415e+01	2.054012347280895767e+01	1.951216310650610453e+01	2.090417832765471928e+01	2.047861017512390447e+01	2.080372098567097083e+01	2.028863779198831097e+01	2.073120171657888022e+01	2.065588960749149550e+01	2.035162165633724385e+01	3.012939642631767256e+01	2.037592391004947245e+01	2.030200761633325257e+01	2.027293857178685954e+01	2.072385934114764083e+01	2.109826366255828489e+01	2.062630624816640790e+01	2.083931569247113202e+01	2.040447507001927363e+01	2.067835574676110610e+01	2.138899101813096237e+01	2.015751958220560169e+01	2.061072130508907208e+01	2.022976630350122562e+01	2.038620304115107729e+01	2.087411465145347478e+01	2.072403061262290080e+01	2.036390243517113063e+01	2.030908166133455595e+01	2.106030337028143151e+01	2.035062336470866740e+01	2.052346147309573965e+01	2.035255481767257280e+01	2.050333134627228304e+01	2.053465987037642648e+01	2.056883221814598528e+01	2.083012003297502801e+01	2.027652801150603779e+01	2.055618473775527022e+01	2.056016368074242706e+01	1.970475794495134281e+01	2.002908252904878239e+01	2.028287982254218136e+01	2.040461808619009787e+01	2.024645821402734214e+01	2.037901031020784970e+01
1.973525462732630587e+01	1.963312517142952629e+01	1.962435760001956453e+01	1.967726053160933120e+01	1.981237038271058992e+01	2.012785569024189058e+01	1.889287759932979327e+01	2.027546538894396733e+01	1.984530728305707470e+01	2.061542764512507375e+01	1.988577974271982640e+01	1.973749834700737793e+01	2.028725152583046665e+01	1.994761275699648806e+01	2.037592391004947245e+01	2.938414290628861636e+01	2.014226200645048692e+01	1.945324469591677996e+01	1.999852322619925360e+01	1.991190126914464997e+01	1.977697465060967374e+01	2.004873156080991947e+01	1.986498118655501699e+01	2.015259384704971879e+01	2.055833377576375653e+01	1.954185597436952193e+01	2.013279171034897885e+01	1.956562553123924886e+01	1.996432568128760821e+01	2.035528951664069552e+01	1.995218546495186018e+01	1.923938197625441404e+01	2.032070986151963510e+01	2.060753018580076201e+01	1.969138278439774226e+01	1.951182203973502638e+01	1.979659192930596845e+01	1.984423725170205444e+01	1.973931074849595291e+01	1.998478190217479167e+01	2.001654808862444312e+01	2.014227737327989942e+01	1.964363194693485681e+01	1.959636282994910417e+01	1.909979857575594409e+01	1.974405455542465049e+01	2.008330084094432522e+01	1.982244468435863283e+01	2.015047348544776185e+01	1.983617851710594593e+01
2.012623250962776567e+01	2.043841879382987514e+01	2.031666321525092656e+01	2.008472109617150991e+01	2.036722036363320143e+01	2.020850482117162983e+01	1.942584432482939150e+01	2.033316322728003911e+01	1.994513189640748152e+01	2.105298187040594726e+01	1.983211440099920964e+01	2.028054426212253958e+01	2.063787305272218475e+01	2.034521582500147119e+01	2.030200761633325257e+01	2.014226200645048692e+01	3.010390332397456703e+01	1.986667084390544247e+01	2.017443166585307068e+01	2.018154340028683436e+01	2.027165822404990436e+01	2.072928299738030589e+01	2.017754609355750262e+01	2.034858007728438878e+01	2.086657372280043887e+01	2.014222508105203246e+01	2.024830995743435125e+01	1.956488668043316892e+01	1.987915584514820821e+01	2.100859812315857056e+01	2.073686533734623794e+01	1.955152293850721534e+01	2.025544903121650009e+01	2.073037937932085839e+01	1.999379926238609073e+01	2.032809239855059147e+01	1.991741056404302768e+01	2.001187714458728450e+01	2.066294479048477228e+01	2.013643446225924194e+01	2.014086876367768397e+01	2.027398046695465439e+01	1.999970305830583328e+01	2.028718525578822707e+01	1.938712270901510948e+01	1.997271605177816056e+01	2.030182431700660572e+01	2.051685280776888476e+01	2.041874214991926451e+01	1.990127982381234162e+01
1.967977759623908440e+01	1.918593199741659916e+01	1.988329421805997299e+01	1.896915995728127768e+01	1.954060048120311777e+01	1.972044465194119311e+01	1.909807730023041827e+01	1.979016808837342722e+01	1.976887669812058235e+01	2.025610678795098707e+01	1.956895656844121945e+01	1.979536080069041759e+01	1.993035243622959385e+01	1.997893413259902218e+01	2.027293857178685954e+01	1.945324469591677996e+01	1.986667084390544247e+01	2.908178560808649493e+01	1.956004324064833355e+01	1.964791034156430882e+01	1.945794614969345204e+01	1.990446402136341320e+01	1.933540703879469902e+01	1.992039193882975923e+01	2.048678283114667664e+01	1.930191422086116404e+01	1.957657073439293072e+01	1.926402336256287384e+01	1.943145095336592476e+01	2.013007366716638913e+01	1.972841264177829146e+01	1.921523490966069048e+01	2.030554814212944592e+01	2.005322432466568827e+01	1.974627476053027308e+01	1.983837753832079542e+01	1.928058477831470796e+01	1.979651395572343020e+01	2.009923186570519604e+01	1.965997193273572918e+01	1.945819225966380017e+01	1.994819833429722067e+01	1.960069677346968220e+01	1.932102720547651842e+01	1.910077896497458738e+01	1.928438928063397029e+01	1.971744006066831290e+01	1.939945392418177761e+01	1.961540648568203693e+01	1.942150465222467304e+01
2.024276569516480251e+01	2.028111848578314280e+01	2.022727050138740168e+01	1.968675853854186286e+01	1.997018393069697950e+01	1.994194168854002314e+01	1.934352171288432132e+01	2.018553404938386819e+01	2.016317802417530913e+01	2.108169205536815838e+01	1.982293033314805442e+01	2.006047360691666270e+01	2.067093484151849481e+01	2.014381496725014387e+01	2.072385934114764083e+01	1.999852322619925360e+01	2.017443166585307068e+01	1.956004324064833355e+01	3.025827998763539028e+01	1.996922070848906472e+01	2.033135840219643597e+01	1.998410189651932001e+01	2.019435331237012221e+01	2.023985672783664569e+01	2.095029096807621016e+01	2.012335995781295139e+01	2.007399973985609165e+01	1.925871372727850783e+01	1.985854745647312924e+01	2.042209069837384305e+01	1.995392533056811146e+01	1.987688544432119286e+01	2.050683071438006166e+01	2.068909445919777212e+01	1.979454232375151435e+01	2.037058780840591155e+01	1.995240690902215874e+01	1.996193800192945744e+01	1.982188566828047271e+01	2.003239102231463420e+01	2.042822245889995614e+01	2.023675818574148622e+01	2.011000036367546784e+01	1.979617810588617033e+01	1.946772248244258918e+01	1.994208409375906754e+01	1.971420386133141278e+01	2.034247031013820362e+01	1.999434446965285517e+01	1.983424590533562437e+01
2.008595022414963793e+01	2.019684893684305749e+01	2.032858479291207487e+01	1.963804670785889783e+01	2.011997306875251113e+01	2.029276047907417180e+01	1.968021318164632660e+01	2.036692344520768216e+01	2.001419716776225499e+01	2.030682435785938367e+01	1.978351407144394614e+01	1.988669387384627285e+01	2.032800662784375945e+01	2.030971196593171157e+01	2.109826366255828489e+01	1.991190126914464997e+01	2.018154340028683436e+01	1.964791034156430882e+01	1.996922070848906472e+01	2.997650386760411934e+01	1.986611529620570593e+01	2.076239179309127536e+01	1.970674988159852603e+01	2.058082791748290319e+01	2.131184160463193322e+01	1.994360369780065056e+01	2.028133794344578789e+01	1.970020541869719466e+01	1.994459882314224686e+01	2.060427985231557457e+01	2.021116622370258042e+01	1.998456062139713652e+01	2.051242516260347060e+01	2.074201555775068329e+01	2.019586202804561026e+01	2.014830984742490116e+01	2.026643069330706126e+01	2.023204434519781003e+01	2.043086091255619152e+01	1.994490448351257683e+01	2.031770251011634798e+01	2.014439774163869856e+01	2.020207311842602849e+01	2.019670569771335877e+01	1.921633338018797232e+01	2.001802608805660810e+01	1.999847979404837517e+01	1.996496803116382779e+01	2.040742087638688318e+01	1.986231247168287339e+01
1.991812426877327624e+01	2.038744084258205902e+01	2.002274436254558765e+01	1.972624999826432557e+01	2.036946407885026389e+01	2.013915362255760755e+01	1.928030895244710052e+01	2.018995857519560388e+01	1.971641490555957787e+01	2.060566211818574089e+01	1.995863720311097467e+01	2.007544942443720259e+01	2.031211818374717026e+01	2.038462841669240078e+01	2.062630624816640790e+01	1.977697465060967374e+01	2.027165822404990436e+01	1.945794614969345204e+01	2.033135840219643597e+01	1.986611529620570593e+01	2.943531593770734034e+01	2.023284818245985406e+01	1.999367644067707772e+01	2.015262167716222663e+01	2.091855829744259410e+01	1.993506728515951920e+01	2.000490616622582252e+01	1.961861339967365581e+01	2.016149196329939386e+01	2.024608466122014860e+01	1.989941118558341770e+01	1.971460310916557646e+01	2.041185506017828644e+01	2.072199797488597639e+01	1.965591381391240589e+01	1.979497418752754001e+01	1.983979450086521368e+01	1.977511193071966034e+01	2.015133614873350609e+01	1.962613829811054345e+01	2.020162820486348920e+01	1.995062764243362707e+01	1.994084285323894079e+01	1.966442884244165867e+01	1.954396134346202274e+01	1.991892264695508175e+01	1.962674560300422044e+01	1.988509070472815665e+01	1.955357130828980772e+01	1.987606536799460955e+01
1.999773123852606460e+01	1.988470408100187470e+01	2.041042784537392052e+01	1.970986505827858792e+01	2.042649663193700249e+01	2.030563428059500097e+01	1.962077564477574398e+01	2.045364996080980902e+01	2.020974156491800144e+01	2.084097538619331047e+01	1.982581655219415495e+01	2.016936914465748032e+01	2.036314437011128220e+01	2.015550220606897014e+01	2.083931569247113202e+01	2.004873156080991947e+01	2.072928299738030589e+01	1.990446402136341320e+01	1.998410189651932001e+01	2.076239179309127536e+01	2.023284818245985406e+01	3.049834575784110058e+01	2.012285656690417568e+01	2.072791956271191083e+01	2.117653758077020854e+01	2.046253144733227103e+01	1.994330350141533614e+01	1.982901303658025327e+01	2.028601906434135671e+01	2.079306494244600856e+01	2.047365910351630092e+01	1.997730896063395178e+01	2.033339719226734132e+01	2.100039727765992126e+01	2.018584446158507717e+01	2.030399575490483954e+01	1.999044098936913372e+01	2.035716393938569624e+01	2.051826078924908003e+01	2.056106392895485513e+01	2.015450858521785449e+01	2.027156060224541179e+01	2.021579309142362746e+01	2.016413181252191933e+01	1.983649030734935437e+01	1.980526020608674997e+01	2.020963649606163770e+01	2.032375956432534281e+01	2.051457123987836795e+01	1.961349672775082098e+01
1.975292720677058966e+01	1.981373036191634540e+01	1.976482826475407961e+01	1.948591893784515605e+01	1.966552514971279209e+01	2.012937859773598603e+01	1.953297860139879205e+01	2.012398172479064939e+01	2.009102902896962561e+01	2.063976444937711463e+01	1.956003767486940603e+01	1.980285638925328584e+01	2.034771482934742082e+01	2.017204341501473763e+01	2.040447507001927363e+01	1.986498118655501699e+01	2.017754609355750262e+01	1.933540703879469902e+01	2.019435331237012221e+01	1.970674988159852603e+01	1.999367644067707772e+01	2.012285656690417568e+01	2.942175364287951922e+01	2.007793564905663786e+01	2.080275958718143059e+01	1.946782507260087414e+01	1.980870828416191998e+01	1.983710651497211686e+01	2.028515565797300368e+01	2.085261008797489879e+01	2.025032114990990095e+01	1.940733832036021411e+01	2.040581089822903849e+01	2.036102250792153967e+01	1.986536919578664140e+01	1.994699680802585107e+01	1.973094681268165829e+01	2.008618068437355930e+01	2.010737855396941498e+01	2.006905706897492436e+01	1.969972006150515398e+01	1.989362632088887395e+01	2.005876499714824135e+01	1.957264579338102095e+01	1.892561411592603449e+01	1.969569749722434437e+01	1.984503755565817684e+01	2.013431821387767684e+01	1.990096320513603345e+01	1.949319533322798392e+01
1.990381107399344529e+01	2.011889234956851880e+01	2.017339442145321016e+01	1.959634203727114965e+01	2.005832961602068565e+01	2.034302971168256846e+01	1.969911750274597040e+01	2.054979641799106105e+01	2.003331602043533621e+01	2.082534046251773319e+01	1.984086927203089701e+01	1.994829394035894410e+01	2.019636804964244448e+01	2.027423909775309596e+01	2.067835574676110610e+01	2.015259384704971879e+01	2.034858007728438878e+01	1.992039193882975923e+01	2.023985672783664569e+01	2.058082791748290319e+01	2.015262167716222663e+01	2.072791956271191083e+01	2.007793564905663786e+01	3.045926919511009956e+01	2.092463803681542345e+01	1.964523417536319982e+01	2.029549188082548028e+01	1.973470656414630398e+01	2.023772843379968478e+01	2.048928199085618473e+01	2.040038097539315842e+01	1.991210500942801431e+01	2.068601648905708501e+01	2.064133981441641197e+01	2.008226687123314491e+01	1.984369939453971909e+01	2.006610691069532493e+01	2.015221074967695714e+01	2.035076877680311824e+01	2.024748075352455956e+01	2.042991684550148435e+01	1.993990787435685874e+01	2.002869439111720240e+01	2.012551701743795363e+01	1.912068996325569614e+01	2.002811534934321358e+01	2.005260521876514801e+01	2.050245853023591280e+01	2.016628041914676217e+01	1.983824114524601967e+01
2.067414801211541686e+01	2.058805978134957115e+01	2.095438812120966787e+01	2.072722487269831149e+01	2.105304281155503077e+01	2.079986752778624748e+01	2.005623072140786789e+01	2.084331724928667740e+01	2.058795016975476244e+01	2.137492081879848271e+01	2.049217873647535981e+01	2.017411383046236395e+01	2.094096842398937142e+01	2.110856678753275872e+01	2.138899101813096237e+01	2.055833377576375653e+01	2.086657372280043887e+01	2.048678283114667664e+01	2.095029096807621016e+01	2.131184160463193322e+01	2.091855829744259410e+01	2.117653758077020854e+01	2.080275958718143059e+01	2.092463803681542345e+01	3.163618022474293312e+01	2.047995534557002628e+01	2.073353519648569332e+01	2.099367965944612635e+01	2.108615200489919772e+01	2.135269912973068074e+01	2.070868134948494799e+01	2.022224319920170288e+01	2.093984334450883722e+01	2.128293018792040314e+01	2.070707578867915544e+01	2.104369557755043019e+01	2.066870045813013590e+01	2.085152591642141218e+01	2.080122518654258812e+01	2.082327833849950594e+01	2.106588559538956318e+01	2.075242532577038546e+01	2.037283458694999183e+01	2.068243516937460313e+01	2.017826740177153511e+01	2.054820557521662749e+01	2.059304770002363583e+01	2.102654548337333651e+01	2.079692933696054524e+01	2.058748234668009403e+01
2.026517848943884914e+01	1.967029405455260971e+01	2.029005702384949927e+01	1.952413309249711304e+01	2.023880794758365553e+01	2.010167422436949636e+01	1.921728524112921477e+01	2.007999910302501689e+01	1.968940015005176392e+01	2.096570893591946927e+01	1.957746611224131073e+01	1.994056325813081543e+01	2.009585375974957344e+01	2.008859908040042441e+01	2.015751958220560169e+01	1.954185597436952193e+01	2.014222508105203246e+01	1.930191422086116404e+01	2.012335995781295139e+01	1.994360369780065056e+01	1.993506728515951920e+01	2.046253144733227103e+01	1.946782507260087414e+01	1.964523417536319982e+01	2.047995534557002628e+01	2.977581757235239834e+01	1.968295571667845678e+01	1.956694471969050397e+01	1.981944032638559605e+01	2.065990924809992180e+01	1.985461930779547757e+01	1.973630864244803007e+01	2.015945019454933984e+01	2.037623612883263391e+01	1.991928984711022466e+01	1.983968183517693973e+01	1.932391758407282722e+01	1.998145465480369865e+01	1.981895504641245509e+01	2.004038729384716433e+01	1.983500317641997768e+01	1.997420280751292054e+01	1.989968712488690983e+01	2.005886097250252220e+01	1.865862757633395219e+01	2.009693978343912235e+01	1.984977969945734699e+01	2.005988791274194227e+01	1.970823702583643922e+01	1.932508445185533574e+01
2.011840739435375269e+01	1.987205890864801816e+01	2.009097207719420553e+01	1.980563000450837308e+01	1.980377342719049594e+01	2.013726207502472576e+01	1.969278782627089797e+01	1.998082958611883342e+01	2.007427161168374141e+01	2.084977072383821550e+01	1.977510704681649401e+01	2.001300967004890197e+01	1.989491098863280172e+01	2.010946526022740599e+01	2.061072130508907208e+01	2.013279171034897885e+01	2.024830995743435125e+01	1.957657073439293072e+01	2.007399973985609165e+01	2.028133794344578789e+01	2.000490616622582252e+01	1.994330350141533614e+01	1.980870828416191998e+01	2.029549188082548028e+01	2.073353519648569332e+01	1.968295571667845678e+01	2.985147045713859981e+01	1.990285895762335144e+01	1.999654348595763409e+01	2.068496139267463718e+01	2.011654332655244914e+01	1.967359597976295404e+01	2.014016003748405481e+01	2.078821951117694766e+01	1.966553918497002229e+01	1.989474169356770261e+01	1.962466066144705223e+01	1.983272568675465664e+01	1.997962814561217471e+01	2.000311559755774482e+01	2.044701799944864717e+01	2.006994453769556586e+01	1.956607327061086821e+01	2.021234582345876873e+01	1.945658819765875336e+01	1.973695504249002042e+01	1.988365669892674958e+01	2.012616019832992009e+01	1.979527484017318528e+01	1.966516049649358067e+01
1.958958595155315052e+01	1.986625955596938908e+01	2.008327180606241669e+01	1.963305737395229755e+01	1.984598357479141129e+01	1.969053271250994186e+01	1.897870678874848238e+01	2.004145002517110186e+01	1.980471904027397301e+01	2.082293760639449687e+01	1.948355441260889265e+01	1.996157694050345555e+01	1.985022593037342631e+01	2.018589927385926686e+01	2.022976630350122562e+01	1.956562553123924886e+01	1.956488668043316892e+01	1.926402336256287384e+01	1.925871372727850783e+01	1.970020541869719466e+01	1.961861339967365581e+01	1.982901303658025327e+01	1.983710651497211686e+01	1.973470656414630398e+01	2.099367965944612635e+01	1.956694471969050397e+01	1.990285895762335144e+01	2.911493075482764326e+01	2.002590914363738150e+01	2.027348657467631909e+01	1.958292803514263269e+01	1.943802326657369761e+01	2.020378858591740112e+01	2.039391833689999700e+01	1.981751701591376147e+01	1.951981043950389960e+01	1.918784382919112375e+01	1.958525645132225890e+01	2.001156776818088190e+01	2.004685445190440873e+01	1.974103085693919724e+01	1.990238200830929216e+01	1.976996930593574220e+01	1.979497828037222718e+01	1.925513847125933253e+01	1.990298585063917614e+01	1.975152914726152531e+01	2.005715465605145198e+01	1.967754394207420532e+01	1.961790148559990143e+01
1.966064495384760136e+01	2.018866164078425030e+01	1.988195852029119948e+01	2.013451309253989052e+01	2.052755789322636559e+01	2.028062657585023487e+01	1.947865217680842065e+01	2.053485250622372860e+01	2.038984768550841764e+01	2.066261405047896105e+01	1.961476219081222538e+01	1.995905652630160532e+01	2.012278808885018222e+01	2.026914651763528852e+01	2.038620304115107729e+01	1.996432568128760821e+01	1.987915584514820821e+01	1.943145095336592476e+01	1.985854745647312924e+01	1.994459882314224686e+01	2.016149196329939386e+01	2.028601906434135671e+01	2.028515565797300368e+01	2.023772843379968478e+01	2.108615200489919772e+01	1.981944032638559605e+01	1.999654348595763409e+01	2.002590914363738150e+01	2.988387988933909156e+01	2.081102035596275357e+01	2.031440226635445967e+01	1.972314446144276090e+01	2.026499724189667617e+01	2.045773500177546467e+01	1.997742015370116064e+01	2.005886140595158551e+01	1.959558282689560116e+01	1.992564185959163581e+01	2.021372126831146687e+01	1.984376295807157220e+01	2.006612047026874990e+01	1.980405941772650991e+01	2.018047492467513493e+01	1.995918587545561351e+01	1.935573898380225089e+01	1.990284703058780025e+01	1.992067608960284986e+01	1.992639537685197482e+01	1.998027012822147341e+01	1.966160963606440149e+01
2.046806283386742820e+01	2.070843185117210083e+01	2.065508324673413654e+01	2.008667661845623797e+01	2.081736738202039305e+01	2.009767553433450971e+01	2.024782572959811944e+01	2.054860820283533229e+01	2.025360972108417457e+01	2.098357171984530112e+01	2.036974299591303605e+01	2.063921684772428833e+01	2.081653590344066629e+01	2.064770082111731142e+01	2.087411465145347478e+01	2.035528951664069552e+01	2.100859812315857056e+01	2.013007366716638913e+01	2.042209069837384305e+01	2.060427985231557457e+01	2.024608466122014860e+01	2.079306494244600856e+01	2.085261008797489879e+01	2.048928199085618473e+01	2.135269912973068074e+01	2.065990924809992180e+01	2.068496139267463718e+01	2.027348657467631909e+01	2.081102035596275357e+01	3.074399822406553540e+01	2.074216149572934142e+01	2.002695105938649078e+01	2.108537859875185561e+01	2.114675564934957919e+01	2.071870906415844260e+01	2.073630804550093742e+01	2.008634062248903263e+01	2.046998831744230429e+01	2.116153715024430326e+01	2.051709358364660218e+01	2.040411922063082528e+01	2.082460041881795831e+01	2.036416057922760459e+01	2.062075124800741932e+01	1.972370643174497218e+01	2.046786125276476298e+01	2.062374642154214044e+01	2.054107592871060461e+01	2.048655114260319721e+01	2.050222562473395271e+01
2.004548229870231424e+01	2.034790995955578197e+01	1.996211894741643178e+01	1.971211521319482074e+01	2.045253597670880907e+01	1.993075543904789626e+01	1.955798216901503750e+01	2.012524226551263595e+01	1.995173801202482977e+01	2.131276375095443498e+01	1.979191722423522037e+01	1.988744194433230561e+01	2.023477309810764879e+01	2.004370515889951676e+01	2.072403061262290080e+01	1.995218546495186018e+01	2.073686533734623794e+01	1.972841264177829146e+01	1.995392533056811146e+01	2.021116622370258042e+01	1.989941118558341770e+01	2.047365910351630092e+01	2.025032114990990095e+01	2.040038097539315842e+01	2.070868134948494799e+01	1.985461930779547757e+01	2.011654332655244914e+01	1.958292803514263269e+01	2.031440226635445967e+01	2.074216149572934142e+01	3.002582729196271316e+01	2.003057482538602585e+01	2.004059828727825376e+01	2.045749957130550456e+01	2.017756009058444988e+01	2.016623724892418679e+01	1.995277126220376473e+01	2.031393136432417990e+01	2.052892563475484877e+01	1.981505503770607746e+01	2.003554402061998374e+01	2.010183184703424430e+01	2.003920067795861826e+01	1.986070839127602383e+01	1.953141382466699483e+01	1.965493655575271248e+01	2.014516808277969773e+01	1.978890237946450270e+01	2.034201232405264648e+01	1.978281355631027338e+01
1.955947851878829269e+01	1.951506309689744256e+01	1.983272475663904544e+01	1.974088046266157548e+01	1.955958409598257219e+01	1.963777069839924394e+01	1.899436863224396177e+01	1.995321081610192593e+01	1.985484396402127771e+01	2.030069060726770047e+01	1.928170094442710081e+01	1.952270858535233344e+01	1.965965992863926104e+01	1.996969902734606706e+01	2.036390243517113063e+01	1.923938197625441404e+01	1.955152293850721534e+01	1.921523490966069048e+01	1.987688544432119286e+01	1.998456062139713652e+01	1.971460310916557646e+01	1.997730896063395178e+01	1.940733832036021411e+01	1.991210500942801431e+01	2.022224319920170288e+01	1.973630864244803007e+01	1.967359597976295404e+01	1.943802326657369761e+01	1.972314446144276090e+01	2.002695105938649078e+01	2.003057482538602585e+01	2.904260020245997964e+01	1.990772073876652826e+01	2.003967270790657906e+01	1.938062843824778625e+01	1.984694026609447803e+01	1.951491677682303560e+01	2.008648838202292808e+01	1.995438946312739503e+01	1.975522480256698543e+01	1.981323107773671310e+01	1.959704671141584953e+01	1.957556967853470908e+01	1.948462456786845465e+01	1.898747248551800837e+01	1.928010243290088965e+01	1.974635483077629416e+01	1.969227754618802706e+01	1.958292417182135026e+01	1.939767680538329486e+01
