2.945822915062859693e+01	2.045933899785487142e+01	1.967477832300163243e+01	2.001174147269574632e+01	1.940023810158348638e+01	2.068229414201476857e+01	2.066249278586157700e+01	1.997899924379176184e+01	2.046498915883802283e+01	2.074022424337996640e+01	2.024846962434745734e+01	1.998417742403673714e+01	2.009773420924831910e+01	2.017159534735241522e+01	1.948516858968979548e+01	2.066504827879119688e+01	1.970581780402102368e+01	2.108405123641230716e+01	2.028425267154004885e+01	2.008370753122748908e+01	1.960285446268774479e+01	2.039490155554863904e+01	1.951032845562417961e+01	2.015917656305270356e+01	2.043900872102146238e+01	2.040145331259891748e+01	1.999584816466645520e+01	1.998281737906308209e+01	2.062665565302691917e+01	2.016875448261772164e+01	2.012409244869236247e+01	2.034825708932651978e+01	1.955493477794825097e+01	1.982888243220154578e+01	2.064536188722047427e+01	2.033582741720367082e+01	1.988302853419744665e+01	2.014651173232638115e+01	2.014616037965680562e+01	1.994524653166311978e+01	1.982842134143038137e+01	2.029043981141946063e+01	2.048460582487361847e+01	2.007784427468286026e+01	2.021783977421202394e+01	2.009128273439219470e+01	2.022826020707948658e+01	2.002579894077191724e+01	2.009757687733472764e+01	2.020582021871566170e+01
2.045933899785487142e+01	3.009314564664644820e+01	2.011000879819278708e+01	1.994529270658465947e+01	1.992122407579568488e+01	2.076600103948832654e+01	2.066434742738265840e+01	2.037445057137739468e+01	1.988770604270047215e+01	2.070015765796923901e+01	2.072184297109674844e+01	2.028515046864621851e+01	2.039421734317452817e+01	2.025454070935321838e+01	1.949627004742951897e+01	2.077100183174074388e+01	1.986880772183426913e+01	2.136857370858940186e+01	2.065604927727719797e+01	2.061625540905769327e+01	2.002871324393312946e+01	2.029612436198568659e+01	1.978705965956559965e+01	2.011027042622929528e+01	2.051734541478316132e+01	2.000615281648440558e+01	2.001266974703854729e+01	2.018206820491862175e+01	2.058549434231266062e+01	2.027258299661043850e+01	2.053275025482034266e+01	2.040761301352537771e+01	1.969001809501780542e+01	2.011546606894924238e+01	2.072501884335775912e+01	2.080378342902554323e+01	2.002727299736905664e+01	1.954656369649615044e+01	1.996555249885761540e+01	2.052695213742206448e+01	1.976258810599417615e+01	2.040587414542675759e+01	2.048113348765153674e+01	2.031541287982404853e+01	2.031073138670397782e+01	2.042083174547588698e+01	2.045170176399185280e+01	2.025987895569712549e+01	2.013646909445873945e+01	1.992839681167260224e+01
1.967477832300163243e+01	2.011000879819278708e+01	2.990571922187980647e+01	1.977070411588818288e+01	1.942067545016334762e+01	2.030708363802297356e+01	2.034626219969273109e+01	1.992504680241582804e+01	1.994579412420918274e+01	2.023953553402625261e+01	2.028497698335320010e+01	2.009992647075867112e+01	2.012046810860827506e+01	1.993882724975089005e+01	1.904203092548331000e+01	2.024577769480738354e+01	1.978777080279126466e+01	2.082411308129449523e+01	2.031422417570618322e+01	2.027146077815154612e+01	1.991067133796264699e+01	2.026524947521108189e+01	1.953541596910301692e+01	1.965177460164111878e+01	1.999902522731123611e+01	1.931901208665903269e+01	1.981315443601262416e+01	1.992185709451232611e+01	2.063359084989711434e+01	1.968923475821289415e+01	1.991408985852682534e+01	1.985906690186057943e+01	1.942216569254440373e+01	1.944408689967217541e+01	2.052478016763308588e+01	2.035496537150359231e+01	1.955538159678908272e+01	1.968428917137676848e+01	1.949741782042717375e+01	2.023070595238050728e+01	1.919190673776050815e+01	1.990417697989800061e+01	2.061540780285372421e+01	1.936508365279129507e+01	2.011600560458782638e+01	1.985318354638246419e+01	1.978684476282424498e+01	1.947878785709548666e+01	1.958811147991599455e+01	1.946307623917781271e+01
2.001174147269574632e+01	1.994529270658465947e+01	1.977070411588818288e+01	2.960129105264214644e+01	1.924836302934250298e+01	2.042567215140426740e+01	2.030051005692232380e+01	1.948450205312085259e+01	2.038083159070130890e+01	2.075131720651031486e+01	2.019229506048558420e+01	2.030682501175122567e+01	1.961019536259360407e+01	1.978897101406614567e+01	1.916136788353681908e+01	2.041922425484664672e+01	1.983827441593743757e+01	2.089901582747400610e+01	2.041693468791486055e+01	2.029175807497281880e+01	1.989427230753624443e+01	2.011959630243772779e+01	1.912740071327559477e+01	1.993535645114616628e+01	2.010902588976145111e+01	1.953608241713146043e+01	1.984401630398904359e+01	1.940171985607565119e+01	2.053957140942046422e+01	1.956807146842639966e+01	1.986067350527089204e+01	2.003916110825215924e+01	1.939532661472601660e+01	1.986718703508728368e+01	2.051246404425701897e+01	2.036728419216709440e+01	1.991943998590131670e+01	2.007459007817985963e+01	2.000933392200074223e+01	1.970731790867737487e+01	1.943505784255403412e+01	1.987909668592034507e+01	2.056098851887728074e+01	1.977836539801916516e+01	2.007623459075380978e+01	1.980217803846604596e+01	2.008985982305066997e+01	1.945348676071589367e+01	1.998568752753628530e+01	1.941410036474666967e+01
1.940023810158348638e+01	1.992122407579568488e+01	1.942067545016334762e+01	1.924836302934250298e+01	2.884653613400760719e+01	1.995620595131622821e+01	2.016233972629767024e+01	1.947319618067625058e+01	1.979440530028147904e+01	2.016189427713750248e+01	1.989324058898751701e+01	1.967028130324528590e+01	1.992935433778305665e+01	1.973030927276544233e+01	1.888658732398925721e+01	2.019924938148783511e+01	1.905191243508934917e+01	2.052533813298149923e+01	2.018366997415232689e+01	1.986740671204249153e+01	1.923504771685093928e+01	1.976155048143870374e+01	1.904793805255195593e+01	1.943021064900321804e+01	1.953885493999951706e+01	1.951462633769765986e+01	1.947441777238064020e+01	1.922099520551204321e+01	1.999804874260166798e+01	1.931095093535493490e+01	1.968246989019184312e+01	1.973882748137329557e+01	1.951708448118684558e+01	1.940942455881524253e+01	2.011007240825236764e+01	1.995038673936389628e+01	1.918918081941684406e+01	1.937082355412897172e+01	1.960587703106071089e+01	1.974117443861758048e+01	1.967242046807263378e+01	1.954060006774836111e+01	1.995534409902462869e+01	1.922437519172429887e+01	1.958105514210694764e+01	1.946337904282172815e+01	1.966618779108690518e+01	1.968969427202965861e+01	1.991355071783694797e+01	1.928697717879637352e+01
2.068229414201476857e+01	2.076600103948832654e+01	2.030708363802297356e+01	2.042567215140426740e+01	1.995620595131622821e+01	3.055518777710383915e+01	2.097293925561274364e+01	1.994811829504362422e+01	2.064594031141724173e+01	2.086465916061742831e+01	2.086369820421389321e+01	2.046910401834809790e+01	2.017198795384111776e+01	2.008795810054035869e+01	1.973453887003693552e+01	2.107481634964945272e+01	2.062121397554203028e+01	2.142456972276300320e+01	2.059676806487133049e+01	2.078988891626560331e+01	2.025327732033704464e+01	2.084530042215711276e+01	2.004688114375600350e+01	2.006629546868007097e+01	2.081419248122341514e+01	2.042342434898463566e+01	2.029600352339102542e+01	2.031330383628129610e+01	2.065884656996615831e+01	2.021136156690768715e+01	2.028736231881462970e+01	2.071087506636796149e+01	1.992748171049620609e+01	2.012013652942761510e+01	2.094425617574643894e+01	2.088151242256982343e+01	1.981572876707886977e+01	2.075697033782260803e+01	2.034706659164632825e+01	2.020500957309345935e+01	1.957697516810102556e+01	2.067878961700268547e+01	2.064716662080561704e+01	2.026326213050611003e+01	2.060308201970413222e+01	2.083286795258587176e+01	1.999974517267653340e+01	2.017060348018174665e+01	2.040190682623347840e+01	2.036483411948431055e+01
2.066249278586157700e+01	2.066434742738265840e+01	2.034626219969273109e+01	2.030051005692232380e+01	2.016233972629767024e+01	2.097293925561274364e+01	3.055647433248445211e+01	2.065689485534151260e+01	2.063163592308639593e+01	2.116515534607034255e+01	2.083255275412634688e+01	2.056470664826909100e+01	2.031549285431935914e+01	2.066190334055306366e+01	2.010700918730746523e+01	2.125418111683945099e+01	2.011175479122625021e+01	2.178301000484917793e+01	2.056872774701032824e+01	2.066708287430176938e+01	2.022559649310674956e+01	2.080407199434568000e+01	1.992515517941630065e+01	2.038283470769986394e+01	2.064230920460641983e+01	2.062929405817170903e+01	2.056343437412025921e+01	2.053159501811283505e+01	2.085582417497715824e+01	2.001414027548379337e+01	2.055579774566178486e+01	2.042538246495426790e+01	2.047427655228029053e+01	1.987650145061261142e+01	2.107432888063909004e+01	2.083092543142129571e+01	2.045187165693828391e+01	2.018691301181334197e+01	2.040092632137190520e+01	2.062932771244295083e+01	1.975516962354692652e+01	2.038227313177419120e+01	2.086009095122261314e+01	2.021926994684343981e+01	2.057395818341975868e+01	2.025017625819963030e+01	2.019311365973797479e+01	2.029759047632679980e+01	2.044353081867858535e+01	2.040491751806770182e+01
1.997899924379176184e+01	2.037445057137739468e+01	1.992504680241582804e+01	1.948450205312085259e+01	1.947319618067625058e+01	1.994811829504362422e+01	2.065689485534151260e+01	2.960515002908194759e+01	1.979129077079912236e+01	2.036564102659703934e+01	2.039784796379665721e+01	1.959947844823879493e+01	2.005600167932076872e+01	2.034293380124008976e+01	1.933789371905621834e+01	2.067405640729235827e+01	1.964490471179363951e+01	2.113927798924151347e+01	2.024364426518195259e+01	1.997459819650615387e+01	1.976881093021148317e+01	2.010294296012256865e+01	1.967668438330879965e+01	1.988639215346601219e+01	2.015692069160447630e+01	1.994737011937146320e+01	1.979339858212446046e+01	1.988406463336259833e+01	2.025200931087085365e+01	1.987123690726163971e+01	2.023425536183112072e+01	1.993414746748950606e+01	1.946425606739656189e+01	1.959686622548500168e+01	2.050070378238834579e+01	2.013877746565240301e+01	1.969629046940499606e+01	1.932127314201473567e+01	1.968214538471069375e+01	1.992242305504917610e+01	1.933961398062146486e+01	2.007924487871455099e+01	2.044316240887514269e+01	1.989922088482659746e+01	2.013038884382347860e+01	1.958562244459509571e+01	2.023463657678473382e+01	1.968035983102247499e+01	2.019503742819389913e+01	1.938818659882732831e+01
2.046498915883802283e+01	1.988770604270047215e+01	1.994579412420918274e+01	2.038083159070130890e+01	1.979440530028147904e+01	2.064594031141724173e+01	2.063163592308639593e+01	1.979129077079912236e+01	2.938187498887092630e+01	2.065540775028135556e+01	1.997756299319530271e+01	2.006766671372830757e+01	2.011423288964667222e+01	2.003967870779254312e+01	1.974614550031294868e+01	2.054652554944291509e+01	1.969509551818423887e+01	2.102813905375893455e+01	2.063109611641118590e+01	2.010392403300673791e+01	1.960073480282151692e+01	2.029329954165748262e+01	1.996560939076046282e+01	1.979326343508610719e+01	2.032714070936441431e+01	2.009661799294406137e+01	2.017061767916176152e+01	1.998895480800678470e+01	2.052911577822461808e+01	1.981187738220518568e+01	2.021630561938808768e+01	1.989789586181784031e+01	1.979000365010302076e+01	2.006349743632461724e+01	2.041941102238647332e+01	2.033377057807029331e+01	1.966370840103245143e+01	1.990700675871020664e+01	1.999323725677528429e+01	2.015394951933918222e+01	1.994947177947594952e+01	2.017097123120471025e+01	2.073545880594434720e+01	1.983940483325512361e+01	2.021287238726953106e+01	1.990286969539783968e+01	2.024842067504051712e+01	1.975962724701427575e+01	2.030780874527037128e+01	1.955378946899636361e+01
2.074022424337996640e+01	2.070015765796923901e+01	2.023953553402625261e+01	2.075131720651031486e+01	2.016189427713750248e+01	2.086465916061742831e+01	2.116515534607034255e+01	2.036564102659703934e+01	2.065540775028135556e+01	3.100326961211859356e+01	2.089132496134834938e+01	2.052021542268338905e+01	2.043119700429946306e+01	2.058463539708774093e+01	1.988454550825635891e+01	2.106683485808536815e+01	2.056433271765431670e+01	2.178161834172354006e+01	2.044020475388691338e+01	2.096020917842610132e+01	2.051460739496010177e+01	2.044512762743870837e+01	1.993187782235880690e+01	2.054736076162116376e+01	2.059404476426512787e+01	2.042358587973959771e+01	2.071744848976409870e+01	2.003938388970380302e+01	2.089083365419045180e+01	2.011499731633688626e+01	2.007446975487243179e+01	2.036480710141352901e+01	1.976000793711468972e+01	1.982112207523668701e+01	2.093107820064835778e+01	2.080987661111192111e+01	1.991971234725142637e+01	2.020799187175986233e+01	2.083700265109894545e+01	2.083653318918686637e+01	1.982643035237493478e+01	2.032947378179644815e+01	2.095086370160006339e+01	2.008437838355901661e+01	2.076796023456785534e+01	2.008858785344308018e+01	2.031516643697041502e+01	1.993032510881208808e+01	2.050866233936683969e+01	2.004950801356749324e+01
2.024846962434745734e+01	2.072184297109674844e+01	2.028497698335320010e+01	2.019229506048558420e+01	1.989324058898751701e+01	2.086369820421389321e+01	2.083255275412634688e+01	2.039784796379665721e+01	1.997756299319530271e+01	2.089132496134834938e+01	3.027293935469585762e+01	2.041920743211441902e+01	2.041938226238904264e+01	2.033587509466403986e+01	1.967678743678708386e+01	2.102108383078037335e+01	2.011925197839047996e+01	2.163096737293072636e+01	2.036392806823712220e+01	2.063236634520233181e+01	2.014245985155805485e+01	2.042328066472592596e+01	2.000501952748729906e+01	2.017581027308673569e+01	2.029331519605801759e+01	2.016909138259479306e+01	2.020269337670777432e+01	2.026305216293583200e+01	2.056842199431948259e+01	2.012965583500368894e+01	2.030061990316130149e+01	2.056457083569301503e+01	1.969184505055675416e+01	1.942935016266167736e+01	2.048708968924210083e+01	2.030793962230091410e+01	2.044445772585353183e+01	2.008463633598926634e+01	2.042345948188783566e+01	2.023010012281647363e+01	2.004055543333119616e+01	2.021259617393035768e+01	2.079078974008958269e+01	2.016649908496577126e+01	2.024074317812259949e+01	2.035065271726880809e+01	2.048310494317902553e+01	2.005920013274980107e+01	2.064217023546365581e+01	2.011397188977791473e+01
1.998417742403673714e+01	2.028515046864621851e+01	2.009992647075867112e+01	2.030682501175122567e+01	1.967028130324528590e+01	2.046910401834809790e+01	2.056470664826909100e+01	1.959947844823879493e+01	2.006766671372830757e+01	2.052021542268338905e+01	2.041920743211441902e+01	3.022167764614952645e+01	1.995463313103079273e+01	1.982479939045265738e+01	1.931871876831818469e+01	2.027470540422602596e+01	1.977913930372649176e+01	2.115037444497516361e+01	2.021592287089499251e+01	2.097304148336440832e+01	1.996512804962421583e+01	2.054766457199900742e+01	1.981880691674376749e+01	1.986910424820815280e+01	2.016711097942673092e+01	1.997961283601580007e+01	2.002417284712450041e+01	1.952181518967132234e+01	2.035246620173877474e+01	1.974905061642537873e+01	2.015267611977300177e+01	2.012838051504838788e+01	1.960028797827624913e+01	1.990392792371666175e+01	2.050329360484414210e+01	2.008349347332949009e+01	1.955451970892972469e+01	1.973180339783386117e+01	1.960466705455447922e+01	2.038996773522817207e+01	1.988743861006289038e+01	1.980013851082115295e+01	2.072980178387680894e+01	2.008625502593154621e+01	2.015431757531827017e+01	2.010550229125310651e+01	2.015202232872399080e+01	1.999565593292631505e+01	2.015182699707094116e+01	1.960008826450419761e+01
2.009773420924831910e+01	2.039421734317452817e+01	2.012046810860827506e+01	1.961019536259360407e+01	1.992935433778305665e+01	2.017198795384111776e+01	2.031549285431935914e+01	2.005600167932076872e+01	2.011423288964667222e+01	2.043119700429946306e+01	2.041938226238904264e+01	1.995463313103079273e+01	2.968926425045663109e+01	2.026713887885226839e+01	1.953199652501450601e+01	2.071366948029445254e+01	1.971688617203327709e+01	2.073231226660332993e+01	1.998676567494565504e+01	2.024212316387350796e+01	1.978092523344247411e+01	2.012934183405029387e+01	1.989841840057870925e+01	1.979840133218647225e+01	2.026158240034459723e+01	1.956557678374056408e+01	1.959086198208168739e+01	1.996744559299855126e+01	2.024038285863833764e+01	1.992044573488434267e+01	2.037918310447488679e+01	1.977714590185316368e+01	1.958363372031736560e+01	1.955019394026249202e+01	2.030399508123566932e+01	2.031752223209236163e+01	1.974362251404828683e+01	1.973305834458184549e+01	2.001643978258133671e+01	2.005600546134380124e+01	1.978455822930935426e+01	1.998273867856728359e+01	2.053982553336874872e+01	1.958660593978844489e+01	2.013642149492444844e+01	1.970580939277045829e+01	2.006645816694015139e+01	1.986160291326437743e+01	2.017226299042489401e+01	1.954449714367610724e+01
2.017159534735241522e+01	2.025454070935321838e+01	1.993882724975089005e+01	1.978897101406614567e+01	1.973030927276544233e+01	2.008795810054035869e+01	2.066190334055306366e+01	2.034293380124008976e+01	2.003967870779254312e+01	2.058463539708774093e+01	2.033587509466403986e+01	1.982479939045265738e+01	2.026713887885226839e+01	3.010498551658808708e+01	1.948028693211472628e+01	2.067904435211640291e+01	1.973721249810856193e+01	2.156775447552153935e+01	2.026439891397768633e+01	2.040540877944411946e+01	2.011120759605342201e+01	2.048588017390968119e+01	2.001627246663809956e+01	1.991697015354411349e+01	2.031466590346966683e+01	2.019871770935317556e+01	2.048621964140298601e+01	1.993525073258697233e+01	2.025886195746882379e+01	1.980169357993615264e+01	2.031593205585980044e+01	2.013014259597823141e+01	1.967562780317624771e+01	1.965977667247186744e+01	2.069778109647373654e+01	2.040097662063349659e+01	1.965517897172125572e+01	2.009669453674611717e+01	1.987735588888552485e+01	2.057827862993831758e+01	1.970932711296097395e+01	2.047218469705467569e+01	2.082113351496461462e+01	2.012945429525484187e+01	2.019449260392283563e+01	1.993494262560759012e+01	2.040942752575726971e+01	1.973320861349613864e+01	2.010505480863736238e+01	1.979685854322670124e+01
1.948516858968979548e+01	1.949627004742951897e+01	1.904203092548331000e+01	1.916136788353681908e+01	1.888658732398925721e+01	1.973453887003693552e+01	2.010700918730746523e+01	1.933789371905621834e+01	1.974614550031294868e+01	1.988454550825635891e+01	1.967678743678708386e+01	1.931871876831818469e+01	1.953199652501450601e+01	1.948028693211472628e+01	2.835855740611388853e+01	1.979156999198546174e+01	1.897674945047339889e+01	2.024094241008595674e+01	1.951121434418182687e+01	1.952892351566299922e+01	1.910045459089237241e+01	1.955604144904897623e+01	1.908768913218960250e+01	1.936205721146759373e+01	1.946276354118671392e+01	1.936303982452983519e+01	1.962066168895514195e+01	1.925417651975497790e+01	1.956971980542880374e+01	1.918633897363200447e+01	1.951337764148327381e+01	1.952356439006734590e+01	1.903312212609642984e+01	1.888401703871369719e+01	1.989680662659182175e+01	1.963865335220991071e+01	1.922851502041732630e+01	1.923024985839647982e+01	1.911695731398246778e+01	1.941978711671707813e+01	1.881199045041626050e+01	1.979082214913585247e+01	1.965113345452646954e+01	1.893486507043776967e+01	1.957756896580266215e+01	1.915219720748820009e+01	1.930802662485199761e+01	1.920161493756058135e+01	1.920399390560112352e+01	1.915876743735054077e+01
2.066504827879119688e+01	2.077100183174074388e+01	2.024577769480738354e+01	2.041922425484664672e+01	2.019924938148783511e+01	2.107481634964945272e+01	2.125418111683945099e+01	2.067405640729235827e+01	2.054652554944291509e+01	2.106683485808536815e+01	2.102108383078037335e+01	2.027470540422602596e+01	2.071366948029445254e+01	2.067904435211640291e+01	1.979156999198546174e+01	3.119239006248757917e+01	2.038490160074676183e+01	2.199661962518590386e+01	2.128400156766033291e+01	2.076293037145398301e+01	2.027854049606655451e+01	2.104813947495306792e+01	2.023814372830596042e+01	2.038443639855972833e+01	2.099377948390693760e+01	2.072480030276316398e+01	2.034183172992181099e+01	2.013659779119601012e+01	2.073969218472128873e+01	2.031751935252814789e+01	2.077373630289646300e+01	2.045282611820709207e+01	2.025755268463274916e+01	2.003773474902855156e+01	2.081668913963894596e+01	2.114750143308302555e+01	2.038009991038430613e+01	2.001278832843506450e+01	2.016924506107905302e+01	2.073350252639983538e+01	2.014478522704605723e+01	2.074401701397395925e+01	2.110553630134043246e+01	2.041448607897990897e+01	2.050024134774261242e+01	2.057899444766930230e+01	2.054538024376294203e+01	2.075809685998723353e+01	2.096331783740375343e+01	2.015335971443067464e+01
1.970581780402102368e+01	1.986880772183426913e+01	1.978777080279126466e+01	1.983827441593743757e+01	1.905191243508934917e+01	2.062121397554203028e+01	2.011175479122625021e+01	1.964490471179363951e+01	1.969509551818423887e+01	2.056433271765431670e+01	2.011925197839047996e+01	1.977913930372649176e+01	1.971688617203327709e+01	1.973721249810856193e+01	1.897674945047339889e+01	2.038490160074676183e+01	2.920980984690280025e+01	2.075136284985930857e+01	2.001783868958695933e+01	2.009435079659126089e+01	1.916974665729010496e+01	2.034577529592090173e+01	1.923818826070955978e+01	1.987068480631495504e+01	2.007917681671338883e+01	1.960762611633524699e+01	2.007924152387725059e+01	1.959987981384845313e+01	2.007545325635208400e+01	1.928345348857347830e+01	1.940951099193782881e+01	1.961631370841334743e+01	1.976978982451066003e+01	1.975614985670440049e+01	2.064313453723163860e+01	2.027807728799616172e+01	1.954156826587590245e+01	1.927621330670041289e+01	1.931151718514953686e+01	2.005518095760129427e+01	1.910743266388833916e+01	1.975162887809986501e+01	1.995193443431706015e+01	1.909339666745169950e+01	1.953285275007877431e+01	1.978213761751707622e+01	1.957472653291237563e+01	1.938483852932921181e+01	1.970965008809451291e+01	1.946443022082525331e+01
2.108405123641230716e+01	2.136857370858940186e+01	2.082411308129449523e+01	2.089901582747400610e+01	2.052533813298149923e+01	2.142456972276300320e+01	2.178301000484917793e+01	2.113927798924151347e+01	2.102813905375893455e+01	2.178161834172354006e+01	2.163096737293072636e+01	2.115037444497516361e+01	2.073231226660332993e+01	2.156775447552153935e+01	2.024094241008595674e+01	2.199661962518590386e+01	2.075136284985930857e+01	3.191719924504996087e+01	2.126831541382417257e+01	2.152598453050362792e+01	2.079268281027925624e+01	2.105185767834526800e+01	2.088703959982339953e+01	2.087951079296038159e+01	2.152572937707386558e+01	2.097155159634926136e+01	2.081946430819525773e+01	2.079049770594639668e+01	2.131715049408371243e+01	2.108223529830610232e+01	2.099843670817264751e+01	2.121454456505784592e+01	2.074954193365186228e+01	2.055701695969745302e+01	2.141726258094486823e+01	2.136129592057704585e+01	2.076601549574903416e+01	2.069892783540162995e+01	2.130204161312737554e+01	2.131425745808592964e+01	2.068632786215091812e+01	2.107760639421366378e+01	2.145790287783364647e+01	2.094737315135922628e+01	2.131592729714280665e+01	2.083995180132363245e+01	2.109401923754933961e+01	2.059890933210130726e+01	2.130333868994415880e+01	2.073784192343037347e+01
2.028425267154004885e+01	2.065604927727719797e+01	2.031422417570618322e+01	2.041693468791486055e+01	2.018366997415232689e+01	2.059676806487133049e+01	2.056872774701032824e+01	2.024364426518195259e+01	2.063109611641118590e+01	2.044020475388691338e+01	2.036392806823712220e+01	2.021592287089499251e+01	1.998676567494565504e+01	2.026439891397768633e+01	1.951121434418182687e+01	2.128400156766033291e+01	2.001783868958695933e+01	2.126831541382417257e+01	3.041441759396871802e+01	2.038907804267995516e+01	2.012815094925494108e+01	2.067505177365253743e+01	2.017961328808399202e+01	1.996372426918058807e+01	2.004869461494071459e+01	1.999099704944616818e+01	2.030784186928444512e+01	2.047865775922338116e+01	2.082977709581020065e+01	1.995907547710520191e+01	2.029082671248744418e+01	2.061492418846085783e+01	2.008661247905171265e+01	2.009906128786425938e+01	2.139352397809235029e+01	2.092890654157439911e+01	2.013355432255064770e+01	1.999121985762753795e+01	2.040411232215618398e+01	2.007254407145645914e+01	1.963778604727427179e+01	2.014974374620519271e+01	2.085279280918134504e+01	1.989475109099887717e+01	2.042484010029336261e+01	2.016258109448228097e+01	2.020005777974216343e+01	2.009090677813709647e+01	2.042780441751781950e+01	1.995730623871578402e+01
2.008370753122748908e+01	2.061625540905769327e+01	2.027146077815154612e+01	2.029175807497281880e+01	1.986740671204249153e+01	2.078988891626560331e+01	2.066708287430176938e+01	1.997459819650615387e+01	2.010392403300673791e+01	2.096020917842610132e+01	2.063236634520233181e+01	2.097304148336440832e+01	2.024212316387350796e+01	2.040540877944411946e+01	1.952892351566299922e+01	2.076293037145398301e+01	2.009435079659126089e+01	2.152598453050362792e+01	2.038907804267995516e+01	3.065124628389209249e+01	1.972648955798468506e+01	2.040582767158722888e+01	2.008914125612248469e+01	2.041624430876545659e+01	2.024968009493838395e+01	2.003792719992836524e+01	2.001342968260264499e+01	2.019077160748804189e+01	2.073002048308543266e+01	1.999277269890818332e+01	2.027425582408141125e+01	2.005150636237152284e+01	1.982951055176492616e+01	1.988382518048906533e+01	2.091323232684981903e+01	2.053589426488007774e+01	1.988582387450071565e+01	1.981337494941075050e+01	1.963974799798961968e+01	2.046328591588408585e+01	1.993439025739938941e+01	2.033732115076841040e+01	2.060187534746796700e+01	1.995291664576526713e+01	2.055606728287974505e+01	1.954528680075373970e+01	2.044495628297556777e+01	2.028196644794131132e+01	1.995967963934182166e+01	1.978917478012240494e+01
1.960285446268774479e+01	2.002871324393312946e+01	1.991067133796264699e+01	1.989427230753624443e+01	1.923504771685093928e+01	2.025327732033704464e+01	2.022559649310674956e+01	1.976881093021148317e+01	1.960073480282151692e+01	2.051460739496010177e+01	2.014245985155805485e+01	1.996512804962421583e+01	1.978092523344247411e+01	2.011120759605342201e+01	1.910045459089237241e+01	2.027854049606655451e+01	1.916974665729010496e+01	2.079268281027925624e+01	2.012815094925494108e+01	1.972648955798468506e+01	2.898624653752128566e+01	1.996352895291471086e+01	1.951306781556040093e+01	1.954808834636852310e+01	1.976648543681194781e+01	1.960425676026266117e+01	2.001039744365759532e+01	1.989432853872622076e+01	2.011355126921699110e+01	1.995781246985725943e+01	1.974436404032694981e+01	1.985650729275363346e+01	1.914265823025880664e+01	1.941200000969146799e+01	2.049311625861239960e+01	1.974296751317393372e+01	1.964558032351385464e+01	1.935368179113117293e+01	1.949498195325994487e+01	2.001993342347713778e+01	1.936913148660742223e+01	2.001396956743906941e+01	2.032875990388482990e+01	1.962123323227917027e+01	2.003732285067931329e+01	1.950280154896640283e+01	2.004231483096073063e+01	1.944981604711988865e+01	2.017444861292102942e+01	1.928487774177266445e+01
2.039490155554863904e+01	2.029612436198568659e+01	2.026524947521108189e+01	2.011959630243772779e+01	1.976155048143870374e+01	2.084530042215711276e+01	2.080407199434568000e+01	2.010294296012256865e+01	2.029329954165748262e+01	2.044512762743870837e+01	2.042328066472592596e+01	2.054766457199900742e+01	2.012934183405029387e+01	2.048588017390968119e+01	1.955604144904897623e+01	2.104813947495306792e+01	2.034577529592090173e+01	2.105185767834526800e+01	2.067505177365253743e+01	2.040582767158722888e+01	1.996352895291471086e+01	3.023651289419998278e+01	1.975635338093079341e+01	2.016900154024286351e+01	2.050699599977738430e+01	2.020881971953002321e+01	2.047158149890335821e+01	1.984871417932998838e+01	2.067069606306242235e+01	2.000072105390704635e+01	2.031696350080938629e+01	1.995654268070700610e+01	2.013349026639434314e+01	2.006881556649817355e+01	2.081420069360160596e+01	2.069457835308361382e+01	2.011695095507518616e+01	2.012921428773344346e+01	2.018871153517304151e+01	2.062124276534257206e+01	2.003410827925662829e+01	2.076368465420006615e+01	2.097830739377895526e+01	1.975896125296796058e+01	2.014919585372511435e+01	2.044826841482698043e+01	2.032611051654489032e+01	2.028049226723476295e+01	2.024938399638996245e+01	1.999237314428669876e+01
1.951032845562417961e+01	1.978705965956559965e+01	1.953541596910301692e+01	1.912740071327559477e+01	1.904793805255195593e+01	2.004688114375600350e+01	1.992515517941630065e+01	1.967668438330879965e+01	1.996560939076046282e+01	1.993187782235880690e+01	2.000501952748729906e+01	1.981880691674376749e+01	1.989841840057870925e+01	2.001627246663809956e+01	1.908768913218960250e+01	2.023814372830596042e+01	1.923818826070955978e+01	2.088703959982339953e+01	2.017961328808399202e+01	2.008914125612248469e+01	1.951306781556040093e+01	1.975635338093079341e+01	2.900957522881513739e+01	1.941677552116103911e+01	1.964609777149223291e+01	1.941970202672710855e+01	1.944086987593177795e+01	1.962799986699911869e+01	1.991523360118514319e+01	1.990094381547058333e+01	1.941440244520766356e+01	1.957291333505397546e+01	1.892842380675790892e+01	1.905962055501825247e+01	2.003704446414073459e+01	1.967061291083530961e+01	1.919043939626731898e+01	1.917045522818611403e+01	1.915835634634915152e+01	1.986898660807640482e+01	1.958520103283800751e+01	1.965048545753886700e+01	2.006678911963902934e+01	1.933317089587226079e+01	1.952471548892802033e+01	1.949352737384184664e+01	1.919227357230737852e+01	1.961998967577473252e+01	1.965857400363007912e+01	1.902760828916045810e+01
2.015917656305270356e+01	2.011027042622929528e+01	1.965177460164111878e+01	1.993535645114616628e+01	1.943021064900321804e+01	2.006629546868007097e+01	2.038283470769986394e+01	1.988639215346601219e+01	1.979326343508610719e+01	2.054736076162116376e+01	2.017581027308673569e+01	1.986910424820815280e+01	1.979840133218647225e+01	1.991697015354411349e+01	1.936205721146759373e+01	2.038443639855972833e+01	1.987068480631495504e+01	2.087951079296038159e+01	1.996372426918058807e+01	2.041624430876545659e+01	1.954808834636852310e+01	2.016900154024286351e+01	1.941677552116103911e+01	2.888614848296023041e+01	1.979301341110673107e+01	2.006413862792305736e+01	1.981410957789846350e+01	1.952194373549131257e+01	2.035728320248519907e+01	1.975120182389196088e+01	2.014231187638399589e+01	1.987100291018917986e+01	1.959658490865398051e+01	1.957368993082443609e+01	2.022606525044604808e+01	1.995145707491166576e+01	1.985166389263421394e+01	1.953064637888756039e+01	1.982030355235037078e+01	2.015730381098753909e+01	1.931335267439523307e+01	1.968380630584973545e+01	2.072196057744142195e+01	1.978933527166168815e+01	2.013068574404217159e+01	1.962408966799776167e+01	1.972725263619008373e+01	1.986536111826299589e+01	1.996272766612686311e+01	1.955623565475388048e+01
2.043900872102146238e+01	2.051734541478316132e+01	1.999902522731123611e+01	2.010902588976145111e+01	1.953885493999951706e+01	2.081419248122341514e+01	2.064230920460641983e+01	2.015692069160447630e+01	2.032714070936441431e+01	2.059404476426512787e+01	2.029331519605801759e+01	2.016711097942673092e+01	2.026158240034459723e+01	2.031466590346966683e+01	1.946276354118671392e+01	2.099377948390693760e+01	2.007917681671338883e+01	2.152572937707386558e+01	2.004869461494071459e+01	2.024968009493838395e+01	1.976648543681194781e+01	2.050699599977738430e+01	1.964609777149223291e+01	1.979301341110673107e+01	2.967219038708383039e+01	1.965247656477575333e+01	2.015426428048825969e+01	2.037696609576321904e+01	2.055436473458003022e+01	2.015917719309910439e+01	2.010857986650165685e+01	2.016557486154189505e+01	1.987141903692366185e+01	1.969274726976017931e+01	2.056786678027805948e+01	2.019284910670991451e+01	2.002217942341442125e+01	1.980273768863202122e+01	2.008113823317846425e+01	2.039223433904369287e+01	2.010875892409816856e+01	2.029642917670611624e+01	2.054899813526521513e+01	1.994278313128502944e+01	2.032511529605426048e+01	2.023879578997015827e+01	2.025539278754160577e+01	1.963265556417378477e+01	1.984289168540188442e+01	1.985357442861468513e+01
2.040145331259891748e+01	2.000615281648440558e+01	1.931901208665903269e+01	1.953608241713146043e+01	1.951462633769765986e+01	2.042342434898463566e+01	2.062929405817170903e+01	1.994737011937146320e+01	2.009661799294406137e+01	2.042358587973959771e+01	2.016909138259479306e+01	1.997961283601580007e+01	1.956557678374056408e+01	2.019871770935317556e+01	1.936303982452983519e+01	2.072480030276316398e+01	1.960762611633524699e+01	2.097155159634926136e+01	1.999099704944616818e+01	2.003792719992836524e+01	1.960425676026266117e+01	2.020881971953002321e+01	1.941970202672710855e+01	2.006413862792305736e+01	1.965247656477575333e+01	2.973239730358116617e+01	2.005415734280744999e+01	1.974549975300012861e+01	1.999109680068817951e+01	1.981638740994174697e+01	1.980658120014752299e+01	2.005795860825115184e+01	1.990782489053139059e+01	1.957745282948975429e+01	2.041621365724580528e+01	2.035728397080994512e+01	2.010223182915632023e+01	1.963836041314936054e+01	1.968260592076183713e+01	1.982881250667480444e+01	1.953868647413991511e+01	1.980705706901875374e+01	2.032520337212084627e+01	1.969022414323728754e+01	1.999254802514057872e+01	1.976560755313917284e+01	1.999012603610976058e+01	1.978678143306884962e+01	2.000980699815853825e+01	1.957219116338491460e+01
1.999584816466645520e+01	2.001266974703854729e+01	1.981315443601262416e+01	1.984401630398904359e+01	1.947441777238064020e+01	2.029600352339102542e+01	2.056343437412025921e+01	1.979339858212446046e+01	2.017061767916176152e+01	2.071744848976409870e+01	2.020269337670777432e+01	2.002417284712450041e+01	1.959086198208168739e+01	2.048621964140298601e+01	1.962066168895514195e+01	2.034183172992181099e+01	2.007924152387725059e+01	2.081946430819525773e+01	2.030784186928444512e+01	2.001342968260264499e+01	2.001039744365759532e+01	2.047158149890335821e+01	1.944086987593177795e+01	1.981410957789846350e+01	2.015426428048825969e+01	2.005415734280744999e+01	2.995422253371424759e+01	2.009358447330644992e+01	2.042505349154947325e+01	1.975000878466480358e+01	1.999595916390133610e+01	2.001658324219271279e+01	1.976890785914225290e+01	1.970327378919555628e+01	2.080216755972676168e+01	2.045232604026234213e+01	1.977303000224888052e+01	1.990452469264558033e+01	1.961281651782167046e+01	2.067614073826159071e+01	1.955143452859006814e+01	2.002095372880018331e+01	2.057121794455957087e+01	2.021825133645782202e+01	1.962346970764317078e+01	1.969444725354872361e+01	2.045002625513385297e+01	1.992067312418367209e+01	1.993659941610499686e+01	1.958591946087777913e+01
1.998281737906308209e+01	2.018206820491862175e+01	1.992185709451232611e+01	1.940171985607565119e+01	1.922099520551204321e+01	2.031330383628129610e+01	2.053159501811283505e+01	1.988406463336259833e+01	1.998895480800678470e+01	2.003938388970380302e+01	2.026305216293583200e+01	1.952181518967132234e+01	1.996744559299855126e+01	1.993525073258697233e+01	1.925417651975497790e+01	2.013659779119601012e+01	1.959987981384845313e+01	2.079049770594639668e+01	2.047865775922338116e+01	2.019077160748804189e+01	1.989432853872622076e+01	1.984871417932998838e+01	1.962799986699911869e+01	1.952194373549131257e+01	2.037696609576321904e+01	1.974549975300012861e+01	2.009358447330644992e+01	2.932049584562438227e+01	2.035700852602101563e+01	1.987327972317434188e+01	2.012972968156091724e+01	2.011417127998451804e+01	1.976322214662996402e+01	1.950213148444767342e+01	2.068816376490532960e+01	2.036712566879531749e+01	1.985794642976586744e+01	1.955238056083673115e+01	1.958482174040245383e+01	2.011408852147568638e+01	1.956923362943831890e+01	1.996549589580680006e+01	2.048423933498324701e+01	1.952813509215467747e+01	1.985736653373466254e+01	1.990330172498572026e+01	1.981031104321792924e+01	1.977547292786675470e+01	1.990770812164825898e+01	1.925898989844767328e+01
2.062665565302691917e+01	2.058549434231266062e+01	2.063359084989711434e+01	2.053957140942046422e+01	1.999804874260166798e+01	2.065884656996615831e+01	2.085582417497715824e+01	2.025200931087085365e+01	2.052911577822461808e+01	2.089083365419045180e+01	2.056842199431948259e+01	2.035246620173877474e+01	2.024038285863833764e+01	2.025886195746882379e+01	1.956971980542880374e+01	2.073969218472128873e+01	2.007545325635208400e+01	2.131715049408371243e+01	2.082977709581020065e+01	2.073002048308543266e+01	2.011355126921699110e+01	2.067069606306242235e+01	1.991523360118514319e+01	2.035728320248519907e+01	2.055436473458003022e+01	1.999109680068817951e+01	2.042505349154947325e+01	2.035700852602101563e+01	3.010797225372825991e+01	1.991415502345117616e+01	2.030473988212099812e+01	2.056859975328509549e+01	1.964649285518917665e+01	2.014784313962610085e+01	2.088741031062625098e+01	2.081163360711638077e+01	1.985540012986642466e+01	2.010945668502358430e+01	2.056739569413768010e+01	2.041068050025299030e+01	1.973601574414755433e+01	2.052400631887920568e+01	2.084148517444484838e+01	2.018822494568284753e+01	2.009268983870084924e+01	1.981929577650064900e+01	2.025606949558796543e+01	2.004434863377424847e+01	2.017495328733238935e+01	2.003102305186514087e+01
2.016875448261772164e+01	2.027258299661043850e+01	1.968923475821289415e+01	1.956807146842639966e+01	1.931095093535493490e+01	2.021136156690768715e+01	2.001414027548379337e+01	1.987123690726163971e+01	1.981187738220518568e+01	2.011499731633688626e+01	2.012965583500368894e+01	1.974905061642537873e+01	1.992044573488434267e+01	1.980169357993615264e+01	1.918633897363200447e+01	2.031751935252814789e+01	1.928345348857347830e+01	2.108223529830610232e+01	1.995907547710520191e+01	1.999277269890818332e+01	1.995781246985725943e+01	2.000072105390704635e+01	1.990094381547058333e+01	1.975120182389196088e+01	2.015917719309910439e+01	1.981638740994174697e+01	1.975000878466480358e+01	1.987327972317434188e+01	1.991415502345117616e+01	2.978168603105745760e+01	2.012237262274521044e+01	1.971191880819120001e+01	1.955186355574809554e+01	1.935870899421702873e+01	2.015156232877821907e+01	2.017088854383561625e+01	2.000414117562955596e+01	1.964716235646589126e+01	1.963628076370924447e+01	1.984150081881478656e+01	1.952537114251301276e+01	2.009184150588331264e+01	1.998978965619963688e+01	1.951343372146862265e+01	1.964818453988136682e+01	1.965987458016533296e+01	2.009433870461705141e+01	1.961841407666768689e+01	1.974394900717908996e+01	1.951915027099760991e+01
2.012409244869236247e+01	2.053275025482034266e+01	1.991408985852682534e+01	1.986067350527089204e+01	1.968246989019184312e+01	2.028736231881462970e+01	2.055579774566178486e+01	2.023425536183112072e+01	2.021630561938808768e+01	2.007446975487243179e+01	2.030061990316130149e+01	2.015267611977300177e+01	2.037918310447488679e+01	2.031593205585980044e+01	1.951337764148327381e+01	2.077373630289646300e+01	1.940951099193782881e+01	2.099843670817264751e+01	2.029082671248744418e+01	2.027425582408141125e+01	1.974436404032694981e+01	2.031696350080938629e+01	1.941440244520766356e+01	2.014231187638399589e+01	2.010857986650165685e+01	1.980658120014752299e+01	1.999595916390133610e+01	2.012972968156091724e+01	2.030473988212099812e+01	2.012237262274521044e+01	2.989655035048370380e+01	2.014543170063884148e+01	2.002714371240317703e+01	1.980759466071167196e+01	2.062114986533371663e+01	2.075830890858089361e+01	1.983199072752444891e+01	1.969548794222507837e+01	1.991661039965253721e+01	2.042085502748753001e+01	1.978457307055445469e+01	1.991808745420778237e+01	2.061670690844002962e+01	1.960468884605003836e+01	1.999689228943331543e+01	1.994911021242040761e+01	2.024431934296249835e+01	1.989229595807195849e+01	2.031956260997579022e+01	1.981650108133386112e+01
2.034825708932651978e+01	2.040761301352537771e+01	1.985906690186057943e+01	2.003916110825215924e+01	1.973882748137329557e+01	2.071087506636796149e+01	2.042538246495426790e+01	1.993414746748950606e+01	1.989789586181784031e+01	2.036480710141352901e+01	2.056457083569301503e+01	2.012838051504838788e+01	1.977714590185316368e+01	2.013014259597823141e+01	1.952356439006734590e+01	2.045282611820709207e+01	1.961631370841334743e+01	2.121454456505784592e+01	2.061492418846085783e+01	2.005150636237152284e+01	1.985650729275363346e+01	1.995654268070700610e+01	1.957291333505397546e+01	1.987100291018917986e+01	2.016557486154189505e+01	2.005795860825115184e+01	2.001658324219271279e+01	2.011417127998451804e+01	2.056859975328509549e+01	1.971191880819120001e+01	2.014543170063884148e+01	3.010180220017652530e+01	1.976371649523056462e+01	1.972860578786246322e+01	2.086517622713521902e+01	2.003088718952383473e+01	1.991034605788951595e+01	2.005660678921414686e+01	1.976762045985379856e+01	1.990123177630483298e+01	1.951920546039848503e+01	1.972186874726079608e+01	2.052002055951716741e+01	2.000619562152510511e+01	2.001116257535814569e+01	1.996665340188292248e+01	2.033131129989484975e+01	1.975663396926728765e+01	2.003657039190695954e+01	1.979067051862369908e+01
