2.937714851059382681e+01	2.050410378982367376e+01	2.019039203114795455e+01	2.005457105248043703e+01	1.957593827736501879e+01	1.942996560497586955e+01	1.973816902274193197e+01	2.020150234347390139e+01	1.928650367757483863e+01	2.007962995832135888e+01	2.024330505014671644e+01	1.970537818934821672e+01	2.016427799080585714e+01	1.956890879568449648e+01	1.929477883859656018e+01	1.966786647413195865e+01	2.015274687773732865e+01	1.978329855457040409e+01	1.978630910051670355e+01	1.987972421356072772e+01	1.985989323743774904e+01	2.006439531416808464e+01	1.990003176998874324e+01	1.962525780780015694e+01	1.979548466487122127e+01	2.040026187372207644e+01	1.966832511199194045e+01	1.980837417237887621e+01	1.963625103493679092e+01	1.993467044316923875e+01	2.033025483612378537e+01	1.930821478505834676e+01	1.990678411543871462e+01	1.978691872847234734e+01	1.972936955749210597e+01	1.997244251288695693e+01	2.004576372545695406e+01	1.980096062511539046e+01	1.977103279780310530e+01	2.040103252741203121e+01	1.978642032028522380e+01	1.939529021151433952e+01	1.928264500853148178e+01	2.007121256140572285e+01	1.998848658046181725e+01	1.966690967229006048e+01	2.033218667244344502e+01	2.022289465097545502e+01	2.000862470765024881e+01	1.967655131924890455e+01
2.050410378982367376e+01	3.090194521452907139e+01	2.053310823759149528e+01	2.038653741238961814e+01	2.036124950016700197e+01	1.944476305756873202e+01	2.027242192201127224e+01	2.064915159301065017e+01	1.994291191156919041e+01	2.059835166704438691e+01	2.086426018596963416e+01	2.027967556065424404e+01	2.064315325821719327e+01	2.031710991322103865e+01	1.996286975698698640e+01	2.001996858753042829e+01	2.040372935641053687e+01	2.032830058255337846e+01	2.014153655293254985e+01	2.043795348209150475e+01	2.065844748009129717e+01	2.076477335120724632e+01	2.042653505907611233e+01	2.067531764878387079e+01	2.047352084389148885e+01	2.119005204758519056e+01	2.035388805608214469e+01	2.027834756716564968e+01	2.018275733499333313e+01	2.041001871104836596e+01	2.107839510151353579e+01	1.986456893579161331e+01	2.065170990302550891e+01	2.056928630694407545e+01	2.021360566008369730e+01	2.049399471078908874e+01	2.067082250114798825e+01	2.071114760439024849e+01	1.989698848776705731e+01	2.050918950527305995e+01	2.050789623543888140e+01	2.029808738553249370e+01	1.958579892044522808e+01	2.041080319897815798e+01	2.006907255234228771e+01	2.056785146491217375e+01	2.039020598380723825e+01	2.045746299648655864e+01	2.038899178860585337e+01	2.042110437761341757e+01
2.019039203114795455e+01	2.053310823759149528e+01	2.993700329047418052e+01	2.047205026254353655e+01	2.015373160179050416e+01	1.957158873735641791e+01	1.978226502160840283e+01	2.053895448425414827e+01	1.963663971609468106e+01	2.013922675716968058e+01	2.057274691265252997e+01	1.997962250724675215e+01	2.014018625571240761e+01	1.985462782695427464e+01	1.953193799924955343e+01	1.990082138302382830e+01	2.025297680640541387e+01	2.009536415103022833e+01	2.027087017142644498e+01	1.998669301214667016e+01	1.993360758567007807e+01	2.031615263057902965e+01	2.017053651903513867e+01	1.997356637732598017e+01	2.026883292498760625e+01	2.090101190379807505e+01	1.982736908451906643e+01	2.024548852571754765e+01	2.039685127761037009e+01	2.013704035261165615e+01	2.083332697980787174e+01	2.011710321406107482e+01	2.058354049363591542e+01	2.037731013471572794e+01	1.998529669157919741e+01	2.013306749032565435e+01	1.966609830881406040e+01	2.028230491952170667e+01	2.006948607724921629e+01	2.047652501235523204e+01	1.984634755754190039e+01	1.993766734803257279e+01	1.910498112577344898e+01	2.025967584553367118e+01	1.997370030383354589e+01	1.991221350636209309e+01	1.980903223832097737e+01	2.051390939312371486e+01	2.018750352650350521e+01	1.983755287739896644e+01
2.005457105248043703e+01	2.038653741238961814e+01	2.047205026254353655e+01	3.050948619873193834e+01	2.019799570110192732e+01	1.972755258298208147e+01	2.016467808930933714e+01	2.028238687969265186e+01	1.984814473594542505e+01	2.044729879278249385e+01	2.095295118745548635e+01	2.007685185565858887e+01	2.052920969273807117e+01	2.000894307087711965e+01	1.951277853277717611e+01	2.016079218209087642e+01	2.045662941452783556e+01	2.020147781131251463e+01	2.023470484166062633e+01	2.012305513929575440e+01	2.035771080462870586e+01	2.074148820344896649e+01	2.012498327743053039e+01	2.009715909265946365e+01	2.039681177198148276e+01	2.116737286767851955e+01	1.996516369813929614e+01	2.044857440623859191e+01	2.020986650549321695e+01	2.062920174732697376e+01	2.069750585749050487e+01	1.981531162980128613e+01	2.054130059587604862e+01	2.057025777416388834e+01	1.991533872459838861e+01	2.062353785838156384e+01	2.004593940999924229e+01	2.008216793786627008e+01	1.990113052659724957e+01	2.065168885392307274e+01	1.980866049686026997e+01	1.985319266837684182e+01	1.974797197644306834e+01	2.039684423728072105e+01	2.045762033130993984e+01	2.000551925600079528e+01	2.055925943966641256e+01	2.038802415484242658e+01	2.079032678348238505e+01	2.011455631573065617e+01
1.957593827736501879e+01	2.036124950016700197e+01	2.015373160179050416e+01	2.019799570110192732e+01	2.929509264094581411e+01	1.910667663077528644e+01	1.898742272554591182e+01	1.989497797258769296e+01	1.931176324859766424e+01	1.978203622205351309e+01	2.020035985773651888e+01	1.948043312637136637e+01	1.988541952993442763e+01	1.967317561740942011e+01	1.914497692886174818e+01	1.950446141524632893e+01	1.979687704427306372e+01	2.016711228662561695e+01	1.964995405003615048e+01	1.958892500386303936e+01	1.945414445251512348e+01	1.992950341724535335e+01	1.943012973895566020e+01	1.963692308303346934e+01	1.981170985170259513e+01	2.056427686494210505e+01	1.962037080713114889e+01	1.986316322252682909e+01	1.945810345037076772e+01	1.999031569633162775e+01	1.985234072598279553e+01	1.902123077727340572e+01	2.011605398454447169e+01	2.000205368179130616e+01	1.960310230227688422e+01	1.960024831755462671e+01	1.971402963976120049e+01	1.978688844518088530e+01	1.941245809012374934e+01	2.003972487048789120e+01	1.994366656069825083e+01	1.956840802182505357e+01	1.933937247015558825e+01	1.950930338240095097e+01	1.943577592743035254e+01	1.934039065398057389e+01	1.982119583739600088e+01	2.001816074188995387e+01	1.994835383687405184e+01	1.944743330483438370e+01
1.942996560497586955e+01	1.944476305756873202e+01	1.957158873735641791e+01	1.972755258298208147e+01	1.910667663077528644e+01	2.877725618508341654e+01	1.910773022311084191e+01	1.971516082315645946e+01	1.903040562748141085e+01	1.954066467278679653e+01	1.990440432356644251e+01	1.927567868753282809e+01	1.967324580847864013e+01	1.969143189186065612e+01	1.862008701732898786e+01	1.932449493063893797e+01	1.952108209985144427e+01	2.007775712377179644e+01	1.925536928082984289e+01	1.912887594419503046e+01	1.937430799795094316e+01	1.993596612006835755e+01	1.944342147119828113e+01	1.959933612447614948e+01	1.968995950880542978e+01	2.014265219280915531e+01	1.902579655789390500e+01	1.916344764077134499e+01	1.931774440805594395e+01	1.986865537010290339e+01	1.997146271166122844e+01	1.902058977623110536e+01	1.970035197890490153e+01	1.994796270883727018e+01	1.887624816515953086e+01	1.964368968652642522e+01	1.928930308661557547e+01	1.940250861410276428e+01	1.933315663795595185e+01	1.976905486697507541e+01	1.954135937505155596e+01	1.934374416609833958e+01	1.927655503198631237e+01	1.923450943553993397e+01	1.931070918635466782e+01	1.897727047643461873e+01	1.937414394477363189e+01	1.977175001727960790e+01	1.969940415711806025e+01	1.938583982990189369e+01
1.973816902274193197e+01	2.027242192201127224e+01	1.978226502160840283e+01	2.016467808930933714e+01	1.898742272554591182e+01	1.910773022311084191e+01	2.953838659408307876e+01	2.019723278865113159e+01	1.922709919961971181e+01	1.975254270834473758e+01	1.985153451823020276e+01	1.969929978855313379e+01	2.018445550467130900e+01	1.942122572994334462e+01	1.938513351642504290e+01	1.958476453950313712e+01	1.960663085790726967e+01	1.979457146401595580e+01	1.969149301311689015e+01	1.971764309731619846e+01	1.973796338320130062e+01	1.983965394037549146e+01	1.950941033209090136e+01	1.924724365043051932e+01	1.987654037365407689e+01	2.042741786863167164e+01	1.972889111206380974e+01	1.978929436010808729e+01	1.944376758980426700e+01	1.968684926740683494e+01	2.021601266881916814e+01	1.960146620493024017e+01	2.015466600540526798e+01	1.987224219632632938e+01	1.936305833404017918e+01	1.997239908694588095e+01	1.967314249298939544e+01	1.938260630815039676e+01	1.941047805725158071e+01	2.009599716333044839e+01	1.962985758842579997e+01	1.935095334278689450e+01	1.946171485280629909e+01	1.976909916222708574e+01	1.962914661851417009e+01	1.985408051611585023e+01	1.955001973298762508e+01	2.023762583501968138e+01	1.992267292796617539e+01	1.946730508888912325e+01
2.020150234347390139e+01	2.064915159301065017e+01	2.053895448425414827e+01	2.028238687969265186e+01	1.989497797258769296e+01	1.971516082315645946e+01	2.019723278865113159e+01	2.995872946381084745e+01	1.978854716558085514e+01	2.030656256722638275e+01	2.075021269308805927e+01	2.008244733839527640e+01	2.077776196831063871e+01	1.998720511287303836e+01	1.946921876321539813e+01	1.986596743836104295e+01	2.030874034769401248e+01	2.034780500455281427e+01	1.993199668028834992e+01	2.022318793148809135e+01	2.007053036501671528e+01	2.055759491082117663e+01	2.032121868202157344e+01	2.014625604795068980e+01	2.015132593034023145e+01	2.086952200333454144e+01	1.987427504320047333e+01	2.033891179890677492e+01	2.031259680988973670e+01	2.051383866805716139e+01	2.055264539126839907e+01	1.994309911540767999e+01	2.062635428813812055e+01	2.053185092479336760e+01	2.003867043251761970e+01	2.017495545267185619e+01	2.003080091267739249e+01	2.022245946896337898e+01	1.996524352509355893e+01	2.059186256056589315e+01	2.023074132560320848e+01	1.999022311266839580e+01	1.935241221390416655e+01	2.044511451494127385e+01	2.031369258675621126e+01	1.993098360657072377e+01	1.995793552573439911e+01	2.041541679434044099e+01	2.044048637737326146e+01	2.000252321286010826e+01
1.928650367757483863e+01	1.994291191156919041e+01	1.963663971609468106e+01	1.984814473594542505e+01	1.931176324859766424e+01	1.903040562748141085e+01	1.922709919961971181e+01	1.978854716558085514e+01	2.929848929334939811e+01	1.972513836041433422e+01	2.031253791534321707e+01	1.997075212900008623e+01	1.995620519961250139e+01	1.945494749332706874e+01	1.889858909891355410e+01	1.936206306639646968e+01	1.965761295446293033e+01	1.971990267179101508e+01	1.950251001105207749e+01	1.928028927205291865e+01	1.941824382744330535e+01	2.011079860260703356e+01	1.950704343488410331e+01	1.932737625101435697e+01	1.979505759217108718e+01	2.022860076839735655e+01	1.934474847488487725e+01	1.936284192409010529e+01	1.915416226172335357e+01	1.990346568628390855e+01	1.984358420396243261e+01	1.928441135957764274e+01	1.981940193244856019e+01	1.977896773334203928e+01	1.948558611600912371e+01	1.973604875202624243e+01	1.977167764731564148e+01	1.984570553947983029e+01	1.959215606936812648e+01	2.023599153194136946e+01	1.950339787900882982e+01	1.927718117176334900e+01	1.872565735092404182e+01	1.975388536422900643e+01	1.962045234680201489e+01	1.947288784136145523e+01	1.942828117617011685e+01	1.998243725591943587e+01	1.981999769797805300e+01	1.953396039833401332e+01
2.007962995832135888e+01	2.059835166704438691e+01	2.013922675716968058e+01	2.044729879278249385e+01	1.978203622205351309e+01	1.954066467278679653e+01	1.975254270834473758e+01	2.030656256722638275e+01	1.972513836041433422e+01	2.992286043947874319e+01	2.065112896332799508e+01	1.999936622052205593e+01	2.019575654657949926e+01	1.992492596794256698e+01	1.958687184277470550e+01	2.046922507651942169e+01	2.055862156309659028e+01	1.999025649463642651e+01	1.992171441841285784e+01	2.001997668789482177e+01	1.994945437340755845e+01	2.057642136954505929e+01	2.010878618953229591e+01	1.976104911667847830e+01	2.007372254175832182e+01	2.095820025797107533e+01	1.977293200135960660e+01	1.996234366265175808e+01	2.009099708471018175e+01	1.992589344051796019e+01	2.070361206893946004e+01	1.988830062139426857e+01	2.025629047327728216e+01	2.058824636322139057e+01	1.972907367977544268e+01	2.024692787458249299e+01	2.004692991523210921e+01	1.946542168914884741e+01	1.997982354568857488e+01	2.073208764346587429e+01	2.012190291404793285e+01	1.966476832966677080e+01	1.932131656417507770e+01	2.023654260573246688e+01	2.002097535484676172e+01	1.984311088419153890e+01	1.982892528608686433e+01	2.038916347976698162e+01	2.044563655382908962e+01	1.989402407210402757e+01
2.024330505014671644e+01	2.086426018596963416e+01	2.057274691265252997e+01	2.095295118745548635e+01	2.020035985773651888e+01	1.990440432356644251e+01	1.985153451823020276e+01	2.075021269308805927e+01	2.031253791534321707e+01	2.065112896332799508e+01	3.114362424143607555e+01	2.039241434266450170e+01	2.054742494488942839e+01	2.026299517902823411e+01	1.949667379041000004e+01	2.053868851088222414e+01	2.008843656997508376e+01	2.074585493364899236e+01	2.054402609516716538e+01	2.019782209817782714e+01	2.020963806239221938e+01	2.071553271903011151e+01	2.036444565279255769e+01	2.019970036779881895e+01	2.055637175249654547e+01	2.092718717893573199e+01	2.014488562820248774e+01	2.057300163883983046e+01	2.039168645329377938e+01	2.093958904406235888e+01	2.134851994798381725e+01	2.023730218071333908e+01	2.125450146397542639e+01	2.094583185258689539e+01	2.005903295192594982e+01	2.023164839446629770e+01	1.970106245676212708e+01	2.051397591868015979e+01	2.022267538536777209e+01	2.081282154419063701e+01	2.011859520115013211e+01	2.022952730901679175e+01	1.977923540478624531e+01	2.072228783437123667e+01	2.041711224903451694e+01	2.019864699775607519e+01	2.054997146191362134e+01	2.043630471178212105e+01	2.106165135552190648e+01	2.028893803536076490e+01
1.970537818934821672e+01	2.027967556065424404e+01	1.997962250724675215e+01	2.007685185565858887e+01	1.948043312637136637e+01	1.927567868753282809e+01	1.969929978855313379e+01	2.008244733839527640e+01	1.997075212900008623e+01	1.999936622052205593e+01	2.039241434266450170e+01	2.974551121987999025e+01	2.063145262731757512e+01	2.016381368448861977e+01	1.932613646499395443e+01	1.962429460106544710e+01	2.003503286386840543e+01	2.012524791787137346e+01	1.940212799633470908e+01	1.954478676161631512e+01	2.010616163574739446e+01	2.024690783171427455e+01	2.002725613068676935e+01	1.988328482543233733e+01	2.033681899286576211e+01	2.049324616600420867e+01	1.952913894734322042e+01	1.959826685367374566e+01	1.990204595923778541e+01	2.013014692168370345e+01	2.062394682028363135e+01	1.948244876177139062e+01	2.023108828504487633e+01	2.019009136578407748e+01	1.934993180921577860e+01	2.012866347121568467e+01	1.977747189243195081e+01	1.976630608460057204e+01	1.983867791289003080e+01	2.042925717912794070e+01	2.000843193303701284e+01	1.963610594949917498e+01	1.934138083503152217e+01	1.992984082320786143e+01	1.970087015617973947e+01	1.955881878220257875e+01	2.000194038867843105e+01	2.010364304591206164e+01	2.029918131924648250e+01	1.985716779155704614e+01
2.016427799080585714e+01	2.064315325821719327e+01	2.014018625571240761e+01	2.052920969273807117e+01	1.988541952993442763e+01	1.967324580847864013e+01	2.018445550467130900e+01	2.077776196831063871e+01	1.995620519961250139e+01	2.019575654657949926e+01	2.054742494488942839e+01	2.063145262731757512e+01	3.030796771790713962e+01	2.033368696489952043e+01	1.960024388526731443e+01	2.002572415140523887e+01	2.023334677567178019e+01	2.012587485125899178e+01	1.958060121914105878e+01	2.015416955499608065e+01	2.023701405121581942e+01	2.042273282193839279e+01	2.021705524502594642e+01	1.968273157939684381e+01	2.038289336960522036e+01	2.083693267127607385e+01	1.983835219377927572e+01	1.962606500786552388e+01	2.024673823455081845e+01	2.080138826504451899e+01	2.057013192308921745e+01	1.982403773571456540e+01	2.077094760369200444e+01	2.082667134536887943e+01	1.979506810401738548e+01	2.010121391792034373e+01	2.020298407929225348e+01	2.030182553833003212e+01	1.999624816799815363e+01	2.060462966558780806e+01	2.027889830023481821e+01	2.000221114617098905e+01	1.987717528159703306e+01	2.068721807092760301e+01	2.053528729745616843e+01	2.074137098828168391e+01	2.024847392553990844e+01	2.063575264966144829e+01	2.029942264456458645e+01	2.047264055209267042e+01
1.956890879568449648e+01	2.031710991322103865e+01	1.985462782695427464e+01	2.000894307087711965e+01	1.967317561740942011e+01	1.969143189186065612e+01	1.942122572994334462e+01	1.998720511287303836e+01	1.945494749332706874e+01	1.992492596794256698e+01	2.026299517902823411e+01	2.016381368448861977e+01	2.033368696489952043e+01	2.955297876349104769e+01	1.941742699515586423e+01	2.005756108005499883e+01	1.994792676102765228e+01	2.011385053507805054e+01	1.984370353177462221e+01	1.965572528342560332e+01	1.941114304020404546e+01	2.038999992488998814e+01	1.993122645779887847e+01	1.985692775579279967e+01	1.975095444613027595e+01	2.060344475287897836e+01	1.938865950759155865e+01	1.990849331416617574e+01	1.984799393009595647e+01	1.982976444199653798e+01	2.019678760713814114e+01	1.949322087920306501e+01	2.047074614630690448e+01	1.992787767440992397e+01	1.951971340825921430e+01	2.027989681502009489e+01	1.969313279504025260e+01	1.997383809566714064e+01	1.977860060012499943e+01	2.022226224124675653e+01	1.998128426997205054e+01	1.956925080462686140e+01	1.983868638400420892e+01	2.027406327758804139e+01	1.969537974441400507e+01	2.001399783556481893e+01	2.005428478000714065e+01	1.982801904709444685e+01	1.994096541569637182e+01	1.956143794791213253e+01
1.929477883859656018e+01	1.996286975698698640e+01	1.953193799924955343e+01	1.951277853277717611e+01	1.914497692886174818e+01	1.862008701732898786e+01	1.938513351642504290e+01	1.946921876321539813e+01	1.889858909891355410e+01	1.958687184277470550e+01	1.949667379041000004e+01	1.932613646499395443e+01	1.960024388526731443e+01	1.941742699515586423e+01	2.891020686880203883e+01	1.934656624866929775e+01	1.949504038699721065e+01	1.974470690903887515e+01	1.902313372516409373e+01	1.958479214053568285e+01	1.926926492572648542e+01	1.979792469472889849e+01	1.943225961747604913e+01	1.936026921610436702e+01	1.921333832401750641e+01	1.988928802935517481e+01	1.879610414262817386e+01	1.949239880042098960e+01	1.910723074881627781e+01	1.952881255037151575e+01	1.955952311843875435e+01	1.944866012182403381e+01	1.953900031275784244e+01	1.974522150843336732e+01	1.919673060161884948e+01	1.969074910283745794e+01	1.902712666130794261e+01	1.941005340743108221e+01	1.888109387002015893e+01	1.968451977153101140e+01	1.948804518703504840e+01	1.930634591079855156e+01	1.908060063033214959e+01	1.949533122390228357e+01	1.951806833512787520e+01	1.901313152977000343e+01	1.952556605082530439e+01	1.992474851730311514e+01	1.944083817204178644e+01	1.934117722881563139e+01
1.966786647413195865e+01	2.001996858753042829e+01	1.990082138302382830e+01	2.016079218209087642e+01	1.950446141524632893e+01	1.932449493063893797e+01	1.958476453950313712e+01	1.986596743836104295e+01	1.936206306639646968e+01	2.046922507651942169e+01	2.053868851088222414e+01	1.962429460106544710e+01	2.002572415140523887e+01	2.005756108005499883e+01	1.934656624866929775e+01	2.986843562206392733e+01	1.996692969128086403e+01	1.990525449835429583e+01	1.959968123656753036e+01	1.981531084230221751e+01	2.010486855193252254e+01	2.033964542745307469e+01	1.986679621723445166e+01	1.974130259512897467e+01	1.989599720194645727e+01	2.058897889742130261e+01	1.946910021564677251e+01	2.011499405923286332e+01	1.980304414790506939e+01	2.013236395342197582e+01	1.991879879606458914e+01	1.963080011318113804e+01	2.043651667278451356e+01	1.976918027259975474e+01	1.973598883230036094e+01	1.998787494835147527e+01	1.946537491657249674e+01	1.989153607198363360e+01	1.978300337065211423e+01	2.011651242826547659e+01	1.991307036045180467e+01	1.983964278193667852e+01	1.947685143285857379e+01	2.039703523773481209e+01	1.973732815904872950e+01	1.993545485978073373e+01	1.981083827593123559e+01	1.981818417206941518e+01	2.025843639060565238e+01	1.984997990320335504e+01
2.015274687773732865e+01	2.040372935641053687e+01	2.025297680640541387e+01	2.045662941452783556e+01	1.979687704427306372e+01	1.952108209985144427e+01	1.960663085790726967e+01	2.030874034769401248e+01	1.965761295446293033e+01	2.055862156309659028e+01	2.008843656997508376e+01	2.003503286386840543e+01	2.023334677567178019e+01	1.994792676102765228e+01	1.949504038699721065e+01	1.996692969128086403e+01	3.053955340307184940e+01	2.020298046032839068e+01	1.991189116768302014e+01	2.006518159014608571e+01	2.034989907895547390e+01	2.010272573144368025e+01	2.030822075670523219e+01	1.960828888454232555e+01	2.008981098265549292e+01	2.062891102959604339e+01	1.997962234707876661e+01	1.991728744993337585e+01	2.019683481463941632e+01	2.036596300993840458e+01	2.071653034703111018e+01	2.017741120759654905e+01	2.024161382623855232e+01	2.048212298381216101e+01	1.968807423778026333e+01	2.058344323622283767e+01	2.005020196637804730e+01	1.969445688962419894e+01	2.021744365470884830e+01	2.047967297424985134e+01	1.972904462019081251e+01	2.011414834768165605e+01	1.911686275466189144e+01	2.025272402586586296e+01	2.020598023679740507e+01	1.974653564278364470e+01	1.991157560958796324e+01	2.013626330714893697e+01	2.039575133562584597e+01	1.993783667011070904e+01
1.978329855457040409e+01	2.032830058255337846e+01	2.009536415103022833e+01	2.020147781131251463e+01	2.016711228662561695e+01	2.007775712377179644e+01	1.979457146401595580e+01	2.034780500455281427e+01	1.971990267179101508e+01	1.999025649463642651e+01	2.074585493364899236e+01	2.012524791787137346e+01	2.012587485125899178e+01	2.011385053507805054e+01	1.974470690903887515e+01	1.990525449835429583e+01	2.020298046032839068e+01	3.051038816604698312e+01	1.955601160083503842e+01	2.000036673561066891e+01	2.051145696788795902e+01	2.024107371375169961e+01	2.014725279407429781e+01	2.005543726002254701e+01	1.997932975903535180e+01	2.068892416677328328e+01	1.975069206529726884e+01	2.002457809048173942e+01	1.986513758425655851e+01	2.044585537040845580e+01	2.028531043264550604e+01	1.944368523665816184e+01	2.058052543053299743e+01	2.048095060491965924e+01	1.962587736218192447e+01	2.003571740297749670e+01	2.012033896007681832e+01	1.981888610943097007e+01	1.993986303751827549e+01	2.034149556801706282e+01	2.029208590404861567e+01	1.973282862054518461e+01	1.964177459162519668e+01	2.037771901707112576e+01	1.992855390350268152e+01	2.004467162233729383e+01	1.997095269176509902e+01	2.031677527572730213e+01	2.062559826368638838e+01	1.979239184854076683e+01
1.978630910051670355e+01	2.014153655293254985e+01	2.027087017142644498e+01	2.023470484166062633e+01	1.964995405003615048e+01	1.925536928082984289e+01	1.969149301311689015e+01	1.993199668028834992e+01	1.950251001105207749e+01	1.992171441841285784e+01	2.054402609516716538e+01	1.940212799633470908e+01	1.958060121914105878e+01	1.984370353177462221e+01	1.902313372516409373e+01	1.959968123656753036e+01	1.991189116768302014e+01	1.955601160083503842e+01	2.956266921573843121e+01	1.977303675660287041e+01	1.957545380954414327e+01	2.035556808360106729e+01	1.987087031486563049e+01	1.941185648951444165e+01	1.988308655976553752e+01	2.029422571226810135e+01	1.963904104096758729e+01	1.976805234486322504e+01	1.945737625325206821e+01	1.960880878404618599e+01	2.040756849593604016e+01	1.921361169530016966e+01	2.000864260410142492e+01	2.016691664888211477e+01	1.943985930558671882e+01	2.012331811211242183e+01	1.966946927866310446e+01	1.977782251713661665e+01	1.948724275302291531e+01	2.021822857161673070e+01	1.966262586215558983e+01	1.929434197187579869e+01	1.938055281557613441e+01	1.995826115081273855e+01	1.960263057227273009e+01	1.984365685957927639e+01	1.988402839810993683e+01	1.998153896413433372e+01	2.006516831844415094e+01	1.938563246313625399e+01
1.987972421356072772e+01	2.043795348209150475e+01	1.998669301214667016e+01	2.012305513929575440e+01	1.958892500386303936e+01	1.912887594419503046e+01	1.971764309731619846e+01	2.022318793148809135e+01	1.928028927205291865e+01	2.001997668789482177e+01	2.019782209817782714e+01	1.954478676161631512e+01	2.015416955499608065e+01	1.965572528342560332e+01	1.958479214053568285e+01	1.981531084230221751e+01	2.006518159014608571e+01	2.000036673561066891e+01	1.977303675660287041e+01	2.937995630398215141e+01	1.993007488797649529e+01	2.034824855637958763e+01	1.977904021789161959e+01	1.933904624404594941e+01	1.994269752296153086e+01	2.039918212182557866e+01	1.966726444176176614e+01	1.954232862255256009e+01	1.954389290337536522e+01	2.040357342265042462e+01	2.036565315185092473e+01	1.971132785293237077e+01	2.022397334704364624e+01	2.031798905678728318e+01	1.965243064508440085e+01	1.963061813199544758e+01	1.968878235115483477e+01	1.984706273738766313e+01	1.968496444901280995e+01	2.034416583356058439e+01	1.992767310968661576e+01	1.987110577438178183e+01	1.945334112997815623e+01	1.989880809014611529e+01	2.005395442845186338e+01	1.980254190585394625e+01	1.995158344513112070e+01	2.017497131864294602e+01	2.002822352310841580e+01	1.978411861107903036e+01
1.985989323743774904e+01	2.065844748009129717e+01	1.993360758567007807e+01	2.035771080462870586e+01	1.945414445251512348e+01	1.937430799795094316e+01	1.973796338320130062e+01	2.007053036501671528e+01	1.941824382744330535e+01	1.994945437340755845e+01	2.020963806239221938e+01	2.010616163574739446e+01	2.023701405121581942e+01	1.941114304020404546e+01	1.926926492572648542e+01	2.010486855193252254e+01	2.034989907895547390e+01	2.051145696788795902e+01	1.957545380954414327e+01	1.993007488797649529e+01	2.963129161646458343e+01	2.023237868149703544e+01	2.009414666157903184e+01	1.974465199050574071e+01	2.011950466581235375e+01	2.042001498328856357e+01	1.975402590737324005e+01	1.980716838949967595e+01	2.004869870685961075e+01	2.031691084759888000e+01	2.055088917076684041e+01	1.964780839608451046e+01	2.033158526878704109e+01	1.996569063900994578e+01	1.983604503401826236e+01	1.978297184406369169e+01	2.012959582254381630e+01	1.978806288350730469e+01	1.972816329664930279e+01	2.037737732253188483e+01	1.985164796993908709e+01	1.972529508036013723e+01	1.946906541329206419e+01	1.984797053526198596e+01	2.020161998366983624e+01	1.989172514645539636e+01	2.029396893370418553e+01	1.962389848191943997e+01	2.024037046217257796e+01	1.975589767571260680e+01
2.006439531416808464e+01	2.076477335120724632e+01	2.031615263057902965e+01	2.074148820344896649e+01	1.992950341724535335e+01	1.993596612006835755e+01	1.983965394037549146e+01	2.055759491082117663e+01	2.011079860260703356e+01	2.057642136954505929e+01	2.071553271903011151e+01	2.024690783171427455e+01	2.042273282193839279e+01	2.038999992488998814e+01	1.979792469472889849e+01	2.033964542745307469e+01	2.010272573144368025e+01	2.024107371375169961e+01	2.035556808360106729e+01	2.034824855637958763e+01	2.023237868149703544e+01	2.977422156160524480e+01	2.030944523101024046e+01	1.982133909497236601e+01	2.063660255401067900e+01	2.052488815044486969e+01	1.973853763951366247e+01	2.015273783669374197e+01	2.007513274929594971e+01	2.041891262460767464e+01	2.043780197850783864e+01	2.032433527209219193e+01	2.048871824761177152e+01	2.074110878767084643e+01	2.025609551557534616e+01	2.045346806407941997e+01	2.014934060294643814e+01	2.020635314707606511e+01	2.002806258589737354e+01	2.084818875846928421e+01	1.995209500230278721e+01	1.978060998624498268e+01	1.986593418822315726e+01	2.031412799888827792e+01	1.955022983624124322e+01	1.992235920719205211e+01	2.002627960974254506e+01	2.066117466967210703e+01	2.067975837989623855e+01	2.004837130208747453e+01
1.990003176998874324e+01	2.042653505907611233e+01	2.017053651903513867e+01	2.012498327743053039e+01	1.943012973895566020e+01	1.944342147119828113e+01	1.950941033209090136e+01	2.032121868202157344e+01	1.950704343488410331e+01	2.010878618953229591e+01	2.036444565279255769e+01	2.002725613068676935e+01	2.021705524502594642e+01	1.993122645779887847e+01	1.943225961747604913e+01	1.986679621723445166e+01	2.030822075670523219e+01	2.014725279407429781e+01	1.987087031486563049e+01	1.977904021789161959e+01	2.009414666157903184e+01	2.030944523101024046e+01	2.948996675195011008e+01	1.999438691388608191e+01	2.051419286649722551e+01	2.012259762190707946e+01	1.982949064574982856e+01	2.007241403834136051e+01	1.994743161243324536e+01	1.994427234784672720e+01	2.057177370188356491e+01	1.958694250475030785e+01	2.016613787209217179e+01	2.071005541473061129e+01	1.988383185791323982e+01	1.995803843799306065e+01	1.982687907334970845e+01	2.006594981113521214e+01	1.964275015831865900e+01	2.077424640193553884e+01	1.989614600381132448e+01	1.958674258159913606e+01	1.974317941089816841e+01	2.009158645309795688e+01	2.021075540404008564e+01	1.978455139511691030e+01	2.023284623180187225e+01	2.003212206887121738e+01	2.032619931201185892e+01	1.997962719142183730e+01
1.962525780780015694e+01	2.067531764878387079e+01	1.997356637732598017e+01	2.009715909265946365e+01	1.963692308303346934e+01	1.959933612447614948e+01	1.924724365043051932e+01	2.014625604795068980e+01	1.932737625101435697e+01	1.976104911667847830e+01	2.019970036779881895e+01	1.988328482543233733e+01	1.968273157939684381e+01	1.985692775579279967e+01	1.936026921610436702e+01	1.974130259512897467e+01	1.960828888454232555e+01	2.005543726002254701e+01	1.941185648951444165e+01	1.933904624404594941e+01	1.974465199050574071e+01	1.982133909497236601e+01	1.999438691388608191e+01	2.969291865214665194e+01	1.972005061386489899e+01	2.050723822840586408e+01	1.961918329892428403e+01	2.009116720968446046e+01	1.960747877797076910e+01	1.993510600749266715e+01	2.005921147162559137e+01	1.967668796588799296e+01	2.005087406104415848e+01	2.020367923600431226e+01	1.974412541570110946e+01	1.984074483142655865e+01	1.936282335299690871e+01	1.928145768128925042e+01	1.888012936975641765e+01	2.000158578381589436e+01	1.970421794931642268e+01	1.975383036298356387e+01	1.939300469050575515e+01	1.930831083103926105e+01	1.968594148108228836e+01	1.990846646695963074e+01	1.970575180180764008e+01	1.977640435809790986e+01	1.996865994157309032e+01	1.966498214525472576e+01
1.979548466487122127e+01	2.047352084389148885e+01	2.026883292498760625e+01	2.039681177198148276e+01	1.981170985170259513e+01	1.968995950880542978e+01	1.987654037365407689e+01	2.015132593034023145e+01	1.979505759217108718e+01	2.007372254175832182e+01	2.055637175249654547e+01	2.033681899286576211e+01	2.038289336960522036e+01	1.975095444613027595e+01	1.921333832401750641e+01	1.989599720194645727e+01	2.008981098265549292e+01	1.997932975903535180e+01	1.988308655976553752e+01	1.994269752296153086e+01	2.011950466581235375e+01	2.063660255401067900e+01	2.051419286649722551e+01	1.972005061386489899e+01	3.019598009445267195e+01	2.114543948392860884e+01	1.997894712954374441e+01	2.038363545151934630e+01	1.993856996135261639e+01	2.050275227071903217e+01	2.096521992576099791e+01	1.998662091061832413e+01	2.059628054699387434e+01	2.085553858806658312e+01	1.978845418599364336e+01	2.077759791088234920e+01	2.016461982627505023e+01	2.026730178455918363e+01	1.961598857116955230e+01	2.048677497123639668e+01	1.977056794402389883e+01	1.981908780604139153e+01	1.963946814247848494e+01	2.024264054482229369e+01	2.004373212171337215e+01	1.998919469463172405e+01	2.046983145859793041e+01	2.025812208026854577e+01	2.012424602094648662e+01	1.992682038504475628e+01
2.040026187372207644e+01	2.119005204758519056e+01	2.090101190379807505e+01	2.116737286767851955e+01	2.056427686494210505e+01	2.014265219280915531e+01	2.042741786863167164e+01	2.086952200333454144e+01	2.022860076839735655e+01	2.095820025797107533e+01	2.092718717893573199e+01	2.049324616600420867e+01	2.083693267127607385e+01	2.060344475287897836e+01	1.988928802935517481e+01	2.058897889742130261e+01	2.062891102959604339e+01	2.068892416677328328e+01	2.029422571226810135e+01	2.039918212182557866e+01	2.042001498328856357e+01	2.052488815044486969e+01	2.012259762190707946e+01	2.050723822840586408e+01	2.114543948392860884e+01	3.051887329364684476e+01	2.028942569584971878e+01	2.048119170050196303e+01	2.067832935469797917e+01	2.052985911001581343e+01	2.086536954456769521e+01	1.986355211203501270e+01	2.083676487059787874e+01	2.110457947297282288e+01	2.011935000878029811e+01	2.053792299816143796e+01	2.050140959548857111e+01	2.033319161847546752e+01	2.053279444782513252e+01	2.080234915082061065e+01	2.055865687871581216e+01	2.033406750362558668e+01	2.016358130276499949e+01	2.053058367739756918e+01	2.038234206153999395e+01	2.057606858416907869e+01	2.078019041501371333e+01	2.071305324522098701e+01	2.066770704570148709e+01	2.046354256790313286e+01
1.966832511199194045e+01	2.035388805608214469e+01	1.982736908451906643e+01	1.996516369813929614e+01	1.962037080713114889e+01	1.902579655789390500e+01	1.972889111206380974e+01	1.987427504320047333e+01	1.934474847488487725e+01	1.977293200135960660e+01	2.014488562820248774e+01	1.952913894734322042e+01	1.983835219377927572e+01	1.938865950759155865e+01	1.879610414262817386e+01	1.946910021564677251e+01	1.997962234707876661e+01	1.975069206529726884e+01	1.963904104096758729e+01	1.966726444176176614e+01	1.975402590737324005e+01	1.973853763951366247e+01	1.982949064574982856e+01	1.961918329892428403e+01	1.997894712954374441e+01	2.028942569584971878e+01	2.856678634752312362e+01	1.950835244595768003e+01	1.970284975985561715e+01	1.968790133033317602e+01	2.002297220711704995e+01	1.943847788407659039e+01	2.008461756332788184e+01	1.977929023412471921e+01	1.941711303413427459e+01	1.979811584163949689e+01	1.952677139772673698e+01	1.974463133492402278e+01	1.931230109230432035e+01	1.991445546380813525e+01	1.990212002555993465e+01	1.901467401539307644e+01	1.953660237928871268e+01	1.951822397756306771e+01	1.992284585657063900e+01	1.954950946954640045e+01	1.979315747228380573e+01	1.998854545738147692e+01	1.990660448054352472e+01	1.966069800270754087e+01
1.980837417237887621e+01	2.027834756716564968e+01	2.024548852571754765e+01	2.044857440623859191e+01	1.986316322252682909e+01	1.916344764077134499e+01	1.978929436010808729e+01	2.033891179890677492e+01	1.936284192409010529e+01	1.996234366265175808e+01	2.057300163883983046e+01	1.959826685367374566e+01	1.962606500786552388e+01	1.990849331416617574e+01	1.949239880042098960e+01	2.011499405923286332e+01	1.991728744993337585e+01	2.002457809048173942e+01	1.976805234486322504e+01	1.954232862255256009e+01	1.980716838949967595e+01	2.015273783669374197e+01	2.007241403834136051e+01	2.009116720968446046e+01	2.038363545151934630e+01	2.048119170050196303e+01	1.950835244595768003e+01	3.009241678142294774e+01	2.007696554767732877e+01	2.046099882385668778e+01	2.082547142018902520e+01	2.001752354395311073e+01	2.089637077041436797e+01	2.054885994950902628e+01	2.017613972904197084e+01	2.020133879518423825e+01	1.984632058722560188e+01	1.962776680709683319e+01	1.954578840387371486e+01	2.032468347506771522e+01	1.969245195630747958e+01	1.962062221317958333e+01	1.931534420526615747e+01	2.004598707236845101e+01	1.963959535254408095e+01	1.985074302631164755e+01	1.981331205135310469e+01	2.029034993979549739e+01	2.001819457080269515e+01	2.003403577080117159e+01
1.963625103493679092e+01	2.018275733499333313e+01	2.039685127761037009e+01	2.020986650549321695e+01	1.945810345037076772e+01	1.931774440805594395e+01	1.944376758980426700e+01	2.031259680988973670e+01	1.915416226172335357e+01	2.009099708471018175e+01	2.039168645329377938e+01	1.990204595923778541e+01	2.024673823455081845e+01	1.984799393009595647e+01	1.910723074881627781e+01	1.980304414790506939e+01	2.019683481463941632e+01	1.986513758425655851e+01	1.945737625325206821e+01	1.954389290337536522e+01	2.004869870685961075e+01	2.007513274929594971e+01	1.994743161243324536e+01	1.960747877797076910e+01	1.993856996135261639e+01	2.067832935469797917e+01	1.970284975985561715e+01	2.007696554767732877e+01	2.893066133863808886e+01	1.987368651180881685e+01	2.052781355423019249e+01	1.971150132903944296e+01	2.030304559693024657e+01	2.036784696463598721e+01	1.980217352820603693e+01	1.973657609022435011e+01	1.993471745732711753e+01	1.982412096278930491e+01	1.990253792381010101e+01	2.016053839838825823e+01	1.968133536851862075e+01	1.967971044472955100e+01	1.946252779537717004e+01	1.994602438233077280e+01	1.994647212549640258e+01	1.920771644337350281e+01	1.969006108191116056e+01	2.045515690152827659e+01	2.005308003043894161e+01	1.986018436432357959e+01
1.993467044316923875e+01	2.041001871104836596e+01	2.013704035261165615e+01	2.062920174732697376e+01	1.999031569633162775e+01	1.986865537010290339e+01	1.968684926740683494e+01	2.051383866805716139e+01	1.990346568628390855e+01	1.992589344051796019e+01	2.093958904406235888e+01	2.013014692168370345e+01	2.080138826504451899e+01	1.982976444199653798e+01	1.952881255037151575e+01	2.013236395342197582e+01	2.036596300993840458e+01	2.044585537040845580e+01	1.960880878404618599e+01	2.040357342265042462e+01	2.031691084759888000e+01	2.041891262460767464e+01	1.994427234784672720e+01	1.993510600749266715e+01	2.050275227071903217e+01	2.052985911001581343e+01	1.968790133033317602e+01	2.046099882385668778e+01	1.987368651180881685e+01	3.032078634001960893e+01	2.025532824688096056e+01	1.958245018085201750e+01	2.023493289302825815e+01	2.052733534939293136e+01	1.997860122654576642e+01	2.020023019089872207e+01	2.000964346019586770e+01	1.980177486070855863e+01	2.002203126894401919e+01	2.022067931296217935e+01	2.033308858139863062e+01	1.988584767822755239e+01	1.951056506407946500e+01	2.022699626566036812e+01	1.996274243009291638e+01	2.036589855033445318e+01	2.034275307789225451e+01	2.027329267049296391e+01	2.023915806280893293e+01	2.035899242395110775e+01
2.033025483612378537e+01	2.107839510151353579e+01	2.083332697980787174e+01	2.069750585749050487e+01	1.985234072598279553e+01	1.997146271166122844e+01	2.021601266881916814e+01	2.055264539126839907e+01	1.984358420396243261e+01	2.070361206893946004e+01	2.134851994798381725e+01	2.062394682028363135e+01	2.057013192308921745e+01	2.019678760713814114e+01	1.955952311843875435e+01	1.991879879606458914e+01	2.071653034703111018e+01	2.028531043264550604e+01	2.040756849593604016e+01	2.036565315185092473e+01	2.055088917076684041e+01	2.043780197850783864e+01	2.057177370188356491e+01	2.005921147162559137e+01	2.096521992576099791e+01	2.086536954456769521e+01	2.002297220711704995e+01	2.082547142018902520e+01	2.052781355423019249e+01	2.025532824688096056e+01	3.103842741401497918e+01	2.048735454765574104e+01	2.101248747251364790e+01	2.081868998217506928e+01	1.992931185077286571e+01	2.000159694426344714e+01	2.029864943602321503e+01	2.022913077644657776e+01	2.059411209994053849e+01	2.083761822943572639e+01	2.002811433699815069e+01	1.971251354397624311e+01	1.959972811639777035e+01	2.046729706509445634e+01	2.050395363180757258e+01	2.003473044835696015e+01	2.021242088370721390e+01	2.074135953713540914e+01	2.048185286056648380e+01	2.003567880229466880e+01
1.930821478505834676e+01	1.986456893579161331e+01	2.011710321406107482e+01	1.981531162980128613e+01	1.902123077727340572e+01	1.902058977623110536e+01	1.960146620493024017e+01	1.994309911540767999e+01	1.928441135957764274e+01	1.988830062139426857e+01	2.023730218071333908e+01	1.948244876177139062e+01	1.982403773571456540e+01	1.949322087920306501e+01	1.944866012182403381e+01	1.963080011318113804e+01	2.017741120759654905e+01	1.944368523665816184e+01	1.921361169530016966e+01	1.971132785293237077e+01	1.964780839608451046e+01	2.032433527209219193e+01	1.958694250475030785e+01	1.967668796588799296e+01	1.998662091061832413e+01	1.986355211203501270e+01	1.943847788407659039e+01	2.001752354395311073e+01	1.971150132903944296e+01	1.958245018085201750e+01	2.048735454765574104e+01	2.915153672922784267e+01	2.003876251844734213e+01	2.016502272011259222e+01	1.970748602867634602e+01	1.950128547056412032e+01	1.967062463044850062e+01	1.933963269953748210e+01	1.957080369744866033e+01	1.999312256079911165e+01	1.957855743223565526e+01	1.955103862054291497e+01	1.909966942617914754e+01	1.956599664678407180e+01	1.959834354846647031e+01	1.957563385242892195e+01	1.961122640907590409e+01	2.010712325855945437e+01	1.967332566985803410e+01	1.956265776090213748e+01
