2.997432281241552232e+01	2.016746321605084447e+01	1.994168374529734677e+01	1.963214105561036149e+01	2.027688175875199050e+01	2.007590533233458174e+01	1.961349287745036918e+01	1.966619861884348097e+01	2.013984448959595497e+01	2.036096292622217163e+01	1.976812981987007589e+01	2.026536521714109895e+01	1.963963249620419305e+01	2.024884728119790367e+01	2.001715617004354186e+01	1.943979347942332581e+01	2.000282982212769056e+01	1.955123199390322952e+01	1.946921000468088536e+01	1.999436579257458746e+01	1.998693804198941137e+01	2.023835239764285987e+01	2.025444308864138776e+01	1.988048840167218856e+01	1.986253453071845598e+01	2.030670816385876876e+01	2.001620804030448042e+01	2.011924720584245208e+01	1.908666734484235050e+01	2.023029260915464889e+01	1.954651745939728613e+01	2.032690066437834986e+01	1.935733847780778660e+01	1.943103086164973803e+01	1.937511840842010358e+01	2.009906125808515043e+01	1.955793644458293201e+01	1.927016499863381682e+01	1.977960266243169940e+01	1.961181791881389813e+01	2.065403120382374880e+01	1.966048209346698172e+01	1.983205297583993953e+01	1.989694638983335295e+01	1.969447443199504022e+01	2.003026748664199275e+01	1.978390343681796537e+01	1.962553193509102556e+01	1.944272017060183444e+01	1.982440455094759457e+01
2.016746321605084447e+01	3.010896554366791023e+01	2.020170702637738813e+01	2.003658970490472058e+01	2.066282258379667169e+01	2.049452048922314162e+01	1.991709262649210999e+01	1.999275462064251485e+01	2.073898692846701408e+01	2.081775604720839468e+01	2.048499012391765461e+01	2.054822326404866217e+01	2.027826297552173784e+01	2.014525149109599056e+01	2.053695841410889145e+01	1.985256385280398916e+01	2.027343356961889498e+01	2.000661673489100068e+01	1.981782495260870647e+01	2.021399279883478428e+01	2.053424360412206795e+01	2.049965069417130081e+01	1.992448014144193635e+01	2.029063508116337289e+01	2.023033190353208965e+01	2.016861196682686597e+01	2.036687640169693125e+01	2.076841769132150617e+01	1.994019786360022906e+01	2.059533528752033149e+01	2.018374143717245062e+01	2.076680409287149232e+01	1.993053688884509711e+01	2.008668191998553354e+01	1.984082141535977328e+01	2.065756044985045747e+01	2.018058627644719749e+01	1.991318501803546681e+01	2.023385159341029294e+01	2.000962159064816603e+01	2.072889453797222004e+01	2.000357687979979460e+01	2.013597415890953712e+01	2.016117888963429650e+01	1.989245163462013011e+01	1.999873988932878888e+01	2.035030558684455571e+01	2.028391053564132918e+01	2.021250218866148884e+01	2.001177405287299038e+01
1.994168374529734677e+01	2.020170702637738813e+01	2.961567787690723108e+01	1.991978758546274975e+01	2.027901378701254131e+01	2.004124405921724517e+01	1.942267836919289081e+01	1.951161538909044069e+01	1.989718717026588024e+01	2.046376488989592701e+01	2.018043979292481538e+01	2.052016796535204080e+01	1.980121514411509409e+01	2.023361856661002989e+01	2.005495241344979362e+01	1.969970646644695478e+01	1.935221227545276790e+01	1.945368741539050461e+01	1.945736097038798817e+01	1.958299036717670560e+01	2.020232022397564009e+01	1.985620699030312508e+01	1.964235587003846106e+01	1.982385043041082895e+01	1.975008089112954224e+01	1.974214822020293525e+01	1.995996246866620893e+01	2.016978576198897244e+01	1.909910715420978278e+01	1.995683615252066900e+01	1.994840103505023521e+01	2.020557705332326748e+01	1.922454842468640024e+01	1.998660470876265549e+01	1.970604767493359688e+01	2.008929439372330350e+01	1.961465191774443184e+01	1.961057284864862993e+01	1.989918235809510350e+01	1.964397749088414358e+01	2.050593825993276553e+01	1.944124658531523764e+01	1.978707252949356032e+01	1.975412688909416303e+01	1.932127020601508960e+01	1.978735732861065344e+01	1.955639227713964345e+01	1.983405270488034944e+01	1.964402328864562719e+01	1.982950627522642506e+01
1.963214105561036149e+01	2.003658970490472058e+01	1.991978758546274975e+01	2.868158608222753259e+01	1.987747301793034893e+01	1.978407736596921040e+01	1.902273270033708386e+01	1.959894376551484640e+01	1.975325377448311670e+01	1.999371052623561695e+01	1.999076785475780582e+01	1.981516694937434764e+01	1.963221834847319869e+01	1.991429354547551256e+01	1.989294980641859922e+01	1.901028151846382741e+01	1.958130632821693951e+01	1.920584693398475196e+01	1.926715953180792695e+01	1.979881801837743538e+01	1.950644327515010801e+01	1.949542396410111067e+01	2.001453620693435198e+01	1.980496088868694571e+01	1.961279811422846109e+01	1.971701505703043722e+01	2.006070760934264641e+01	2.015915419500742445e+01	1.936955296215085909e+01	1.994396935774127400e+01	1.971295744707675723e+01	2.047763344569974464e+01	1.916454934791108045e+01	1.969868227399389582e+01	1.938176396998828821e+01	1.992611392427519945e+01	1.968874446633257946e+01	1.944352452610909054e+01	1.962477769723435728e+01	1.963509354065472223e+01	2.025136186013875772e+01	1.953828749523732000e+01	1.976435926226408313e+01	1.946187259092874910e+01	1.925908445469254104e+01	1.997180381690108675e+01	1.952918269813551433e+01	1.912202962973375264e+01	1.955220962320438716e+01	1.953156103090028495e+01
2.027688175875199050e+01	2.066282258379667169e+01	2.027901378701254131e+01	1.987747301793034893e+01	3.001856007535166171e+01	2.066865024707497511e+01	1.947551671600541567e+01	1.980070381837844806e+01	2.070021926311670768e+01	2.043590646634782360e+01	2.090592830938646429e+01	2.081234431247660410e+01	2.017525713263978915e+01	2.072408459174934592e+01	2.057027001512918574e+01	1.968362607105074247e+01	2.000571765426376558e+01	2.027176294011512425e+01	1.986003176398682157e+01	2.031478487623562046e+01	2.043464853221947664e+01	2.042237006823924261e+01	2.024418211442687721e+01	2.032348999458615424e+01	2.022529465760902312e+01	2.042953797732092625e+01	2.056745039317115697e+01	2.032243164036619021e+01	1.975063765921121828e+01	2.069117665032091580e+01	2.039356677218257019e+01	2.067647945305981949e+01	1.956210952438475559e+01	2.017169131877736987e+01	2.007224725580980973e+01	2.055567533796062918e+01	2.065430768905382664e+01	1.967654826156750403e+01	2.013133462647161664e+01	2.021463270897819342e+01	2.078330127956599327e+01	1.973567382494238842e+01	1.985694061628917240e+01	2.016074556874167811e+01	1.992423881037963085e+01	2.042457610972846993e+01	2.025611616485238642e+01	1.984004711580521629e+01	2.036364955667944798e+01	2.030454704544434108e+01
2.007590533233458174e+01	2.049452048922314162e+01	2.004124405921724517e+01	1.978407736596921040e+01	2.066865024707497511e+01	3.038954427120011914e+01	1.986869185554689565e+01	2.000294492941606350e+01	2.052787080809880393e+01	2.031909078543339220e+01	2.064536403343283411e+01	2.052622420539215753e+01	1.979814937351125437e+01	2.069013565376391739e+01	2.014256769568167016e+01	1.996058718157681966e+01	1.984023655628281801e+01	1.948975251968988687e+01	1.956090601186231481e+01	2.036364489521447396e+01	2.025453163711381777e+01	2.013330120732680228e+01	2.006743901835366728e+01	1.992921160155852789e+01	2.026066809346671249e+01	2.062466884966947589e+01	2.040625665236791875e+01	2.003699623810832620e+01	1.990929892078278129e+01	2.056290398107399753e+01	2.016494592364757210e+01	2.081943111481808018e+01	1.986428483421487812e+01	2.024549787698079228e+01	2.003811148824824784e+01	2.012335049874430126e+01	1.994248289152310605e+01	1.974733147142241663e+01	2.029751339275799182e+01	2.004495686497176266e+01	2.041333781973203543e+01	1.975559393303470657e+01	1.990655919145800468e+01	1.996149835320776944e+01	1.985194822360132960e+01	2.026132673398112516e+01	2.035847120813446409e+01	2.020351120897097985e+01	1.986772171688343747e+01	2.005434405421301136e+01
1.961349287745036918e+01	1.991709262649210999e+01	1.942267836919289081e+01	1.902273270033708386e+01	1.947551671600541567e+01	1.986869185554689565e+01	2.881538849264246238e+01	1.909398878784794107e+01	2.016941785357714068e+01	2.017704535753250283e+01	1.987728397465746255e+01	2.047555195286873087e+01	1.950511837028957629e+01	1.998410284695541961e+01	1.979884810652908911e+01	1.938806675885525976e+01	1.956015193268927987e+01	1.956049199777023162e+01	1.892989821646022364e+01	1.984938890962727598e+01	2.025356557276332836e+01	1.970652408620374274e+01	1.974214279733713795e+01	2.003246101129482071e+01	1.981526074329989129e+01	1.965614932026601736e+01	1.986100073486852580e+01	1.977384503731042287e+01	1.915243617245197427e+01	2.003436005000862608e+01	2.005323280444836342e+01	2.018439405534959974e+01	1.912432184188223516e+01	2.000396358960935572e+01	1.952050259441629620e+01	2.002832702143397370e+01	1.982816973915188186e+01	1.934353116575660181e+01	1.958713798523914562e+01	1.989019934754629304e+01	2.039684146222078098e+01	1.969530020082941491e+01	1.955850052835074138e+01	1.970591643038788732e+01	1.955390903170681938e+01	1.980057819958833676e+01	1.974599797024319869e+01	1.926218740381708372e+01	1.977086953668216651e+01	1.977540993091934141e+01
1.966619861884348097e+01	1.999275462064251485e+01	1.951161538909044069e+01	1.959894376551484640e+01	1.980070381837844806e+01	2.000294492941606350e+01	1.909398878784794107e+01	2.910387355084849048e+01	1.965634307855016161e+01	1.992277110373410665e+01	2.015339809207704036e+01	1.994863013988441125e+01	1.954266510083726516e+01	2.027332578241242800e+01	1.958116851739940856e+01	1.942954637404440987e+01	1.937573358754842090e+01	1.950779059038015362e+01	1.917123042970823832e+01	1.949125043638425225e+01	1.966593820710152940e+01	1.976403314789923016e+01	1.948663415600589488e+01	1.941591111025332594e+01	1.967049680140236134e+01	1.968246989716731932e+01	2.014179539446284295e+01	1.990856535844568853e+01	1.927731325805600093e+01	2.024852008267091108e+01	1.949412233180451537e+01	2.022650183234879151e+01	1.944206535312287087e+01	1.961458153996698428e+01	1.920583162004513511e+01	1.971000516801905178e+01	1.961296718187594479e+01	1.898336407102721068e+01	1.943855353687905207e+01	1.974108027252047393e+01	2.018372433048964965e+01	1.994034268678368349e+01	1.950891570959202070e+01	1.945717826264642980e+01	1.907441215506357679e+01	2.003274179793791276e+01	1.965219378425089403e+01	1.968827141057121821e+01	1.941712884720860188e+01	1.962522865359348501e+01
2.013984448959595497e+01	2.073898692846701408e+01	1.989718717026588024e+01	1.975325377448311670e+01	2.070021926311670768e+01	2.052787080809880393e+01	2.016941785357714068e+01	1.965634307855016161e+01	3.033776054875847095e+01	2.060668938765388702e+01	2.051159231182904463e+01	2.060436931705339347e+01	2.010458735121072138e+01	2.049351720498599150e+01	2.078716905898098233e+01	1.958553145913095150e+01	1.978180981019484008e+01	2.006859432492159812e+01	1.950387777162843150e+01	2.012135625605447942e+01	2.030119991576644978e+01	2.074007177783829547e+01	2.059549546704708334e+01	2.029528818229967868e+01	2.049998483239660274e+01	2.010122032791994329e+01	2.054444301049701593e+01	2.069436571829173843e+01	1.968597579763759597e+01	2.082697022932226005e+01	2.020054215962957755e+01	2.077797710322334979e+01	1.972195170859884072e+01	2.009680725411247337e+01	2.010551468456222324e+01	2.041474632824277791e+01	2.012481907363993372e+01	1.981650501876092108e+01	2.026828751553059149e+01	2.005030751823558788e+01	2.046452844243517077e+01	2.013587035858234131e+01	2.002946975355355264e+01	2.013893742065130965e+01	1.963700583774134145e+01	2.039886432970290642e+01	2.029048849965137080e+01	1.990255131026513524e+01	2.028938224599367146e+01	2.004926109019899627e+01
2.036096292622217163e+01	2.081775604720839468e+01	2.046376488989592701e+01	1.999371052623561695e+01	2.043590646634782360e+01	2.031909078543339220e+01	2.017704535753250283e+01	1.992277110373410665e+01	2.060668938765388702e+01	3.045411643941421431e+01	2.016626214145325235e+01	2.070739632840523470e+01	1.970694173120164194e+01	2.066611145771041791e+01	2.037761404882802552e+01	1.991577600588580310e+01	2.023384958529338462e+01	1.990968804069026277e+01	1.988977530089076495e+01	2.040611366095994583e+01	1.987236075778227473e+01	1.983839021710245731e+01	2.069381141655945200e+01	2.019623711324799231e+01	2.037268094465476409e+01	2.011737164756219087e+01	2.039153809497530290e+01	2.015952826091640659e+01	1.994577693934399676e+01	2.036752373163942664e+01	1.991838563745583812e+01	2.114672113674276588e+01	2.002778529840634292e+01	2.023366963221483061e+01	1.978236581680788930e+01	2.041040498847633344e+01	2.039824939739846599e+01	1.960888047958597369e+01	2.016720709724901894e+01	1.979227568743592158e+01	2.090382442300544596e+01	1.958987145373916761e+01	1.991047651259615847e+01	2.017786405833583530e+01	1.952222350195770062e+01	2.053405088915210897e+01	2.013330242801021797e+01	2.000380728413408704e+01	1.995623190550453074e+01	1.990225496277164652e+01
1.976812981987007589e+01	2.048499012391765461e+01	2.018043979292481538e+01	1.999076785475780582e+01	2.090592830938646429e+01	2.064536403343283411e+01	1.987728397465746255e+01	2.015339809207704036e+01	2.051159231182904463e+01	2.016626214145325235e+01	3.036806952911685897e+01	2.086307465332349409e+01	2.002307629666531597e+01	2.020602965795105632e+01	2.045689369183434536e+01	1.989810698487738705e+01	2.006368376103351281e+01	2.026307562070753931e+01	1.976015535300316017e+01	2.024148597676738248e+01	2.033858413318563763e+01	2.064812058311307297e+01	2.065323022334186831e+01	2.040066674312055994e+01	2.031168867975414827e+01	2.042897472812822812e+01	2.073582894645889141e+01	2.067989890515415752e+01	1.982549415671386583e+01	2.029749435488954745e+01	2.038228613330071681e+01	2.079689664349915645e+01	1.987150293187542971e+01	2.013454508608685245e+01	2.006820851119451632e+01	2.044046356110193230e+01	2.017576358853350271e+01	1.994473535530000063e+01	1.982207610386932117e+01	2.036126978897098283e+01	2.057947946465150224e+01	2.043482808327293299e+01	1.994682932960251875e+01	1.992428075595372761e+01	2.000350940983745573e+01	2.031513147250645801e+01	2.047813471075056313e+01	2.005568026317768471e+01	2.014101793403376917e+01	1.999699051310325615e+01
2.026536521714109895e+01	2.054822326404866217e+01	2.052016796535204080e+01	1.981516694937434764e+01	2.081234431247660410e+01	2.052622420539215753e+01	2.047555195286873087e+01	1.994863013988441125e+01	2.060436931705339347e+01	2.070739632840523470e+01	2.086307465332349409e+01	3.111180076922796900e+01	2.037889461884448750e+01	2.071665483008947461e+01	2.062756571840533226e+01	2.037641069149291084e+01	2.050681646037921624e+01	2.038997869976639166e+01	2.004156475898891898e+01	2.059815573650741172e+01	2.084949139359130399e+01	2.074897223696795123e+01	2.053325369520786481e+01	2.026246661619888911e+01	2.054329090901437027e+01	2.041379115848416959e+01	2.092934627844227080e+01	2.046713328623878425e+01	2.001079817900714986e+01	2.035690873140129753e+01	2.062216289073996833e+01	2.135928887469663451e+01	2.011101431813174045e+01	2.036054134109098968e+01	2.027928322748600465e+01	2.062974197936959797e+01	2.066642664267848772e+01	2.050066242079592271e+01	2.032532568752974456e+01	2.051614151622707638e+01	2.096218969660853659e+01	2.027690180443616086e+01	2.053958766926479029e+01	2.042988061076704298e+01	2.013650009736151603e+01	2.055518960366793735e+01	2.061417116915672665e+01	2.036762844590643340e+01	2.061690738446908000e+01	2.023376052515035894e+01
1.963963249620419305e+01	2.027826297552173784e+01	1.980121514411509409e+01	1.963221834847319869e+01	2.017525713263978915e+01	1.979814937351125437e+01	1.950511837028957629e+01	1.954266510083726516e+01	2.010458735121072138e+01	1.970694173120164194e+01	2.002307629666531597e+01	2.037889461884448750e+01	2.933629368098615231e+01	1.978573841014885559e+01	2.002309280746796816e+01	1.908897124278045965e+01	1.934962794028741939e+01	1.962143127162651624e+01	1.898917202774242341e+01	1.931707022719457001e+01	1.995656313089557088e+01	1.982016016459849439e+01	1.974284131462995262e+01	1.972866204108311194e+01	1.984142378868630274e+01	1.964424083680594890e+01	2.008577831760698729e+01	2.017195116484464634e+01	1.931511244026912166e+01	2.019914133842394932e+01	1.974900622987752286e+01	2.001879164660849497e+01	1.927017161654003274e+01	1.954336989147676462e+01	1.949022683082059260e+01	2.005807010588487671e+01	1.972519335472713209e+01	1.922242283280351316e+01	1.969123293574575229e+01	1.907338012706621200e+01	2.003916779281108873e+01	1.916209079428277207e+01	1.959858780042065263e+01	1.928102685105617198e+01	1.905970946712308134e+01	1.995914906878007145e+01	1.999265906364662371e+01	1.962822086535791399e+01	1.969266674335345257e+01	1.969552459300026825e+01
2.024884728119790367e+01	2.014525149109599056e+01	2.023361856661002989e+01	1.991429354547551256e+01	2.072408459174934592e+01	2.069013565376391739e+01	1.998410284695541961e+01	2.027332578241242800e+01	2.049351720498599150e+01	2.066611145771041791e+01	2.020602965795105632e+01	2.071665483008947461e+01	1.978573841014885559e+01	3.051840876787322543e+01	2.049050287252019231e+01	1.985749222399407188e+01	2.014184621162756272e+01	2.010068088534406527e+01	1.972888649656954030e+01	2.006170821456672115e+01	2.051207009049232965e+01	2.066248982690543556e+01	2.050358266242865923e+01	2.008634496185660012e+01	2.053022795197259853e+01	2.018752944735966892e+01	2.090998149451520760e+01	2.036253233408776708e+01	2.007443216294054977e+01	2.091318577596637240e+01	2.063148665583804231e+01	2.064149814171187813e+01	1.985217773791618967e+01	2.013857396285526491e+01	1.992179452730583833e+01	2.040496485265335735e+01	2.028793554829470480e+01	2.039569375759323577e+01	2.048920255274314073e+01	2.029308981523011113e+01	2.079285858900345474e+01	1.981331089343979812e+01	2.025988390121876037e+01	2.023097124008492997e+01	1.975865032121662068e+01	2.067688196188493066e+01	2.032025776896117719e+01	1.983201341464740608e+01	2.024311824651824310e+01	2.036803756765552365e+01
2.001715617004354186e+01	2.053695841410889145e+01	2.005495241344979362e+01	1.989294980641859922e+01	2.057027001512918574e+01	2.014256769568167016e+01	1.979884810652908911e+01	1.958116851739940856e+01	2.078716905898098233e+01	2.037761404882802552e+01	2.045689369183434536e+01	2.062756571840533226e+01	2.002309280746796816e+01	2.049050287252019231e+01	3.006918982177779398e+01	1.972081326531982626e+01	1.980635954720487746e+01	1.993061620966566494e+01	1.954891244554276497e+01	2.012814909624163562e+01	1.973383248167949588e+01	2.014619361582207446e+01	2.047407546492196673e+01	2.002858576591998840e+01	2.024216027197579848e+01	1.969431531269916036e+01	2.060173092428732033e+01	2.006026460419125002e+01	1.950666643558630042e+01	2.026015827307048411e+01	2.007456490984843001e+01	2.048772447296072841e+01	1.974465791068345766e+01	1.999392898396924068e+01	1.969741084125679720e+01	2.002599997671881482e+01	2.036728301014466069e+01	1.956973584379218067e+01	1.991252918425581342e+01	1.942164027440567864e+01	2.049314420934212677e+01	1.944919025557487302e+01	1.996613919688874361e+01	1.972793274087645088e+01	1.965089418009074151e+01	2.027475198559334757e+01	1.940141347706562414e+01	1.981972085446046705e+01	2.013197881983779780e+01	1.986360963407495817e+01
1.943979347942332581e+01	1.985256385280398916e+01	1.969970646644695478e+01	1.901028151846382741e+01	1.968362607105074247e+01	1.996058718157681966e+01	1.938806675885525976e+01	1.942954637404440987e+01	1.958553145913095150e+01	1.991577600588580310e+01	1.989810698487738705e+01	2.037641069149291084e+01	1.908897124278045965e+01	1.985749222399407188e+01	1.972081326531982626e+01	2.940096096323327401e+01	1.962461872506357352e+01	1.922751511526087853e+01	1.888938613627636798e+01	1.950513218673335558e+01	1.965656768786635666e+01	1.962441880140629280e+01	1.963471346521952299e+01	1.942319311674202709e+01	1.930251658650202984e+01	1.989551659810974016e+01	1.975412594012130896e+01	1.979152017869494529e+01	1.911323376445407973e+01	1.979809474291207394e+01	1.923500007636707210e+01	2.004451865591197190e+01	1.929106548975580893e+01	1.958276754386656293e+01	1.913327690219559329e+01	1.979126266084234231e+01	1.925796900191683392e+01	1.909325883355246845e+01	1.951998521610844151e+01	1.892960778238128583e+01	1.970021939051295234e+01	1.933349201126600292e+01	1.920118364329314176e+01	1.942792063421896387e+01	1.882845524762964118e+01	1.976794425938950894e+01	1.929399602238858691e+01	1.908209220291081110e+01	1.935601745526034989e+01	1.996921687779262555e+01
2.000282982212769056e+01	2.027343356961889498e+01	1.935221227545276790e+01	1.958130632821693951e+01	2.000571765426376558e+01	1.984023655628281801e+01	1.956015193268927987e+01	1.937573358754842090e+01	1.978180981019484008e+01	2.023384958529338462e+01	2.006368376103351281e+01	2.050681646037921624e+01	1.934962794028741939e+01	2.014184621162756272e+01	1.980635954720487746e+01	1.962461872506357352e+01	2.961127956860213573e+01	1.942985223014148843e+01	1.946788983463678946e+01	1.977949544244029667e+01	2.027025746148512297e+01	1.985129643975730929e+01	2.006208222982450806e+01	2.014022235294351404e+01	1.979160468329754252e+01	1.986457386093322697e+01	2.001938622338871809e+01	1.963742324661319216e+01	1.953618011049337611e+01	2.005793391235487277e+01	1.947177836908094406e+01	2.037741361108646387e+01	1.925179856494106545e+01	1.967083250565301000e+01	1.920333552233831043e+01	1.983594801149124720e+01	1.973728757941123035e+01	1.945288570400271766e+01	1.971113942567322042e+01	1.968334824820125917e+01	2.043200546582976074e+01	1.974943709731866903e+01	1.951194431059414569e+01	1.961899723508022575e+01	1.964183820901551414e+01	1.958879054009200615e+01	2.016302517893179669e+01	1.911728999170382792e+01	1.984997465216670776e+01	1.957382238085211057e+01
1.955123199390322952e+01	2.000661673489100068e+01	1.945368741539050461e+01	1.920584693398475196e+01	2.027176294011512425e+01	1.948975251968988687e+01	1.956049199777023162e+01	1.950779059038015362e+01	2.006859432492159812e+01	1.990968804069026277e+01	2.026307562070753931e+01	2.038997869976639166e+01	1.962143127162651624e+01	2.010068088534406527e+01	1.993061620966566494e+01	1.922751511526087853e+01	1.942985223014148843e+01	2.978655511996656102e+01	1.931315232719782315e+01	1.958850815071608054e+01	1.971304121951041921e+01	1.996777784949652457e+01	2.003488804895825481e+01	1.971110846649104076e+01	1.982848979706217918e+01	1.983281927375347564e+01	2.003746183873354170e+01	2.036590754590262620e+01	1.953506027525347122e+01	2.023473520447517515e+01	1.978995600066973282e+01	2.039001806084196389e+01	1.918462090343886217e+01	1.998167861110293586e+01	1.973580088081807560e+01	2.013113958176204932e+01	1.974584267432787499e+01	1.917270243999440993e+01	1.971015784184087138e+01	1.973297142753563449e+01	2.050634813203215145e+01	1.961795247603707182e+01	1.987297448550612344e+01	1.975640216824412931e+01	1.933708310257556917e+01	1.989696594884339120e+01	1.963993087852949060e+01	1.908181944912691819e+01	1.973467245829119321e+01	1.965168284651444708e+01
1.946921000468088536e+01	1.981782495260870647e+01	1.945736097038798817e+01	1.926715953180792695e+01	1.986003176398682157e+01	1.956090601186231481e+01	1.892989821646022364e+01	1.917123042970823832e+01	1.950387777162843150e+01	1.988977530089076495e+01	1.976015535300316017e+01	2.004156475898891898e+01	1.898917202774242341e+01	1.972888649656954030e+01	1.954891244554276497e+01	1.888938613627636798e+01	1.946788983463678946e+01	1.931315232719782315e+01	2.851472437544442329e+01	1.916871871425711760e+01	1.974599963640717704e+01	1.958344023624378494e+01	1.931579593314979348e+01	1.946681088084271849e+01	1.943044970383602177e+01	1.965940354539635848e+01	1.960175459312764801e+01	1.959534911735862650e+01	1.911492337127392815e+01	1.985460943426240377e+01	1.926852846714216483e+01	2.003322514790668407e+01	1.920716757909438499e+01	1.954372492804867889e+01	1.917085888122815263e+01	1.973617716955389056e+01	1.924885998527111042e+01	1.865985088442526063e+01	1.935029422399683341e+01	1.921214287147546429e+01	1.992190273117657284e+01	1.959366283021737232e+01	1.918876974118484924e+01	1.904465160325399253e+01	1.891033498737016671e+01	1.973629619512597699e+01	1.930322786159620208e+01	1.943137062667542736e+01	1.930839371994214559e+01	1.952400022123993040e+01
1.999436579257458746e+01	2.021399279883478428e+01	1.958299036717670560e+01	1.979881801837743538e+01	2.031478487623562046e+01	2.036364489521447396e+01	1.984938890962727598e+01	1.949125043638425225e+01	2.012135625605447942e+01	2.040611366095994583e+01	2.024148597676738248e+01	2.059815573650741172e+01	1.931707022719457001e+01	2.006170821456672115e+01	2.012814909624163562e+01	1.950513218673335558e+01	1.977949544244029667e+01	1.958850815071608054e+01	1.916871871425711760e+01	2.938629854203836800e+01	1.970967293811921905e+01	1.999193919621908933e+01	2.030393982059109348e+01	1.965944340636186638e+01	2.034928185907035569e+01	2.019251955825859568e+01	2.022433747354868672e+01	2.017978420504441672e+01	1.965969041527300476e+01	2.038143945862884010e+01	2.002345984753793218e+01	2.052495403649675865e+01	1.946175002633253470e+01	1.957902824464261116e+01	1.968500129845370239e+01	1.992157113406226188e+01	1.996905259697064494e+01	1.951109063507387731e+01	1.989820948760097608e+01	2.033254001349076745e+01	2.058290314260981191e+01	1.966146000300510721e+01	1.949925578498372758e+01	2.013389882461100555e+01	1.950044638561703536e+01	2.001707959801064263e+01	1.971738939316850292e+01	1.986240344291074678e+01	2.021788188926359808e+01	2.020746094429144435e+01
1.998693804198941137e+01	2.053424360412206795e+01	2.020232022397564009e+01	1.950644327515010801e+01	2.043464853221947664e+01	2.025453163711381777e+01	2.025356557276332836e+01	1.966593820710152940e+01	2.030119991576644978e+01	1.987236075778227473e+01	2.033858413318563763e+01	2.084949139359130399e+01	1.995656313089557088e+01	2.051207009049232965e+01	1.973383248167949588e+01	1.965656768786635666e+01	2.027025746148512297e+01	1.971304121951041921e+01	1.974599963640717704e+01	1.970967293811921905e+01	2.997971565960958173e+01	1.987107548535469803e+01	2.037776880441979444e+01	1.991787024969715603e+01	1.997507376812881219e+01	2.027883019493766170e+01	2.052646405069283730e+01	2.001289973133652111e+01	1.962006195890770144e+01	1.999069295121500645e+01	2.007095924409923171e+01	2.041942996934259824e+01	1.941446007804564999e+01	2.006544750934860488e+01	1.953944900291283915e+01	2.019726184925554335e+01	2.040602580402129718e+01	1.972834810194822452e+01	2.014222458327330756e+01	1.991894927673269322e+01	2.069817806856914544e+01	1.954858603952394347e+01	2.013581701008466496e+01	1.984656785341966057e+01	1.935354898516760258e+01	1.998531451703565054e+01	2.018653059189412247e+01	1.975202245557795067e+01	1.985211886983039875e+01	2.043629661804601483e+01
2.023835239764285987e+01	2.049965069417130081e+01	1.985620699030312508e+01	1.949542396410111067e+01	2.042237006823924261e+01	2.013330120732680228e+01	1.970652408620374274e+01	1.976403314789923016e+01	2.074007177783829547e+01	1.983839021710245731e+01	2.064812058311307297e+01	2.074897223696795123e+01	1.982016016459849439e+01	2.066248982690543556e+01	2.014619361582207446e+01	1.962441880140629280e+01	1.985129643975730929e+01	1.996777784949652457e+01	1.958344023624378494e+01	1.999193919621908933e+01	1.987107548535469803e+01	2.984581815633831425e+01	2.034895667104866135e+01	1.999905315437319331e+01	1.992367733851804346e+01	2.021467121477880724e+01	2.017460352288060577e+01	2.040996938529911020e+01	1.984712015763261306e+01	2.039985393297744309e+01	1.998646857284119704e+01	2.018948022111938201e+01	1.951003517579844981e+01	2.029810893479576706e+01	1.953170361332241711e+01	2.048274398770777793e+01	2.001455818926574182e+01	1.947791505120749633e+01	2.033541334172926085e+01	2.007398734537364504e+01	2.069315237074063418e+01	1.993773734547134779e+01	1.998126232337545360e+01	1.991750215216136866e+01	1.959389001015788878e+01	2.018831806582594979e+01	2.022055035308295956e+01	1.944974107071382008e+01	1.986968350602471389e+01	1.992015021070633196e+01
2.025444308864138776e+01	1.992448014144193635e+01	1.964235587003846106e+01	2.001453620693435198e+01	2.024418211442687721e+01	2.006743901835366728e+01	1.974214279733713795e+01	1.948663415600589488e+01	2.059549546704708334e+01	2.069381141655945200e+01	2.065323022334186831e+01	2.053325369520786481e+01	1.974284131462995262e+01	2.050358266242865923e+01	2.047407546492196673e+01	1.963471346521952299e+01	2.006208222982450806e+01	2.003488804895825481e+01	1.931579593314979348e+01	2.030393982059109348e+01	2.037776880441979444e+01	2.034895667104866135e+01	3.014153181580958218e+01	2.029083836873907387e+01	1.992126728115449907e+01	2.017045040746315365e+01	2.027433535999758973e+01	2.019339767080719028e+01	1.956620929693657018e+01	2.023041417118527363e+01	2.012016608136870843e+01	2.083152417500668108e+01	1.974336127045796019e+01	2.006760906613645901e+01	1.976030032036039685e+01	2.044871730483164995e+01	2.044825923250201782e+01	1.971523811722335395e+01	2.006417324733027741e+01	2.001043846831206352e+01	2.085717540310157503e+01	1.986605482448137394e+01	1.993695404688893547e+01	1.978581031104927845e+01	1.985792534479897853e+01	1.999399210283528205e+01	2.026483696358001296e+01	1.975053300742897733e+01	1.981349656258394987e+01	2.015871893605327969e+01
1.988048840167218856e+01	2.029063508116337289e+01	1.982385043041082895e+01	1.980496088868694571e+01	2.032348999458615424e+01	1.992921160155852789e+01	2.003246101129482071e+01	1.941591111025332594e+01	2.029528818229967868e+01	2.019623711324799231e+01	2.040066674312055994e+01	2.026246661619888911e+01	1.972866204108311194e+01	2.008634496185660012e+01	2.002858576591998840e+01	1.942319311674202709e+01	2.014022235294351404e+01	1.971110846649104076e+01	1.946681088084271849e+01	1.965944340636186638e+01	1.991787024969715603e+01	1.999905315437319331e+01	2.029083836873907387e+01	2.939114595044953759e+01	1.986925608693338319e+01	1.981781634707587614e+01	2.015482533093625150e+01	1.995277517680412416e+01	1.943092955315598402e+01	2.048834625292328937e+01	1.983906176696171642e+01	2.051548093107110660e+01	1.945325755418106084e+01	1.997446062720321081e+01	2.000297250890121603e+01	2.009623841401160504e+01	2.012315481465980227e+01	1.958791189199752480e+01	2.014414027387575246e+01	1.973464828320565090e+01	2.034468274906505414e+01	1.956327205653706258e+01	1.971740324310238535e+01	1.987691336638792095e+01	1.971312083191383735e+01	2.003948428438020457e+01	1.991608820584143302e+01	1.989792832689600033e+01	1.980305495298002327e+01	1.983758536346234891e+01
1.986253453071845598e+01	2.023033190353208965e+01	1.975008089112954224e+01	1.961279811422846109e+01	2.022529465760902312e+01	2.026066809346671249e+01	1.981526074329989129e+01	1.967049680140236134e+01	2.049998483239660274e+01	2.037268094465476409e+01	2.031168867975414827e+01	2.054329090901437027e+01	1.984142378868630274e+01	2.053022795197259853e+01	2.024216027197579848e+01	1.930251658650202984e+01	1.979160468329754252e+01	1.982848979706217918e+01	1.943044970383602177e+01	2.034928185907035569e+01	1.997507376812881219e+01	1.992367733851804346e+01	1.992126728115449907e+01	1.986925608693338319e+01	2.948865027689344132e+01	2.013603391651966135e+01	2.007471929242917952e+01	2.011917685586556459e+01	1.956013950160763315e+01	2.057875103069032008e+01	1.975507959992627605e+01	2.018385231460308660e+01	1.967910444823613503e+01	2.024807262810612585e+01	1.958859272437278065e+01	2.009772837595972561e+01	2.004910443001471876e+01	1.965993647167984548e+01	1.994900979701341370e+01	1.993180890418857842e+01	2.047017057735996559e+01	1.996224922611121499e+01	1.948185617407198933e+01	1.995991592090762623e+01	1.952525139891495343e+01	2.013284479215722556e+01	1.986390994587234715e+01	1.986045878288550881e+01	2.015358613291712686e+01	1.989763905305439806e+01
2.030670816385876876e+01	2.016861196682686597e+01	1.974214822020293525e+01	1.971701505703043722e+01	2.042953797732092625e+01	2.062466884966947589e+01	1.965614932026601736e+01	1.968246989716731932e+01	2.010122032791994329e+01	2.011737164756219087e+01	2.042897472812822812e+01	2.041379115848416959e+01	1.964424083680594890e+01	2.018752944735966892e+01	1.969431531269916036e+01	1.989551659810974016e+01	1.986457386093322697e+01	1.983281927375347564e+01	1.965940354539635848e+01	2.019251955825859568e+01	2.027883019493766170e+01	2.021467121477880724e+01	2.017045040746315365e+01	1.981781634707587614e+01	2.013603391651966135e+01	2.941830567643939176e+01	2.044731929560277095e+01	2.029509280210190525e+01	1.985667941636466693e+01	2.036061425409217307e+01	2.018338704571962694e+01	2.029175514942595626e+01	1.981363201627347337e+01	1.990203751214072270e+01	1.966140487831621897e+01	2.030444962243253570e+01	2.014127437795660214e+01	1.950132780044809877e+01	1.981760106409823763e+01	1.957331972384996988e+01	2.081625687792217505e+01	1.991459982548052920e+01	1.979829187048760986e+01	1.997402526260750832e+01	1.961166010826435624e+01	2.036342605215724433e+01	1.976787892810854430e+01	1.948510314972861934e+01	2.031689618089150784e+01	2.047576405251341214e+01
2.001620804030448042e+01	2.036687640169693125e+01	1.995996246866620893e+01	2.006070760934264641e+01	2.056745039317115697e+01	2.040625665236791875e+01	1.986100073486852580e+01	2.014179539446284295e+01	2.054444301049701593e+01	2.039153809497530290e+01	2.073582894645889141e+01	2.092934627844227080e+01	2.008577831760698729e+01	2.090998149451520760e+01	2.060173092428732033e+01	1.975412594012130896e+01	2.001938622338871809e+01	2.003746183873354170e+01	1.960175459312764801e+01	2.022433747354868672e+01	2.052646405069283730e+01	2.017460352288060577e+01	2.027433535999758973e+01	2.015482533093625150e+01	2.007471929242917952e+01	2.044731929560277095e+01	3.010477755929481347e+01	2.025332786897649839e+01	1.995185123739980426e+01	2.066902109156652401e+01	2.059388689697086861e+01	2.081156085069081030e+01	1.970071019344900165e+01	2.005701812823401653e+01	1.994920911549493781e+01	2.068718746503400396e+01	2.062574708267110069e+01	2.004632951134031771e+01	2.028879126366045682e+01	2.010879743663458186e+01	2.087551816106768499e+01	1.998401050464001116e+01	2.006794849003684433e+01	1.980707653186445683e+01	2.017554638161681169e+01	2.041874580435076680e+01	2.020808024158301563e+01	2.020222512095533318e+01	2.052895418718456355e+01	2.037523975624735328e+01
2.011924720584245208e+01	2.076841769132150617e+01	2.016978576198897244e+01	2.015915419500742445e+01	2.032243164036619021e+01	2.003699623810832620e+01	1.977384503731042287e+01	1.990856535844568853e+01	2.069436571829173843e+01	2.015952826091640659e+01	2.067989890515415752e+01	2.046713328623878425e+01	2.017195116484464634e+01	2.036253233408776708e+01	2.006026460419125002e+01	1.979152017869494529e+01	1.963742324661319216e+01	2.036590754590262620e+01	1.959534911735862650e+01	2.017978420504441672e+01	2.001289973133652111e+01	2.040996938529911020e+01	2.019339767080719028e+01	1.995277517680412416e+01	2.011917685586556459e+01	2.029509280210190525e+01	2.025332786897649839e+01	3.048742166267362563e+01	1.971141726707390163e+01	2.029552542876871613e+01	2.008340567193494763e+01	2.041350196383413973e+01	1.978930691249749430e+01	1.984576910973235542e+01	1.990205729727989237e+01	2.037888145289872099e+01	2.021950872974100832e+01	1.938564388918242543e+01	2.044624441493281708e+01	2.035668735356429693e+01	2.070772631141350217e+01	2.019195481856909780e+01	2.020235484626043743e+01	1.982384731402913403e+01	1.951006851839908762e+01	1.997539634887957760e+01	1.993451568641763316e+01	1.988793013246047181e+01	2.010222660092969704e+01	2.004066736949031835e+01
1.908666734484235050e+01	1.994019786360022906e+01	1.909910715420978278e+01	1.936955296215085909e+01	1.975063765921121828e+01	1.990929892078278129e+01	1.915243617245197427e+01	1.927731325805600093e+01	1.968597579763759597e+01	1.994577693934399676e+01	1.982549415671386583e+01	2.001079817900714986e+01	1.931511244026912166e+01	2.007443216294054977e+01	1.950666643558630042e+01	1.911323376445407973e+01	1.953618011049337611e+01	1.953506027525347122e+01	1.911492337127392815e+01	1.965969041527300476e+01	1.962006195890770144e+01	1.984712015763261306e+01	1.956620929693657018e+01	1.943092955315598402e+01	1.956013950160763315e+01	1.985667941636466693e+01	1.995185123739980426e+01	1.971141726707390163e+01	2.886143398377909364e+01	1.979553678243444637e+01	1.984672987257617649e+01	2.043991367555022975e+01	1.945557217431674601e+01	1.959935047656840723e+01	1.932437754091999693e+01	1.979815558576785151e+01	1.954147145155253895e+01	1.942086214714652570e+01	1.951472332705140289e+01	1.970220389235513281e+01	2.003792040204436731e+01	1.939008158408239524e+01	1.944082349193461567e+01	1.960424052570710174e+01	1.920091313512688558e+01	1.977966702370886409e+01	1.968256619217534009e+01	1.980712761079921691e+01	1.948992704604996717e+01	1.960626566312745567e+01
2.023029260915464889e+01	2.059533528752033149e+01	1.995683615252066900e+01	1.994396935774127400e+01	2.069117665032091580e+01	2.056290398107399753e+01	2.003436005000862608e+01	2.024852008267091108e+01	2.082697022932226005e+01	2.036752373163942664e+01	2.029749435488954745e+01	2.035690873140129753e+01	2.019914133842394932e+01	2.091318577596637240e+01	2.026015827307048411e+01	1.979809474291207394e+01	2.005793391235487277e+01	2.023473520447517515e+01	1.985460943426240377e+01	2.038143945862884010e+01	1.999069295121500645e+01	2.039985393297744309e+01	2.023041417118527363e+01	2.048834625292328937e+01	2.057875103069032008e+01	2.036061425409217307e+01	2.066902109156652401e+01	2.029552542876871613e+01	1.979553678243444637e+01	3.058431542429212158e+01	2.034372148428485261e+01	2.110917513709015836e+01	1.997295603743036807e+01	2.010100080137116407e+01	1.974116175283497654e+01	2.084476105135874135e+01	2.053310530798866651e+01	1.989434364378426778e+01	2.032910507452610105e+01	2.040488036724110898e+01	2.114504091921716977e+01	1.981759616541517488e+01	2.026926509154965217e+01	2.028014304406630330e+01	1.987439456344801769e+01	2.043635316804275348e+01	2.050521741977336632e+01	1.965977339199373830e+01	2.060296487085586747e+01	2.040047443849065445e+01
1.954651745939728613e+01	2.018374143717245062e+01	1.994840103505023521e+01	1.971295744707675723e+01	2.039356677218257019e+01	2.016494592364757210e+01	2.005323280444836342e+01	1.949412233180451537e+01	2.020054215962957755e+01	1.991838563745583812e+01	2.038228613330071681e+01	2.062216289073996833e+01	1.974900622987752286e+01	2.063148665583804231e+01	2.007456490984843001e+01	1.923500007636707210e+01	1.947177836908094406e+01	1.978995600066973282e+01	1.926852846714216483e+01	2.002345984753793218e+01	2.007095924409923171e+01	1.998646857284119704e+01	2.012016608136870843e+01	1.983906176696171642e+01	1.975507959992627605e+01	2.018338704571962694e+01	2.059388689697086861e+01	2.008340567193494763e+01	1.984672987257617649e+01	2.034372148428485261e+01	2.986362455458254672e+01	2.070388743913079921e+01	1.928738866128690077e+01	1.991400248667985551e+01	2.004632875048548968e+01	1.997965466945322532e+01	2.022338110206705153e+01	1.976585066997336071e+01	1.975599745626633208e+01	1.993092723759545493e+01	2.015671175142766813e+01	1.935366975272224721e+01	1.976410785586936569e+01	1.969667775977595880e+01	1.920733055269752398e+01	2.011284859356956645e+01	1.985625820827836563e+01	1.990431561416480122e+01	1.974218320643961988e+01	2.000277077605193554e+01
2.032690066437834986e+01	2.076680409287149232e+01	2.020557705332326748e+01	2.047763344569974464e+01	2.067647945305981949e+01	2.081943111481808018e+01	2.018439405534959974e+01	2.022650183234879151e+01	2.077797710322334979e+01	2.114672113674276588e+01	2.079689664349915645e+01	2.135928887469663451e+01	2.001879164660849497e+01	2.064149814171187813e+01	2.048772447296072841e+01	2.004451865591197190e+01	2.037741361108646387e+01	2.039001806084196389e+01	2.003322514790668407e+01	2.052495403649675865e+01	2.041942996934259824e+01	2.018948022111938201e+01	2.083152417500668108e+01	2.051548093107110660e+01	2.018385231460308660e+01	2.029175514942595626e+01	2.081156085069081030e+01	2.041350196383413973e+01	2.043991367555022975e+01	2.110917513709015836e+01	2.070388743913079921e+01	3.057528192655985322e+01	1.995760294123659406e+01	2.040118208859199811e+01	2.002471013152062795e+01	2.097982049987673747e+01	2.101682916237501075e+01	2.018792113087965490e+01	2.066929030600265804e+01	2.059420630919258244e+01	2.108149596165459982e+01	2.059482899569474057e+01	2.035705927389944137e+01	2.025728456188894100e+01	2.043434859481839183e+01	2.072810066531194195e+01	2.036010341139857971e+01	2.012108939077865344e+01	2.020301418964665174e+01	2.040396038740960094e+01
