2.912649132808811814e+01	1.989118002121107054e+01	1.965004826763137302e+01	1.962863998378094266e+01	2.005457860437529405e+01	1.949010322544156892e+01	1.913456452211532977e+01	1.957712120102823761e+01	1.960083499978255972e+01	1.959947980169049231e+01	1.960230990002358453e+01	2.015739277595193713e+01	1.974331856529123996e+01	1.930170504412104293e+01	1.988868866019019066e+01	1.949376189373919033e+01	1.992391314244754241e+01	1.946211000979058525e+01	1.955897757601810483e+01	2.012253577512438696e+01	1.947963941875432425e+01	1.951867128318912847e+01	1.977673819462463101e+01	1.957427011775854453e+01	1.900150270705847433e+01	1.976120361399197023e+01	1.932133984775678925e+01	1.982239163135859172e+01	1.955232880978052279e+01	1.965732106418466429e+01	1.942426481243028746e+01	1.922083592920166240e+01	1.997272824069865749e+01	2.001907359013531007e+01	1.952010919303296888e+01	1.991516111892259033e+01	1.998220726403061676e+01	1.942076910134455758e+01	1.953100019284882904e+01	1.990125456349647948e+01	1.943632152848140748e+01	1.950198115748157335e+01	1.977533400620480109e+01	2.027380049848238031e+01	1.912009951624097681e+01	1.994899549267386263e+01	1.967354007942710936e+01	1.930133860857234396e+01	2.014220337020736196e+01	1.974874132904794877e+01
1.989118002121107054e+01	3.050703267568170673e+01	2.045229957340594851e+01	1.997732918239072220e+01	2.038105720017488309e+01	1.968007825846104808e+01	1.992554019251607045e+01	2.031230966662939252e+01	2.026976531953316751e+01	2.024056573692900685e+01	2.048956268139152570e+01	2.050694774951966082e+01	2.019655666239306768e+01	2.015610058812585237e+01	2.085475688255642268e+01	1.991224281310566369e+01	2.026141360262410629e+01	1.991715033636522492e+01	2.010800784999993951e+01	2.026871130791838382e+01	1.999714622106522199e+01	1.959864773409552896e+01	1.987439940958352480e+01	2.022277194648306420e+01	1.967714485298552063e+01	1.991112529252324492e+01	2.007182042239754338e+01	2.032006927464549406e+01	1.971405730483953533e+01	2.023214800464881336e+01	2.029661282057103833e+01	1.984848014943997896e+01	2.040277021647513678e+01	2.086097423858753075e+01	2.024927013435381440e+01	2.082552170570392036e+01	2.023420083098082856e+01	2.009571539566015375e+01	2.048969935877337889e+01	2.024463915878754250e+01	1.987589877857269016e+01	2.004303419536863728e+01	2.003084145735122235e+01	2.116408256516465514e+01	2.036964552478055879e+01	2.004241606626171901e+01	1.978772188188186121e+01	2.017847761249761263e+01	2.058444939373658755e+01	1.987068682736579817e+01
1.965004826763137302e+01	2.045229957340594851e+01	3.072812131244837275e+01	2.004634271629810982e+01	2.033728037517261811e+01	1.935788762068419899e+01	2.008051664586015050e+01	1.975060150746024945e+01	2.017153608304016288e+01	2.019139408379460221e+01	2.025635268965731228e+01	2.025746466457179906e+01	2.028549196176189184e+01	1.995046738614032122e+01	2.044114688611212571e+01	2.016691753903597828e+01	2.041816729057894975e+01	2.022348530373057329e+01	1.977469012756334976e+01	2.022447320236430102e+01	1.982986036045524258e+01	1.928455064102126215e+01	2.025489155986396739e+01	1.988248621551220907e+01	1.943888408859445960e+01	2.000383353081263138e+01	2.012722504994913209e+01	2.030014350578366944e+01	2.002449483179338330e+01	2.020175441874067346e+01	2.011213324324403118e+01	1.964041373543090785e+01	2.059334166519691323e+01	2.076871913328182018e+01	2.057370304682665463e+01	2.058974104642100400e+01	2.041269188211039776e+01	2.057708723013120888e+01	2.035233888896434351e+01	2.027550563329430489e+01	2.006155794383916557e+01	1.993829451034651257e+01	1.985550398199527322e+01	2.032590829969346657e+01	2.046405201902917881e+01	1.995477027919256940e+01	2.022332907828869253e+01	2.003756003938995889e+01	2.059864333827555782e+01	2.040559734995724739e+01
1.962863998378094266e+01	1.997732918239072220e+01	2.004634271629810982e+01	2.947360250177787933e+01	2.016546728984916470e+01	1.910304659625810686e+01	1.935787045438068787e+01	1.960192101317098690e+01	1.984641337133991357e+01	1.992887857289153075e+01	1.970650577470450315e+01	2.013470981253690084e+01	2.004726687153325315e+01	1.952444618220373584e+01	1.966237656558954683e+01	2.014455191888764318e+01	1.999907893134186310e+01	1.957236331239423777e+01	1.958211782892253439e+01	1.967951345927403040e+01	1.948347446462863175e+01	1.917737268591441335e+01	1.956351203972941377e+01	1.944375869765590892e+01	1.938312645819684121e+01	1.955720662170718782e+01	1.963841653040369906e+01	1.984496757848901183e+01	1.944841844834563105e+01	2.003674238609499625e+01	1.989088156076431702e+01	1.922564070926363655e+01	1.988345636169424324e+01	2.006294816527107372e+01	1.998625702852250896e+01	2.034690802741707927e+01	2.005651668951594502e+01	1.978012055115474510e+01	1.982927347044952171e+01	1.972743413850121641e+01	1.974071667295056898e+01	1.974353652920829560e+01	1.951673516805386654e+01	1.995331972456439473e+01	1.969737781446187697e+01	2.018118097609378125e+01	1.958274558783274699e+01	1.958658496727212750e+01	2.015908563550176424e+01	1.983258841236586889e+01
2.005457860437529405e+01	2.038105720017488309e+01	2.033728037517261811e+01	2.016546728984916470e+01	3.056310493614921242e+01	1.990319455476176103e+01	1.993986228870059563e+01	1.986440327271616013e+01	2.011508339121420619e+01	2.002920177894280229e+01	2.029266904429666596e+01	2.058476534237597733e+01	2.004767506146767175e+01	1.975446185406478961e+01	2.059888545616037447e+01	2.004069882994938112e+01	2.032583681854599078e+01	2.019314366745837219e+01	1.996965380293235626e+01	2.048838338195883324e+01	2.017845586444486727e+01	1.946110405835176849e+01	2.019865886536570443e+01	2.011363128750748430e+01	1.962063737352113080e+01	2.009923982861479530e+01	1.981512966549117749e+01	2.003641575950502229e+01	2.059440389536717930e+01	2.024459578926400738e+01	2.028323758049495495e+01	1.963447779473456478e+01	2.079510571086866122e+01	2.072828339226306582e+01	2.062439253232903624e+01	2.066797814356427665e+01	2.059132045554681056e+01	2.076344434276105133e+01	2.055825387580789254e+01	2.056324463036433059e+01	2.029870770811323766e+01	1.988469596753979829e+01	2.026146262272019882e+01	2.025667539641972681e+01	2.016114483724447481e+01	1.992232671103352715e+01	1.983283384806200189e+01	2.052565928718852462e+01	2.059209455138475420e+01	2.014381475322800341e+01
1.949010322544156892e+01	1.968007825846104808e+01	1.935788762068419899e+01	1.910304659625810686e+01	1.990319455476176103e+01	2.921259448512979517e+01	1.905567016749548159e+01	1.953975066052364085e+01	1.950329705838613492e+01	1.912655630841807408e+01	1.969514734887734164e+01	1.979803192218964014e+01	1.937617686093838287e+01	1.914803577031246107e+01	1.974934299771445012e+01	1.949704296463451314e+01	1.924442242873900000e+01	1.929145658360178928e+01	1.941436770050528438e+01	1.975662360453921806e+01	1.932175372265841773e+01	1.890766392497254245e+01	1.947288018149055233e+01	1.939814309437779016e+01	1.872826583261867484e+01	1.906565218740178835e+01	1.912236029644165569e+01	1.917762605812528776e+01	1.914939417766847640e+01	1.962298639295227431e+01	1.907788896132516854e+01	1.916781356029888883e+01	1.972824398095153242e+01	2.014545056484235275e+01	1.943225226742046630e+01	2.020675983679676335e+01	1.963812105669338237e+01	1.997860838758174751e+01	1.970728410002087116e+01	1.961503297596635420e+01	1.959024897979016089e+01	1.922844642158149142e+01	1.935576854103920041e+01	1.993592110673924722e+01	1.963077900734574399e+01	1.946413284084675510e+01	1.888941993595664925e+01	1.952768315424883028e+01	1.986610860702169745e+01	1.956475158191428676e+01
1.913456452211532977e+01	1.992554019251607045e+01	2.008051664586015050e+01	1.935787045438068787e+01	1.993986228870059563e+01	1.905567016749548159e+01	2.938310264319832399e+01	1.937627208830027925e+01	1.996534701900835529e+01	2.016785701295015087e+01	1.936497958686830856e+01	1.965186106158637003e+01	1.976516019878376085e+01	1.932827672221978332e+01	1.978521402191373824e+01	1.961176130911220028e+01	1.960403531590427662e+01	1.953155192128254214e+01	1.952297636928436830e+01	2.006612550990754329e+01	1.941944158622264283e+01	1.860832203369223947e+01	1.963742341261446356e+01	2.017286448286369804e+01	1.939224203396515023e+01	1.914918568037829516e+01	1.945687646938053561e+01	1.930623735256845563e+01	1.952591768763634406e+01	1.985532928951629827e+01	1.957620192471079079e+01	1.924034813885898743e+01	1.999386929895113596e+01	2.045037221777735326e+01	1.991698585844934399e+01	2.029342500679910799e+01	2.001655096123066002e+01	1.994727892201371944e+01	1.968344784736957109e+01	1.940209520331257664e+01	1.924906058369177586e+01	1.945221952064501991e+01	1.925459728166476125e+01	2.012287703842470066e+01	1.936186489086021467e+01	1.974361239829399040e+01	1.949206782473449096e+01	1.952543540456949245e+01	1.935554813351615877e+01	1.974470289838661685e+01
1.957712120102823761e+01	2.031230966662939252e+01	1.975060150746024945e+01	1.960192101317098690e+01	1.986440327271616013e+01	1.953975066052364085e+01	1.937627208830027925e+01	2.925911262630895138e+01	1.937721654170843166e+01	1.960869810288707171e+01	1.971387120435427320e+01	1.964768096632286642e+01	1.966956817868019058e+01	1.920946550462967650e+01	1.987479685597419277e+01	1.961395205062419933e+01	2.007513480342095846e+01	1.948086550889889068e+01	1.958447115825540052e+01	1.981120242028908152e+01	1.952276845109788894e+01	1.909306521136883461e+01	1.976727926638476163e+01	1.934606243404167003e+01	1.954025883284889531e+01	1.916847430220311921e+01	1.979402380098650482e+01	1.929439123103872689e+01	1.941887758589696844e+01	1.992665651839785212e+01	1.950248423231813533e+01	1.934493401394025724e+01	1.961066384136919183e+01	2.004493356227576584e+01	1.978425004102765783e+01	2.017038383977870097e+01	1.967019019110477984e+01	1.982114374787531119e+01	1.989462529697042825e+01	1.977554116655594640e+01	1.939879538249576285e+01	1.988164856172841510e+01	1.969669335781235731e+01	2.024041264773024551e+01	1.988538242030965719e+01	1.966174217775145294e+01	1.948653186807991489e+01	1.966412544651316807e+01	1.995085345211187189e+01	1.985920821891545529e+01
1.960083499978255972e+01	2.026976531953316751e+01	2.017153608304016288e+01	1.984641337133991357e+01	2.011508339121420619e+01	1.950329705838613492e+01	1.996534701900835529e+01	1.937721654170843166e+01	2.961221509684246911e+01	1.995118285151526649e+01	1.997005313720906017e+01	2.028701556071745316e+01	2.009770270379711476e+01	1.978293066869411021e+01	2.045504303372493737e+01	1.939945860699774371e+01	2.030408178118053186e+01	1.981724905857455710e+01	1.978040274215066319e+01	2.005194566357824115e+01	1.969105366301718973e+01	1.959599681170788088e+01	2.000486623350428772e+01	2.007534402794805217e+01	1.940600857112786670e+01	1.977524426564406212e+01	1.978993385459017063e+01	1.967109189997512786e+01	1.997442581972779152e+01	2.002078225241969989e+01	1.970398529724610626e+01	1.940705104569052963e+01	2.040596291352721181e+01	2.054973558166343750e+01	2.014649733555091871e+01	2.010825251961119520e+01	2.035074417467385288e+01	2.004181722076209482e+01	2.052365375707301709e+01	1.995652669156895698e+01	1.975335206817318578e+01	1.990235525248007065e+01	1.914458522665575657e+01	2.012708128117346362e+01	2.000957027369503649e+01	1.984468623270408116e+01	1.939766384805659527e+01	2.017319596767528722e+01	2.009501561547250859e+01	1.993516357861107480e+01
1.959947980169049231e+01	2.024056573692900685e+01	2.019139408379460221e+01	1.992887857289153075e+01	2.002920177894280229e+01	1.912655630841807408e+01	2.016785701295015087e+01	1.960869810288707171e+01	1.995118285151526649e+01	2.953258709692663331e+01	2.000948624417544508e+01	1.998220808115485880e+01	1.966822033347721899e+01	1.970739278592820654e+01	1.991878404333007424e+01	1.982766864651229355e+01	2.020452441631336526e+01	1.996000865512093014e+01	1.994389963971055124e+01	1.983777100311192498e+01	1.948801158392451427e+01	1.883592483513773885e+01	1.992996728945533746e+01	2.004075196320069807e+01	1.926389355219438926e+01	1.992023309380671492e+01	1.964368707207642473e+01	1.967863346250573287e+01	1.967055322573703080e+01	1.979636372191797733e+01	2.007769283246596714e+01	1.953636463137602775e+01	2.007721440842128402e+01	2.058619793788694707e+01	2.022296124540127593e+01	2.043842351939238000e+01	2.023474968903750693e+01	2.019273421682362013e+01	2.003960905034318429e+01	2.024896231609956132e+01	1.939431942127416519e+01	1.989153326751856454e+01	1.975886951438371142e+01	2.039623129806751578e+01	2.019470355346644297e+01	1.989897489126114749e+01	1.984673703343730722e+01	1.970231248340400398e+01	2.029140462942431355e+01	1.984169827870028513e+01
1.960230990002358453e+01	2.048956268139152570e+01	2.025635268965731228e+01	1.970650577470450315e+01	2.029266904429666596e+01	1.969514734887734164e+01	1.936497958686830856e+01	1.971387120435427320e+01	1.997005313720906017e+01	2.000948624417544508e+01	3.024286611711579553e+01	2.008255676268983692e+01	1.977018759335632225e+01	1.980392278688259466e+01	2.025484417550099181e+01	1.983716959587831141e+01	2.028978004445437833e+01	2.005781112405757938e+01	1.992330556920384055e+01	2.009465620199913261e+01	1.979042427134441695e+01	1.974503385767436825e+01	1.972856441373285463e+01	1.991730972735057037e+01	1.949961380936837330e+01	1.933837005688285515e+01	2.001694042971171683e+01	1.986655735888497532e+01	1.960324330832565920e+01	2.037351472917707795e+01	1.953901965493968973e+01	1.955367998095450588e+01	2.014121745631450366e+01	2.054947072573266453e+01	2.009376245539270656e+01	2.064305880281835570e+01	2.009590814081347077e+01	1.995460748413832874e+01	2.031649684434506398e+01	2.002352538419615868e+01	1.970430755219852514e+01	1.950292321112181426e+01	1.954365154911166869e+01	2.074650036279890131e+01	2.021121800169367333e+01	2.031728739890098367e+01	1.974989598617059627e+01	1.993841549498228716e+01	2.031751573932510979e+01	2.019119060879489425e+01
2.015739277595193713e+01	2.050694774951966082e+01	2.025746466457179906e+01	2.013470981253690084e+01	2.058476534237597733e+01	1.979803192218964014e+01	1.965186106158637003e+01	1.964768096632286642e+01	2.028701556071745316e+01	1.998220808115485880e+01	2.008255676268983692e+01	3.031004934407288687e+01	2.019989661267871384e+01	2.000227922411574610e+01	2.048829730428766638e+01	2.009271951756582908e+01	2.001710678502933405e+01	1.979799297578156470e+01	2.021128052554972143e+01	2.037665746257971833e+01	1.998486389933773566e+01	1.984576785045975456e+01	1.994739078746080452e+01	1.996197911652796009e+01	1.991560330671287815e+01	1.958236889277169723e+01	1.986707736168848015e+01	2.019452571242729988e+01	1.980257105569297948e+01	2.016530652158256487e+01	1.991416414924476541e+01	1.936572151507645856e+01	2.007427871368767214e+01	2.058734538716430507e+01	1.977039744065536553e+01	2.086614307424432013e+01	2.011734477656235143e+01	2.008516137025929282e+01	2.037329711520088438e+01	2.036432696165872613e+01	1.990067924297567714e+01	1.993092563190400668e+01	2.008846782319664825e+01	2.025286526509805540e+01	2.020506109476230350e+01	2.025308627248876903e+01	2.005411429231756415e+01	2.027570438991534729e+01	2.019727425810109267e+01	2.047163503017554120e+01
1.974331856529123996e+01	2.019655666239306768e+01	2.028549196176189184e+01	2.004726687153325315e+01	2.004767506146767175e+01	1.937617686093838287e+01	1.976516019878376085e+01	1.966956817868019058e+01	2.009770270379711476e+01	1.966822033347721899e+01	1.977018759335632225e+01	2.019989661267871384e+01	2.999815899535652974e+01	1.949719396569073027e+01	2.041569355731472513e+01	1.997220082338820646e+01	2.049764207139919847e+01	2.014759734436296057e+01	1.982238426942919318e+01	2.032691419015598910e+01	1.963638176809134706e+01	1.959835326895493068e+01	2.010782901296654401e+01	1.959707699977684925e+01	1.940339931927693229e+01	1.961516868776282152e+01	1.960081707520980032e+01	1.991706675411595029e+01	1.991659208246997181e+01	1.996985097599611336e+01	1.997325889857283343e+01	1.937617516715916111e+01	1.997598432293069237e+01	2.048169603583664511e+01	2.010889995503677952e+01	2.065399296484389424e+01	2.015165556482536857e+01	1.976877830588517782e+01	2.038762547548228099e+01	2.008169259040653287e+01	1.998859263317286050e+01	1.990473213805143970e+01	1.945216830601903624e+01	2.042941617871568383e+01	1.978953385381430152e+01	2.010050139838161343e+01	1.965474320360752714e+01	2.007869641434802688e+01	2.032640468626297192e+01	2.013524046299261272e+01
1.930170504412104293e+01	2.015610058812585237e+01	1.995046738614032122e+01	1.952444618220373584e+01	1.975446185406478961e+01	1.914803577031246107e+01	1.932827672221978332e+01	1.920946550462967650e+01	1.978293066869411021e+01	1.970739278592820654e+01	1.980392278688259466e+01	2.000227922411574610e+01	1.949719396569073027e+01	2.958634121120651628e+01	1.972999202338870006e+01	1.960432630081053063e+01	1.966803081925255725e+01	1.954193728873453395e+01	1.936732499486181069e+01	1.991048487799719524e+01	1.943297278222112112e+01	1.904937555643098079e+01	1.963221884340815748e+01	1.960051764477242386e+01	1.898683968839235447e+01	1.922735867132741205e+01	1.945460183433156232e+01	1.983413030762251950e+01	1.983940180040323398e+01	1.984962391492856071e+01	1.950510326096254943e+01	1.916463450771491495e+01	1.980944483578434756e+01	2.018204510898535986e+01	1.960067692037841169e+01	2.029723856090919654e+01	2.004580258877917487e+01	1.970815863519703015e+01	1.989119653126007847e+01	1.981427236631623146e+01	1.977619927821793411e+01	1.955014725555811594e+01	1.955741653509514677e+01	2.022307468576402201e+01	1.954849215054376899e+01	1.964179172711122945e+01	1.912108019623604349e+01	1.975355559976873820e+01	2.035491484432223075e+01	1.996249143310865648e+01
1.988868866019019066e+01	2.085475688255642268e+01	2.044114688611212571e+01	1.966237656558954683e+01	2.059888545616037447e+01	1.974934299771445012e+01	1.978521402191373824e+01	1.987479685597419277e+01	2.045504303372493737e+01	1.991878404333007424e+01	2.025484417550099181e+01	2.048829730428766638e+01	2.041569355731472513e+01	1.972999202338870006e+01	3.051429806650861565e+01	2.023756540735177722e+01	2.040729165618227370e+01	1.988557812151258730e+01	2.011003236273976924e+01	2.019485710156987324e+01	1.976351500191436728e+01	1.959065568888862785e+01	2.001591445291770199e+01	2.051384282884881216e+01	2.016614696466844592e+01	2.017030503558737564e+01	2.018842413168398764e+01	2.014067954377321001e+01	2.013271004030698919e+01	2.010472643763634082e+01	2.002647411172764791e+01	1.928536514477462305e+01	2.028228648891876773e+01	2.070533699738173894e+01	2.040274248555236269e+01	2.069572551334278288e+01	2.085124481841956623e+01	2.026216508879316081e+01	2.072865267644129261e+01	2.018644506234387137e+01	2.022355557861694919e+01	1.985935803908476416e+01	2.007935322681914414e+01	2.027709660763317245e+01	2.024978487470522381e+01	2.023134066771839201e+01	2.014094471359332061e+01	2.018160886745359051e+01	2.070200564517820041e+01	2.017422724751819985e+01
1.949376189373919033e+01	1.991224281310566369e+01	2.016691753903597828e+01	2.014455191888764318e+01	2.004069882994938112e+01	1.949704296463451314e+01	1.961176130911220028e+01	1.961395205062419933e+01	1.939945860699774371e+01	1.982766864651229355e+01	1.983716959587831141e+01	2.009271951756582908e+01	1.997220082338820646e+01	1.960432630081053063e+01	2.023756540735177722e+01	2.939826323574563105e+01	1.970744734195352876e+01	1.978156623405487125e+01	1.983173873577257851e+01	2.008863388345196910e+01	1.959349849354167361e+01	1.938913742288875497e+01	1.989516784015422601e+01	1.967356740707602825e+01	1.923197280869708337e+01	1.963723414644322318e+01	1.958246789597975734e+01	1.966762984314283713e+01	1.976761597512437874e+01	1.983505493499200867e+01	1.948746290652822566e+01	1.888818461518350134e+01	2.025674951909486765e+01	2.022904748225350602e+01	1.964531737217286889e+01	2.011391324813196846e+01	2.036218482931077389e+01	2.010287124199050979e+01	2.022901848391134294e+01	2.018931694056432136e+01	1.959241467900035971e+01	1.962793033513099061e+01	1.927162049493741947e+01	2.031814260542688544e+01	1.960727846385961115e+01	1.994225457170511717e+01	1.982848111697797577e+01	1.996187170220347795e+01	2.016521064155616827e+01	2.009372613158559062e+01
1.992391314244754241e+01	2.026141360262410629e+01	2.041816729057894975e+01	1.999907893134186310e+01	2.032583681854599078e+01	1.924442242873900000e+01	1.960403531590427662e+01	2.007513480342095846e+01	2.030408178118053186e+01	2.020452441631336526e+01	2.028978004445437833e+01	2.001710678502933405e+01	2.049764207139919847e+01	1.966803081925255725e+01	2.040729165618227370e+01	1.970744734195352876e+01	3.001442688002592263e+01	1.967578768412863610e+01	1.985641687653591347e+01	2.037709383438088651e+01	1.976192500324535928e+01	1.981390075073970536e+01	2.010202267042702218e+01	1.978125657334185661e+01	1.954522601708805496e+01	1.966411232447427082e+01	2.024678555107113809e+01	2.043706702624254135e+01	1.989087469395060381e+01	2.015836875073929235e+01	1.977998607931099428e+01	1.984226002098643349e+01	2.001652642558052975e+01	2.087454152181621936e+01	2.047229875945722100e+01	2.060805322174697807e+01	2.010256084182610792e+01	2.021380376919112720e+01	2.037925611007522519e+01	2.027139984818313678e+01	1.970827246897213314e+01	1.995936099191252566e+01	1.963387184918781259e+01	2.069569999839308849e+01	2.028253671023789195e+01	1.983937552752663791e+01	1.975066196732996815e+01	2.023993627846403598e+01	2.028202583101624157e+01	1.990667587964392382e+01
1.946211000979058525e+01	1.991715033636522492e+01	2.022348530373057329e+01	1.957236331239423777e+01	2.019314366745837219e+01	1.929145658360178928e+01	1.953155192128254214e+01	1.948086550889889068e+01	1.981724905857455710e+01	1.996000865512093014e+01	2.005781112405757938e+01	1.979799297578156470e+01	2.014759734436296057e+01	1.954193728873453395e+01	1.988557812151258730e+01	1.978156623405487125e+01	1.967578768412863610e+01	2.971897052318432131e+01	1.972554727024816401e+01	1.994229350048872007e+01	1.939445868180377630e+01	1.943600220045241045e+01	1.986465213835356991e+01	2.008163821453792508e+01	1.963256293530409735e+01	1.941972008694457230e+01	1.957047857750577435e+01	1.960514774082411904e+01	1.904488827343406498e+01	2.004823384944902642e+01	1.977260500709370561e+01	1.925854307072591709e+01	2.018769913501301971e+01	2.049925827274444146e+01	2.009884887035952872e+01	2.051087726671843114e+01	1.999667485161404201e+01	1.923573636688502830e+01	2.045881857233266032e+01	1.985186024681932437e+01	1.976004303817493835e+01	1.949037314713024216e+01	1.934448809452663198e+01	1.950743841688974456e+01	1.963250717635841269e+01	1.955670165369325630e+01	1.961750876545316302e+01	1.979099275393490487e+01	1.999939257941173310e+01	1.954653530708600684e+01
1.955897757601810483e+01	2.010800784999993951e+01	1.977469012756334976e+01	1.958211782892253439e+01	1.996965380293235626e+01	1.941436770050528438e+01	1.952297636928436830e+01	1.958447115825540052e+01	1.978040274215066319e+01	1.994389963971055124e+01	1.992330556920384055e+01	2.021128052554972143e+01	1.982238426942919318e+01	1.936732499486181069e+01	2.011003236273976924e+01	1.983173873577257851e+01	1.985641687653591347e+01	1.972554727024816401e+01	2.976253393807605008e+01	1.994143025100487421e+01	1.974448365949452366e+01	1.966439857027818405e+01	1.980620777357277262e+01	1.962605760535599941e+01	1.947631312021092143e+01	1.952332619814783143e+01	1.990332599428418092e+01	1.982385336710895984e+01	1.964439624978183119e+01	1.984990237326788787e+01	1.992552180728994671e+01	1.958840220546596100e+01	1.989203481263909978e+01	2.002931736052368805e+01	1.978651115252077020e+01	2.031000372511019947e+01	1.998845037790352563e+01	1.983530717005346489e+01	2.021348428772727601e+01	1.982989942503715497e+01	1.979432367237942003e+01	1.956198165158125235e+01	1.936064320400555516e+01	2.031069224824270236e+01	1.978382658573731945e+01	1.953086963727474057e+01	1.982728466146890511e+01	2.015557759660803328e+01	2.063946964437298348e+01	1.969977280652778617e+01
2.012253577512438696e+01	2.026871130791838382e+01	2.022447320236430102e+01	1.967951345927403040e+01	2.048838338195883324e+01	1.975662360453921806e+01	2.006612550990754329e+01	1.981120242028908152e+01	2.005194566357824115e+01	1.983777100311192498e+01	2.009465620199913261e+01	2.037665746257971833e+01	2.032691419015598910e+01	1.991048487799719524e+01	2.019485710156987324e+01	2.008863388345196910e+01	2.037709383438088651e+01	1.994229350048872007e+01	1.994143025100487421e+01	3.011384302147984471e+01	1.987468758677686864e+01	1.974472865915651809e+01	2.022402322023970100e+01	1.999764372151919645e+01	1.992336220953540860e+01	1.994385380319623380e+01	2.016800786014726299e+01	1.985716551803982810e+01	2.023721350496323268e+01	2.013985834333333713e+01	1.999610632816405342e+01	1.929832738847559881e+01	2.031978874928701373e+01	2.028050038150023227e+01	2.012729556990957747e+01	2.107579230639631973e+01	1.993909000924255892e+01	2.018693082872769651e+01	2.048167581376899449e+01	2.014285970382756119e+01	2.009953156274577424e+01	1.976935534481644652e+01	2.009274669490690002e+01	2.071516724714166457e+01	2.010369206765801664e+01	2.003870865731557771e+01	1.983301928368486955e+01	2.015184433810459907e+01	2.029713867959755902e+01	1.961818355653028334e+01
1.947963941875432425e+01	1.999714622106522199e+01	1.982986036045524258e+01	1.948347446462863175e+01	2.017845586444486727e+01	1.932175372265841773e+01	1.941944158622264283e+01	1.952276845109788894e+01	1.969105366301718973e+01	1.948801158392451427e+01	1.979042427134441695e+01	1.998486389933773566e+01	1.963638176809134706e+01	1.943297278222112112e+01	1.976351500191436728e+01	1.959349849354167361e+01	1.976192500324535928e+01	1.939445868180377630e+01	1.974448365949452366e+01	1.987468758677686864e+01	2.909364500346230642e+01	1.918819325453942071e+01	1.976534437760627583e+01	1.982710223513983294e+01	1.898112390855511578e+01	1.978308310003053094e+01	1.954550271151077823e+01	1.961359638602433009e+01	1.963373422752939490e+01	1.985857012736454053e+01	1.952200893905567369e+01	1.937930698121645889e+01	2.002991375521766315e+01	1.987302965561164214e+01	1.952940512426749109e+01	2.029747265610358653e+01	1.952702847365076266e+01	1.984338405102959513e+01	1.995263761666561209e+01	1.959072394926178973e+01	1.952063522826240316e+01	1.903667155121960874e+01	1.924034696024433799e+01	1.996635019757437846e+01	1.970314987830624531e+01	1.941136381746808581e+01	1.928316247223136415e+01	1.980908735972477785e+01	2.007021101421696940e+01	1.969804265777476004e+01
1.951867128318912847e+01	1.959864773409552896e+01	1.928455064102126215e+01	1.917737268591441335e+01	1.946110405835176849e+01	1.890766392497254245e+01	1.860832203369223947e+01	1.909306521136883461e+01	1.959599681170788088e+01	1.883592483513773885e+01	1.974503385767436825e+01	1.984576785045975456e+01	1.959835326895493068e+01	1.904937555643098079e+01	1.959065568888862785e+01	1.938913742288875497e+01	1.981390075073970536e+01	1.943600220045241045e+01	1.966439857027818405e+01	1.974472865915651809e+01	1.918819325453942071e+01	2.910836720874979022e+01	1.951336425875823011e+01	1.945324552847514354e+01	1.959410774802050526e+01	1.888707915556559769e+01	1.937238599298258279e+01	1.936601243390756721e+01	1.931460041729535604e+01	1.951901787492069928e+01	1.977163596362064268e+01	1.855816229596138811e+01	1.957098516810560440e+01	1.973348527618436421e+01	1.975222335970687126e+01	2.007445874836126265e+01	1.954134842405692396e+01	1.950153071013080108e+01	1.981548610635373464e+01	1.941798171514692584e+01	1.932713714352171053e+01	1.928517919172932338e+01	1.939551528966704552e+01	1.989478661223209244e+01	1.930100925087478103e+01	1.932374347887841282e+01	1.937725078826096947e+01	1.902672971836912552e+01	1.976784174320384224e+01	1.953680551620613670e+01
1.977673819462463101e+01	1.987439940958352480e+01	2.025489155986396739e+01	1.956351203972941377e+01	2.019865886536570443e+01	1.947288018149055233e+01	1.963742341261446356e+01	1.976727926638476163e+01	2.000486623350428772e+01	1.992996728945533746e+01	1.972856441373285463e+01	1.994739078746080452e+01	2.010782901296654401e+01	1.963221884340815748e+01	2.001591445291770199e+01	1.989516784015422601e+01	2.010202267042702218e+01	1.986465213835356991e+01	1.980620777357277262e+01	2.022402322023970100e+01	1.976534437760627583e+01	1.951336425875823011e+01	2.978065729508131909e+01	1.974141160823635133e+01	1.921771250622848370e+01	1.947744984407325930e+01	2.004085887388440312e+01	1.979934629720358430e+01	2.010192237970867524e+01	1.963860930709559227e+01	1.970839338401673402e+01	1.946871551397150668e+01	2.015561132035455572e+01	2.031143531657843226e+01	2.040893450957545951e+01	2.080840984413014993e+01	1.999216228005655793e+01	2.002139987320715520e+01	2.056381707200415931e+01	2.026942803379500901e+01	1.959989181092123189e+01	1.942408875628219178e+01	1.981726620634308489e+01	2.028521100048804371e+01	1.977614386086838039e+01	1.996048224971114138e+01	1.970274842264154103e+01	1.985762954373539557e+01	2.067888063609147409e+01	1.988587759832049429e+01
1.957427011775854453e+01	2.022277194648306420e+01	1.988248621551220907e+01	1.944375869765590892e+01	2.011363128750748430e+01	1.939814309437779016e+01	2.017286448286369804e+01	1.934606243404167003e+01	2.007534402794805217e+01	2.004075196320069807e+01	1.991730972735057037e+01	1.996197911652796009e+01	1.959707699977684925e+01	1.960051764477242386e+01	2.051384282884881216e+01	1.967356740707602825e+01	1.978125657334185661e+01	2.008163821453792508e+01	1.962605760535599941e+01	1.999764372151919645e+01	1.982710223513983294e+01	1.945324552847514354e+01	1.974141160823635133e+01	2.971023164598207700e+01	1.915539812505256023e+01	1.928996804680898691e+01	2.011082050110166719e+01	1.932039622352503727e+01	1.988046625438139614e+01	2.002701149041263662e+01	1.977414428977516891e+01	1.945437451085721747e+01	2.012936923973635928e+01	2.026691806543245633e+01	2.018822000893264956e+01	1.985020311443045671e+01	2.010583266451430973e+01	1.988408867618257148e+01	2.052531697392164745e+01	2.015428604530159262e+01	1.983696713292326308e+01	1.948916761522340479e+01	1.918064170219853182e+01	1.996109389696915670e+01	2.022835910430736561e+01	1.976128537430954779e+01	1.982501947776565743e+01	1.972810468883747603e+01	2.034040255224607918e+01	1.990138463200984731e+01
1.900150270705847433e+01	1.967714485298552063e+01	1.943888408859445960e+01	1.938312645819684121e+01	1.962063737352113080e+01	1.872826583261867484e+01	1.939224203396515023e+01	1.954025883284889531e+01	1.940600857112786670e+01	1.926389355219438926e+01	1.949961380936837330e+01	1.991560330671287815e+01	1.940339931927693229e+01	1.898683968839235447e+01	2.016614696466844592e+01	1.923197280869708337e+01	1.954522601708805496e+01	1.963256293530409735e+01	1.947631312021092143e+01	1.992336220953540860e+01	1.898112390855511578e+01	1.959410774802050526e+01	1.921771250622848370e+01	1.915539812505256023e+01	2.879600228242993509e+01	1.910307484963494673e+01	1.929350273440886454e+01	1.930399217379043719e+01	1.893992737946746630e+01	1.953830373182567115e+01	1.910745811028418828e+01	1.885258657408515859e+01	1.920328968322659691e+01	1.980738623252151243e+01	1.994494053677019352e+01	1.988753083114689346e+01	1.962618933075907535e+01	1.972975908861746674e+01	1.966971022085204268e+01	1.943603025695352216e+01	1.959198432281698032e+01	1.917629058386889795e+01	1.909530150614491717e+01	1.974787297292656163e+01	1.948022325254455467e+01	1.952973463225507800e+01	1.948370460473226728e+01	1.907237194821124859e+01	1.988936050116998899e+01	1.924702518282763464e+01
1.976120361399197023e+01	1.991112529252324492e+01	2.000383353081263138e+01	1.955720662170718782e+01	2.009923982861479530e+01	1.906565218740178835e+01	1.914918568037829516e+01	1.916847430220311921e+01	1.977524426564406212e+01	1.992023309380671492e+01	1.933837005688285515e+01	1.958236889277169723e+01	1.961516868776282152e+01	1.922735867132741205e+01	2.017030503558737564e+01	1.963723414644322318e+01	1.966411232447427082e+01	1.941972008694457230e+01	1.952332619814783143e+01	1.994385380319623380e+01	1.978308310003053094e+01	1.888707915556559769e+01	1.947744984407325930e+01	1.928996804680898691e+01	1.910307484963494673e+01	2.872932242752933973e+01	1.951540362773940984e+01	1.967505714690554441e+01	1.949327209353429069e+01	1.981950152061956061e+01	1.938320572462749070e+01	1.879011285596989467e+01	1.994632153346350734e+01	2.041283922567972553e+01	1.981985725735007264e+01	2.027155553126615928e+01	1.995703156507508069e+01	1.976473140755830116e+01	2.029803047016942941e+01	1.972799626097136283e+01	1.964069802737732218e+01	1.925681172253296936e+01	1.948276964259510891e+01	1.983698259925038698e+01	1.996635448392631318e+01	1.963510212330855609e+01	1.949712685965635472e+01	1.943388741551492060e+01	1.981238753535310693e+01	1.953490458051899381e+01
1.932133984775678925e+01	2.007182042239754338e+01	2.012722504994913209e+01	1.963841653040369906e+01	1.981512966549117749e+01	1.912236029644165569e+01	1.945687646938053561e+01	1.979402380098650482e+01	1.978993385459017063e+01	1.964368707207642473e+01	2.001694042971171683e+01	1.986707736168848015e+01	1.960081707520980032e+01	1.945460183433156232e+01	2.018842413168398764e+01	1.958246789597975734e+01	2.024678555107113809e+01	1.957047857750577435e+01	1.990332599428418092e+01	2.016800786014726299e+01	1.954550271151077823e+01	1.937238599298258279e+01	2.004085887388440312e+01	2.011082050110166719e+01	1.929350273440886454e+01	1.951540362773940984e+01	2.929363035239955693e+01	1.992183033882998799e+01	1.969006702478576898e+01	1.988309037829484183e+01	1.988605949332919920e+01	1.891243889415485313e+01	1.981496283621846644e+01	2.039610940168162045e+01	2.048216116326012326e+01	1.992973043981493930e+01	2.037248965439901838e+01	2.008863525280637319e+01	2.024082869568607990e+01	1.979203825540510664e+01	1.980804431988865488e+01	1.962961444848222214e+01	1.941973425845553436e+01	2.004719122403570353e+01	1.992016461054998544e+01	1.970243472969663756e+01	1.948401109551867449e+01	2.004165371036759069e+01	2.007292652256602850e+01	1.949451453391237266e+01
1.982239163135859172e+01	2.032006927464549406e+01	2.030014350578366944e+01	1.984496757848901183e+01	2.003641575950502229e+01	1.917762605812528776e+01	1.930623735256845563e+01	1.929439123103872689e+01	1.967109189997512786e+01	1.967863346250573287e+01	1.986655735888497532e+01	2.019452571242729988e+01	1.991706675411595029e+01	1.983413030762251950e+01	2.014067954377321001e+01	1.966762984314283713e+01	2.043706702624254135e+01	1.960514774082411904e+01	1.982385336710895984e+01	1.985716551803982810e+01	1.961359638602433009e+01	1.936601243390756721e+01	1.979934629720358430e+01	1.932039622352503727e+01	1.930399217379043719e+01	1.967505714690554441e+01	1.992183033882998799e+01	2.995926097753467943e+01	1.989554356135867152e+01	2.005858871557496315e+01	1.991049857881789720e+01	1.944411900474166188e+01	2.014631244724266423e+01	2.035819664544744967e+01	2.027250610415395116e+01	2.020165460314908046e+01	1.986881441556869987e+01	2.003615544257272418e+01	2.004607863735605733e+01	2.025806538098366971e+01	1.966862104970989122e+01	1.984529215081475684e+01	1.948262848352047527e+01	2.041031260052147189e+01	1.954125200872984180e+01	1.977428871227733964e+01	1.969712027330339410e+01	2.017609368669591063e+01	2.033095759701706129e+01	1.983717779153185035e+01
1.955232880978052279e+01	1.971405730483953533e+01	2.002449483179338330e+01	1.944841844834563105e+01	2.059440389536717930e+01	1.914939417766847640e+01	1.952591768763634406e+01	1.941887758589696844e+01	1.997442581972779152e+01	1.967055322573703080e+01	1.960324330832565920e+01	1.980257105569297948e+01	1.991659208246997181e+01	1.983940180040323398e+01	2.013271004030698919e+01	1.976761597512437874e+01	1.989087469395060381e+01	1.904488827343406498e+01	1.964439624978183119e+01	2.023721350496323268e+01	1.963373422752939490e+01	1.931460041729535604e+01	2.010192237970867524e+01	1.988046625438139614e+01	1.893992737946746630e+01	1.949327209353429069e+01	1.969006702478576898e+01	1.989554356135867152e+01	2.941421959049418433e+01	1.971241937298617941e+01	1.996604130080340767e+01	1.922064140901731477e+01	2.000967312455138725e+01	2.005465306056034080e+01	2.010731145773240769e+01	2.018341002899928327e+01	2.018511308821262418e+01	1.968479349986087712e+01	1.995313742856518502e+01	1.977641019958915791e+01	1.997036621222099484e+01	1.970782489304414753e+01	1.931973834692098535e+01	2.019092904039601422e+01	1.976866016049114450e+01	1.983623299569866916e+01	1.948599581643738432e+01	1.999038320850750949e+01	2.022384792581117807e+01	2.039913460914931065e+01
1.965732106418466429e+01	2.023214800464881336e+01	2.020175441874067346e+01	2.003674238609499625e+01	2.024459578926400738e+01	1.962298639295227431e+01	1.985532928951629827e+01	1.992665651839785212e+01	2.002078225241969989e+01	1.979636372191797733e+01	2.037351472917707795e+01	2.016530652158256487e+01	1.996985097599611336e+01	1.984962391492856071e+01	2.010472643763634082e+01	1.983505493499200867e+01	2.015836875073929235e+01	2.004823384944902642e+01	1.984990237326788787e+01	2.013985834333333713e+01	1.985857012736454053e+01	1.951901787492069928e+01	1.963860930709559227e+01	2.002701149041263662e+01	1.953830373182567115e+01	1.981950152061956061e+01	1.988309037829484183e+01	2.005858871557496315e+01	1.971241937298617941e+01	2.989673825918056238e+01	1.977465977411115006e+01	1.938675900157597809e+01	2.028720784623311957e+01	2.031360772599636633e+01	2.021199264245756311e+01	2.081919177624375905e+01	2.071925621742190771e+01	2.018593394063260149e+01	2.085634242642914415e+01	2.008887214952716249e+01	1.983618756037890662e+01	1.979236105397719214e+01	1.957081433381012658e+01	2.013374330690446712e+01	2.022429720655896190e+01	2.021543978316985957e+01	2.000061681465785313e+01	1.989142965907986849e+01	2.050678435583755643e+01	2.018119037617264055e+01
1.942426481243028746e+01	2.029661282057103833e+01	2.011213324324403118e+01	1.989088156076431702e+01	2.028323758049495495e+01	1.907788896132516854e+01	1.957620192471079079e+01	1.950248423231813533e+01	1.970398529724610626e+01	2.007769283246596714e+01	1.953901965493968973e+01	1.991416414924476541e+01	1.997325889857283343e+01	1.950510326096254943e+01	2.002647411172764791e+01	1.948746290652822566e+01	1.977998607931099428e+01	1.977260500709370561e+01	1.992552180728994671e+01	1.999610632816405342e+01	1.952200893905567369e+01	1.977163596362064268e+01	1.970839338401673402e+01	1.977414428977516891e+01	1.910745811028418828e+01	1.938320572462749070e+01	1.988605949332919920e+01	1.991049857881789720e+01	1.996604130080340767e+01	1.977465977411115006e+01	3.006207859573568442e+01	1.925169974295202735e+01	2.014221280911958090e+01	2.034521055239836329e+01	1.989971565534196785e+01	2.070238066693010737e+01	2.032732314971347876e+01	1.988805395069362447e+01	1.993625478719749466e+01	1.957742726863591542e+01	1.959733497159186300e+01	1.949259851871169857e+01	1.943675030164217077e+01	2.032569885189343850e+01	1.985936530135581890e+01	2.002395770563572697e+01	1.984176771928256855e+01	1.943561999854607336e+01	2.018222155324271228e+01	1.978331736982971023e+01
1.922083592920166240e+01	1.984848014943997896e+01	1.964041373543090785e+01	1.922564070926363655e+01	1.963447779473456478e+01	1.916781356029888883e+01	1.924034813885898743e+01	1.934493401394025724e+01	1.940705104569052963e+01	1.953636463137602775e+01	1.955367998095450588e+01	1.936572151507645856e+01	1.937617516715916111e+01	1.916463450771491495e+01	1.928536514477462305e+01	1.888818461518350134e+01	1.984226002098643349e+01	1.925854307072591709e+01	1.958840220546596100e+01	1.929832738847559881e+01	1.937930698121645889e+01	1.855816229596138811e+01	1.946871551397150668e+01	1.945437451085721747e+01	1.885258657408515859e+01	1.879011285596989467e+01	1.891243889415485313e+01	1.944411900474166188e+01	1.922064140901731477e+01	1.938675900157597809e+01	1.925169974295202735e+01	2.916652051874220675e+01	1.964851371933244550e+01	1.950932092219176539e+01	1.957940056525342243e+01	2.029933017492438907e+01	1.997339474585530539e+01	1.939820484958346469e+01	2.004007540515286578e+01	1.948741008837722077e+01	1.965705440247030822e+01	1.962198263044504287e+01	1.908457524038298203e+01	1.986751490176586898e+01	2.003707884170287912e+01	1.963120019800204830e+01	1.931320779477639960e+01	1.982161975449472280e+01	2.011570232491743937e+01	1.907321128613321548e+01
