2.998283307876451786e+01	1.989456512343860695e+01	2.014495913925536996e+01	2.016117984158336895e+01	1.998248404242820442e+01	2.031324231111825540e+01	2.027876731292547419e+01	2.042675903847188934e+01	2.016260082631780648e+01	1.981567187878679803e+01	1.981008226931934146e+01	2.040710326348072101e+01	1.973770287485803365e+01	1.922502525755492542e+01	2.005451217747212667e+01	2.026838878581417802e+01	2.023957049035150035e+01	2.018133257070161335e+01	2.046145493102136470e+01	1.966931839327268960e+01	1.951220047916297418e+01	2.045403948163311370e+01	1.972694147494573969e+01	1.979437051991427410e+01	2.004366118567083177e+01	1.932731493172935089e+01	2.008955939085559450e+01	2.044751502954447275e+01	2.032135878337240698e+01	2.006485660905065771e+01	2.023316827553046693e+01	2.069497747713634084e+01	1.994436970968728318e+01	1.940109592489448431e+01	2.003461253343102300e+01	1.987440262023404003e+01	1.996335968496854463e+01	2.027844887238795835e+01	2.001567340300741549e+01	2.014896769063981807e+01	2.014017488101026387e+01	2.061354669583848320e+01	1.941228437792892336e+01	2.000226194814061031e+01	1.995005894245953115e+01	1.996599968992342866e+01	1.960496208827080977e+01	1.995721256375645680e+01	2.044020351560208226e+01	2.012298413607986447e+01
1.989456512343860695e+01	2.962654407865050743e+01	2.003082547234724231e+01	2.010477787104989389e+01	1.995207209495002587e+01	2.036447303436223422e+01	2.009027570011665631e+01	2.040591933740991948e+01	2.022234985093298576e+01	1.932899464274057166e+01	1.949063909165649733e+01	1.980159505175446100e+01	1.986757983739397559e+01	1.924450114371711607e+01	1.996569606944669673e+01	2.031868772631877818e+01	2.020167912151343970e+01	1.971229058206984064e+01	2.053442576628416916e+01	1.988175168809357984e+01	1.915101209143256966e+01	2.033624994674115882e+01	1.964071040266430757e+01	1.984769758155791664e+01	1.969214929823961668e+01	1.903743363853141091e+01	1.951278750665960260e+01	2.010823713434981386e+01	2.028945980352273182e+01	1.969297796679347812e+01	2.046127275883040397e+01	2.045884196672343691e+01	1.979237916905711359e+01	1.971738321959101370e+01	1.970747772812249821e+01	1.958446018049946957e+01	1.984380584188098950e+01	2.003100214526143930e+01	1.957183649160392491e+01	1.989616614532592109e+01	2.023006852873291095e+01	2.030810981804083326e+01	1.925108550180422640e+01	1.943185555108754414e+01	1.969597767645201358e+01	1.938026722465995988e+01	1.945314249272706064e+01	2.009958879187498582e+01	2.069377380191101423e+01	2.005450221159960478e+01
2.014495913925536996e+01	2.003082547234724231e+01	3.017649090503240572e+01	2.051063403567632193e+01	2.013326348138607358e+01	2.058587504078431252e+01	2.016977863015931760e+01	2.057246982370874733e+01	2.055665860373568776e+01	1.986319337490855119e+01	1.995412701068725170e+01	1.971356313818195716e+01	1.961011732963903498e+01	1.997304304525824747e+01	2.011019536877387281e+01	2.031286516369387840e+01	2.018977427304695027e+01	2.015169529823328176e+01	2.051010346184035171e+01	2.001617791367666399e+01	1.931826192101771866e+01	2.020780326845519070e+01	1.996537209063687968e+01	1.969979371987472305e+01	2.025475696706865136e+01	1.924221737819658884e+01	2.013557831568178358e+01	1.995266560467604933e+01	2.088208606174218218e+01	1.992605813756461330e+01	2.038796808077200495e+01	2.056214526749936766e+01	1.990197144610653979e+01	1.956635519234189147e+01	2.036721754312119614e+01	1.952384147392557878e+01	2.039972409101305217e+01	2.015013083243384884e+01	2.006430299553728958e+01	1.992995435486265166e+01	2.022729675369000191e+01	2.065802328511442099e+01	1.943335358651506439e+01	1.996742655798023236e+01	2.001969267135758912e+01	1.987088105337848987e+01	2.000053739465067082e+01	2.002103958783479243e+01	2.028978792829949285e+01	2.038737310770484612e+01
2.016117984158336895e+01	2.010477787104989389e+01	2.051063403567632193e+01	3.048164694810902020e+01	2.036792418617061173e+01	2.072635857324437936e+01	2.019459558084737694e+01	2.054615186724358722e+01	2.030219825922483068e+01	1.960808125797375467e+01	1.992474409447400774e+01	2.040193772717063680e+01	2.000396236423779328e+01	1.960771911358895991e+01	2.099214432737682756e+01	2.023277638962591141e+01	2.016170862255054175e+01	2.025133988034826515e+01	2.095031281878890539e+01	1.999789144236079252e+01	1.991138546145772992e+01	2.061815585540399809e+01	1.950955269641376688e+01	2.009604201519299949e+01	1.994792032947017191e+01	1.964633407503320583e+01	2.037093151338274666e+01	2.019435423869096979e+01	2.055491823971578924e+01	2.027995868313597683e+01	2.066327553424268260e+01	2.050122942650745372e+01	2.003913245519993325e+01	1.997162615693635956e+01	2.032172601766326636e+01	1.990274307504057205e+01	2.026675248527017104e+01	2.003245838223686448e+01	1.997170376032961059e+01	2.027255463420823389e+01	1.994097315446106577e+01	2.072338225002293655e+01	1.983265881867583147e+01	2.009110035596116006e+01	2.011997734198047638e+01	2.026232556689765119e+01	1.950687823630621764e+01	2.048228807906047777e+01	2.075111609064997253e+01	2.096291205274163616e+01
1.998248404242820442e+01	1.995207209495002587e+01	2.013326348138607358e+01	2.036792418617061173e+01	2.969382989720254074e+01	2.043856070232338240e+01	2.030948862427256074e+01	2.030980324570629847e+01	2.009885706719972021e+01	1.999454508428930311e+01	1.977007191074922332e+01	2.000632853722731141e+01	1.985483035820971054e+01	1.946872743191452315e+01	2.024435954585035446e+01	2.043439244595916904e+01	2.012363150534358169e+01	2.012956405564227325e+01	2.041495685302361096e+01	2.001369565285129326e+01	1.959406104689372796e+01	2.067110451242603375e+01	1.940890895383717663e+01	1.983883520814458379e+01	2.012273028507600969e+01	1.926712797651049058e+01	1.993706661927568646e+01	2.036448232107050416e+01	2.059664788345046560e+01	1.968542636670265367e+01	2.010294369334038933e+01	2.042504122223561680e+01	1.992943148717081669e+01	1.948389059717618821e+01	1.982303541326737317e+01	1.961298106994851054e+01	2.014778284112036033e+01	1.948593082783719055e+01	1.997795657144935433e+01	2.018459091987790899e+01	2.030529691072396403e+01	2.073902301111260016e+01	1.958680599583428972e+01	1.975400455356497886e+01	1.970857668999724766e+01	1.981307437828519369e+01	1.986042059902966983e+01	2.032068949599574736e+01	2.051741839853142224e+01	2.070245343881219924e+01
2.031324231111825540e+01	2.036447303436223422e+01	2.058587504078431252e+01	2.072635857324437936e+01	2.043856070232338240e+01	3.017389764118849627e+01	2.054698208525305247e+01	2.059746575608028607e+01	2.037056406984864054e+01	2.016175290529130848e+01	1.979835444330569771e+01	2.041835828728761015e+01	1.968004189609099797e+01	1.951118510654385219e+01	2.040974000869778138e+01	2.062280985848903114e+01	2.010490378835613967e+01	2.025145522963211420e+01	2.061828927831501801e+01	2.037752822638123718e+01	1.996958519725330206e+01	2.068217213321357661e+01	2.003597947056058359e+01	2.007255500455900687e+01	2.013160672921244299e+01	1.954352741621626777e+01	2.041157902335126906e+01	2.078400065198668401e+01	2.081363916334113284e+01	1.982450261901366773e+01	2.050248715714748471e+01	2.073582644514781137e+01	1.995339538914647193e+01	1.965982186640471951e+01	2.027855198310881946e+01	1.998317783326358210e+01	2.010332610796467634e+01	2.035824089641654666e+01	2.028736051931990403e+01	2.012207611400956608e+01	2.031660218276022434e+01	2.085209329990167504e+01	1.976874670777579368e+01	2.019107511096230567e+01	2.014065568562465103e+01	2.021733115400806469e+01	2.030742813129820590e+01	2.069931436604422714e+01	2.083586345331428547e+01	2.031373204888238604e+01
2.027876731292547419e+01	2.009027570011665631e+01	2.016977863015931760e+01	2.019459558084737694e+01	2.030948862427256074e+01	2.054698208525305247e+01	2.957438385730407759e+01	2.028010367221888188e+01	1.992524842325590129e+01	1.983633178834703514e+01	1.945247915272177863e+01	1.981160658498236771e+01	1.954338660513041859e+01	1.931195538771826392e+01	1.988428418850728718e+01	2.035002594824112521e+01	1.963791938325843489e+01	1.993511818034543737e+01	2.043885470925588166e+01	1.991907893386710882e+01	1.950463571213759906e+01	2.024015695546292193e+01	1.965819071961023212e+01	1.975065142135674279e+01	1.998116379114399166e+01	1.912633005239752748e+01	1.997223073473486465e+01	2.046450773127721234e+01	2.045986425162388755e+01	1.975481507483922528e+01	2.047491409957968855e+01	2.042208704506246164e+01	1.968408930027866077e+01	1.934080716620679397e+01	2.006932939688979189e+01	1.984018855146472760e+01	2.014810296939162626e+01	1.994816436086534850e+01	1.972595535145354262e+01	2.021552132395398615e+01	2.008054128438914532e+01	2.068605803270047971e+01	1.952273292594976084e+01	1.985588487216772791e+01	1.989335346326005194e+01	2.006147845623081238e+01	1.955470009697853229e+01	2.015413256529847175e+01	2.048939105331262311e+01	2.041059322001915177e+01
2.042675903847188934e+01	2.040591933740991948e+01	2.057246982370874733e+01	2.054615186724358722e+01	2.030980324570629847e+01	2.059746575608028607e+01	2.028010367221888188e+01	3.087177077502956379e+01	2.039331936515349497e+01	2.001527516795319528e+01	1.990332451175078177e+01	2.002903084919005749e+01	2.003933119260807061e+01	2.026546625677724123e+01	2.043506390928631689e+01	2.066400905944848887e+01	2.069158402969247135e+01	2.051619446621235809e+01	2.108184632240245904e+01	2.040040699527654056e+01	1.983600569262811320e+01	2.048717057273109177e+01	1.985638749725660190e+01	1.998930723469534598e+01	2.038748127568223012e+01	1.951184143146008410e+01	2.075512227520656339e+01	2.034212324971669972e+01	2.096064520889085614e+01	2.026910970793525735e+01	2.055913304767768679e+01	2.117857861623284066e+01	2.028719925133264823e+01	1.989016712550125376e+01	2.051149602208466050e+01	2.030607618082935772e+01	2.023800221820492951e+01	2.029268650396984341e+01	1.996255341250405735e+01	2.033785214709419975e+01	2.031362994625331808e+01	2.083625004433643113e+01	1.969093706216624895e+01	2.021692236944926790e+01	2.049618422542113549e+01	2.013788418674629810e+01	1.982861015051941678e+01	2.098106604016905408e+01	2.095584912060708405e+01	2.028906824968543532e+01
2.016260082631780648e+01	2.022234985093298576e+01	2.055665860373568776e+01	2.030219825922483068e+01	2.009885706719972021e+01	2.037056406984864054e+01	1.992524842325590129e+01	2.039331936515349497e+01	2.976882547105594767e+01	1.944502561228788196e+01	1.968763936473005316e+01	1.980222848674581471e+01	2.015026016139454512e+01	1.915111793293751319e+01	2.048914409065309172e+01	2.011226422618167931e+01	2.016387722295813134e+01	1.984783483658981140e+01	2.062108680444929476e+01	1.992919451919406626e+01	1.992322235555725740e+01	2.031592843621823974e+01	1.969260400438047398e+01	1.993829457991257215e+01	1.994662963007424850e+01	1.913464704306134934e+01	1.999819925322319136e+01	2.015089672380208086e+01	2.079810163029689818e+01	2.017749429543775364e+01	2.033816392702777165e+01	2.068082854558706174e+01	2.000451274341536845e+01	1.939419036960375564e+01	2.038619074292738986e+01	1.963968354870755206e+01	1.991888257121807726e+01	2.008109212856143699e+01	2.009219799345891744e+01	1.992636998831163098e+01	2.033641627193185641e+01	2.067684881967227284e+01	1.955906209064604795e+01	2.003463766091299547e+01	2.018583328496692531e+01	1.994756077711306474e+01	1.970585737569525975e+01	2.009526420296085547e+01	2.056797875100113515e+01	2.013503506983020586e+01
1.981567187878679803e+01	1.932899464274057166e+01	1.986319337490855119e+01	1.960808125797375467e+01	1.999454508428930311e+01	2.016175290529130848e+01	1.983633178834703514e+01	2.001527516795319528e+01	1.944502561228788196e+01	2.919967488010089696e+01	1.924863152793773580e+01	1.917234783439164403e+01	1.910553569945172470e+01	1.903914252972257870e+01	1.997907817842066081e+01	2.006186533517766435e+01	1.956378028664209978e+01	1.960159407704956891e+01	2.002589061656237490e+01	1.982348371974070389e+01	1.913098213834017258e+01	1.969232672364615766e+01	1.948443954410299384e+01	1.930844277496897021e+01	1.963332242009891360e+01	1.882886456353902460e+01	1.969840102111215430e+01	1.991619932225067657e+01	2.001719124677790163e+01	1.909252149329568482e+01	2.010764311643076852e+01	1.993556882886619519e+01	1.955401265525994248e+01	1.933397766565981257e+01	1.909688638797930338e+01	1.913359759319570230e+01	1.939157466562899756e+01	1.926946518868110658e+01	1.922255889425233732e+01	1.957045195085287048e+01	1.974361208616221930e+01	2.004010374044544207e+01	1.901559641513365051e+01	1.923473294811000400e+01	1.966435373486513427e+01	1.962859265906044115e+01	1.905905879528700453e+01	1.989875529562693046e+01	2.059045422963408711e+01	2.022788519427980347e+01
1.981008226931934146e+01	1.949063909165649733e+01	1.995412701068725170e+01	1.992474409447400774e+01	1.977007191074922332e+01	1.979835444330569771e+01	1.945247915272177863e+01	1.990332451175078177e+01	1.968763936473005316e+01	1.924863152793773580e+01	2.979191641748361263e+01	1.986712148575939452e+01	1.947945518911718210e+01	1.923040568329613720e+01	1.968797400595778413e+01	2.010856773595632419e+01	1.955706965504164074e+01	1.961982371223843913e+01	2.015939416945150242e+01	1.962849934154865039e+01	1.952623206579930226e+01	1.995427612307693721e+01	1.952224229614769158e+01	1.917307673569546367e+01	1.943958139386088035e+01	1.860475084279607216e+01	1.976431720602101194e+01	1.984137511919746188e+01	1.981751119708287945e+01	1.965833402511456285e+01	1.969943431152476521e+01	2.013701506985313827e+01	1.938442200500891843e+01	1.911228336202024281e+01	1.933016487821081952e+01	1.889414273900894159e+01	1.956328371612004347e+01	1.958359327458251542e+01	1.991198764518576780e+01	1.950382120330893443e+01	1.961200933882974340e+01	2.033654323020749288e+01	1.952739240864753967e+01	1.942901058256882152e+01	2.007259404737157027e+01	1.996480849872235197e+01	1.894512391736286006e+01	1.979271427006263195e+01	2.006251887093722530e+01	1.951072108607476352e+01
2.040710326348072101e+01	1.980159505175446100e+01	1.971356313818195716e+01	2.040193772717063680e+01	2.000632853722731141e+01	2.041835828728761015e+01	1.981160658498236771e+01	2.002903084919005749e+01	1.980222848674581471e+01	1.917234783439164403e+01	1.986712148575939452e+01	2.992622825851002588e+01	1.990514992871474931e+01	1.947532238229961621e+01	2.018954279356055892e+01	2.070887452878966428e+01	1.993320511074242773e+01	1.975641685939330117e+01	2.026525074149260419e+01	1.991847777027453859e+01	1.960780641411446723e+01	2.041236559836256603e+01	1.943562271577839340e+01	2.021252084000031957e+01	1.990044264901969129e+01	1.930500774610977999e+01	1.985323982066226733e+01	2.055770749323193414e+01	2.026439728748887248e+01	2.024353815804177259e+01	2.015605493141326221e+01	2.029173024819125359e+01	1.996358376926539080e+01	1.975375849649968529e+01	2.002660025048630033e+01	1.965303860296024396e+01	1.967203668454054366e+01	1.989119996538743251e+01	2.010385865593175581e+01	2.003798834121877093e+01	2.018679433365517895e+01	2.031868764687434492e+01	1.937665577735247879e+01	1.983596245595143515e+01	1.964236936828720914e+01	1.982444244460196359e+01	1.953875722212665877e+01	1.992742556398174969e+01	2.067598185837062985e+01	2.025500284074026780e+01
1.973770287485803365e+01	1.986757983739397559e+01	1.961011732963903498e+01	2.000396236423779328e+01	1.985483035820971054e+01	1.968004189609099797e+01	1.954338660513041859e+01	2.003933119260807061e+01	2.015026016139454512e+01	1.910553569945172470e+01	1.947945518911718210e+01	1.990514992871474931e+01	2.954537176623871986e+01	1.890475247478061860e+01	1.966437162990926524e+01	1.993393971847745050e+01	1.961644495407167810e+01	1.959424883913751714e+01	1.990621623488006264e+01	1.953839228501385250e+01	1.931517083948826041e+01	2.011998220664093751e+01	1.909034151476185315e+01	1.909095211763142075e+01	1.933576565721993390e+01	1.916163962340736049e+01	1.998228261554505991e+01	2.024860242460178483e+01	2.041322794436485211e+01	1.980320575532268279e+01	1.980576816217297775e+01	2.038878132037795154e+01	1.964982158429415193e+01	1.912466272709166759e+01	1.920371480426213040e+01	1.899602801698990717e+01	1.953038953016251966e+01	1.968204814723399210e+01	1.943019572146087626e+01	1.980651016556529598e+01	1.984487921719523840e+01	1.994141115176380197e+01	1.893882194737926739e+01	1.952590626026227127e+01	1.995775029172126835e+01	1.953446532170627137e+01	1.911137792442861638e+01	1.975694678157614348e+01	2.027937265009716938e+01	1.967918143830109301e+01
1.922502525755492542e+01	1.924450114371711607e+01	1.997304304525824747e+01	1.960771911358895991e+01	1.946872743191452315e+01	1.951118510654385219e+01	1.931195538771826392e+01	2.026546625677724123e+01	1.915111793293751319e+01	1.903914252972257870e+01	1.923040568329613720e+01	1.947532238229961621e+01	1.890475247478061860e+01	2.892235987914666850e+01	1.955269405634003377e+01	1.974238860497789005e+01	1.932454970512894477e+01	1.923509973294422437e+01	1.987372816352674221e+01	1.928735342671561526e+01	1.841528790972250462e+01	1.995169316163229212e+01	1.886479948282804742e+01	1.889761133914283064e+01	1.960852237370071549e+01	1.808521007002702063e+01	1.939108203447946366e+01	1.945058528741508752e+01	1.988909240610055562e+01	1.923662340753242006e+01	1.955177765811848545e+01	1.984795149595173669e+01	1.925111598690726566e+01	1.890610445957319286e+01	1.888418161231113501e+01	1.905484872462756485e+01	1.914017762999156247e+01	1.904918634324434024e+01	1.888113854514857692e+01	1.931839451468657742e+01	1.917333507464056197e+01	1.986095178647895310e+01	1.892958875439059341e+01	1.936738418389869665e+01	1.943003063871210401e+01	1.926446656411027902e+01	1.866651771276517380e+01	1.928035584319401252e+01	2.012101516008188185e+01	1.966722490138163693e+01
2.005451217747212667e+01	1.996569606944669673e+01	2.011019536877387281e+01	2.099214432737682756e+01	2.024435954585035446e+01	2.040974000869778138e+01	1.988428418850728718e+01	2.043506390928631689e+01	2.048914409065309172e+01	1.997907817842066081e+01	1.968797400595778413e+01	2.018954279356055892e+01	1.966437162990926524e+01	1.955269405634003377e+01	3.077273713219612006e+01	2.053840094289802920e+01	1.994059658474364838e+01	2.025003104908935825e+01	2.054164458368851953e+01	1.982097287079628600e+01	1.947668384154700760e+01	2.034066260948774740e+01	1.954621503416618467e+01	1.940841452870342820e+01	2.017263552697778550e+01	1.913022693791599949e+01	2.024110262131333116e+01	1.981556144550384602e+01	2.071351842716940084e+01	1.980447871095010726e+01	2.078154544534246284e+01	2.050114183200736306e+01	2.007299561384645514e+01	1.940826402338911194e+01	2.001772341294558899e+01	1.963059568236500496e+01	2.015470660455836693e+01	2.000302050235524476e+01	1.994252202106096661e+01	1.968094030140550643e+01	1.998198837281195139e+01	2.076658327449617047e+01	1.969830857613287378e+01	1.996334503996147092e+01	2.023124123294615728e+01	1.977508682538561402e+01	1.972575816561467477e+01	2.048837480881461914e+01	2.127601436417851133e+01	2.017798652203902066e+01
2.026838878581417802e+01	2.031868772631877818e+01	2.031286516369387840e+01	2.023277638962591141e+01	2.043439244595916904e+01	2.062280985848903114e+01	2.035002594824112521e+01	2.066400905944848887e+01	2.011226422618167931e+01	2.006186533517766435e+01	2.010856773595632419e+01	2.070887452878966428e+01	1.993393971847745050e+01	1.974238860497789005e+01	2.053840094289802920e+01	3.034609051301969274e+01	2.033688317961942360e+01	2.063185380210127562e+01	2.099904798191198907e+01	2.047625409955075071e+01	1.969731792205364584e+01	2.074964102447374970e+01	1.973442141424676066e+01	1.974143399920180286e+01	2.051350160348741269e+01	1.950614864057935449e+01	2.035519413139627432e+01	2.018392554939768146e+01	2.073124096303703823e+01	2.025393640248537608e+01	2.038441791368711264e+01	2.063501952641955839e+01	1.977738714257784025e+01	1.958896110933549650e+01	2.008565646195714649e+01	1.985592950561895265e+01	2.028766346530280984e+01	1.998815429258380760e+01	1.997092541504761343e+01	2.022822272647078279e+01	2.023107768330342182e+01	2.052379742803850249e+01	1.959913689017161786e+01	2.023119685263560186e+01	2.042987637663024358e+01	1.990914544729577784e+01	1.936261882433775838e+01	2.024495622749808632e+01	2.071692994988888259e+01	2.023908433289904352e+01
2.023957049035150035e+01	2.020167912151343970e+01	2.018977427304695027e+01	2.016170862255054175e+01	2.012363150534358169e+01	2.010490378835613967e+01	1.963791938325843489e+01	2.069158402969247135e+01	2.016387722295813134e+01	1.956378028664209978e+01	1.955706965504164074e+01	1.993320511074242773e+01	1.961644495407167810e+01	1.932454970512894477e+01	1.994059658474364838e+01	2.033688317961942360e+01	2.979779027911212452e+01	1.986792520690129393e+01	2.078665012454497329e+01	1.989436990942055061e+01	1.937797117458921647e+01	2.052979975581754246e+01	1.980546723939232834e+01	1.979737316485000065e+01	1.969365785300260541e+01	1.921755228763508683e+01	2.025312346866514801e+01	2.015122479695170910e+01	2.064780499174819184e+01	2.021836566243651845e+01	2.031356864359463543e+01	2.077549152908950703e+01	1.982914964096204002e+01	1.965338636255001958e+01	2.002839367177790919e+01	1.927848140928918141e+01	1.975831247898574006e+01	2.018915845875783432e+01	1.981538506209300365e+01	2.017034973401604603e+01	2.000429310940032224e+01	2.043331626669392520e+01	1.966188398238316282e+01	1.997367878301940536e+01	2.005922925992504702e+01	2.020324157934084752e+01	1.922041715766919268e+01	1.986147352165477997e+01	2.040099613447682358e+01	1.991175681122011198e+01
2.018133257070161335e+01	1.971229058206984064e+01	2.015169529823328176e+01	2.025133988034826515e+01	2.012956405564227325e+01	2.025145522963211420e+01	1.993511818034543737e+01	2.051619446621235809e+01	1.984783483658981140e+01	1.960159407704956891e+01	1.961982371223843913e+01	1.975641685939330117e+01	1.959424883913751714e+01	1.923509973294422437e+01	2.025003104908935825e+01	2.063185380210127562e+01	1.986792520690129393e+01	2.974420512754882751e+01	2.044273774412696554e+01	1.994641794314568273e+01	1.964208079063784140e+01	2.028007556317882631e+01	1.953266121428069368e+01	1.944754126891812263e+01	2.015354626006870120e+01	1.912730960389806256e+01	2.026527129870493837e+01	1.944391092758971240e+01	2.046242369384513182e+01	1.969135113487423894e+01	2.069432084659423055e+01	2.060295307262286002e+01	1.989477453345966751e+01	1.916402922929459507e+01	1.980716950051464309e+01	1.942818545409124198e+01	2.018812539409375972e+01	1.979247762877279015e+01	2.005583485546110367e+01	1.979817051114163817e+01	1.991690361934841391e+01	2.031221983819831678e+01	1.939508292080907026e+01	1.963976396778270583e+01	1.963700830915676576e+01	2.005928085793254212e+01	1.956848505229750401e+01	2.041394192205044433e+01	2.077098308709725671e+01	1.998629415195022574e+01
2.046145493102136470e+01	2.053442576628416916e+01	2.051010346184035171e+01	2.095031281878890539e+01	2.041495685302361096e+01	2.061828927831501801e+01	2.043885470925588166e+01	2.108184632240245904e+01	2.062108680444929476e+01	2.002589061656237490e+01	2.015939416945150242e+01	2.026525074149260419e+01	1.990621623488006264e+01	1.987372816352674221e+01	2.054164458368851953e+01	2.099904798191198907e+01	2.078665012454497329e+01	2.044273774412696554e+01	3.069043116827400297e+01	2.031819234601961099e+01	1.991641248727983182e+01	2.083844167951486170e+01	2.005900137630200319e+01	2.006632442911582714e+01	2.038790707583475381e+01	1.937925235576413741e+01	2.045354113427636378e+01	2.056452205237978959e+01	2.095712242026274197e+01	2.020434951375152011e+01	2.037645821165697768e+01	2.108816837907226471e+01	2.016623238473550472e+01	2.006238352321851082e+01	2.021371137898193737e+01	1.973879450598471408e+01	2.031387353104483040e+01	2.029268343377565387e+01	2.041027080818573936e+01	2.016577389598908709e+01	2.021913394423553001e+01	2.100096991733611418e+01	1.976176200894792245e+01	2.019704854377947356e+01	2.013140374069144656e+01	2.030047102148209248e+01	1.993011619745735885e+01	2.047436098218801348e+01	2.067985494372920741e+01	2.050468258106383956e+01
1.966931839327268960e+01	1.988175168809357984e+01	2.001617791367666399e+01	1.999789144236079252e+01	2.001369565285129326e+01	2.037752822638123718e+01	1.991907893386710882e+01	2.040040699527654056e+01	1.992919451919406626e+01	1.982348371974070389e+01	1.962849934154865039e+01	1.991847777027453859e+01	1.953839228501385250e+01	1.928735342671561526e+01	1.982097287079628600e+01	2.047625409955075071e+01	1.989436990942055061e+01	1.994641794314568273e+01	2.031819234601961099e+01	2.944725048153805957e+01	1.974611971811797773e+01	2.009461542520617172e+01	1.920557068827662661e+01	1.950650919747122458e+01	1.936809377225280926e+01	1.956342540715879252e+01	2.016795461066423911e+01	1.985124035146599297e+01	2.027458112434583626e+01	1.951718231909973511e+01	2.036546625513158304e+01	2.042498988538370241e+01	1.965242693204206859e+01	1.941109920634416497e+01	1.958797731144669640e+01	1.935914866790935562e+01	2.002117798904476587e+01	1.945089514647721174e+01	2.009030771101647161e+01	2.020710037938509629e+01	1.991675854765524178e+01	2.087038911125661400e+01	1.906672169981341725e+01	1.980856540668198562e+01	2.012661757187023426e+01	1.971968874000005201e+01	1.908437860568287547e+01	2.017453569260252522e+01	2.040496631922471238e+01	1.990271837073255057e+01
1.951220047916297418e+01	1.915101209143256966e+01	1.931826192101771866e+01	1.991138546145772992e+01	1.959406104689372796e+01	1.996958519725330206e+01	1.950463571213759906e+01	1.983600569262811320e+01	1.992322235555725740e+01	1.913098213834017258e+01	1.952623206579930226e+01	1.960780641411446723e+01	1.931517083948826041e+01	1.841528790972250462e+01	1.947668384154700760e+01	1.969731792205364584e+01	1.937797117458921647e+01	1.964208079063784140e+01	1.991641248727983182e+01	1.974611971811797773e+01	2.847175162021682482e+01	1.966665447669369016e+01	1.889668155066554434e+01	1.911991393960353847e+01	1.901622272717118634e+01	1.877231458089802274e+01	1.952465409967468446e+01	1.978209174940608861e+01	2.022310965406994754e+01	1.946851193330022767e+01	1.967086359116295924e+01	2.009790493162792657e+01	1.900536075236802702e+01	1.891949790425579891e+01	1.943818002626251840e+01	1.936124208694496218e+01	1.946893003847891990e+01	1.938643831547781815e+01	1.912703429241121356e+01	1.986353139224919673e+01	1.967506075689390954e+01	2.024768470293987832e+01	1.908809902287079652e+01	1.952560714283680099e+01	1.940686219407614033e+01	1.958418679238077331e+01	1.885249231738762532e+01	1.976688028155941979e+01	1.982210382481896005e+01	1.966141276871979926e+01
2.045403948163311370e+01	2.033624994674115882e+01	2.020780326845519070e+01	2.061815585540399809e+01	2.067110451242603375e+01	2.068217213321357661e+01	2.024015695546292193e+01	2.048717057273109177e+01	2.031592843621823974e+01	1.969232672364615766e+01	1.995427612307693721e+01	2.041236559836256603e+01	2.011998220664093751e+01	1.995169316163229212e+01	2.034066260948774740e+01	2.074964102447374970e+01	2.052979975581754246e+01	2.028007556317882631e+01	2.083844167951486170e+01	2.009461542520617172e+01	1.966665447669369016e+01	3.028157975457780537e+01	2.022882425058574896e+01	1.976252436312480043e+01	2.037430925110623647e+01	1.988140044008439844e+01	2.062483879037090162e+01	2.060183427636773246e+01	2.102801736322922110e+01	2.025871063042384890e+01	2.041667881271467877e+01	2.093700169644273856e+01	1.993121216192363576e+01	1.972659237876825600e+01	2.016383386912423248e+01	1.986584397047344197e+01	1.999509184699349973e+01	2.046871671484981192e+01	1.991958648573350388e+01	1.990645141682210451e+01	2.043965494408151429e+01	2.113733705734818713e+01	1.949202387905095790e+01	2.015971746175441837e+01	2.012548148745796794e+01	2.029737069590267851e+01	1.981516130031597456e+01	2.008397445676758863e+01	2.055159763914904048e+01	2.072945010991832859e+01
1.972694147494573969e+01	1.964071040266430757e+01	1.996537209063687968e+01	1.950955269641376688e+01	1.940890895383717663e+01	2.003597947056058359e+01	1.965819071961023212e+01	1.985638749725660190e+01	1.969260400438047398e+01	1.948443954410299384e+01	1.952224229614769158e+01	1.943562271577839340e+01	1.909034151476185315e+01	1.886479948282804742e+01	1.954621503416618467e+01	1.973442141424676066e+01	1.980546723939232834e+01	1.953266121428069368e+01	2.005900137630200319e+01	1.920557068827662661e+01	1.889668155066554434e+01	2.022882425058574896e+01	2.855842708590358114e+01	1.966246096540629651e+01	1.933391664277485589e+01	1.892804074201765019e+01	2.008040241477250021e+01	1.953787780487876802e+01	2.021603202719501979e+01	1.912199063703456048e+01	2.008227217813547938e+01	2.008619148747730065e+01	1.949741778115567215e+01	1.905322621897432356e+01	1.952320493097245446e+01	1.902539972181574512e+01	1.932326767820831037e+01	1.963094687865569909e+01	1.959160329597322203e+01	1.939486096475959442e+01	1.963515543136280783e+01	2.014676434762550272e+01	1.929450517516961128e+01	1.956595194272772531e+01	1.935897985686908029e+01	1.932604509466963094e+01	1.909060759954000730e+01	1.943324320526080129e+01	2.003111336150928068e+01	1.941291955321626261e+01
1.979437051991427410e+01	1.984769758155791664e+01	1.969979371987472305e+01	2.009604201519299949e+01	1.983883520814458379e+01	2.007255500455900687e+01	1.975065142135674279e+01	1.998930723469534598e+01	1.993829457991257215e+01	1.930844277496897021e+01	1.917307673569546367e+01	2.021252084000031957e+01	1.909095211763142075e+01	1.889761133914283064e+01	1.940841452870342820e+01	1.974143399920180286e+01	1.979737316485000065e+01	1.944754126891812263e+01	2.006632442911582714e+01	1.950650919747122458e+01	1.911991393960353847e+01	1.976252436312480043e+01	1.966246096540629651e+01	2.956722866190171928e+01	1.972485922763928201e+01	1.883801080722216170e+01	1.988513268093540276e+01	1.987577393343842402e+01	2.043598111151634100e+01	1.983447885282183520e+01	2.011101019163493220e+01	2.018783912316691342e+01	1.971813546258970007e+01	1.932133411532470291e+01	1.938894490416555172e+01	1.938224078832869779e+01	1.954717778610121570e+01	1.963625325308325387e+01	1.959769544652516871e+01	1.947331824384972165e+01	1.989623407322589088e+01	2.026916948289158782e+01	1.908114726916018355e+01	1.936080013621549512e+01	1.933247975382716533e+01	1.969812791169472277e+01	1.942227034644594852e+01	2.005180328564057390e+01	2.044905462961406784e+01	2.002893962961649166e+01
2.004366118567083177e+01	1.969214929823961668e+01	2.025475696706865136e+01	1.994792032947017191e+01	2.012273028507600969e+01	2.013160672921244299e+01	1.998116379114399166e+01	2.038748127568223012e+01	1.994662963007424850e+01	1.963332242009891360e+01	1.943958139386088035e+01	1.990044264901969129e+01	1.933576565721993390e+01	1.960852237370071549e+01	2.017263552697778550e+01	2.051350160348741269e+01	1.969365785300260541e+01	2.015354626006870120e+01	2.038790707583475381e+01	1.936809377225280926e+01	1.901622272717118634e+01	2.037430925110623647e+01	1.933391664277485589e+01	1.972485922763928201e+01	2.900447157443471013e+01	1.921099398473030462e+01	1.968353130165930054e+01	1.984955568986055496e+01	2.033452431486225009e+01	1.980736864992976720e+01	2.002757351951717624e+01	2.007859106005400207e+01	2.001387948730837252e+01	1.960148754775806523e+01	1.989846984773623007e+01	1.961603506200551195e+01	1.978320301552979288e+01	1.917698325732686371e+01	1.979144156441795133e+01	1.994955931163671892e+01	1.984903776417364085e+01	2.046587354988524154e+01	1.917831668247999133e+01	1.947544800265606568e+01	1.967227577903435076e+01	1.974157272307339639e+01	1.942623702101280259e+01	1.990771597178943253e+01	2.040855566287791945e+01	1.988996674681937904e+01
1.932731493172935089e+01	1.903743363853141091e+01	1.924221737819658884e+01	1.964633407503320583e+01	1.926712797651049058e+01	1.954352741621626777e+01	1.912633005239752748e+01	1.951184143146008410e+01	1.913464704306134934e+01	1.882886456353902460e+01	1.860475084279607216e+01	1.930500774610977999e+01	1.916163962340736049e+01	1.808521007002702063e+01	1.913022693791599949e+01	1.950614864057935449e+01	1.921755228763508683e+01	1.912730960389806256e+01	1.937925235576413741e+01	1.956342540715879252e+01	1.877231458089802274e+01	1.988140044008439844e+01	1.892804074201765019e+01	1.883801080722216170e+01	1.921099398473030462e+01	2.799709637603826451e+01	1.913427780739585415e+01	1.913126164612537750e+01	1.958769518702889201e+01	1.929385393159370210e+01	1.945108642724991910e+01	1.981308827018588303e+01	1.930731409208972593e+01	1.878622254175290252e+01	1.926197833075704224e+01	1.892988192862735275e+01	1.918369048958070877e+01	1.898017615131642799e+01	1.919050597994361240e+01	1.897107336071389838e+01	1.910296848959074367e+01	1.990686513743270680e+01	1.878534381792797703e+01	1.893356938482329355e+01	1.904599667569227250e+01	1.902317174561266100e+01	1.865437147675390861e+01	1.904028443752219957e+01	1.979427225251810896e+01	1.919603944564902775e+01
2.008955939085559450e+01	1.951278750665960260e+01	2.013557831568178358e+01	2.037093151338274666e+01	1.993706661927568646e+01	2.041157902335126906e+01	1.997223073473486465e+01	2.075512227520656339e+01	1.999819925322319136e+01	1.969840102111215430e+01	1.976431720602101194e+01	1.985323982066226733e+01	1.998228261554505991e+01	1.939108203447946366e+01	2.024110262131333116e+01	2.035519413139627432e+01	2.025312346866514801e+01	2.026527129870493837e+01	2.045354113427636378e+01	2.016795461066423911e+01	1.952465409967468446e+01	2.062483879037090162e+01	2.008040241477250021e+01	1.988513268093540276e+01	1.968353130165930054e+01	1.913427780739585415e+01	2.974542058456056282e+01	2.016799550289054466e+01	2.082905136070748853e+01	1.986151568485715302e+01	2.030573773326962694e+01	2.066341294107525783e+01	2.006522032539046663e+01	1.949960989841724412e+01	1.987453131173320742e+01	1.944493387180937916e+01	2.004698812294867238e+01	2.001427896670616136e+01	1.970589056417165352e+01	1.985458658881314875e+01	2.017328768742649459e+01	2.066619212799744787e+01	1.966352718993244508e+01	1.986121835291365301e+01	1.986465316629622180e+01	2.000262871465617209e+01	1.983733509684148899e+01	2.041791877324837046e+01	2.033788078707293678e+01	2.047565306363900817e+01
2.044751502954447275e+01	2.010823713434981386e+01	1.995266560467604933e+01	2.019435423869096979e+01	2.036448232107050416e+01	2.078400065198668401e+01	2.046450773127721234e+01	2.034212324971669972e+01	2.015089672380208086e+01	1.991619932225067657e+01	1.984137511919746188e+01	2.055770749323193414e+01	2.024860242460178483e+01	1.945058528741508752e+01	1.981556144550384602e+01	2.018392554939768146e+01	2.015122479695170910e+01	1.944391092758971240e+01	2.056452205237978959e+01	1.985124035146599297e+01	1.978209174940608861e+01	2.060183427636773246e+01	1.953787780487876802e+01	1.987577393343842402e+01	1.984955568986055496e+01	1.913126164612537750e+01	2.016799550289054466e+01	3.033169658390803392e+01	2.030825666534069285e+01	1.996879075130532044e+01	2.047475999835368654e+01	2.023225505042523054e+01	2.021089278707587056e+01	2.028221674847188183e+01	2.007665566297447057e+01	1.975692702858533778e+01	1.996364722862637819e+01	2.013078704825603182e+01	2.007562827198266575e+01	2.015318426614448200e+01	2.015267688942652669e+01	2.059192843467759104e+01	1.955931275418431881e+01	1.973058401691758235e+01	1.988874537301588319e+01	2.007445378299193806e+01	1.992656502325155188e+01	2.056799411972907876e+01	2.067436407704390433e+01	2.028299761562367465e+01
2.032135878337240698e+01	2.028945980352273182e+01	2.088208606174218218e+01	2.055491823971578924e+01	2.059664788345046560e+01	2.081363916334113284e+01	2.045986425162388755e+01	2.096064520889085614e+01	2.079810163029689818e+01	2.001719124677790163e+01	1.981751119708287945e+01	2.026439728748887248e+01	2.041322794436485211e+01	1.988909240610055562e+01	2.071351842716940084e+01	2.073124096303703823e+01	2.064780499174819184e+01	2.046242369384513182e+01	2.095712242026274197e+01	2.027458112434583626e+01	2.022310965406994754e+01	2.102801736322922110e+01	2.021603202719501979e+01	2.043598111151634100e+01	2.033452431486225009e+01	1.958769518702889201e+01	2.082905136070748853e+01	2.030825666534069285e+01	3.092349106206267706e+01	2.046383089186111448e+01	2.131744067638462070e+01	2.095618005379013837e+01	2.039258760712393581e+01	2.002124250805777805e+01	2.025662574895369161e+01	2.001210323264243129e+01	2.022775231528546414e+01	2.015630744988635215e+01	2.008821404666744925e+01	2.036959427040983783e+01	2.096053388665010431e+01	2.132832401164826663e+01	2.013125969346834410e+01	2.057360103635204140e+01	2.027995628101933789e+01	2.014306030992114316e+01	2.003309488828534768e+01	2.115380595251535212e+01	2.147610419245066993e+01	2.043495262256782041e+01
2.006485660905065771e+01	1.969297796679347812e+01	1.992605813756461330e+01	2.027995868313597683e+01	1.968542636670265367e+01	1.982450261901366773e+01	1.975481507483922528e+01	2.026910970793525735e+01	2.017749429543775364e+01	1.909252149329568482e+01	1.965833402511456285e+01	2.024353815804177259e+01	1.980320575532268279e+01	1.923662340753242006e+01	1.980447871095010726e+01	2.025393640248537608e+01	2.021836566243651845e+01	1.969135113487423894e+01	2.020434951375152011e+01	1.951718231909973511e+01	1.946851193330022767e+01	2.025871063042384890e+01	1.912199063703456048e+01	1.983447885282183520e+01	1.980736864992976720e+01	1.929385393159370210e+01	1.986151568485715302e+01	1.996879075130532044e+01	2.046383089186111448e+01	2.922078042992112756e+01	2.035277072177104785e+01	2.046848576188718738e+01	1.967451015040161977e+01	1.949792172514757738e+01	1.961108408764943078e+01	1.945968864400625975e+01	1.983943936314944168e+01	1.979283576284656476e+01	2.006537728310818025e+01	2.016401683315527649e+01	2.027505599521548874e+01	2.004976379943473219e+01	1.953224693070744067e+01	1.994080698762289927e+01	1.979219343061474490e+01	1.971845622260214270e+01	1.973820825749069741e+01	1.972518508603014098e+01	2.059740984641673833e+01	2.041339591026293832e+01
2.023316827553046693e+01	2.046127275883040397e+01	2.038796808077200495e+01	2.066327553424268260e+01	2.010294369334038933e+01	2.050248715714748471e+01	2.047491409957968855e+01	2.055913304767768679e+01	2.033816392702777165e+01	2.010764311643076852e+01	1.969943431152476521e+01	2.015605493141326221e+01	1.980576816217297775e+01	1.955177765811848545e+01	2.078154544534246284e+01	2.038441791368711264e+01	2.031356864359463543e+01	2.069432084659423055e+01	2.037645821165697768e+01	2.036546625513158304e+01	1.967086359116295924e+01	2.041667881271467877e+01	2.008227217813547938e+01	2.011101019163493220e+01	2.002757351951717624e+01	1.945108642724991910e+01	2.030573773326962694e+01	2.047475999835368654e+01	2.131744067638462070e+01	2.035277072177104785e+01	3.054091009744412233e+01	2.079209111120873033e+01	2.045442612282003481e+01	1.977786135584527116e+01	2.005189930102357110e+01	2.007580692977737513e+01	2.006106498811617911e+01	2.059472004188062044e+01	2.004838484643599728e+01	2.011822965910496563e+01	2.066294407111764286e+01	2.098684200773401898e+01	1.966138537086802529e+01	1.969754728505789032e+01	2.050304015053909623e+01	2.015884967404442563e+01	1.951127167219835457e+01	2.079804823986646412e+01	2.068761861077990005e+01	2.091056518963757327e+01
2.069497747713634084e+01	2.045884196672343691e+01	2.056214526749936766e+01	2.050122942650745372e+01	2.042504122223561680e+01	2.073582644514781137e+01	2.042208704506246164e+01	2.117857861623284066e+01	2.068082854558706174e+01	1.993556882886619519e+01	2.013701506985313827e+01	2.029173024819125359e+01	2.038878132037795154e+01	1.984795149595173669e+01	2.050114183200736306e+01	2.063501952641955839e+01	2.077549152908950703e+01	2.060295307262286002e+01	2.108816837907226471e+01	2.042498988538370241e+01	2.009790493162792657e+01	2.093700169644273856e+01	2.008619148747730065e+01	2.018783912316691342e+01	2.007859106005400207e+01	1.981308827018588303e+01	2.066341294107525783e+01	2.023225505042523054e+01	2.095618005379013837e+01	2.046848576188718738e+01	2.079209111120873033e+01	3.033591709325103736e+01	2.008654534518676016e+01	1.996918045052675339e+01	2.072697703706006678e+01	2.010892885347494285e+01	2.051731940284382105e+01	2.057807384827850683e+01	2.047014803365348357e+01	2.055183576281733338e+01	2.111704482562215546e+01	2.138842276917502616e+01	2.019529582740823770e+01	2.058896530823575333e+01	2.050544242498304826e+01	2.056438223308014557e+01	2.011992321967609598e+01	2.080217063254717047e+01	2.095592106926245535e+01	2.058976931750959949e+01
