2.884297184614420217e+01	1.987526808204978579e+01	1.980566395779348099e+01	1.986181581168219523e+01	2.007766854953022317e+01	1.912805353972765587e+01	1.946088080201733561e+01	1.954923112771558635e+01	1.979288479926316313e+01	1.923537977936250698e+01	1.982162344485551131e+01	1.955471189721741965e+01	1.916058063329123584e+01	1.981384728929777239e+01	1.958774555240522730e+01	1.941249135589494301e+01	1.897600596839599518e+01	1.964832718856314386e+01	1.952938957320688473e+01	1.957493801291556679e+01	1.997627175902152885e+01	1.942562510221755900e+01	1.998026817976876401e+01	1.997543015611059403e+01	1.925713362685172569e+01	1.993164264251549866e+01	1.971436830329900758e+01	1.929679811505285869e+01	1.911550291711708027e+01	1.959642914063258701e+01	1.909485969713131936e+01	1.946867910803793578e+01	1.959197856248620440e+01	1.997618659656995277e+01	1.938079678752783508e+01	1.978755599805875676e+01	1.986121303471625410e+01	2.000995127372670623e+01	1.924102969868078716e+01	1.897518553890969883e+01	1.994475386011756157e+01	1.963607704806235077e+01	1.984822491520540311e+01	1.975160620421295476e+01	1.933356283121245411e+01	1.978269790277964546e+01	1.954130589448890021e+01	1.990448027043114010e+01	1.973476042450312917e+01	1.957254571846425506e+01
1.987526808204978579e+01	3.013087220446017511e+01	2.059937311915622260e+01	1.991696404031400292e+01	1.993815847523055140e+01	1.927790538622118532e+01	1.973470729505286769e+01	2.039815781620771062e+01	2.047121789845515138e+01	1.959150045410092034e+01	2.026616089086470751e+01	1.989468751429694748e+01	1.953325623307575398e+01	2.001294623608815471e+01	1.968650411542035528e+01	2.032355284079667612e+01	1.952210517182747296e+01	2.027881913954334436e+01	1.968369031005381586e+01	2.016815397962769296e+01	2.005095375246738598e+01	1.956833605420202460e+01	2.090623793323549862e+01	2.034323449072274315e+01	2.021329098068351016e+01	2.005312652776339633e+01	1.977911247144595208e+01	1.984232675264648194e+01	1.991317811659847337e+01	2.027504576199047648e+01	1.951832570453881743e+01	2.032796685388748159e+01	2.034856944979945226e+01	2.061362038951473252e+01	2.007545868532345423e+01	2.011722983205127946e+01	2.059352848777701794e+01	2.037309219704023633e+01	2.001259324106379012e+01	1.952809048510656353e+01	2.055779801685337205e+01	1.952000466439775650e+01	2.031782788630627223e+01	1.980464552975336190e+01	1.961934058439263140e+01	2.014310584425805573e+01	1.975196673069933695e+01	2.023643082174109864e+01	2.007574044040126893e+01	2.008774231842412661e+01
1.980566395779348099e+01	2.059937311915622260e+01	2.982870270350127129e+01	2.038432986591200091e+01	2.032011431034346316e+01	1.940890626264317120e+01	1.985281885727141926e+01	2.019735926746463761e+01	2.042179587043634470e+01	1.990188946062132658e+01	2.004932379180015545e+01	2.003935368533439387e+01	1.993163634877577906e+01	2.020543024323191261e+01	2.021270918051035181e+01	2.000836195016890429e+01	1.983694635256760819e+01	1.979151438996425227e+01	1.992612409371104221e+01	2.003118431400970678e+01	1.997321119253434674e+01	2.024196511780153784e+01	2.058253265114345609e+01	2.011158919158706837e+01	2.002011357402101055e+01	2.027650169037747219e+01	2.015639185724712945e+01	2.007107083913850687e+01	1.984332532388306447e+01	2.019405142963691802e+01	1.942475099421698204e+01	2.020583734761359551e+01	2.014875484740850808e+01	2.042795477571570828e+01	2.009550730465870672e+01	1.988063309076129670e+01	2.078705219511557800e+01	2.049032153645482879e+01	2.006974206934467730e+01	1.976627673078506575e+01	2.064724820252479276e+01	1.959886678548941674e+01	2.041399440002683008e+01	2.030065737574133777e+01	1.991403836773519487e+01	2.043770365881437101e+01	1.996418644315918201e+01	2.039373333636897812e+01	1.986098973484165597e+01	2.055351207494616972e+01
1.986181581168219523e+01	1.991696404031400292e+01	2.038432986591200091e+01	2.998349843988045649e+01	2.051015400018766854e+01	1.965057321668487589e+01	1.995292579131126232e+01	2.008176490110203360e+01	2.003941980592608374e+01	2.032400264667316492e+01	2.005020432152454291e+01	2.021315915195253154e+01	2.001078192372667885e+01	1.989095661348252975e+01	1.993744060293789033e+01	2.009565460068020926e+01	1.967108549410383844e+01	2.013098300498829474e+01	2.000882820590854294e+01	1.999732365591470895e+01	2.029762073115956156e+01	1.997342188786881678e+01	2.042137047075894429e+01	2.042974146069443364e+01	1.985317875094606777e+01	2.022792424226521391e+01	1.977342294948960344e+01	1.968996863897783811e+01	1.971388904501293382e+01	2.024787002885759080e+01	1.932462575146271888e+01	1.982293907103031572e+01	2.030379747518916389e+01	2.042823067432737005e+01	2.016405195318067101e+01	1.979063839276241055e+01	2.039503509546585391e+01	2.002855746860436881e+01	1.997527383002870494e+01	1.956613091448596720e+01	2.079135421348010127e+01	2.024013721510205954e+01	2.039128683088521399e+01	2.046606655491496340e+01	1.985025105176967131e+01	2.035573277205676845e+01	2.003992425721547477e+01	2.033384511595984989e+01	2.010930324429282123e+01	2.015311653889232701e+01
2.007766854953022317e+01	1.993815847523055140e+01	2.032011431034346316e+01	2.051015400018766854e+01	3.014015403086491318e+01	1.943573350593176130e+01	2.000879149923133582e+01	2.027908296703811786e+01	2.024678603150701406e+01	2.013880615347922642e+01	2.015690648239584348e+01	1.994963211909080769e+01	1.946418981642938562e+01	2.027738374819784539e+01	2.017252555112233026e+01	2.044173557377548534e+01	1.976665878681930977e+01	2.033028131275579398e+01	2.012283989615847446e+01	2.026486719103562706e+01	1.995790419235584778e+01	2.003041975266720698e+01	2.023458646282337980e+01	2.067390898455276016e+01	2.018705111265929730e+01	2.065197315821462354e+01	1.972450680400741163e+01	2.009900286608365860e+01	1.962974253411886139e+01	2.022404039245013863e+01	1.950436028607611405e+01	2.002500443336442615e+01	2.062618146586662959e+01	2.065619007866331103e+01	2.021275460936115920e+01	2.027752980457836429e+01	2.045699300216083927e+01	2.030395109174005697e+01	1.996345060024650309e+01	1.985752953054646852e+01	2.032336807222856478e+01	1.997076679718170311e+01	2.023686993460528782e+01	2.002041187062527428e+01	1.976442674900829743e+01	2.063654428612129266e+01	2.026833561809038287e+01	2.041383147989569125e+01	2.046363384137652375e+01	2.014413049897205354e+01
1.912805353972765587e+01	1.927790538622118532e+01	1.940890626264317120e+01	1.965057321668487589e+01	1.943573350593176130e+01	2.840331377443346383e+01	1.943807722946121430e+01	1.965699055244533255e+01	1.924178557725447902e+01	1.921093376987175105e+01	1.930566543991837491e+01	1.939411765606088167e+01	1.884606208343517153e+01	1.914137461592807554e+01	1.942598186654844028e+01	1.943327711859567586e+01	1.876157295705522898e+01	1.948971509341676622e+01	1.927423455733929814e+01	1.935336327346182728e+01	1.962661980233698600e+01	1.901634112957921374e+01	1.948566305672713739e+01	1.971759735793316182e+01	1.908544064942920571e+01	1.970789800123300495e+01	1.922486966954646448e+01	1.909455293275876997e+01	1.943184969378944160e+01	1.923994745578789889e+01	1.882249656528986037e+01	1.938994265875999190e+01	1.944931517082933325e+01	2.011693244450313856e+01	1.960356036047740602e+01	1.940578743449250609e+01	1.971251464225615280e+01	1.961186067713847692e+01	1.900465887411539256e+01	1.887439911539456361e+01	1.971232528622947200e+01	1.935984537368705460e+01	1.958428581033730964e+01	1.955550572048921509e+01	1.920241817190503042e+01	1.974357787336550629e+01	1.905854530448842965e+01	1.964707400724531539e+01	1.975852328848531414e+01	1.960138877548180147e+01
1.946088080201733561e+01	1.973470729505286769e+01	1.985281885727141926e+01	1.995292579131126232e+01	2.000879149923133582e+01	1.943807722946121430e+01	2.916858319702765456e+01	2.003029406669568502e+01	1.988578964581420649e+01	1.977704906527029749e+01	1.993781824151018256e+01	1.968411674434268477e+01	1.906999363692782268e+01	2.023821641676794769e+01	1.996538092208550097e+01	1.996373707012443077e+01	1.944306786184449010e+01	1.978291783786664482e+01	1.960658090328358227e+01	2.017564592203293827e+01	1.974669579147255760e+01	2.004562423129716819e+01	2.028623177152274693e+01	2.006113988304984375e+01	1.982484466715001403e+01	2.005901166526460955e+01	1.978889402487769900e+01	1.961277805564463961e+01	1.971081660092149690e+01	2.005940126340482621e+01	1.924405395578478917e+01	1.979406254280755206e+01	2.030814869874035367e+01	2.006565778726823268e+01	2.008228038121614389e+01	1.969963163338270462e+01	2.024097437946775457e+01	1.977606363081711294e+01	1.947799512968755664e+01	1.923967078506329997e+01	2.038827156771336035e+01	1.979232945784760744e+01	2.036368452470360779e+01	1.997090788843030040e+01	1.976494434781323406e+01	2.035725753010096639e+01	1.933952994298145711e+01	1.996087296921553289e+01	2.010322590828661760e+01	2.028656219076010458e+01
1.954923112771558635e+01	2.039815781620771062e+01	2.019735926746463761e+01	2.008176490110203360e+01	2.027908296703811786e+01	1.965699055244533255e+01	2.003029406669568502e+01	3.020374423415873721e+01	2.035498431042066869e+01	1.966418968105440612e+01	1.999724168222899578e+01	2.013717675323158929e+01	1.963881085004992144e+01	2.013082537323129628e+01	1.981425860378389459e+01	2.019823653385259377e+01	1.973725208954539667e+01	2.034916349988249706e+01	2.029550902084130826e+01	2.052715148122274869e+01	1.974007865633186398e+01	1.972772869408000318e+01	2.046295310558010527e+01	2.044420320808587022e+01	1.986088794001460656e+01	2.049048289478465890e+01	1.971497933474994824e+01	1.995341132114350557e+01	1.988971181499272944e+01	2.029868420164890352e+01	1.994915352526719587e+01	2.020386088299721550e+01	2.035978863461431487e+01	2.042926123533193206e+01	2.005587794855355099e+01	2.015432756593062180e+01	2.036077555335461398e+01	2.009937742214181711e+01	1.966582395521560400e+01	1.976189299129647381e+01	2.058553550066445936e+01	1.984908100499819739e+01	2.044426056662971902e+01	2.033019856502196632e+01	1.986470293631034423e+01	2.021626513126921765e+01	1.987761428641384853e+01	2.043353588000852028e+01	2.044498547246842435e+01	2.050783514146306885e+01
1.979288479926316313e+01	2.047121789845515138e+01	2.042179587043634470e+01	2.003941980592608374e+01	2.024678603150701406e+01	1.924178557725447902e+01	1.988578964581420649e+01	2.035498431042066869e+01	3.004243635479121366e+01	2.026800094345724546e+01	1.963060542816101517e+01	1.995297912303937338e+01	1.996610253066996776e+01	2.040768819696466352e+01	2.007053884608897931e+01	1.978617890508471433e+01	1.985804205864709004e+01	2.039954896632787040e+01	2.024056845358369117e+01	1.968189203905683371e+01	2.017243467314353111e+01	1.992617824133644788e+01	2.017476926301853268e+01	2.038797134602834404e+01	1.995192949334060728e+01	2.054670473057296931e+01	1.985887559722661422e+01	2.004848427230351859e+01	2.007226823467257049e+01	2.005556755488804299e+01	1.941359575409860838e+01	1.995598985864987185e+01	2.002306202600366447e+01	2.016212936195698902e+01	2.030200281294108322e+01	2.009579560273357757e+01	2.061227233154322747e+01	2.019248480537621404e+01	1.987194092512531185e+01	1.968438163283615694e+01	2.043851752322900595e+01	2.003583595706221843e+01	2.008322952129793393e+01	2.021238152093020801e+01	2.008613944880067947e+01	2.002181970698729785e+01	1.976359207153451436e+01	2.022667346063428440e+01	1.974396313794435187e+01	2.061578131671592118e+01
1.923537977936250698e+01	1.959150045410092034e+01	1.990188946062132658e+01	2.032400264667316492e+01	2.013880615347922642e+01	1.921093376987175105e+01	1.977704906527029749e+01	1.966418968105440612e+01	2.026800094345724546e+01	2.972635488875532417e+01	1.978335980652467541e+01	2.007808023385123519e+01	1.961507299339462307e+01	2.008267658660234289e+01	2.014889331479718493e+01	2.000565893255038574e+01	1.910564007745928095e+01	1.982305781648057064e+01	1.971853858682840865e+01	2.003817023182003965e+01	1.978520402484375751e+01	1.968680479815371953e+01	2.019082239724342998e+01	2.014867713244240122e+01	1.959730652323107236e+01	2.007712567633550904e+01	2.008855215486303791e+01	1.965501960002096737e+01	1.977900537605113129e+01	1.973882839516533849e+01	1.934430651069970253e+01	1.997856783775162981e+01	1.981017302751781983e+01	2.035633269980758087e+01	2.017600509369045625e+01	1.975426211431532053e+01	2.025195368041994115e+01	2.004671752198797918e+01	1.950323209041818373e+01	1.953725931185159226e+01	2.004010533610136235e+01	1.965085265006502979e+01	1.992065328497231746e+01	2.013499834046307768e+01	1.942986727116373302e+01	1.984610203017741270e+01	1.954702102435247468e+01	1.992202026938177895e+01	1.996105299295034285e+01	1.996226670408467285e+01
1.982162344485551131e+01	2.026616089086470751e+01	2.004932379180015545e+01	2.005020432152454291e+01	2.015690648239584348e+01	1.930566543991837491e+01	1.993781824151018256e+01	1.999724168222899578e+01	1.963060542816101517e+01	1.978335980652467541e+01	2.957991253074360927e+01	2.011817359375028502e+01	1.941600664665927312e+01	2.010551150489594363e+01	2.002914172217310806e+01	1.977664856471724519e+01	1.944558164750273477e+01	1.979446113260348383e+01	1.989961915209397958e+01	2.030923934470333236e+01	1.996358136307167541e+01	1.952839187020162726e+01	2.015243705404317254e+01	2.012621839181019112e+01	1.986824601796852718e+01	2.012719419737801019e+01	1.975241458883120771e+01	1.967233760144544519e+01	1.965296083624304657e+01	1.996931227949494314e+01	1.925410341489465438e+01	2.010386484920915251e+01	1.993227433055546527e+01	2.021201950206542008e+01	2.002716007309837920e+01	1.968820171119129370e+01	2.000020078960643488e+01	2.018808551135593277e+01	1.967939487605745796e+01	1.956082621973595081e+01	2.011599561272229764e+01	1.960324390293618890e+01	1.994858714785717524e+01	2.022824785650081836e+01	2.013440942382000642e+01	2.009746416146943204e+01	1.929345297949339155e+01	1.982186473080457390e+01	1.986488956904905478e+01	2.005936780603850877e+01
1.955471189721741965e+01	1.989468751429694748e+01	2.003935368533439387e+01	2.021315915195253154e+01	1.994963211909080769e+01	1.939411765606088167e+01	1.968411674434268477e+01	2.013717675323158929e+01	1.995297912303937338e+01	2.007808023385123519e+01	2.011817359375028502e+01	2.966496292044766747e+01	1.945246012373185707e+01	2.005730005560662121e+01	1.984806153630783498e+01	1.978579798051521976e+01	1.917678550055994435e+01	2.025180061567018797e+01	1.979365179333873570e+01	1.998874145509076428e+01	1.989646364971934389e+01	1.962817005485469224e+01	2.032574771834968885e+01	2.062233916768779807e+01	1.971245998746694283e+01	2.006863523808155847e+01	1.977548891226603445e+01	1.978775008952943892e+01	1.938039686951273666e+01	2.030843187109383763e+01	1.965567678552496034e+01	1.984792550569592962e+01	2.003600006288576907e+01	2.054569888350152951e+01	2.004012591457808057e+01	1.979477131078185792e+01	2.042298841641124696e+01	1.997632745189848080e+01	1.958473361683444125e+01	1.945372998434907075e+01	2.033277769557600934e+01	1.999540307252388160e+01	1.974691881785060232e+01	1.970478777508757418e+01	1.988082908507544744e+01	2.032427063599253003e+01	1.979251775020943782e+01	1.981991505062183379e+01	1.992780143239125579e+01	1.979341881652592505e+01
1.916058063329123584e+01	1.953325623307575398e+01	1.993163634877577906e+01	2.001078192372667885e+01	1.946418981642938562e+01	1.884606208343517153e+01	1.906999363692782268e+01	1.963881085004992144e+01	1.996610253066996776e+01	1.961507299339462307e+01	1.941600664665927312e+01	1.945246012373185707e+01	2.860056534035909337e+01	1.935130687806761074e+01	1.943986939215677268e+01	1.953806072880134082e+01	1.933819951647469537e+01	1.938330760924346308e+01	1.974866304093211156e+01	1.936563033770025655e+01	1.948425605633973134e+01	1.909315865141855184e+01	1.998680845138503415e+01	1.980430153999863307e+01	1.941851209849593118e+01	1.997369667820103700e+01	1.922517312514776933e+01	1.912296832690371318e+01	1.937233226373729167e+01	1.916452504305190985e+01	1.908720148212227841e+01	1.916052921904878303e+01	1.944807555950212929e+01	1.984686480501349948e+01	1.952481469262187375e+01	1.934754473350787762e+01	1.994697034112971679e+01	1.981646046060162192e+01	1.921742179689014307e+01	1.909775861698625121e+01	1.953727993921144801e+01	1.940802971390365883e+01	1.958926193436433394e+01	1.981100190328954369e+01	1.937664729738581215e+01	1.973347369294404530e+01	1.967036926444077238e+01	1.991780342205646193e+01	1.998370714673110626e+01	1.923586164393883990e+01
1.981384728929777239e+01	2.001294623608815471e+01	2.020543024323191261e+01	1.989095661348252975e+01	2.027738374819784539e+01	1.914137461592807554e+01	2.023821641676794769e+01	2.013082537323129628e+01	2.040768819696466352e+01	2.008267658660234289e+01	2.010551150489594363e+01	2.005730005560662121e+01	1.935130687806761074e+01	3.018384648626732769e+01	2.022334709679650899e+01	2.025724437063722050e+01	2.006953999230584174e+01	2.006685768911905043e+01	2.005900817483650656e+01	2.039805804125233735e+01	1.975891126699271894e+01	1.993936316723161184e+01	2.035725992335798651e+01	2.010357834629054352e+01	1.957495937607639291e+01	2.054302680709419349e+01	2.001848361568524481e+01	1.975553809391929505e+01	2.016972507479339782e+01	2.014743167265899615e+01	1.960228903715855608e+01	2.043824082815713084e+01	2.024960647500861910e+01	2.066673885284248158e+01	2.025359231164153329e+01	2.022557905752105611e+01	2.041690612594164023e+01	2.027868024372098432e+01	1.963580985202823470e+01	1.918011836818659432e+01	2.045874535989029397e+01	1.992348144219993600e+01	2.028533970281513277e+01	1.994704152699925714e+01	1.974916718816495376e+01	2.038298528940832099e+01	1.968588635935139308e+01	2.010852062894953107e+01	1.996526273205677526e+01	2.006681793091969723e+01
1.958774555240522730e+01	1.968650411542035528e+01	2.021270918051035181e+01	1.993744060293789033e+01	2.017252555112233026e+01	1.942598186654844028e+01	1.996538092208550097e+01	1.981425860378389459e+01	2.007053884608897931e+01	2.014889331479718493e+01	2.002914172217310806e+01	1.984806153630783498e+01	1.943986939215677268e+01	2.022334709679650899e+01	2.952034614082558761e+01	1.989896906852365177e+01	1.928963091645713845e+01	1.976721688996797965e+01	1.969970203401910780e+01	2.005600240595189376e+01	2.001367640035356743e+01	1.978975974467937604e+01	2.031727717280062961e+01	2.028274558966509034e+01	1.981887252261433119e+01	1.994803264762392914e+01	2.007856939887047076e+01	1.966875739984736882e+01	1.967454947155954059e+01	2.005189847984401652e+01	1.927540576731028921e+01	1.968882252968195701e+01	2.008874587451454730e+01	2.022158091703391847e+01	2.016598456009684881e+01	1.950070872826244184e+01	2.060680795889018668e+01	2.033498240383609357e+01	1.967186843052666489e+01	1.959744512870861399e+01	2.051981779740708234e+01	1.977671925885638515e+01	2.021142082355462222e+01	1.991532790512999895e+01	1.968466902820458486e+01	1.984535058632851090e+01	1.973320365690398859e+01	2.009829616110443951e+01	2.016427764944411649e+01	2.000150247903986411e+01
1.941249135589494301e+01	2.032355284079667612e+01	2.000836195016890429e+01	2.009565460068020926e+01	2.044173557377548534e+01	1.943327711859567586e+01	1.996373707012443077e+01	2.019823653385259377e+01	1.978617890508471433e+01	2.000565893255038574e+01	1.977664856471724519e+01	1.978579798051521976e+01	1.953806072880134082e+01	2.025724437063722050e+01	1.989896906852365177e+01	2.979598595760687729e+01	1.928994808217129631e+01	1.977485075002250170e+01	1.999511840123929574e+01	2.017981229051203584e+01	2.015008293625433566e+01	1.976066784340709503e+01	2.034758434237667757e+01	2.068497161665285944e+01	2.004351825780107887e+01	2.040243739644841980e+01	1.998556239890698905e+01	1.982191878839125820e+01	1.984358312285752390e+01	1.983022271491815047e+01	1.953215568935753410e+01	1.974873007778411704e+01	2.054121446151541974e+01	2.036335861940288794e+01	2.032936423483149468e+01	1.962979576714666763e+01	2.045580985786963168e+01	2.024863043344805291e+01	1.998137589845449824e+01	1.967835101255439056e+01	2.027734063494806094e+01	1.988278018995847063e+01	2.056326287489417481e+01	2.015508594973558232e+01	2.026411128718281418e+01	2.022832552947502194e+01	1.973606812873989469e+01	2.004086225691016665e+01	2.043101464932409783e+01	2.003677881057364019e+01
1.897600596839599518e+01	1.952210517182747296e+01	1.983694635256760819e+01	1.967108549410383844e+01	1.976665878681930977e+01	1.876157295705522898e+01	1.944306786184449010e+01	1.973725208954539667e+01	1.985804205864709004e+01	1.910564007745928095e+01	1.944558164750273477e+01	1.917678550055994435e+01	1.933819951647469537e+01	2.006953999230584174e+01	1.928963091645713845e+01	1.928994808217129631e+01	2.870302842362287521e+01	1.953308135594604877e+01	1.941669267554443934e+01	1.973555089620334257e+01	1.930669726118869889e+01	1.928618026653763096e+01	2.005900568440946685e+01	1.957397112774766867e+01	1.953444556857627035e+01	1.960682076800484452e+01	1.961947919331394274e+01	1.946446177795732169e+01	1.948032565518080972e+01	1.939994899243983184e+01	1.907418083392881769e+01	1.929627810939926391e+01	1.994078246854773440e+01	1.988789097704488995e+01	1.992164680099570617e+01	1.936393093325718340e+01	2.030095862115373961e+01	1.957703091121784311e+01	1.917315361045849542e+01	1.940108764049135459e+01	1.948183305546496413e+01	1.912973510092324148e+01	1.982463253375928858e+01	1.991770069955371625e+01	1.921423217610633216e+01	1.985757668883594818e+01	1.930089801704490782e+01	1.952055354763144379e+01	1.957391709396970114e+01	1.981326337484098943e+01
1.964832718856314386e+01	2.027881913954334436e+01	1.979151438996425227e+01	2.013098300498829474e+01	2.033028131275579398e+01	1.948971509341676622e+01	1.978291783786664482e+01	2.034916349988249706e+01	2.039954896632787040e+01	1.982305781648057064e+01	1.979446113260348383e+01	2.025180061567018797e+01	1.938330760924346308e+01	2.006685768911905043e+01	1.976721688996797965e+01	1.977485075002250170e+01	1.953308135594604877e+01	2.962319957404719872e+01	2.011312019890849356e+01	2.001518978479226263e+01	1.978796998597179879e+01	1.986101488306384155e+01	2.064558392727288449e+01	2.018812779967256787e+01	2.003319774704505463e+01	2.030445208821760161e+01	1.983000373517554138e+01	2.014038035859816489e+01	1.979611155170716330e+01	2.014460833973556930e+01	1.943145580895780711e+01	1.965434704515095987e+01	2.029345140159569993e+01	2.042252846123460941e+01	2.006122003568084011e+01	1.999781442865613101e+01	2.012885401935027474e+01	2.005235487886633194e+01	2.005039173991505308e+01	1.972442295768853171e+01	2.013192298202961084e+01	2.007652762459343521e+01	2.033532365085730120e+01	2.024662259863771041e+01	1.984480623577066183e+01	2.012008550850486444e+01	2.003687369066085111e+01	1.985394790974004664e+01	1.994237025244277106e+01	2.009712212870928738e+01
1.952938957320688473e+01	1.968369031005381586e+01	1.992612409371104221e+01	2.000882820590854294e+01	2.012283989615847446e+01	1.927423455733929814e+01	1.960658090328358227e+01	2.029550902084130826e+01	2.024056845358369117e+01	1.971853858682840865e+01	1.989961915209397958e+01	1.979365179333873570e+01	1.974866304093211156e+01	2.005900817483650656e+01	1.969970203401910780e+01	1.999511840123929574e+01	1.941669267554443934e+01	2.011312019890849356e+01	2.961186287618327739e+01	1.983016435545088640e+01	1.991975822018482845e+01	1.986438253408018539e+01	2.015252082064004568e+01	2.019819092518843817e+01	1.983422290345826511e+01	2.034591871502999538e+01	1.970974436489952097e+01	1.961016324795121335e+01	1.984908445224928641e+01	2.027956882345537792e+01	1.945967222200029312e+01	1.983172297221770108e+01	2.029260006498816793e+01	2.008293957048800848e+01	2.017852507610345469e+01	1.965383654223213483e+01	2.026817161857927729e+01	2.030920373155882075e+01	1.939449986540826387e+01	1.979258378646987993e+01	2.012287585172754945e+01	2.033561271605721643e+01	2.025602920248602601e+01	1.995677960556073316e+01	1.962849232142199440e+01	2.047815181128546413e+01	1.942544659792979900e+01	2.022456908136809872e+01	2.013689197066287306e+01	2.017106466656849761e+01
1.957493801291556679e+01	2.016815397962769296e+01	2.003118431400970678e+01	1.999732365591470895e+01	2.026486719103562706e+01	1.935336327346182728e+01	2.017564592203293827e+01	2.052715148122274869e+01	1.968189203905683371e+01	2.003817023182003965e+01	2.030923934470333236e+01	1.998874145509076428e+01	1.936563033770025655e+01	2.039805804125233735e+01	2.005600240595189376e+01	2.017981229051203584e+01	1.973555089620334257e+01	2.001518978479226263e+01	1.983016435545088640e+01	3.032348488727944158e+01	1.993345111626924293e+01	1.938563810199844539e+01	2.042055961661876040e+01	2.034003026177780882e+01	1.977345501823273111e+01	2.024078250949868263e+01	2.025363824896943399e+01	1.952417603600374818e+01	1.990716076638973675e+01	2.031831809739450279e+01	1.899936445317380773e+01	2.002875740523133530e+01	1.986952566113743757e+01	2.078560598288549954e+01	1.990847143018025989e+01	1.979454360753500808e+01	2.049720178467992682e+01	2.048765123548860601e+01	1.973037505701871552e+01	1.916107766971248694e+01	2.035445700429405846e+01	1.942328742582767376e+01	2.014896893080961959e+01	2.038189038849463586e+01	1.989150241491954318e+01	2.038475249193834671e+01	1.998274441927904377e+01	1.979042288301836550e+01	2.002544559660043788e+01	1.984725465345788109e+01
1.997627175902152885e+01	2.005095375246738598e+01	1.997321119253434674e+01	2.029762073115956156e+01	1.995790419235584778e+01	1.962661980233698600e+01	1.974669579147255760e+01	1.974007865633186398e+01	2.017243467314353111e+01	1.978520402484375751e+01	1.996358136307167541e+01	1.989646364971934389e+01	1.948425605633973134e+01	1.975891126699271894e+01	2.001367640035356743e+01	2.015008293625433566e+01	1.930669726118869889e+01	1.978796998597179879e+01	1.991975822018482845e+01	1.993345111626924293e+01	2.986684740666675353e+01	1.937652260064141529e+01	2.046282615831327334e+01	1.986435060037555900e+01	1.977207280102094700e+01	2.038626052980372094e+01	1.978440075276469656e+01	1.980058185308426388e+01	1.963869630419160472e+01	1.993431338502919203e+01	1.945544798838805889e+01	1.979462065117971292e+01	2.029114362426446050e+01	2.029289977860053540e+01	1.994194113176875760e+01	2.015393420092918575e+01	2.052603351854734726e+01	2.053575094778068078e+01	1.950694880598957326e+01	1.938262653841793437e+01	1.994912309554735330e+01	1.955572259342116936e+01	2.005723032198541489e+01	1.990068146322179743e+01	2.010940815655693825e+01	2.002238425654775256e+01	2.008355104371160138e+01	1.975309132371661036e+01	1.989313231124419445e+01	2.018204488855845824e+01
1.942562510221755900e+01	1.956833605420202460e+01	2.024196511780153784e+01	1.997342188786881678e+01	2.003041975266720698e+01	1.901634112957921374e+01	2.004562423129716819e+01	1.972772869408000318e+01	1.992617824133644788e+01	1.968680479815371953e+01	1.952839187020162726e+01	1.962817005485469224e+01	1.909315865141855184e+01	1.993936316723161184e+01	1.978975974467937604e+01	1.976066784340709503e+01	1.928618026653763096e+01	1.986101488306384155e+01	1.986438253408018539e+01	1.938563810199844539e+01	1.937652260064141529e+01	2.976118572415548513e+01	2.003822933158115305e+01	1.970150640796272867e+01	1.948679991507555798e+01	1.992305625116370393e+01	1.976527917422051317e+01	1.954941240788566148e+01	1.955288415126580048e+01	1.990694250661778497e+01	1.944324892135216132e+01	1.954357219257222056e+01	2.019760116732892641e+01	1.998835454899311870e+01	1.951798919481311501e+01	1.979955656427057420e+01	1.994375193838697768e+01	1.997834270385807898e+01	1.979834943954663018e+01	1.901432289456069924e+01	1.997236098759535494e+01	1.978295473694964457e+01	2.010123874959609225e+01	1.974051121731148584e+01	1.941387629413580740e+01	2.008400243604239677e+01	1.958426375725935742e+01	1.998197927252628148e+01	1.993281756227584012e+01	2.010171411939930053e+01
1.998026817976876401e+01	2.090623793323549862e+01	2.058253265114345609e+01	2.042137047075894429e+01	2.023458646282337980e+01	1.948566305672713739e+01	2.028623177152274693e+01	2.046295310558010527e+01	2.017476926301853268e+01	2.019082239724342998e+01	2.015243705404317254e+01	2.032574771834968885e+01	1.998680845138503415e+01	2.035725992335798651e+01	2.031727717280062961e+01	2.034758434237667757e+01	2.005900568440946685e+01	2.064558392727288449e+01	2.015252082064004568e+01	2.042055961661876040e+01	2.046282615831327334e+01	2.003822933158115305e+01	3.064834622948894349e+01	2.017007999187211098e+01	2.016954743113563708e+01	2.059877224332198153e+01	2.002598591416309048e+01	2.019407082852569246e+01	2.007348144888099739e+01	2.026282816510974172e+01	2.008481500868189684e+01	1.991737198623637539e+01	2.027396753707629884e+01	2.082518457820703972e+01	2.041920029318734109e+01	2.034444508113515226e+01	2.125014226647344273e+01	2.064050784179757869e+01	2.010198764651424952e+01	2.007315475514544900e+01	2.053236150375170510e+01	2.015549221095214349e+01	2.045844872921138347e+01	2.082355616489233086e+01	2.025125132046748533e+01	2.009446094995526977e+01	2.012375504118744018e+01	2.040371936729617630e+01	2.043073399965560810e+01	2.030853063105340439e+01
1.997543015611059403e+01	2.034323449072274315e+01	2.011158919158706837e+01	2.042974146069443364e+01	2.067390898455276016e+01	1.971759735793316182e+01	2.006113988304984375e+01	2.044420320808587022e+01	2.038797134602834404e+01	2.014867713244240122e+01	2.012621839181019112e+01	2.062233916768779807e+01	1.980430153999863307e+01	2.010357834629054352e+01	2.028274558966509034e+01	2.068497161665285944e+01	1.957397112774766867e+01	2.018812779967256787e+01	2.019819092518843817e+01	2.034003026177780882e+01	1.986435060037555900e+01	1.970150640796272867e+01	2.017007999187211098e+01	3.037169396349693073e+01	2.000114540040653566e+01	2.053298875039721594e+01	2.021920823975599646e+01	1.978153487754198991e+01	2.024273626306264617e+01	2.032720337560038004e+01	1.968693455869202324e+01	2.037650441718121996e+01	2.028526448616984723e+01	2.076551422322028273e+01	2.043743072237987946e+01	1.996787984876392130e+01	2.049308655314905181e+01	2.032458965245923110e+01	1.956318494624632720e+01	1.990719346623489372e+01	2.050629798643397095e+01	1.997547629186090035e+01	2.061359299583426363e+01	2.044697330219560172e+01	1.996490745340967976e+01	2.006495833499306514e+01	1.985476708058682860e+01	2.055769536701422595e+01	2.042426580349598808e+01	2.025675537064644871e+01
1.925713362685172569e+01	2.021329098068351016e+01	2.002011357402101055e+01	1.985317875094606777e+01	2.018705111265929730e+01	1.908544064942920571e+01	1.982484466715001403e+01	1.986088794001460656e+01	1.995192949334060728e+01	1.959730652323107236e+01	1.986824601796852718e+01	1.971245998746694283e+01	1.941851209849593118e+01	1.957495937607639291e+01	1.981887252261433119e+01	2.004351825780107887e+01	1.953444556857627035e+01	2.003319774704505463e+01	1.983422290345826511e+01	1.977345501823273111e+01	1.977207280102094700e+01	1.948679991507555798e+01	2.016954743113563708e+01	2.000114540040653566e+01	2.969396326433353295e+01	1.985194907097382355e+01	1.938797490390750866e+01	1.980599593133539216e+01	2.008921774654315939e+01	2.016290226815048214e+01	1.986980287233633291e+01	1.963352602662874702e+01	2.012339940703357755e+01	2.031966841024527781e+01	2.026204259463382229e+01	1.963813996948099572e+01	2.026016576583663209e+01	2.002692245963714157e+01	1.953641465827819346e+01	1.968596667851745607e+01	1.997321747403266201e+01	1.977846326776787578e+01	2.025617446998426630e+01	2.006503554814769430e+01	1.938850253081614738e+01	1.990918079104247340e+01	1.981149899216477195e+01	1.990605483502377737e+01	1.973962623892816737e+01	1.990219601465756938e+01
1.993164264251549866e+01	2.005312652776339633e+01	2.027650169037747219e+01	2.022792424226521391e+01	2.065197315821462354e+01	1.970789800123300495e+01	2.005901166526460955e+01	2.049048289478465890e+01	2.054670473057296931e+01	2.007712567633550904e+01	2.012719419737801019e+01	2.006863523808155847e+01	1.997369667820103700e+01	2.054302680709419349e+01	1.994803264762392914e+01	2.040243739644841980e+01	1.960682076800484452e+01	2.030445208821760161e+01	2.034591871502999538e+01	2.024078250949868263e+01	2.038626052980372094e+01	1.992305625116370393e+01	2.059877224332198153e+01	2.053298875039721594e+01	1.985194907097382355e+01	3.072954386509504587e+01	2.010614050843490119e+01	1.985089044799414992e+01	2.012021472380285658e+01	2.015289696659051444e+01	1.936183910459282487e+01	2.016817952281970960e+01	2.049114597571629659e+01	2.060507072187281707e+01	2.017402201420123475e+01	2.011195044948825483e+01	2.047519228075145392e+01	2.066384275799513404e+01	2.025806915894231608e+01	1.981938900640162515e+01	2.088451468447639314e+01	2.022743045963695963e+01	2.068089443016447859e+01	2.058787125904164128e+01	2.006087555545225598e+01	2.025333309040232521e+01	1.994341403978028993e+01	2.032543260046587008e+01	2.017915637477041457e+01	2.035072426464745377e+01
1.971436830329900758e+01	1.977911247144595208e+01	2.015639185724712945e+01	1.977342294948960344e+01	1.972450680400741163e+01	1.922486966954646448e+01	1.978889402487769900e+01	1.971497933474994824e+01	1.985887559722661422e+01	2.008855215486303791e+01	1.975241458883120771e+01	1.977548891226603445e+01	1.922517312514776933e+01	2.001848361568524481e+01	2.007856939887047076e+01	1.998556239890698905e+01	1.961947919331394274e+01	1.983000373517554138e+01	1.970974436489952097e+01	2.025363824896943399e+01	1.978440075276469656e+01	1.976527917422051317e+01	2.002598591416309048e+01	2.021920823975599646e+01	1.938797490390750866e+01	2.010614050843490119e+01	2.970233267535027721e+01	2.001960877714781262e+01	1.988270698232731348e+01	2.004443418710458857e+01	1.906220797789089971e+01	1.975485719040144872e+01	1.971490285186316527e+01	2.020877435348013051e+01	2.008008292725250499e+01	1.958090476556431980e+01	2.029119081620837761e+01	1.994597312425095126e+01	1.922781184405398847e+01	1.937613350579503546e+01	1.977922500537859563e+01	1.973118065981689639e+01	1.988902292404269900e+01	2.034829336249568854e+01	1.956182775117154904e+01	1.939480739860664471e+01	1.919894559584830773e+01	1.976222198006169606e+01	2.011580653187332146e+01	1.996840637037438171e+01
1.929679811505285869e+01	1.984232675264648194e+01	2.007107083913850687e+01	1.968996863897783811e+01	2.009900286608365860e+01	1.909455293275876997e+01	1.961277805564463961e+01	1.995341132114350557e+01	2.004848427230351859e+01	1.965501960002096737e+01	1.967233760144544519e+01	1.978775008952943892e+01	1.912296832690371318e+01	1.975553809391929505e+01	1.966875739984736882e+01	1.982191878839125820e+01	1.946446177795732169e+01	2.014038035859816489e+01	1.961016324795121335e+01	1.952417603600374818e+01	1.980058185308426388e+01	1.954941240788566148e+01	2.019407082852569246e+01	1.978153487754198991e+01	1.980599593133539216e+01	1.985089044799414992e+01	2.001960877714781262e+01	2.968526612707655588e+01	1.939449551949401851e+01	1.968188414481355863e+01	1.965440289317650979e+01	2.023889684495083685e+01	2.011552128699938535e+01	1.981232393543352188e+01	1.967719910114442783e+01	1.936057555701463428e+01	2.032274024664884493e+01	2.012301817155389472e+01	1.928342854855625177e+01	1.932659916829144819e+01	1.976476996279901854e+01	1.974923271576419381e+01	1.982292067714204720e+01	1.985440128526707682e+01	1.976288026704240863e+01	1.980655040331155092e+01	1.949833573486651161e+01	2.022166715642066492e+01	1.982008220696514655e+01	1.986846046745332828e+01
1.911550291711708027e+01	1.991317811659847337e+01	1.984332532388306447e+01	1.971388904501293382e+01	1.962974253411886139e+01	1.943184969378944160e+01	1.971081660092149690e+01	1.988971181499272944e+01	2.007226823467257049e+01	1.977900537605113129e+01	1.965296083624304657e+01	1.938039686951273666e+01	1.937233226373729167e+01	2.016972507479339782e+01	1.967454947155954059e+01	1.984358312285752390e+01	1.948032565518080972e+01	1.979611155170716330e+01	1.984908445224928641e+01	1.990716076638973675e+01	1.963869630419160472e+01	1.955288415126580048e+01	2.007348144888099739e+01	2.024273626306264617e+01	2.008921774654315939e+01	2.012021472380285658e+01	1.988270698232731348e+01	1.939449551949401851e+01	2.946304796530516157e+01	1.976933786950747063e+01	1.942416869194131479e+01	2.012314338017118232e+01	1.952597133573114263e+01	1.998659006659567439e+01	1.972852084436017250e+01	1.980905400168295571e+01	2.030929038700816847e+01	1.968765271920345583e+01	1.918638780244817710e+01	1.912666271089267767e+01	1.998872763546655662e+01	1.962924888007550450e+01	2.008122652094581539e+01	2.027133667400629946e+01	1.925530481920860737e+01	1.920097828969668541e+01	1.975269514937825122e+01	1.994360371736035020e+01	1.970322463486971643e+01	1.991806413879424298e+01
1.959642914063258701e+01	2.027504576199047648e+01	2.019405142963691802e+01	2.024787002885759080e+01	2.022404039245013863e+01	1.923994745578789889e+01	2.005940126340482621e+01	2.029868420164890352e+01	2.005556755488804299e+01	1.973882839516533849e+01	1.996931227949494314e+01	2.030843187109383763e+01	1.916452504305190985e+01	2.014743167265899615e+01	2.005189847984401652e+01	1.983022271491815047e+01	1.939994899243983184e+01	2.014460833973556930e+01	2.027956882345537792e+01	2.031831809739450279e+01	1.993431338502919203e+01	1.990694250661778497e+01	2.026282816510974172e+01	2.032720337560038004e+01	2.016290226815048214e+01	2.015289696659051444e+01	2.004443418710458857e+01	1.968188414481355863e+01	1.976933786950747063e+01	2.978846307229257917e+01	1.951940649355750779e+01	1.974548054805884689e+01	2.040740040572713099e+01	2.018642244886347470e+01	2.008129034580731442e+01	1.996129186202638550e+01	2.025893747906722453e+01	2.012031350372942384e+01	1.967407546463087087e+01	1.948353374955521033e+01	2.007689718847403171e+01	1.996679077905835697e+01	2.043375538254946022e+01	2.019998699262207609e+01	1.961307166361376630e+01	2.007122178450758554e+01	1.960083207516551340e+01	2.015336856299080992e+01	2.045611785490661205e+01	2.022117501563569419e+01
1.909485969713131936e+01	1.951832570453881743e+01	1.942475099421698204e+01	1.932462575146271888e+01	1.950436028607611405e+01	1.882249656528986037e+01	1.924405395578478917e+01	1.994915352526719587e+01	1.941359575409860838e+01	1.934430651069970253e+01	1.925410341489465438e+01	1.965567678552496034e+01	1.908720148212227841e+01	1.960228903715855608e+01	1.927540576731028921e+01	1.953215568935753410e+01	1.907418083392881769e+01	1.943145580895780711e+01	1.945967222200029312e+01	1.899936445317380773e+01	1.945544798838805889e+01	1.944324892135216132e+01	2.008481500868189684e+01	1.968693455869202324e+01	1.986980287233633291e+01	1.936183910459282487e+01	1.906220797789089971e+01	1.965440289317650979e+01	1.942416869194131479e+01	1.951940649355750779e+01	2.886492171500863790e+01	1.962669672182002856e+01	1.980407261128448226e+01	1.964939260998715298e+01	1.954688671132148059e+01	1.939692764625596055e+01	1.954751389485128854e+01	1.956935373606509643e+01	1.904405344775181419e+01	1.900164573303013427e+01	1.980141919722831290e+01	1.918264828324480575e+01	1.979508744026459155e+01	1.948739738932592402e+01	1.922828423929281882e+01	1.950034003832342222e+01	1.904497220749356146e+01	1.971737618537729730e+01	1.930999214999799918e+01	1.938806203253529148e+01
1.946867910803793578e+01	2.032796685388748159e+01	2.020583734761359551e+01	1.982293907103031572e+01	2.002500443336442615e+01	1.938994265875999190e+01	1.979406254280755206e+01	2.020386088299721550e+01	1.995598985864987185e+01	1.997856783775162981e+01	2.010386484920915251e+01	1.984792550569592962e+01	1.916052921904878303e+01	2.043824082815713084e+01	1.968882252968195701e+01	1.974873007778411704e+01	1.929627810939926391e+01	1.965434704515095987e+01	1.983172297221770108e+01	2.002875740523133530e+01	1.979462065117971292e+01	1.954357219257222056e+01	1.991737198623637539e+01	2.037650441718121996e+01	1.963352602662874702e+01	2.016817952281970960e+01	1.975485719040144872e+01	2.023889684495083685e+01	2.012314338017118232e+01	1.974548054805884689e+01	1.962669672182002856e+01	2.997559756893008753e+01	2.044953525526042526e+01	1.989934536386133956e+01	2.011165072156622813e+01	1.981018218156039268e+01	2.051988462733974572e+01	1.984910316385834506e+01	1.990952634473872607e+01	1.926629704006801447e+01	2.000155910137514681e+01	1.962730820382977370e+01	2.009702871485107423e+01	1.987004552784783229e+01	2.001416032482732987e+01	1.981268429801168551e+01	1.974224024634424879e+01	2.048421369224388755e+01	2.017147028836467726e+01	1.992724598896571564e+01
